/* Species # 001         : (size= 005) (AvfFit= 0,000) (Age= 1,000)  */
/*-------------------------------------------------------------------*/
/* Organism # 000 Fitness:  0,000 Error:  0,000                      */
genomestart  0
trait 1 0.0 0.0 0.0 0.0 0.0 0.0 0.0 0.0 
node 1 1 1 3
node 7 1 0 2
node 8 1 0 2
gene  1 1 7 -0.5676820136448707 0 48.0 -0.5676820136448707 1
gene  1 8 7 0.5574356685122004 1 55.0 0.5574356685122004 1
genomeend 0
/* Organism # 001 Fitness:  0,000 Error:  0,000                      */
genomestart  1
trait 1 0.0 0.0 0.0 0.0 0.0 0.0 0.0 0.0 
node 1 1 1 3
node 2 1 0 0
node 3 1 0 0
node 4 1 0 0
node 7 1 0 2
node 8 1 0 2
gene  1 1 2 0.6782798921891345 0 8.0 0.6782798921891345 1
gene  1 2 2 0.7882923394218416 1 9.0 0.7882923394218416 1
gene  1 4 2 0.6168501799739414 1 11.0 0.6168501799739414 1
gene  1 7 2 -0.3935412116406679 1 14.0 -0.3935412116406679 1
gene  1 2 4 0.2187667976818234 0 25.0 0.2187667976818234 1
gene  1 4 4 -0.9262067598831749 1 27.0 -0.9262067598831749 1
gene  1 1 7 0.8673658437063879 0 48.0 0.8673658437063879 1
gene  1 2 7 0.6869292380749756 0 49.0 0.6869292380749756 1
gene  1 4 7 0.21574864120529846 0 51.0 0.21574864120529846 1
gene  1 7 7 -0.08317630602487491 1 54.0 -0.08317630602487491 1
gene  1 4 8 -0.8110792645719374 0 59.0 -0.8110792645719374 1
gene  1 7 8 -0.19115726998928773 0 62.0 -0.19115726998928773 1
gene  1 8 8 0.012585356146358917 1 63.0 0.012585356146358917 1
genomeend 1
/* Organism # 002 Fitness:  0,000 Error:  0,000                      */
genomestart  2
trait 1 0.0 0.0 0.0 0.0 0.0 0.0 0.0 0.0 
node 1 1 1 3
node 2 1 0 0
node 3 1 0 0
node 4 1 0 0
node 7 1 0 2
node 8 1 0 2
gene  1 2 2 0.17525218561757638 1 9.0 0.17525218561757638 1
gene  1 4 2 -0.5008880130435673 1 11.0 -0.5008880130435673 1
gene  1 1 3 -0.2136162241142695 0 16.0 -0.2136162241142695 1
gene  1 3 3 0.2560675197595351 1 18.0 0.2560675197595351 1
gene  1 2 4 0.5045569808261525 0 25.0 0.5045569808261525 1
gene  1 4 4 0.06694224162469276 1 27.0 0.06694224162469276 1
gene  1 7 4 0.9426062943924686 1 30.0 0.9426062943924686 1
gene  1 8 4 0.3618419129584751 1 31.0 0.3618419129584751 1
gene  1 1 7 0.5932091539862031 0 48.0 0.5932091539862031 1
gene  1 2 7 0.9810868671081583 0 49.0 0.9810868671081583 1
gene  1 4 7 0.6820639596386368 0 51.0 0.6820639596386368 1
gene  1 8 7 -0.11061616945956154 1 55.0 -0.11061616945956154 1
gene  1 1 8 -0.7395063683867046 0 56.0 -0.7395063683867046 1
genomeend 2
/* Organism # 003 Fitness:  0,000 Error:  0,000                      */
genomestart  3
trait 1 0.0 0.0 0.0 0.0 0.0 0.0 0.0 0.0 
node 1 1 1 3
node 2 1 0 0
node 3 1 0 0
node 4 1 0 0
node 5 1 0 0
node 7 1 0 2
node 8 1 0 2
gene  1 1 2 0.7851813010545073 0 8.0 0.7851813010545073 1
gene  1 2 2 -0.6922512320825966 1 9.0 -0.6922512320825966 1
gene  1 3 2 0.0675425708970726 1 10.0 0.0675425708970726 1
gene  1 5 2 0.6603795707518967 1 12.0 0.6603795707518967 1
gene  1 3 3 0.9224803248851534 1 18.0 0.9224803248851534 1
gene  1 2 4 0.15068157880598787 0 25.0 0.15068157880598787 1
gene  1 3 4 0.32911027590957687 0 26.0 0.32911027590957687 1
gene  1 5 4 -0.9129659703250836 1 28.0 -0.9129659703250836 1
gene  1 7 4 -0.37489383756782524 1 30.0 -0.37489383756782524 1
gene  1 1 5 -0.25104357629097174 0 32.0 -0.25104357629097174 1
gene  1 3 5 0.994738685756009 0 34.0 0.994738685756009 1
gene  1 5 5 0.37776648696462534 1 36.0 0.37776648696462534 1
gene  1 7 5 0.9519058957632105 1 38.0 0.9519058957632105 1
gene  1 8 5 0.24037824246908324 1 39.0 0.24037824246908324 1
gene  1 1 7 0.1583063593975178 0 48.0 0.1583063593975178 1
gene  1 4 7 -0.6183719120561145 0 51.0 -0.6183719120561145 1
gene  1 7 7 -0.9934516323538176 1 54.0 -0.9934516323538176 1
gene  1 1 8 0.7135410339868586 0 56.0 0.7135410339868586 1
gene  1 2 8 -0.821742934874606 0 57.0 -0.821742934874606 1
gene  1 3 8 -0.028669086038574987 0 58.0 -0.028669086038574987 1
gene  1 5 8 -0.13196461798523995 0 60.0 -0.13196461798523995 1
gene  1 7 8 -0.36224479669418463 0 62.0 -0.36224479669418463 1
genomeend 3
/* Organism # 004 Fitness:  0,000 Error:  0,000                      */
genomestart  4
trait 1 0.0 0.0 0.0 0.0 0.0 0.0 0.0 0.0 
node 1 1 1 3
node 7 1 0 2
node 8 1 0 2
gene  1 1 7 -0.724584691889005 0 48.0 -0.724584691889005 1
gene  1 7 7 0.09851387729372496 1 54.0 0.09851387729372496 1
gene  1 1 8 0.49132583148362785 0 56.0 0.49132583148362785 1
gene  1 7 8 0.37406332135809106 0 62.0 0.37406332135809106 1
genomeend 4
/*-------------------------------------------------------------------*/
