genomestart  0
trait 1 0.12236385032328645 0.11996509262718169 0.0 1.2348572107762614 0.0 1.3168578850843018 1.0590140864502917 1.7905313975538821 
node 1 1 1 1
node 2 1 1 1
node 3 1 1 1
node 4 1 1 1
node 5 1 1 1
node 6 1 1 1
node 7 1 1 3
node 13 1 0 2
node 14 1 0 2
node 33 1 0 0
node 48 1 0 0
gene  1 2 13 -1.186240687264097 0 169.0 -1.186240687264097 1
gene  1 3 13 1.1104902622731139 0 170.0 1.1104902622731139 1
gene  1 4 13 3.310178006209977 0 171.0 3.310178006209977 1
gene  1 6 13 -3.3729713161442847 0 173.0 -3.3729713161442847 1
gene  1 7 13 -0.3329557240033809 0 174.0 -0.3329557240033809 1
gene  1 13 13 1.9369687579435677 1 180.0 1.9369687579435677 1
gene  1 1 14 0.12920629140786133 0 182.0 0.12920629140786133 1
gene  1 2 14 2.3054230762840175 0 183.0 2.3054230762840175 1
gene  1 5 14 -2.4203732882577036 0 186.0 -2.4203732882577036 1
gene  1 6 14 -0.22499071955624395 0 187.0 -0.22499071955624395 1
gene  1 7 14 4.868064538923839 0 188.0 4.868064538923839 1
gene  1 13 14 -1.0413947133658645 0 194.0 -1.0413947133658645 1
gene  1 14 14 0.047206669540639234 1 195.0 0.047206669540639234 1
gene  1 4 14 -1.0298695360930938 0 196.0 -1.0298695360930938 1
gene  1 1 13 2.1904838560695508 0 216.0 2.1904838560695508 1
gene  1 1 33 0.18206411797281136 0 313.0 0.18206411797281136 1
gene  1 33 14 -1.498887931775165 0 314.0 -1.498887931775165 1
gene  1 14 48 1.058714915190758 1 379.0 1.058714915190758 1
gene  1 48 14 -2.888401259397661 0 380.0 -2.888401259397661 1
gene  1 48 33 1.4469588443486268 0 381.0 1.4469588443486268 1
gene  1 4 33 -4.4206052420062925 0 384.0 -4.4206052420062925 1
genomeend 0
genomestart  1
trait 1 0.12236385032328645 0.11996509262718169 0.0 1.2348572107762614 0.0 1.3168578850843018 1.0590140864502917 1.7905313975538821 
node 1 1 1 1
node 2 1 1 1
node 3 1 1 1
node 4 1 1 1
node 5 1 1 1
node 6 1 1 1
node 7 1 1 3
node 13 1 0 2
node 14 1 0 2
node 33 1 0 0
node 48 1 0 0
gene  1 2 13 -0.7637225302951751 0 169.0 -0.7637225302951751 1
gene  1 3 13 -0.1043150987659085 0 170.0 -0.1043150987659085 1
gene  1 4 13 4.000252185133611 0 171.0 4.000252185133611 1
gene  1 6 13 -2.6969791790039688 0 173.0 -2.6969791790039688 1
gene  1 7 13 -0.4195668453648187 0 174.0 -0.4195668453648187 1
gene  1 13 13 0.8113056347006578 1 180.0 0.8113056347006578 1
gene  1 1 14 -1.0846948380898884 0 182.0 -1.0846948380898884 1
gene  1 2 14 2.3554997401245754 0 183.0 2.3554997401245754 1
gene  1 5 14 -4.194821713347247 0 186.0 -4.194821713347247 1
gene  1 6 14 1.6013696606515821 0 187.0 1.6013696606515821 1
gene  1 7 14 4.547698199218589 0 188.0 4.547698199218589 1
gene  1 13 14 -2.2020317104312856 0 194.0 -2.2020317104312856 1
gene  1 14 14 -0.709932934441726 1 195.0 -0.709932934441726 0
gene  1 4 14 1.4927327451838694 0 196.0 1.4927327451838694 1
gene  1 1 13 -0.17300015120340995 0 216.0 -0.17300015120340995 1
gene  1 1 33 8.80177196280196 0 313.0 8.80177196280196 1
gene  1 33 14 -1.4427073010717442 0 314.0 -1.4427073010717442 1
gene  1 14 48 -2.5369011237886605 1 379.0 -2.5369011237886605 1
gene  1 48 14 -2.4892291336761487 0 380.0 -2.4892291336761487 1
gene  1 48 33 4.606868589775595 0 381.0 4.606868589775595 1
gene  1 4 33 -4.644196790218344 0 384.0 -4.644196790218344 1
genomeend 1
genomestart  2
trait 1 0.3582596345510627 0.4388362906987652 0.8146270411081855 0.07766507438443143 1.4245148672763681 0.41262400137975846 0.0 0.9297218018584019 
node 1 1 1 1
node 2 1 1 1
node 3 1 1 1
node 4 1 1 1
node 5 1 1 1
node 6 1 1 1
node 7 1 1 3
node 13 1 0 2
node 14 1 0 2
node 21 1 0 0
node 24 1 0 0
node 34 1 0 0
node 50 1 0 0
gene  1 1 13 2.1832993427898364 0 168.0 2.1832993427898364 1
gene  1 4 13 4.396462802122755 0 171.0 4.396462802122755 1
gene  1 5 13 9.429265374202924 0 172.0 9.429265374202924 1
gene  1 7 13 -0.38031668317610756 0 174.0 -0.38031668317610756 1
gene  1 13 13 -2.2290012724676584 1 180.0 -2.2290012724676584 1
gene  1 2 14 0.6249841768974753 0 183.0 0.6249841768974753 1
gene  1 3 14 1.9436197378613134 0 184.0 1.9436197378613134 0
gene  1 6 14 8.455030043673725 0 187.0 8.455030043673725 1
gene  1 13 14 -4.7314484890343635 0 194.0 -4.7314484890343635 1
gene  1 14 14 -0.20248135864005068 1 195.0 -0.20248135864005068 1
gene  1 6 13 -6.741894492992862 0 205.0 -6.741894492992862 1
gene  1 5 14 -2.1158060544102546 0 223.0 -2.1158060544102546 1
gene  1 3 13 0.16191462837798465 0 229.0 0.16191462837798465 1
gene  1 2 13 -1.991986889623534 0 233.0 -1.991986889623534 1
gene  1 1 21 -0.4446562426004011 0 238.0 -0.4446562426004011 1
gene  1 21 13 0.8212243004505992 0 239.0 0.8212243004505992 1
gene  1 5 21 -1.6952982460818744 0 253.0 -1.6952982460818744 1
gene  1 3 21 -13.19008742668596 0 270.0 -13.19008742668596 1
gene  1 1 24 3.0175560987201084 0 275.0 3.0175560987201084 1
gene  1 24 13 0.11148309397493383 0 276.0 0.11148309397493383 1
gene  1 3 34 -0.46448562261824783 0 315.0 -0.46448562261824783 0
gene  1 34 14 0.5383890586419515 0 316.0 0.5383890586419515 1
gene  1 3 24 -0.26415691966391625 0 324.0 -0.26415691966391625 1
gene  1 2 21 2.335243847274577 0 350.0 2.335243847274577 1
gene  1 34 13 3.603742803404043 0 355.0 3.603742803404043 1
gene  1 1 34 -0.36003572191680155 0 361.0 -0.36003572191680155 1
gene  1 7 14 1.9149553403163595 0 388.0 1.9149553403163595 1
gene  1 3 50 1.0 0 394.0 0.0 1
gene  1 50 34 -0.46448562261824783 0 395.0 0.0 1
genomeend 2
genomestart  3
trait 1 0.3582596345510627 0.4388362906987652 0.8146270411081855 0.07766507438443143 1.4245148672763681 0.41262400137975846 0.0 0.9297218018584019 
node 1 1 1 1
node 2 1 1 1
node 3 1 1 1
node 4 1 1 1
node 5 1 1 1
node 6 1 1 1
node 7 1 1 3
node 13 1 0 2
node 14 1 0 2
node 21 1 0 0
node 24 1 0 0
node 34 1 0 0
gene  1 1 13 3.117491995243384 0 168.0 3.117491995243384 1
gene  1 4 13 2.206160059708764 0 171.0 2.206160059708764 1
gene  1 5 13 9.069994918188845 0 172.0 9.069994918188845 1
gene  1 7 13 -1.9404363530567719 0 174.0 -1.9404363530567719 1
gene  1 13 13 0.25992005918431893 1 180.0 0.25992005918431893 1
gene  1 2 14 0.09088088691983787 0 183.0 0.09088088691983787 1
gene  1 3 14 0.7493998340569807 0 184.0 0.7493998340569807 0
gene  1 6 14 6.433005496463341 0 187.0 6.433005496463341 1
gene  1 13 14 -5.285896204406011 0 194.0 -5.285896204406011 1
gene  1 14 14 1.86968875637154 1 195.0 1.86968875637154 1
gene  1 6 13 -5.741409521193924 0 205.0 -5.741409521193924 1
gene  1 5 14 -0.8049862866383619 0 223.0 -0.8049862866383619 1
gene  1 3 13 -2.195264481966047 0 229.0 -2.195264481966047 1
gene  1 2 13 -2.490229014074655 0 233.0 -2.490229014074655 1
gene  1 1 21 -1.3588594546876813 0 238.0 -1.3588594546876813 1
gene  1 21 13 1.8160451341823798 0 239.0 1.8160451341823798 1
gene  1 5 21 0.129636006438564 0 253.0 0.129636006438564 1
gene  1 3 21 -14.879295015783885 0 270.0 -14.879295015783885 1
gene  1 1 24 4.319326026560054 0 275.0 4.319326026560054 1
gene  1 24 13 0.34081248656085295 0 276.0 0.34081248656085295 1
gene  1 3 34 0.9395117026199045 0 315.0 0.9395117026199045 1
gene  1 34 14 0.4094247181790478 0 316.0 0.4094247181790478 1
gene  1 3 24 1.2878624701635606 0 324.0 1.2878624701635606 1
gene  1 2 21 0.1430712403118642 0 350.0 0.1430712403118642 1
gene  1 34 13 -1.2127916050454048 0 355.0 -1.2127916050454048 1
gene  1 1 34 -0.05256573141183607 0 361.0 -0.05256573141183607 1
gene  1 7 14 1.9149553403163595 0 388.0 1.9149553403163595 1
genomeend 3
genomestart  4
trait 1 0.3582596345510627 0.4388362906987652 0.8146270411081855 0.07766507438443143 1.4245148672763681 0.41262400137975846 0.0 0.9297218018584019 
node 1 1 1 1
node 2 1 1 1
node 3 1 1 1
node 4 1 1 1
node 5 1 1 1
node 6 1 1 1
node 7 1 1 3
node 13 1 0 2
node 14 1 0 2
node 21 1 0 0
node 24 1 0 0
node 34 1 0 0
gene  1 1 13 4.659492872754889 0 168.0 4.659492872754889 1
gene  1 4 13 6.652838823623995 0 171.0 6.652838823623995 1
gene  1 5 13 9.778887567344691 0 172.0 9.778887567344691 1
gene  1 7 13 1.1124258639878921 0 174.0 1.1124258639878921 1
gene  1 13 13 -2.2428749404237065 1 180.0 -2.2428749404237065 1
gene  1 2 14 -0.3172438729905369 0 183.0 -0.3172438729905369 1
gene  1 3 14 3.1780115454514988 0 184.0 3.1780115454514988 0
gene  1 6 14 7.691516628502104 0 187.0 7.691516628502104 1
gene  1 13 14 -5.955056722259409 0 194.0 -5.955056722259409 1
gene  1 14 14 1.9821040598832833 1 195.0 1.9821040598832833 1
gene  1 6 13 -9.122437870241647 0 205.0 -9.122437870241647 1
gene  1 5 14 -0.9437112415723943 0 223.0 -0.9437112415723943 1
gene  1 3 13 -0.9956635049352908 0 229.0 -0.9956635049352908 1
gene  1 2 13 -0.1992256015426777 0 233.0 -0.1992256015426777 1
gene  1 1 21 0.09116227949729411 0 238.0 0.09116227949729411 1
gene  1 21 13 2.7007182625350925 0 239.0 2.7007182625350925 1
gene  1 5 21 -3.820331748517721 0 253.0 -3.820331748517721 1
gene  1 3 21 -11.91203460947482 0 270.0 -11.91203460947482 1
gene  1 1 24 -1.189187865558789 0 275.0 -1.189187865558789 1
gene  1 24 13 -1.2611506102700112 0 276.0 -1.2611506102700112 1
gene  1 3 34 1.5983731457280093 0 315.0 1.5983731457280093 1
gene  1 34 14 -1.5075720920383135 0 316.0 -1.5075720920383135 1
gene  1 3 24 -1.584021185331092 0 324.0 -1.584021185331092 1
gene  1 2 21 1.8072911099110476 0 350.0 1.8072911099110476 1
gene  1 34 13 0.7229768349746826 0 355.0 0.7229768349746826 1
gene  1 1 34 -0.22364423791833232 0 361.0 -0.22364423791833232 1
gene  1 7 14 2.098680459726966 0 388.0 2.098680459726966 1
genomeend 4
genomestart  5
trait 1 2.8264831974358327 1.038817852750874 0.43173212214279244 1.2383225027221012 1.329334485592839 0.0 0.6456726887502329 1.0929932745483306 
node 1 1 1 1
node 2 1 1 1
node 3 1 1 1
node 4 1 1 1
node 5 1 1 1
node 6 1 1 1
node 7 1 1 3
node 8 1 0 0
node 13 1 0 2
node 14 1 0 2
node 39 1 0 0
node 42 1 0 0
node 51 1 0 0
gene  1 1 8 -0.03230001392809684 0 98.0 -0.03230001392809684 1
gene  1 2 8 -3.722371016688134 0 99.0 -3.722371016688134 1
gene  1 3 8 2.0711975886882974 0 100.0 2.0711975886882974 1
gene  1 4 8 2.222940437643071 0 101.0 2.222940437643071 1
gene  1 5 8 -1.589517395086453 0 102.0 -1.589517395086453 1
gene  1 6 8 1.2080520724496813 0 103.0 1.2080520724496813 1
gene  1 8 8 -0.9633305995678436 1 105.0 -0.9633305995678436 1
gene  1 13 8 0.5066734885728869 1 110.0 0.5066734885728869 1
gene  1 14 8 0.6921181089295988 1 111.0 0.6921181089295988 1
gene  1 3 13 -1.5164919190287542 0 170.0 -1.5164919190287542 1
gene  1 5 13 2.744462470610166 0 172.0 2.744462470610166 1
gene  1 7 13 1.2324141756043112 0 174.0 1.2324141756043112 1
gene  1 13 13 -2.129646379048201 1 180.0 -2.129646379048201 1
gene  1 2 14 6.826091047187053 0 183.0 6.826091047187053 1
gene  1 4 14 2.464978519985164 0 185.0 2.464978519985164 1
gene  1 6 14 0.010897151902888313 0 187.0 0.010897151902888313 1
gene  1 8 14 2.3053847236535616 0 189.0 2.3053847236535616 1
gene  1 13 14 1.4890547888743952 0 194.0 1.4890547888743952 1
gene  1 2 13 -14.199201789749822 0 213.0 -14.199201789749822 1
gene  1 4 13 2.4449815578693563 0 230.0 2.4449815578693563 1
gene  1 13 8 -5.942994448450735 0 244.0 -5.942994448450735 0
gene  1 7 14 0.9693984979404695 0 264.0 0.9693984979404695 1
gene  1 1 14 -0.3324003188852867 0 299.0 -0.3324003188852867 1
gene  1 5 14 2.0635542451625746 0 310.0 2.0635542451625746 0
gene  1 1 13 -4.787071761173676 0 311.0 -4.787071761173676 1
gene  1 13 39 -0.8767410130509845 0 344.0 -0.8767410130509845 1
gene  1 39 8 0.4676030511637391 0 345.0 0.4676030511637391 1
gene  1 6 13 0.5631944142974543 0 348.0 0.5631944142974543 1
gene  1 2 42 0.4396893595396083 0 359.0 0.4396893595396083 1
gene  1 42 14 -1.6878800134873608 0 360.0 -1.6878800134873608 1
gene  1 13 42 0.6473355493752879 0 366.0 0.6473355493752879 1
gene  1 5 51 1.0 0 396.0 0.0 1
gene  1 51 14 2.0635542451625746 0 397.0 0.0 1
genomeend 5
genomestart  6
trait 1 2.8264831974358327 1.038817852750874 0.43173212214279244 1.2383225027221012 1.329334485592839 0.0 0.6456726887502329 1.0929932745483306 
node 1 1 1 1
node 2 1 1 1
node 3 1 1 1
node 4 1 1 1
node 5 1 1 1
node 6 1 1 1
node 7 1 1 3
node 8 1 0 0
node 13 1 0 2
node 14 1 0 2
node 39 1 0 0
node 42 1 0 0
gene  1 1 8 -1.898318016214867 0 98.0 -1.898318016214867 1
gene  1 2 8 -4.910845914218931 0 99.0 -4.910845914218931 1
gene  1 3 8 -2.0169283958542845 0 100.0 -2.0169283958542845 1
gene  1 4 8 3.4347486142474084 0 101.0 3.4347486142474084 1
gene  1 5 8 -1.6610750643698795 0 102.0 -1.6610750643698795 1
gene  1 6 8 -0.06316259597130491 0 103.0 -0.06316259597130491 1
gene  1 8 8 -0.839166919942876 1 105.0 -0.839166919942876 1
gene  1 13 8 -0.15228926037568397 1 110.0 -0.15228926037568397 1
gene  1 14 8 0.9353781178736675 1 111.0 0.9353781178736675 1
gene  1 3 13 -2.736926153243954 0 170.0 -2.736926153243954 1
gene  1 5 13 1.1892698785511442 0 172.0 1.1892698785511442 1
gene  1 7 13 -2.0724774643537125 0 174.0 -2.0724774643537125 1
gene  1 13 13 -0.09330001864970505 1 180.0 -0.09330001864970505 1
gene  1 2 14 6.932657381125294 0 183.0 6.932657381125294 1
gene  1 4 14 2.464978519985164 0 185.0 2.464978519985164 1
gene  1 6 14 0.3800053347983631 0 187.0 0.3800053347983631 1
gene  1 8 14 2.463906887148473 0 189.0 2.463906887148473 1
gene  1 13 14 -0.9107001105316457 0 194.0 -0.9107001105316457 1
gene  1 2 13 -14.199201789749822 0 213.0 -14.199201789749822 1
gene  1 4 13 -2.1660863463511286 0 230.0 -2.1660863463511286 1
gene  1 13 8 -7.636673755811404 0 244.0 -7.636673755811404 0
gene  1 7 14 -1.8894582199564969 0 264.0 -1.8894582199564969 1
gene  1 1 14 -0.737981727993311 0 299.0 -0.737981727993311 1
gene  1 5 14 2.428015404293776 0 310.0 2.428015404293776 1
gene  1 1 13 -2.5790755293923797 0 311.0 -2.5790755293923797 1
gene  1 13 39 -1.4903282756389034 0 344.0 -1.4903282756389034 1
gene  1 39 8 1.0436379275993386 0 345.0 1.0436379275993386 1
gene  1 6 13 -1.5036238295337907 0 348.0 -1.5036238295337907 1
gene  1 2 42 -1.092489746339255 0 359.0 -1.092489746339255 1
gene  1 42 14 -1.8869036774476653 0 360.0 -1.8869036774476653 1
gene  1 13 42 0.3015694532063594 0 366.0 0.3015694532063594 1
genomeend 6
genomestart  7
trait 1 2.225061889405073 0.0 0.0 1.3327232120186472 1.3666937545645097 0.9677289903260735 1.091719119822867 0.9886345967811722 
node 1 1 1 1
node 2 1 1 1
node 3 1 1 1
node 4 1 1 1
node 5 1 1 1
node 6 1 1 1
node 7 1 1 3
node 8 1 0 0
node 9 1 0 0
node 10 1 0 0
node 13 1 0 2
node 14 1 0 2
node 28 1 0 0
node 41 1 0 0
node 43 1 0 0
node 47 1 0 0
gene  1 1 8 -1.9428807062494773 0 98.0 -1.9428807062494773 1
gene  1 3 8 0.16509448665372317 0 100.0 0.16509448665372317 1
gene  1 5 8 -2.4055642416216583 0 102.0 -2.4055642416216583 1
gene  1 6 8 5.109666748536705 0 103.0 5.109666748536705 1
gene  1 8 8 0.7334159216527675 1 105.0 0.7334159216527675 0
gene  1 1 9 -1.7102335764426888 0 112.0 -1.7102335764426888 1
gene  1 2 9 0.36483806988780954 0 113.0 0.36483806988780954 1
gene  1 3 9 2.2283569870309896 0 114.0 2.2283569870309896 1
gene  1 5 9 0.05975210647423146 0 116.0 0.05975210647423146 0
gene  1 7 9 6.7534949363480745 0 118.0 6.7534949363480745 1
gene  1 9 9 4.155514552743828 1 120.0 4.155514552743828 1
gene  1 10 9 -3.966061228374853 1 121.0 -3.966061228374853 1
gene  1 13 9 11.129814710467642 1 124.0 11.129814710467642 1
gene  1 2 10 -0.5026739003666387 0 127.0 -0.5026739003666387 1
gene  1 4 10 -9.334516871192976 0 129.0 -9.334516871192976 1
gene  1 5 10 -2.075258738084969 0 130.0 -2.075258738084969 1
gene  1 8 10 5.471677949793742 0 133.0 5.471677949793742 1
gene  1 9 10 -10.378671871759995 0 134.0 -10.378671871759995 1
gene  1 10 10 1.8521298252280034 1 135.0 1.8521298252280034 1
gene  1 13 10 2.143873571815041 1 138.0 2.143873571815041 1
gene  1 14 10 2.1522633897434096 1 139.0 2.1522633897434096 1
gene  1 2 13 -7.209856195433982 0 169.0 -7.209856195433982 1
gene  1 3 13 -7.924175343241818 0 170.0 -7.924175343241818 1
gene  1 6 13 -8.625941632309143 0 173.0 -8.625941632309143 1
gene  1 7 13 -3.6727207866374734 0 174.0 -3.6727207866374734 1
gene  1 9 13 2.135460077899334 0 176.0 2.135460077899334 1
gene  1 13 13 1.0013992686227646 1 180.0 1.0013992686227646 1
gene  1 14 13 -1.5550982318307631 1 181.0 -1.5550982318307631 1
gene  1 1 14 9.578058412491114 0 182.0 9.578058412491114 1
gene  1 3 14 6.971287670603603 0 184.0 6.971287670603603 1
gene  1 9 14 10.733901398512469 0 190.0 10.733901398512469 1
gene  1 10 14 -9.20579894109358 0 191.0 -9.20579894109358 1
gene  1 8 13 -2.7325717360152995 0 207.0 -2.7325717360152995 1
gene  1 1 10 -2.0841587238398667 0 226.0 -2.0841587238398667 1
gene  1 6 14 5.361088237191863 0 234.0 5.361088237191863 1
gene  1 8 28 -3.8372924293705344 1 293.0 -3.8372924293705344 1
gene  1 28 8 -1.0270185645859855 0 294.0 -1.0270185645859855 1
gene  1 8 9 0.7864765775532034 0 328.0 0.7864765775532034 1
gene  1 8 41 0.7733145670055657 1 357.0 0.7733145670055657 1
gene  1 41 8 2.072823629058963 0 358.0 2.072823629058963 1
gene  1 14 43 2.714795002452794 1 364.0 2.714795002452794 1
gene  1 43 10 2.734277037063305 0 365.0 2.734277037063305 1
gene  1 5 47 0.7802760187389328 0 375.0 0.7802760187389328 1
gene  1 47 9 1.4969114246548034 0 376.0 1.4969114246548034 1
gene  1 41 14 4.214856727289655 0 387.0 4.214856727289655 1
genomeend 7
genomestart  8
trait 1 2.225061889405073 0.18232349236791867 0.0 1.3327232120186472 1.2072189033182315 0.9677289903260735 0.4399158848269037 0.9886345967811722 
node 1 1 1 1
node 2 1 1 1
node 3 1 1 1
node 4 1 1 1
node 5 1 1 1
node 6 1 1 1
node 7 1 1 3
node 8 1 0 0
node 9 1 0 0
node 10 1 0 0
node 13 1 0 2
node 14 1 0 2
node 28 1 0 0
node 41 1 0 0
node 43 1 0 0
node 47 1 0 0
gene  1 1 8 0.4686964553508894 0 98.0 0.4686964553508894 1
gene  1 3 8 0.9849893991212404 0 100.0 0.9849893991212404 1
gene  1 5 8 5.995796609074401 0 102.0 5.995796609074401 1
gene  1 6 8 6.782856361706442 0 103.0 6.782856361706442 1
gene  1 8 8 2.6507936755018777 1 105.0 2.6507936755018777 0
gene  1 1 9 2.0255396841852367 0 112.0 2.0255396841852367 1
gene  1 2 9 -0.22465259968400209 0 113.0 -0.22465259968400209 1
gene  1 3 9 2.0145992180998333 0 114.0 2.0145992180998333 1
gene  1 5 9 -0.9537413125492301 0 116.0 -0.9537413125492301 0
gene  1 7 9 4.320638241720454 0 118.0 4.320638241720454 1
gene  1 9 9 2.7694309610795615 1 120.0 2.7694309610795615 1
gene  1 10 9 -1.1248268938539152 1 121.0 -1.1248268938539152 1
gene  1 13 9 10.178290444317442 1 124.0 10.178290444317442 1
gene  1 2 10 -1.295302544268546 0 127.0 -1.295302544268546 1
gene  1 4 10 -4.908137623229831 0 129.0 -4.908137623229831 1
gene  1 5 10 -4.1690230293117985 0 130.0 -4.1690230293117985 1
gene  1 8 10 9.270086154426787 0 133.0 9.270086154426787 1
gene  1 9 10 -6.12604267284426 0 134.0 -6.12604267284426 1
gene  1 10 10 1.7522661044114516 1 135.0 1.7522661044114516 1
gene  1 13 10 2.7965266337518093 1 138.0 2.7965266337518093 1
gene  1 14 10 3.9277065225920893 1 139.0 3.9277065225920893 1
gene  1 2 13 -10.58364449462114 0 169.0 -10.58364449462114 1
gene  1 3 13 -7.178121283795467 0 170.0 -7.178121283795467 1
gene  1 6 13 -11.039156256892465 0 173.0 -11.039156256892465 1
gene  1 7 13 -1.4760574081656093 0 174.0 -1.4760574081656093 1
gene  1 9 13 0.7349598422020363 0 176.0 0.7349598422020363 1
gene  1 13 13 -0.09365796522627257 1 180.0 -0.09365796522627257 1
gene  1 14 13 9.321015371566833 1 181.0 9.321015371566833 1
gene  1 1 14 6.573640295951744 0 182.0 6.573640295951744 1
gene  1 3 14 4.489942830762555 0 184.0 4.489942830762555 1
gene  1 9 14 6.826289974031942 0 190.0 6.826289974031942 1
gene  1 10 14 -5.513533792007591 0 191.0 -5.513533792007591 1
gene  1 8 13 -3.1106008410246955 0 207.0 -3.1106008410246955 1
gene  1 1 10 -5.632156428110778 0 226.0 -5.632156428110778 1
gene  1 6 14 8.269481304584742 0 234.0 8.269481304584742 1
gene  1 8 28 -3.983144594254858 1 293.0 -3.983144594254858 1
gene  1 28 8 -0.5976690307525853 0 294.0 -0.5976690307525853 1
gene  1 8 9 0.5029643038132106 0 328.0 0.5029643038132106 1
gene  1 8 41 2.1446454894948257 1 357.0 2.1446454894948257 1
gene  1 41 8 2.700724972150307 0 358.0 2.700724972150307 1
gene  1 14 43 -1.4160086910502214 1 364.0 -1.4160086910502214 1
gene  1 43 10 2.734277037063305 0 365.0 2.734277037063305 1
gene  1 5 47 1.1211957266062125 0 375.0 1.1211957266062125 1
gene  1 47 9 0.7207809854179048 0 376.0 0.7207809854179048 1
gene  1 41 14 4.214856727289655 0 387.0 4.214856727289655 1
genomeend 8
genomestart  9
trait 1 2.225061889405073 0.0 0.0 2.2652449215186263 0.5069451038461493 0.9677289903260735 1.091719119822867 0.44622140508172814 
node 1 1 1 1
node 2 1 1 1
node 3 1 1 1
node 4 1 1 1
node 5 1 1 1
node 6 1 1 1
node 7 1 1 3
node 8 1 0 0
node 9 1 0 0
node 10 1 0 0
node 13 1 0 2
node 14 1 0 2
node 28 1 0 0
node 41 1 0 0
node 43 1 0 0
node 47 1 0 0
gene  1 1 8 0.48174580656378513 0 98.0 0.48174580656378513 1
gene  1 3 8 -1.9980148183596138 0 100.0 -1.9980148183596138 1
gene  1 5 8 5.6662373066965825 0 102.0 5.6662373066965825 1
gene  1 6 8 2.6856887516261754 0 103.0 2.6856887516261754 1
gene  1 8 8 1.0727954807370683 1 105.0 1.0727954807370683 0
gene  1 1 9 1.1330226278001272 0 112.0 1.1330226278001272 1
gene  1 2 9 -1.8237938354944676 0 113.0 -1.8237938354944676 1
gene  1 3 9 -2.2832563443328286 0 114.0 -2.2832563443328286 1
gene  1 5 9 -1.8457414735563924 0 116.0 -1.8457414735563924 0
gene  1 7 9 9.055036590882464 0 118.0 9.055036590882464 1
gene  1 9 9 5.897829606571595 1 120.0 5.897829606571595 1
gene  1 10 9 -2.6595385577934527 1 121.0 -2.6595385577934527 1
gene  1 13 9 8.92395107929791 1 124.0 8.92395107929791 1
gene  1 2 10 0.045558867990664775 0 127.0 0.045558867990664775 1
gene  1 4 10 -7.478106971004382 0 129.0 -7.478106971004382 1
gene  1 5 10 -2.742032332881111 0 130.0 -2.742032332881111 1
gene  1 8 10 9.051900066712863 0 133.0 9.051900066712863 1
gene  1 9 10 -10.83580025939094 0 134.0 -10.83580025939094 1
gene  1 10 10 4.435865267786391 1 135.0 4.435865267786391 1
gene  1 13 10 -0.17934899030379903 1 138.0 -0.17934899030379903 1
gene  1 14 10 3.613133995590903 1 139.0 3.613133995590903 1
gene  1 2 13 -9.89634324110908 0 169.0 -9.89634324110908 1
gene  1 3 13 -4.949088874684248 0 170.0 -4.949088874684248 1
gene  1 6 13 -6.509566797517133 0 173.0 -6.509566797517133 1
gene  1 7 13 -3.0113159566038186 0 174.0 -3.0113159566038186 1
gene  1 9 13 -0.11507715815798014 0 176.0 -0.11507715815798014 1
gene  1 13 13 -1.2403369614881519 1 180.0 -1.2403369614881519 1
gene  1 14 13 6.210934783085072 1 181.0 6.210934783085072 1
gene  1 1 14 7.693319236240753 0 182.0 7.693319236240753 1
gene  1 3 14 6.521075201061204 0 184.0 6.521075201061204 1
gene  1 9 14 9.73705315795224 0 190.0 9.73705315795224 1
gene  1 10 14 -8.729160279122077 0 191.0 -8.729160279122077 1
gene  1 8 13 -1.0676512169780166 0 207.0 -1.0676512169780166 1
gene  1 1 10 -2.154347956082021 0 226.0 -2.154347956082021 1
gene  1 6 14 5.384171399827482 0 234.0 5.384171399827482 1
gene  1 8 28 -0.4360772410848741 1 293.0 -0.4360772410848741 1
gene  1 28 8 -0.5327666820832204 0 294.0 -0.5327666820832204 1
gene  1 8 9 -2.2863640520630732 0 328.0 -2.2863640520630732 1
gene  1 8 41 -0.8514667806185063 1 357.0 -0.8514667806185063 1
gene  1 41 8 -1.8475944394747421 0 358.0 -1.8475944394747421 1
gene  1 14 43 -1.3610738375929892 1 364.0 -1.3610738375929892 1
gene  1 43 10 0.9799057745057773 0 365.0 0.9799057745057773 1
gene  1 5 47 2.3827094004576885 0 375.0 2.3827094004576885 1
gene  1 47 9 -0.15945276169432643 0 376.0 -0.15945276169432643 1
gene  1 41 14 5.192178936364313 0 387.0 5.192178936364313 1
genomeend 9
genomestart  10
trait 1 0.0 0.507208509242693 0.0 1.336083291708453 2.3145837249829695 0.0 0.0 0.868067118942248 
node 1 1 1 1
node 2 1 1 1
node 3 1 1 1
node 4 1 1 1
node 5 1 1 1
node 6 1 1 1
node 7 1 1 3
node 8 1 0 0
node 13 1 0 2
node 14 1 0 2
node 22 1 0 0
node 25 1 0 0
node 29 1 0 0
gene  1 1 8 -0.0253106277480164 0 98.0 -0.0253106277480164 1
gene  1 3 8 -6.721951665683189 0 100.0 -6.721951665683189 1
gene  1 4 8 0.91800079071021 0 101.0 0.91800079071021 1
gene  1 5 8 -2.737964443521319 0 102.0 -2.737964443521319 1
gene  1 6 8 -4.144699817454266 0 103.0 -4.144699817454266 1
gene  1 8 8 -2.2247541926216243 1 105.0 -2.2247541926216243 1
gene  1 1 13 -0.731796775612219 0 168.0 -0.731796775612219 1
gene  1 5 13 4.498938041122203 0 172.0 4.498938041122203 1
gene  1 13 13 1.1018876378284013 1 180.0 1.1018876378284013 1
gene  1 14 13 -3.9130969049582167 1 181.0 -3.9130969049582167 1
gene  1 2 14 -2.212588537461315 0 183.0 -2.212588537461315 1
gene  1 3 14 5.544990147021679 0 184.0 5.544990147021679 1
gene  1 5 14 -0.47446972173371266 0 186.0 -0.47446972173371266 1
gene  1 7 14 0.2872245589198778 0 188.0 0.2872245589198778 1
gene  1 8 14 0.37133523988419703 0 189.0 0.37133523988419703 1
gene  1 13 14 -2.9595426687747017 0 194.0 -2.9595426687747017 1
gene  1 2 13 22.818054929997274 0 236.0 22.818054929997274 1
gene  1 8 22 3.013509987761666 0 240.0 3.013509987761666 1
gene  1 22 14 1.5160136584895318 0 241.0 1.5160136584895318 1
gene  1 1 22 2.1944617825150017 0 245.0 2.1944617825150017 1
gene  1 13 8 -0.6599406751924628 0 257.0 -0.6599406751924628 1
gene  1 5 22 -2.391787729652329 0 265.0 -2.391787729652329 1
gene  1 1 25 -5.323503673462521 0 279.0 -5.323503673462521 1
gene  1 25 8 3.1433084388190915 0 280.0 3.1433084388190915 1
gene  1 8 29 0.8797791922066156 0 297.0 0.8797791922066156 1
gene  1 29 14 0.5474361759216306 0 298.0 0.5474361759216306 1
gene  1 1 14 -0.5551311194258273 0 312.0 -0.5551311194258273 1
gene  1 2 29 2.478214354302919 0 330.0 2.478214354302919 1
gene  1 5 25 2.233538321562838 0 343.0 2.233538321562838 1
gene  1 6 29 -8.44991712585647 0 386.0 -8.44991712585647 1
genomeend 10
genomestart  11
trait 1 0.0 0.507208509242693 0.0 1.336083291708453 2.3145837249829695 0.0 0.0 0.868067118942248 
node 1 1 1 1
node 2 1 1 1
node 3 1 1 1
node 4 1 1 1
node 5 1 1 1
node 6 1 1 1
node 7 1 1 3
node 8 1 0 0
node 13 1 0 2
node 14 1 0 2
node 22 1 0 0
node 25 1 0 0
node 29 1 0 0
gene  1 1 8 -0.43166451614056855 0 98.0 -0.43166451614056855 1
gene  1 3 8 -6.711776310193038 0 100.0 -6.711776310193038 1
gene  1 4 8 -1.0663592037821066 0 101.0 -1.0663592037821066 1
gene  1 5 8 0.06031539828361221 0 102.0 0.06031539828361221 1
gene  1 6 8 -3.6677201066908642 0 103.0 -3.6677201066908642 1
gene  1 8 8 -6.43092034456186 1 105.0 -6.43092034456186 1
gene  1 1 13 0.40157531501056887 0 168.0 0.40157531501056887 1
gene  1 5 13 3.998098398187373 0 172.0 3.998098398187373 1
gene  1 13 13 2.418414012614442 1 180.0 2.418414012614442 1
gene  1 14 13 1.3977579456016118 1 181.0 1.3977579456016118 1
gene  1 2 14 -5.02551390261834 0 183.0 -5.02551390261834 1
gene  1 3 14 1.6176820326959414 0 184.0 1.6176820326959414 1
gene  1 5 14 0.6597345680044409 0 186.0 0.6597345680044409 1
gene  1 7 14 -0.15597273822346353 0 188.0 -0.15597273822346353 1
gene  1 8 14 0.7600436129696003 0 189.0 0.7600436129696003 1
gene  1 13 14 -2.1042399650993717 0 194.0 -2.1042399650993717 1
gene  1 2 13 26.36180212140364 0 236.0 26.36180212140364 1
gene  1 8 22 4.237650618224887 0 240.0 4.237650618224887 1
gene  1 22 14 -0.5414685631433112 0 241.0 -0.5414685631433112 1
gene  1 1 22 -2.043188470001322 0 245.0 -2.043188470001322 1
gene  1 13 8 -2.0758723136990973 0 257.0 -2.0758723136990973 1
gene  1 5 22 -0.01195242566746968 0 265.0 -0.01195242566746968 1
gene  1 1 25 -5.855641486470243 0 279.0 -5.855641486470243 1
gene  1 25 8 4.435154972129721 0 280.0 4.435154972129721 1
gene  1 8 29 3.077173305963303 0 297.0 3.077173305963303 1
gene  1 29 14 -1.7100531924234466 0 298.0 -1.7100531924234466 1
gene  1 1 14 -2.009968907525537 0 312.0 -2.009968907525537 1
gene  1 2 29 1.098382016824992 0 330.0 1.098382016824992 1
gene  1 5 25 -0.6294631240770479 0 343.0 -0.6294631240770479 1
gene  1 6 29 -9.358001864623457 0 386.0 -9.358001864623457 1
genomeend 11
genomestart  12
trait 1 0.0 0.0 0.0 1.336083291708453 2.3145837249829695 0.0 0.0 0.868067118942248 
node 1 1 1 1
node 2 1 1 1
node 3 1 1 1
node 4 1 1 1
node 5 1 1 1
node 6 1 1 1
node 7 1 1 3
node 8 1 0 0
node 13 1 0 2
node 14 1 0 2
node 22 1 0 0
node 25 1 0 0
node 29 1 0 0
gene  1 1 8 -2.1928298036683698 0 98.0 -2.1928298036683698 1
gene  1 3 8 -5.080749291990147 0 100.0 -5.080749291990147 1
gene  1 4 8 0.011447245499282555 0 101.0 0.011447245499282555 1
gene  1 5 8 -1.9663738536960282 0 102.0 -1.9663738536960282 1
gene  1 6 8 -3.6677201066908642 0 103.0 -3.6677201066908642 1
gene  1 8 8 -4.5519041240348965 1 105.0 -4.5519041240348965 1
gene  1 1 13 0.2718314332812346 0 168.0 0.2718314332812346 1
gene  1 5 13 4.767616741160145 0 172.0 4.767616741160145 1
gene  1 13 13 1.3786287863455995 1 180.0 1.3786287863455995 1
gene  1 14 13 -2.097273405935888 1 181.0 -2.097273405935888 1
gene  1 2 14 -4.307123691213563 0 183.0 -4.307123691213563 1
gene  1 3 14 6.71060070041206 0 184.0 6.71060070041206 1
gene  1 5 14 0.15064490046010098 0 186.0 0.15064490046010098 1
gene  1 7 14 -0.1086314757846667 0 188.0 -0.1086314757846667 1
gene  1 8 14 0.08229834920705248 0 189.0 0.08229834920705248 1
gene  1 13 14 -2.2927721352722807 0 194.0 -2.2927721352722807 1
gene  1 2 13 24.171464906973377 0 236.0 24.171464906973377 1
gene  1 8 22 2.8123876801023044 0 240.0 2.8123876801023044 1
gene  1 22 14 0.9588418179813036 0 241.0 0.9588418179813036 1
gene  1 1 22 1.6958314644334347 0 245.0 1.6958314644334347 1
gene  1 13 8 -1.9748631175063087 0 257.0 -1.9748631175063087 1
gene  1 5 22 -1.9128188781523163 0 265.0 -1.9128188781523163 1
gene  1 1 25 -4.4866172278814265 0 279.0 -4.4866172278814265 1
gene  1 25 8 3.1814058109402072 0 280.0 3.1814058109402072 1
gene  1 8 29 1.6853621814047715 0 297.0 1.6853621814047715 1
gene  1 29 14 0.5474361759216306 0 298.0 0.5474361759216306 1
gene  1 1 14 -0.5551311194258273 0 312.0 -0.5551311194258273 1
gene  1 2 29 2.8642767729903085 0 330.0 2.8642767729903085 1
gene  1 5 25 0.610595809946324 0 343.0 0.610595809946324 1
gene  1 6 29 -8.44991712585647 0 386.0 -8.44991712585647 1
genomeend 12
genomestart  13
trait 1 0.0 0.0 0.0697072373684462 0.0 0.0 1.2871131578344006 1.106386715936813 0.0 
node 1 1 1 1
node 2 1 1 1
node 3 1 1 1
node 4 1 1 1
node 5 1 1 1
node 6 1 1 1
node 7 1 1 3
node 13 1 0 2
node 14 1 0 2
node 49 1 0 0
gene  1 1 13 -0.21930716410175277 0 168.0 -0.21930716410175277 1
gene  1 2 13 -2.475676681673647 0 169.0 -2.475676681673647 1
gene  1 3 13 -3.548752406850517 0 170.0 -3.548752406850517 0
gene  1 4 13 2.9932564234030234 0 171.0 2.9932564234030234 1
gene  1 5 13 5.792333613992576 0 172.0 5.792333613992576 1
gene  1 6 13 -1.9538247912643238 0 173.0 -1.9538247912643238 1
gene  1 7 13 0.5227701061266437 0 174.0 0.5227701061266437 1
gene  1 14 13 -1.3617012192679756 1 181.0 -1.3617012192679756 1
gene  1 1 14 -2.1963053052158013 0 182.0 -2.1963053052158013 1
gene  1 2 14 1.6753413813397584 0 183.0 1.6753413813397584 1
gene  1 3 14 -10.238697168342298 0 184.0 -10.238697168342298 1
gene  1 13 14 -1.181977471601738 0 194.0 -1.181977471601738 1
gene  1 14 14 -0.05834393382479042 1 195.0 -0.05834393382479042 1
gene  1 7 14 1.2675914954832233 0 273.0 1.2675914954832233 1
gene  1 4 14 1.9640060329150337 0 283.0 1.9640060329150337 1
gene  1 5 14 1.5500093429192519 0 303.0 1.5500093429192519 1
gene  1 6 14 3.433008548430701 0 307.0 3.433008548430701 1
gene  1 3 49 1.9528490784953167 0 389.0 1.9528490784953167 1
gene  1 49 13 0.7314517762158323 0 390.0 0.7314517762158323 1
genomeend 13
genomestart  14
trait 1 0.0 0.0 0.0697072373684462 0.0 0.0 1.2871131578344006 1.106386715936813 0.0 
node 1 1 1 1
node 2 1 1 1
node 3 1 1 1
node 4 1 1 1
node 5 1 1 1
node 6 1 1 1
node 7 1 1 3
node 13 1 0 2
node 14 1 0 2
node 49 1 0 0
gene  1 1 13 -0.3061792495556307 0 168.0 -0.3061792495556307 1
gene  1 2 13 6.223162975191071 0 169.0 6.223162975191071 1
gene  1 3 13 -2.4529056965924525 0 170.0 -2.4529056965924525 0
gene  1 4 13 4.018244086499425 0 171.0 4.018244086499425 1
gene  1 5 13 4.212089108741961 0 172.0 4.212089108741961 1
gene  1 6 13 -4.285111493048181 0 173.0 -4.285111493048181 1
gene  1 7 13 0.1936111953530525 0 174.0 0.1936111953530525 1
gene  1 14 13 -1.1734990674975498 1 181.0 -1.1734990674975498 1
gene  1 1 14 -0.39775047495249005 0 182.0 -0.39775047495249005 1
gene  1 2 14 3.151766064839028 0 183.0 3.151766064839028 1
gene  1 3 14 -7.919491996781727 0 184.0 -7.919491996781727 1
gene  1 13 14 1.273378077133306 0 194.0 1.273378077133306 1
gene  1 14 14 -0.5241980089706533 1 195.0 -0.5241980089706533 1
gene  1 7 14 1.0745694087711803 0 273.0 1.0745694087711803 1
gene  1 4 14 3.5874245630954835 0 283.0 3.5874245630954835 1
gene  1 5 14 -0.8768790010706022 0 303.0 -0.8768790010706022 1
gene  1 6 14 1.6474891169803128 0 307.0 1.6474891169803128 1
gene  1 3 49 2.4667252245627127 0 389.0 2.4667252245627127 1
gene  1 49 13 -1.6105566588050633 0 390.0 -1.6105566588050633 1
genomeend 14
genomestart  15
trait 1 0.731715373568969 0.5319433208524987 0.8875428902212121 1.0172554146688002 0.2545070174269727 0.6799681748259421 0.0 0.0 
node 1 1 1 1
node 2 1 1 1
node 3 1 1 1
node 4 1 1 1
node 5 1 1 1
node 6 1 1 1
node 7 1 1 3
node 8 1 0 0
node 9 1 0 0
node 13 1 0 2
node 14 1 0 2
node 20 1 0 0
gene  1 1 8 -0.6953946955553663 0 98.0 -0.6953946955553663 1
gene  1 2 8 1.9720619444678718 0 99.0 1.9720619444678718 1
gene  1 3 8 2.316314398800657 0 100.0 2.316314398800657 1
gene  1 6 8 1.4857576005276092 0 103.0 1.4857576005276092 1
gene  1 8 8 -0.20663351103875827 1 105.0 -0.20663351103875827 1
gene  1 9 8 -1.4743307792499885 1 106.0 -1.4743307792499885 1
gene  1 13 8 3.633481359167379 1 110.0 3.633481359167379 1
gene  1 14 8 0.1641161758401743 1 111.0 0.1641161758401743 1
gene  1 1 9 0.9601834605701094 0 112.0 0.9601834605701094 1
gene  1 4 9 -1.090560369647248 0 115.0 -1.090560369647248 1
gene  1 5 9 5.3929480106422645 0 116.0 5.3929480106422645 1
gene  1 7 9 -1.2636913244175498 0 118.0 -1.2636913244175498 1
gene  1 9 9 -8.769762462583236 1 120.0 -8.769762462583236 1
gene  1 14 9 -11.980085436931198 1 125.0 -11.980085436931198 1
gene  1 2 13 -11.547780094318691 0 169.0 -11.547780094318691 1
gene  1 5 13 0.09573453361078421 0 172.0 0.09573453361078421 1
gene  1 8 13 -1.5292593910032939 0 175.0 -1.5292593910032939 1
gene  1 1 14 8.574840094944843 0 182.0 8.574840094944843 1
gene  1 2 14 0.009414292748527675 0 183.0 0.009414292748527675 1
gene  1 3 14 -0.7842579405223923 0 184.0 -0.7842579405223923 1
gene  1 6 14 -1.6162208924874308 0 187.0 -1.6162208924874308 1
gene  1 13 14 -1.4797810963785152 0 194.0 -1.4797810963785152 1
gene  1 14 14 4.629060979568935 1 195.0 4.629060979568935 1
gene  1 5 8 -0.8540917610726735 0 202.0 -0.8540917610726735 1
gene  1 4 13 -0.9317303395056113 0 220.0 -0.9317303395056113 1
gene  1 1 20 -0.5258262406867986 0 231.0 -0.5258262406867986 1
gene  1 20 14 0.3159753905410776 0 232.0 0.3159753905410776 1
gene  1 1 13 -1.4764000966270703 0 329.0 -1.4764000966270703 1
gene  1 13 20 -1.793342448515075 0 337.0 -1.793342448515075 1
gene  1 4 20 -3.413895258217665 0 339.0 -3.413895258217665 1
genomeend 15
genomestart  16
trait 1 0.731715373568969 0.5319433208524987 0.8875428902212121 1.0172554146688002 0.2545070174269727 0.6799681748259421 0.0 0.0 
node 1 1 1 1
node 2 1 1 1
node 3 1 1 1
node 4 1 1 1
node 5 1 1 1
node 6 1 1 1
node 7 1 1 3
node 8 1 0 0
node 9 1 0 0
node 13 1 0 2
node 14 1 0 2
node 20 1 0 0
gene  1 1 8 -3.271242921978312 0 98.0 -3.271242921978312 1
gene  1 2 8 -0.7492108904449116 0 99.0 -0.7492108904449116 1
gene  1 3 8 2.3646979196537807 0 100.0 2.3646979196537807 1
gene  1 6 8 -1.8990260314829204 0 103.0 -1.8990260314829204 1
gene  1 8 8 2.7202406632632714 1 105.0 2.7202406632632714 1
gene  1 9 8 -1.802486755288096 1 106.0 -1.802486755288096 1
gene  1 13 8 4.83344518925993 1 110.0 4.83344518925993 1
gene  1 14 8 -0.790583981379511 1 111.0 -0.790583981379511 1
gene  1 1 9 1.5897601504937056 0 112.0 1.5897601504937056 1
gene  1 4 9 2.5661086071703054 0 115.0 2.5661086071703054 1
gene  1 5 9 5.318071670115607 0 116.0 5.318071670115607 1
gene  1 7 9 0.680146695370945 0 118.0 0.680146695370945 1
gene  1 9 9 -10.881320800780426 1 120.0 -10.881320800780426 1
gene  1 14 9 -9.832858041425704 1 125.0 -9.832858041425704 1
gene  1 2 13 -10.860935739888767 0 169.0 -10.860935739888767 1
gene  1 5 13 3.1136280986020655 0 172.0 3.1136280986020655 1
gene  1 8 13 0.40856453097463924 0 175.0 0.40856453097463924 1
gene  1 1 14 8.582208144159637 0 182.0 8.582208144159637 1
gene  1 2 14 2.4955052864646383 0 183.0 2.4955052864646383 1
gene  1 3 14 -2.04300789316358 0 184.0 -2.04300789316358 1
gene  1 6 14 -0.4158238824719157 0 187.0 -0.4158238824719157 1
gene  1 13 14 -3.1527883529060254 0 194.0 -3.1527883529060254 1
gene  1 14 14 2.257311172417252 1 195.0 2.257311172417252 1
gene  1 5 8 -0.7909029415259565 0 202.0 -0.7909029415259565 1
gene  1 4 13 -2.0039638763466057 0 220.0 -2.0039638763466057 1
gene  1 1 20 -0.5258262406867986 0 231.0 -0.5258262406867986 1
gene  1 20 14 -0.6233636846304841 0 232.0 -0.6233636846304841 1
gene  1 1 13 -1.6352798124520254 0 329.0 -1.6352798124520254 1
gene  1 13 20 -0.010166298827194997 0 337.0 -0.010166298827194997 1
gene  1 4 20 -4.165494349385314 0 339.0 -4.165494349385314 1
genomeend 16
genomestart  17
trait 1 0.731715373568969 0.5319433208524987 0.8875428902212121 1.0172554146688002 0.2545070174269727 0.6799681748259421 0.0 0.0 
node 1 1 1 1
node 2 1 1 1
node 3 1 1 1
node 4 1 1 1
node 5 1 1 1
node 6 1 1 1
node 7 1 1 3
node 8 1 0 0
node 9 1 0 0
node 13 1 0 2
node 14 1 0 2
node 20 1 0 0
gene  1 1 8 -2.4959273130255513 0 98.0 -2.4959273130255513 1
gene  1 2 8 -0.24361786401355506 0 99.0 -0.24361786401355506 1
gene  1 3 8 1.093084852168448 0 100.0 1.093084852168448 1
gene  1 6 8 -0.10099714119387504 0 103.0 -0.10099714119387504 1
gene  1 8 8 0.12697410058792902 1 105.0 0.12697410058792902 1
gene  1 9 8 -2.1610814357337933 1 106.0 -2.1610814357337933 1
gene  1 13 8 2.6747314825431117 1 110.0 2.6747314825431117 1
gene  1 14 8 -2.091963371791759 1 111.0 -2.091963371791759 1
gene  1 1 9 0.7683999401291164 0 112.0 0.7683999401291164 1
gene  1 4 9 0.8584975801533716 0 115.0 0.8584975801533716 1
gene  1 5 9 6.4250550744860835 0 116.0 6.4250550744860835 1
gene  1 7 9 1.8024495912502123 0 118.0 1.8024495912502123 1
gene  1 9 9 -7.220614111977786 1 120.0 -7.220614111977786 1
gene  1 14 9 -13.217894909369052 1 125.0 -13.217894909369052 1
gene  1 2 13 -11.065079212624662 0 169.0 -11.065079212624662 1
gene  1 5 13 0.9332152761872947 0 172.0 0.9332152761872947 1
gene  1 8 13 -0.7511010498004533 0 175.0 -0.7511010498004533 1
gene  1 1 14 6.241678010475277 0 182.0 6.241678010475277 1
gene  1 2 14 -0.2697328995029631 0 183.0 -0.2697328995029631 1
gene  1 3 14 0.5243116766805294 0 184.0 0.5243116766805294 1
gene  1 6 14 -1.7710930590097094 0 187.0 -1.7710930590097094 1
gene  1 13 14 -2.307631786762753 0 194.0 -2.307631786762753 1
gene  1 14 14 1.2490804628875618 1 195.0 1.2490804628875618 1
gene  1 5 8 0.7924319980795231 0 202.0 0.7924319980795231 1
gene  1 4 13 -2.057591067001705 0 220.0 -2.057591067001705 1
gene  1 1 20 -0.5535999753774229 0 231.0 -0.5535999753774229 1
gene  1 20 14 -2.1659654912318596 0 232.0 -2.1659654912318596 1
gene  1 1 13 1.6532434091594939 0 329.0 1.6532434091594939 1
gene  1 13 20 -1.056038792993653 0 337.0 -1.056038792993653 1
gene  1 4 20 -5.8912858883555055 0 339.0 -5.8912858883555055 1
genomeend 17
genomestart  18
trait 1 0.731715373568969 0.5319433208524987 0.8875428902212121 1.0172554146688002 0.2545070174269727 0.6799681748259421 0.0 0.0 
node 1 1 1 1
node 2 1 1 1
node 3 1 1 1
node 4 1 1 1
node 5 1 1 1
node 6 1 1 1
node 7 1 1 3
node 8 1 0 0
node 9 1 0 0
node 13 1 0 2
node 14 1 0 2
node 20 1 0 0
gene  1 1 8 -1.2062565227147517 0 98.0 -1.2062565227147517 1
gene  1 2 8 -0.2513626583177706 0 99.0 -0.2513626583177706 1
gene  1 3 8 1.3623013020011117 0 100.0 1.3623013020011117 1
gene  1 6 8 0.08851440297798696 0 103.0 0.08851440297798696 1
gene  1 8 8 1.1628922670694966 1 105.0 1.1628922670694966 1
gene  1 9 8 0.3115769193855078 1 106.0 0.3115769193855078 1
gene  1 13 8 4.830603890453282 1 110.0 4.830603890453282 1
gene  1 14 8 0.22063796175028427 1 111.0 0.22063796175028427 1
gene  1 1 9 0.9031035092669679 0 112.0 0.9031035092669679 1
gene  1 4 9 0.9930553370367466 0 115.0 0.9930553370367466 1
gene  1 5 9 4.117887816702667 0 116.0 4.117887816702667 1
gene  1 7 9 -0.35756677698549777 0 118.0 -0.35756677698549777 1
gene  1 9 9 -8.612880079116877 1 120.0 -8.612880079116877 1
gene  1 14 9 -11.25926131271551 1 125.0 -11.25926131271551 1
gene  1 2 13 -11.249437253851774 0 169.0 -11.249437253851774 1
gene  1 5 13 1.8705589745256812 0 172.0 1.8705589745256812 1
gene  1 8 13 0.6062794808250844 0 175.0 0.6062794808250844 1
gene  1 1 14 6.126479441167607 0 182.0 6.126479441167607 1
gene  1 2 14 1.8577924741452265 0 183.0 1.8577924741452265 1
gene  1 3 14 -1.4816075311324552 0 184.0 -1.4816075311324552 1
gene  1 6 14 0.20010966292085652 0 187.0 0.20010966292085652 1
gene  1 13 14 -1.7123868200751535 0 194.0 -1.7123868200751535 1
gene  1 14 14 2.5170312868823577 1 195.0 2.5170312868823577 1
gene  1 5 8 -0.12879569720299644 0 202.0 -0.12879569720299644 1
gene  1 4 13 -0.9526502678282591 0 220.0 -0.9526502678282591 1
gene  1 1 20 -0.5258262406867986 0 231.0 -0.5258262406867986 1
gene  1 20 14 2.7511562565958054 0 232.0 2.7511562565958054 1
gene  1 1 13 -0.27832791475285334 0 329.0 -0.27832791475285334 1
gene  1 13 20 0.7292020979815061 0 337.0 0.7292020979815061 1
gene  1 4 20 -4.165494349385314 0 339.0 -4.165494349385314 1
gene  1 20 9 -3.5944292961365933 0 393.0 -3.5944292961365933 1
genomeend 18
genomestart  19
trait 1 0.685217197429974 0.0 1.6981216406750186 0.11493069212669116 2.5335643132798116 0.515587326912087 0.0 0.07895419735974474 
node 1 1 1 1
node 2 1 1 1
node 3 1 1 1
node 4 1 1 1
node 5 1 1 1
node 6 1 1 1
node 7 1 1 3
node 13 1 0 2
node 14 1 0 2
node 45 1 0 0
gene  1 1 13 -0.49055341690720766 0 168.0 -0.49055341690720766 0
gene  1 2 13 -0.11275125087954585 0 169.0 -0.11275125087954585 1
gene  1 5 13 0.6319163579097814 0 172.0 0.6319163579097814 1
gene  1 6 13 -6.5585226786415385 0 173.0 -6.5585226786415385 1
gene  1 7 13 -2.84866207184897 0 174.0 -2.84866207184897 1
gene  1 3 14 -3.283187407259568 0 184.0 -3.283187407259568 1
gene  1 4 14 0.8432913564803968 0 185.0 0.8432913564803968 1
gene  1 7 14 -1.9628392311153342 0 188.0 -1.9628392311153342 1
gene  1 13 14 1.804874039715253 0 194.0 1.804874039715253 1
gene  1 14 14 1.7201787387318863 1 195.0 1.7201787387318863 1
gene  1 4 13 7.4634449944566725 0 235.0 7.4634449944566725 1
gene  1 1 14 -4.8290665133531 0 242.0 -4.8290665133531 1
gene  1 5 14 -1.8288539048752708 0 319.0 -1.8288539048752708 1
gene  1 1 45 -2.9453795486396137 0 370.0 -2.9453795486396137 1
gene  1 45 13 -1.6743174755478474 0 371.0 -1.6743174755478474 1
genomeend 19
