genomestart  0
trait 1 0.0 0.0 0.0 0.0 0.0 0.0 0.0 0.0 
node 1 1 1 1
node 2 1 1 1
node 3 1 1 1
node 4 1 1 1
node 5 1 1 1
node 6 1 1 1
node 7 1 1 3
node 13 1 0 2
node 14 1 0 2
gene  1 1 13 -1.0089218054270896 0 168.0 -1.0089218054270896 1
gene  1 2 13 -2.8273875056027147 0 169.0 -2.8273875056027147 1
gene  1 5 13 -0.5502953634031229 0 172.0 -0.5502953634031229 1
gene  1 6 13 -2.419988402155961 0 173.0 -2.419988402155961 1
gene  1 7 13 1.7057440291057206 0 174.0 1.7057440291057206 1
gene  1 14 13 -0.5366368238396901 1 181.0 -0.5366368238396901 1
gene  1 1 14 1.5708418753112565 0 182.0 1.5708418753112565 1
gene  1 2 14 4.3598750453093915 0 183.0 4.3598750453093915 1
gene  1 3 14 -0.11972566901812942 0 184.0 -0.11972566901812942 1
gene  1 4 14 -2.959876534193766 0 185.0 -2.959876534193766 1
gene  1 6 14 -2.6076368072437166 0 187.0 -2.6076368072437166 1
gene  1 7 14 -2.3179786438088503 0 188.0 -2.3179786438088503 1
gene  1 14 14 -0.8227364316495048 1 195.0 -0.8227364316495048 1
genomeend 0
genomestart  1
trait 1 0.0 0.0 0.0 0.0 0.0 0.0 0.0 0.0 
node 1 1 1 1
node 2 1 1 1
node 3 1 1 1
node 4 1 1 1
node 5 1 1 1
node 6 1 1 1
node 7 1 1 3
node 13 1 0 2
node 14 1 0 2
gene  1 1 13 -1.9315314416830511 0 168.0 -1.9315314416830511 1
gene  1 3 13 -8.065951071491206 0 170.0 -8.065951071491206 1
gene  1 5 13 -0.6392912391649237 0 172.0 -0.6392912391649237 1
gene  1 6 13 -5.304128091587721 0 173.0 -5.304128091587721 1
gene  1 14 13 0.5696509672323209 1 181.0 0.5696509672323209 1
gene  1 1 14 5.2792953604689945 0 182.0 5.2792953604689945 1
gene  1 2 14 1.8940936064921958 0 183.0 1.8940936064921958 1
gene  1 4 14 1.1329991608587044 0 185.0 1.1329991608587044 1
gene  1 5 14 3.9939048295393818 0 186.0 3.9939048295393818 1
gene  1 6 14 -1.2095465490785688 0 187.0 -1.2095465490785688 1
gene  1 7 14 0.47449837404623496 0 188.0 0.47449837404623496 1
gene  1 13 14 5.703835135277012 0 194.0 5.703835135277012 1
gene  1 14 14 -0.29482212902602334 1 195.0 -0.29482212902602334 1
genomeend 1
genomestart  2
trait 1 0.0 0.0 0.0 0.0 0.0 0.0 0.0 0.0 
node 1 1 1 1
node 2 1 1 1
node 3 1 1 1
node 4 1 1 1
node 5 1 1 1
node 6 1 1 1
node 7 1 1 3
node 13 1 0 2
node 14 1 0 2
gene  1 1 13 -0.6956584211542678 0 168.0 -0.6956584211542678 1
gene  1 3 13 -3.780321030143482 0 170.0 -3.780321030143482 1
gene  1 5 13 -0.7367533912368949 0 172.0 -0.7367533912368949 1
gene  1 6 13 -4.990606227335335 0 173.0 -4.990606227335335 1
gene  1 14 13 2.3710146563066767 1 181.0 2.3710146563066767 1
gene  1 1 14 7.280236530129095 0 182.0 7.280236530129095 1
gene  1 2 14 -1.561457094169887 0 183.0 -1.561457094169887 1
gene  1 4 14 -0.5759213298652404 0 185.0 -0.5759213298652404 1
gene  1 5 14 -0.16761871289957098 0 186.0 -0.16761871289957098 1
gene  1 6 14 -1.182528552778465 0 187.0 -1.182528552778465 1
gene  1 7 14 -1.010922857507942 0 188.0 -1.010922857507942 1
gene  1 13 14 4.406105882501631 0 194.0 4.406105882501631 1
gene  1 14 14 0.6834036335079128 1 195.0 0.6834036335079128 1
genomeend 2
genomestart  3
trait 1 0.0 0.0 0.0 0.0 0.0 0.0 0.0 0.0 
node 1 1 1 1
node 2 1 1 1
node 3 1 1 1
node 4 1 1 1
node 5 1 1 1
node 6 1 1 1
node 7 1 1 3
node 13 1 0 2
node 14 1 0 2
gene  1 2 13 -1.8218910344972379 0 169.0 -1.8218910344972379 1
gene  1 3 13 -4.041090341559974 0 170.0 -4.041090341559974 1
gene  1 4 13 1.368693088937584 0 171.0 1.368693088937584 1
gene  1 6 13 1.4910315155694063 0 173.0 1.4910315155694063 1
gene  1 7 13 -2.4949344562469955 0 174.0 -2.4949344562469955 1
gene  1 13 13 2.727014946968356 1 180.0 2.727014946968356 1
gene  1 1 14 -6.678741991800456 0 182.0 -6.678741991800456 1
gene  1 2 14 -1.9023348638756525 0 183.0 -1.9023348638756525 1
gene  1 5 14 -0.221744569354291 0 186.0 -0.221744569354291 1
gene  1 6 14 4.385775229617098 0 187.0 4.385775229617098 1
gene  1 7 14 0.002317965194701732 0 188.0 0.002317965194701732 1
gene  1 13 14 3.863527010773843 0 194.0 3.863527010773843 1
gene  1 14 14 0.486545093968819 1 195.0 0.486545093968819 1
gene  1 4 14 -5.109688274900208 0 196.0 -5.109688274900208 1
genomeend 3
genomestart  4
trait 1 0.0 0.0 0.17706978236959625 0.15533014876886286 0.0 0.0 0.0 0.0 
node 1 1 1 1
node 2 1 1 1
node 3 1 1 1
node 4 1 1 1
node 5 1 1 1
node 6 1 1 1
node 7 1 1 3
node 13 1 0 2
node 14 1 0 2
gene  1 1 13 0.06388403392671549 0 168.0 0.06388403392671549 0
gene  1 4 13 2.134244956217477 0 171.0 2.134244956217477 1
gene  1 5 13 -2.571046817741573 0 172.0 -2.571046817741573 1
gene  1 7 13 1.9224547771886398 0 174.0 1.9224547771886398 1
gene  1 13 13 -0.3767550105069124 1 180.0 -0.3767550105069124 1
gene  1 2 14 -4.039612769801565 0 183.0 -4.039612769801565 1
gene  1 3 14 0.7051604420807207 0 184.0 0.7051604420807207 1
gene  1 6 14 -0.10874053741815004 0 187.0 -0.10874053741815004 1
gene  1 13 14 -3.3433888921959993 0 194.0 -3.3433888921959993 1
gene  1 14 14 -4.116651793813839 1 195.0 -4.116651793813839 1
gene  1 6 13 -9.989489376778401 0 205.0 -9.989489376778401 1
genomeend 4
genomestart  5
trait 1 0.0 0.0 0.17706978236959625 0.15533014876886286 0.0 0.0 0.0 0.0 
node 1 1 1 1
node 2 1 1 1
node 3 1 1 1
node 4 1 1 1
node 5 1 1 1
node 6 1 1 1
node 7 1 1 3
node 13 1 0 2
node 14 1 0 2
gene  1 1 13 -4.4868345689952935 0 168.0 -4.4868345689952935 0
gene  1 4 13 1.5470372363962248 0 171.0 1.5470372363962248 1
gene  1 5 13 -1.4690137747493544 0 172.0 -1.4690137747493544 1
gene  1 7 13 0.7366281003276223 0 174.0 0.7366281003276223 1
gene  1 13 13 0.8249291641299381 1 180.0 0.8249291641299381 1
gene  1 2 14 0.813070790256162 0 183.0 0.813070790256162 1
gene  1 3 14 0.714778366056569 0 184.0 0.714778366056569 1
gene  1 6 14 -3.2394114785805908 0 187.0 -3.2394114785805908 1
gene  1 13 14 -3.4541990544813452 0 194.0 -3.4541990544813452 1
gene  1 14 14 -3.4004711426548004 1 195.0 -3.4004711426548004 1
gene  1 6 13 -9.648544967325792 0 205.0 -9.648544967325792 1
genomeend 5
genomestart  6
trait 1 0.616273898916473 0.0 0.0 0.0 0.0 0.055111220103936875 0.0 0.0 
node 1 1 1 1
node 2 1 1 1
node 3 1 1 1
node 4 1 1 1
node 5 1 1 1
node 6 1 1 1
node 7 1 1 3
node 8 1 0 0
node 13 1 0 2
node 14 1 0 2
gene  1 1 8 -7.176800874926196 0 98.0 -7.176800874926196 1
gene  1 2 8 4.335857732840194 0 99.0 4.335857732840194 1
gene  1 3 8 4.32494973879712 0 100.0 4.32494973879712 1
gene  1 4 8 0.5123169544011725 0 101.0 0.5123169544011725 1
gene  1 5 8 -0.7834611328502812 0 102.0 -0.7834611328502812 1
gene  1 6 8 -3.0397404676130013 0 103.0 -3.0397404676130013 1
gene  1 8 8 -1.65437206427992 1 105.0 -1.65437206427992 1
gene  1 13 8 -2.047021810857826 1 110.0 -2.047021810857826 1
gene  1 14 8 -0.7364583843042593 1 111.0 -0.7364583843042593 1
gene  1 3 13 5.533665214841985 0 170.0 5.533665214841985 1
gene  1 5 13 -2.229974407388011 0 172.0 -2.229974407388011 1
gene  1 7 13 3.932396720824455 0 174.0 3.932396720824455 1
gene  1 13 13 -4.010740635261006 1 180.0 -4.010740635261006 1
gene  1 2 14 3.3397416647291065 0 183.0 3.3397416647291065 1
gene  1 4 14 2.658989534815438 0 185.0 2.658989534815438 1
gene  1 6 14 0.10583409831247703 0 187.0 0.10583409831247703 1
gene  1 8 14 -2.0783573598237965 0 189.0 -2.0783573598237965 1
gene  1 13 14 -3.17676628136057 0 194.0 -3.17676628136057 1
gene  1 2 13 1.4496606014243008 0 213.0 1.4496606014243008 1
genomeend 6
genomestart  7
trait 1 0.616273898916473 0.0 0.0 0.0 0.0 0.055111220103936875 0.0 0.0 
node 1 1 1 1
node 2 1 1 1
node 3 1 1 1
node 4 1 1 1
node 5 1 1 1
node 6 1 1 1
node 7 1 1 3
node 8 1 0 0
node 13 1 0 2
node 14 1 0 2
gene  1 1 8 -5.988812003265264 0 98.0 -5.988812003265264 1
gene  1 2 8 3.940460719487816 0 99.0 3.940460719487816 1
gene  1 3 8 6.095630907266743 0 100.0 6.095630907266743 1
gene  1 4 8 -0.6378498831525405 0 101.0 -0.6378498831525405 1
gene  1 5 8 -2.5129457629027714 0 102.0 -2.5129457629027714 1
gene  1 6 8 -1.2373670037645799 0 103.0 -1.2373670037645799 1
gene  1 8 8 -1.65437206427992 1 105.0 -1.65437206427992 1
gene  1 13 8 -3.403369669432966 1 110.0 -3.403369669432966 1
gene  1 14 8 -0.7364583843042593 1 111.0 -0.7364583843042593 1
gene  1 3 13 6.733891341733086 0 170.0 6.733891341733086 1
gene  1 5 13 2.4460337836878416 0 172.0 2.4460337836878416 1
gene  1 7 13 3.9273657264013924 0 174.0 3.9273657264013924 1
gene  1 13 13 -5.3216393125600785 1 180.0 -5.3216393125600785 1
gene  1 2 14 3.3397416647291065 0 183.0 3.3397416647291065 1
gene  1 4 14 -1.411579343455317 0 185.0 -1.411579343455317 1
gene  1 6 14 -2.197389417526471 0 187.0 -2.197389417526471 1
gene  1 8 14 -2.2598112193173794 0 189.0 -2.2598112193173794 1
gene  1 13 14 -2.242802788681086 0 194.0 -2.242802788681086 1
genomeend 7
genomestart  8
trait 1 0.2900974490306444 0.02358956489045949 0.7383932761356284 0.0 0.5409680900513173 0.0 0.0 0.0 
node 1 1 1 1
node 2 1 1 1
node 3 1 1 1
node 4 1 1 1
node 5 1 1 1
node 6 1 1 1
node 7 1 1 3
node 8 1 0 0
node 9 1 0 0
node 10 1 0 0
node 13 1 0 2
node 14 1 0 2
gene  1 1 8 -3.576002174159217 0 98.0 -3.576002174159217 1
gene  1 3 8 -0.4137924919739814 0 100.0 -0.4137924919739814 1
gene  1 5 8 -0.861429878938762 0 102.0 -0.861429878938762 1
gene  1 6 8 1.6154366460054153 0 103.0 1.6154366460054153 1
gene  1 8 8 0.054863269728530395 1 105.0 0.054863269728530395 1
gene  1 1 9 -0.003918611106129344 0 112.0 -0.003918611106129344 1
gene  1 2 9 -2.051714035998545 0 113.0 -2.051714035998545 1
gene  1 3 9 2.7008947771844056 0 114.0 2.7008947771844056 1
gene  1 5 9 1.9336265259067955 0 116.0 1.9336265259067955 1
gene  1 7 9 2.599020524280701 0 118.0 2.599020524280701 1
gene  1 9 9 -1.1675784774999904 1 120.0 -1.1675784774999904 1
gene  1 10 9 -0.876287565513501 1 121.0 -0.876287565513501 1
gene  1 13 9 0.5314088447191723 1 124.0 0.5314088447191723 1
gene  1 2 10 -3.3003546534902433 0 127.0 -3.3003546534902433 1
gene  1 4 10 2.939640228337847 0 129.0 2.939640228337847 1
gene  1 5 10 -2.866806605411335 0 130.0 -2.866806605411335 1
gene  1 8 10 1.539087407629359 0 133.0 1.539087407629359 1
gene  1 9 10 3.4634379308809926 0 134.0 3.4634379308809926 1
gene  1 10 10 2.224659429267812 1 135.0 2.224659429267812 1
gene  1 13 10 -1.867687998569592 1 138.0 -1.867687998569592 1
gene  1 14 10 -1.7402156150080679 1 139.0 -1.7402156150080679 1
gene  1 2 13 7.918646770258629 0 169.0 7.918646770258629 1
gene  1 3 13 3.6890964277692273 0 170.0 3.6890964277692273 1
gene  1 6 13 -1.3882812575262353 0 173.0 -1.3882812575262353 1
gene  1 7 13 4.176424379880365 0 174.0 4.176424379880365 1
gene  1 9 13 3.69273461187401 0 176.0 3.69273461187401 1
gene  1 13 13 0.7730207947213277 1 180.0 0.7730207947213277 1
gene  1 14 13 -0.9374386583174316 1 181.0 -0.9374386583174316 1
gene  1 1 14 3.8999945253544426 0 182.0 3.8999945253544426 1
gene  1 3 14 2.0712809494926394 0 184.0 2.0712809494926394 1
gene  1 9 14 6.1508130503599885 0 190.0 6.1508130503599885 1
gene  1 10 14 1.7508752090474484 0 191.0 1.7508752090474484 1
gene  1 8 13 1.5985860989614071 0 207.0 1.5985860989614071 1
genomeend 8
genomestart  9
trait 1 0.2900974490306444 0.02358956489045949 0.7383932761356284 0.0 0.5409680900513173 0.0 0.0 0.0 
node 1 1 1 1
node 2 1 1 1
node 3 1 1 1
node 4 1 1 1
node 5 1 1 1
node 6 1 1 1
node 7 1 1 3
node 8 1 0 0
node 9 1 0 0
node 10 1 0 0
node 13 1 0 2
node 14 1 0 2
gene  1 1 8 -3.9069045157210547 0 98.0 -3.9069045157210547 1
gene  1 3 8 0.5525059055148568 0 100.0 0.5525059055148568 1
gene  1 5 8 1.5768684054785336 0 102.0 1.5768684054785336 1
gene  1 6 8 3.638839454716314 0 103.0 3.638839454716314 1
gene  1 8 8 0.974897912807293 1 105.0 0.974897912807293 1
gene  1 1 9 -2.1166449515404797 0 112.0 -2.1166449515404797 1
gene  1 2 9 -2.5889255269866953 0 113.0 -2.5889255269866953 1
gene  1 3 9 1.0292204326548409 0 114.0 1.0292204326548409 1
gene  1 5 9 1.3927994273338453 0 116.0 1.3927994273338453 1
gene  1 7 9 2.0901956062688 0 118.0 2.0901956062688 1
gene  1 9 9 -1.9898857436513209 1 120.0 -1.9898857436513209 1
gene  1 10 9 -0.5671109922506383 1 121.0 -0.5671109922506383 1
gene  1 13 9 0.676592064618419 1 124.0 0.676592064618419 1
gene  1 2 10 -1.2935803936397714 0 127.0 -1.2935803936397714 1
gene  1 4 10 0.8632212078681736 0 129.0 0.8632212078681736 1
gene  1 5 10 -0.853068446178284 0 130.0 -0.853068446178284 1
gene  1 8 10 2.6087852696962885 0 133.0 2.6087852696962885 1
gene  1 9 10 2.721672575963112 0 134.0 2.721672575963112 1
gene  1 10 10 2.1998512885767636 1 135.0 2.1998512885767636 1
gene  1 13 10 -1.865399613656957 1 138.0 -1.865399613656957 1
gene  1 14 10 -2.0074104297281696 1 139.0 -2.0074104297281696 1
gene  1 2 13 5.6530252428693375 0 169.0 5.6530252428693375 1
gene  1 3 13 1.2402748262393022 0 170.0 1.2402748262393022 1
gene  1 6 13 -1.8086826091207082 0 173.0 -1.8086826091207082 1
gene  1 7 13 3.0278882042924993 0 174.0 3.0278882042924993 1
gene  1 9 13 3.4258409577448843 0 176.0 3.4258409577448843 1
gene  1 13 13 -0.2795005098452923 1 180.0 -0.2795005098452923 1
gene  1 14 13 -0.47038761508210153 1 181.0 -0.47038761508210153 1
gene  1 1 14 4.079290648818495 0 182.0 4.079290648818495 1
gene  1 3 14 3.6905070092909993 0 184.0 3.6905070092909993 1
gene  1 9 14 3.878684808818443 0 190.0 3.878684808818443 1
gene  1 10 14 0.9682425514456944 0 191.0 0.9682425514456944 1
gene  1 8 13 1.9606819090334768 0 207.0 1.9606819090334768 1
genomeend 9
genomestart  10
trait 1 0.0 0.0 0.0 0.0 0.0 0.0 0.0 0.0 
node 1 1 1 1
node 2 1 1 1
node 3 1 1 1
node 4 1 1 1
node 5 1 1 1
node 6 1 1 1
node 7 1 1 3
node 8 1 0 0
node 13 1 0 2
node 14 1 0 2
gene  1 1 8 7.861160188395578 0 98.0 7.861160188395578 1
gene  1 3 8 0.9414718184894479 0 100.0 0.9414718184894479 1
gene  1 4 8 0.8796079989328437 0 101.0 0.8796079989328437 1
gene  1 5 8 -1.7489137261551737 0 102.0 -1.7489137261551737 1
gene  1 6 8 0.04724376671957198 0 103.0 0.04724376671957198 1
gene  1 8 8 -2.489348243181064 1 105.0 -2.489348243181064 1
gene  1 1 13 1.5195715536730263 0 168.0 1.5195715536730263 1
gene  1 5 13 0.317999045602561 0 172.0 0.317999045602561 1
gene  1 13 13 1.6585608968589596 1 180.0 1.6585608968589596 1
gene  1 14 13 0.45677139986296716 1 181.0 0.45677139986296716 1
gene  1 2 14 1.1081057449458522 0 183.0 1.1081057449458522 1
gene  1 3 14 0.7868098675320312 0 184.0 0.7868098675320312 1
gene  1 5 14 -0.7399393514497596 0 186.0 -0.7399393514497596 1
gene  1 7 14 -4.166015924574898 0 188.0 -4.166015924574898 1
gene  1 8 14 -3.665429209608179 0 189.0 -3.665429209608179 1
gene  1 13 14 0.09663956762794135 0 194.0 0.09663956762794135 1
genomeend 10
genomestart  11
trait 1 0.0 0.0 0.0 0.0 0.0 0.0 0.0 0.0 
node 1 1 1 1
node 2 1 1 1
node 3 1 1 1
node 4 1 1 1
node 5 1 1 1
node 6 1 1 1
node 7 1 1 3
node 8 1 0 0
node 13 1 0 2
node 14 1 0 2
gene  1 1 8 7.940629807491616 0 98.0 7.940629807491616 1
gene  1 3 8 -0.9456670285765225 0 100.0 -0.9456670285765225 1
gene  1 4 8 3.943719736305852 0 101.0 3.943719736305852 1
gene  1 5 8 -0.4732432247263804 0 102.0 -0.4732432247263804 1
gene  1 6 8 1.586200839089979 0 103.0 1.586200839089979 1
gene  1 8 8 -0.2215968847557468 1 105.0 -0.2215968847557468 1
gene  1 1 13 -0.6553811770813633 0 168.0 -0.6553811770813633 1
gene  1 5 13 -0.5332979922709529 0 172.0 -0.5332979922709529 1
gene  1 13 13 0.5981116412082721 1 180.0 0.5981116412082721 1
gene  1 14 13 -4.41728750349815 1 181.0 -4.41728750349815 1
gene  1 2 14 0.8003126917500913 0 183.0 0.8003126917500913 1
gene  1 3 14 2.454968439483803 0 184.0 2.454968439483803 1
gene  1 5 14 -2.384995818089733 0 186.0 -2.384995818089733 1
gene  1 7 14 -2.092193222745787 0 188.0 -2.092193222745787 1
gene  1 8 14 -2.0484457842324737 0 189.0 -2.0484457842324737 1
gene  1 13 14 -1.6503908027081668 0 194.0 -1.6503908027081668 1
gene  1 6 14 3.1024897833444873 0 212.0 3.1024897833444873 1
genomeend 11
genomestart  12
trait 1 0.0 0.0 0.0 0.0 0.0 0.0 0.0 0.0 
node 1 1 1 1
node 2 1 1 1
node 3 1 1 1
node 4 1 1 1
node 5 1 1 1
node 6 1 1 1
node 7 1 1 3
node 13 1 0 2
node 14 1 0 2
gene  1 1 13 -0.08688023918641219 0 168.0 -0.08688023918641219 1
gene  1 2 13 2.84194359175969 0 169.0 2.84194359175969 1
gene  1 3 13 -2.8761724708791383 0 170.0 -2.8761724708791383 1
gene  1 4 13 2.929427100379513 0 171.0 2.929427100379513 1
gene  1 5 13 -3.0293695891333745 0 172.0 -3.0293695891333745 1
gene  1 6 13 3.290870354730136 0 173.0 3.290870354730136 1
gene  1 7 13 0.7549768129843542 0 174.0 0.7549768129843542 1
gene  1 14 13 -2.2779931404590337 1 181.0 -2.2779931404590337 1
gene  1 1 14 4.811632215155143 0 182.0 4.811632215155143 1
gene  1 2 14 2.32692432339499 0 183.0 2.32692432339499 1
gene  1 3 14 2.9153677507624893 0 184.0 2.9153677507624893 1
gene  1 13 14 2.7817035705471627 0 194.0 2.7817035705471627 1
gene  1 14 14 2.695493935614576 1 195.0 2.695493935614576 1
genomeend 12
genomestart  13
trait 1 0.0 0.4485832103129773 0.0 0.0 0.0 0.0 0.5384463152040307 0.0 
node 1 1 1 1
node 2 1 1 1
node 3 1 1 1
node 4 1 1 1
node 5 1 1 1
node 6 1 1 1
node 7 1 1 3
node 8 1 0 0
node 9 1 0 0
node 13 1 0 2
node 14 1 0 2
gene  1 1 8 -6.227425961090541 0 98.0 -6.227425961090541 1
gene  1 2 8 0.5084557855830855 0 99.0 0.5084557855830855 1
gene  1 3 8 0.4521947026067479 0 100.0 0.4521947026067479 1
gene  1 6 8 -2.1361392960994077 0 103.0 -2.1361392960994077 1
gene  1 8 8 2.2232975056384845 1 105.0 2.2232975056384845 1
gene  1 9 8 0.17350659265679358 1 106.0 0.17350659265679358 1
gene  1 13 8 0.3697215734586359 1 110.0 0.3697215734586359 1
gene  1 14 8 2.116879697912388 1 111.0 2.116879697912388 1
gene  1 1 9 2.142614289899275 0 112.0 2.142614289899275 1
gene  1 4 9 -1.2881051559768772 0 115.0 -1.2881051559768772 1
gene  1 5 9 4.559879279720304 0 116.0 4.559879279720304 1
gene  1 7 9 2.321911625724842 0 118.0 2.321911625724842 1
gene  1 9 9 -3.237071201071238 1 120.0 -3.237071201071238 1
gene  1 14 9 0.9131997440821271 1 125.0 0.9131997440821271 1
gene  1 2 13 -5.708899154325346 0 169.0 -5.708899154325346 1
gene  1 5 13 -1.9835358055741341 0 172.0 -1.9835358055741341 1
gene  1 8 13 1.9801446669568403 0 175.0 1.9801446669568403 1
gene  1 1 14 -1.6061378170008633 0 182.0 -1.6061378170008633 1
gene  1 2 14 8.46085255058675 0 183.0 8.46085255058675 1
gene  1 3 14 -2.386621218599492 0 184.0 -2.386621218599492 1
gene  1 6 14 1.6430257606776704 0 187.0 1.6430257606776704 1
gene  1 13 14 2.959275005396557 0 194.0 2.959275005396557 1
gene  1 14 14 -0.42362987379225037 1 195.0 -0.42362987379225037 1
gene  1 5 8 -10.227249469669223 0 202.0 -10.227249469669223 1
genomeend 13
genomestart  14
trait 1 0.0 0.0 0.37602320177701687 0.0 0.0 0.0 0.0 0.42725376803424764 
node 1 1 1 1
node 2 1 1 1
node 3 1 1 1
node 4 1 1 1
node 5 1 1 1
node 6 1 1 1
node 7 1 1 3
node 13 1 0 2
node 14 1 0 2
node 17 1 0 0
gene  1 1 13 -2.640590982137041 0 168.0 -2.640590982137041 0
gene  1 2 13 1.0891496045776519 0 169.0 1.0891496045776519 1
gene  1 3 13 -1.4520335469215957 0 170.0 -1.4520335469215957 1
gene  1 4 13 -2.7091869197017333 0 171.0 -2.7091869197017333 1
gene  1 5 13 1.944859078312407 0 172.0 1.944859078312407 1
gene  1 6 13 -3.4345043842410687 0 173.0 -3.4345043842410687 1
gene  1 13 13 2.4364877115462726 1 180.0 2.4364877115462726 1
gene  1 14 13 -0.9851665500761957 1 181.0 -0.9851665500761957 1
gene  1 1 14 -1.578656627040882 0 182.0 -1.578656627040882 1
gene  1 4 14 -3.619037984761082 0 185.0 -3.619037984761082 1
gene  1 7 14 0.9402642186986866 0 188.0 0.9402642186986866 1
gene  1 2 14 4.208509751757462 0 198.0 4.208509751757462 1
gene  1 1 17 1.0 0 210.0 0.0 1
gene  1 17 13 -2.640590982137041 0 211.0 0.0 1
gene  1 14 17 -8.298681374197601 0 214.0 -8.298681374197601 1
genomeend 14
genomestart  15
trait 1 0.0 0.0 0.0 0.0 0.0 0.0 0.0 0.0 
node 1 1 1 1
node 2 1 1 1
node 3 1 1 1
node 4 1 1 1
node 5 1 1 1
node 6 1 1 1
node 7 1 1 3
node 8 1 0 0
node 13 1 0 2
node 14 1 0 2
gene  1 4 8 1.2342143502367393 0 101.0 1.2342143502367393 1
gene  1 5 8 -2.2899860270734083 0 102.0 -2.2899860270734083 1
gene  1 6 8 2.3039889736484787 0 103.0 2.3039889736484787 1
gene  1 14 8 -0.681949186832693 1 111.0 -0.681949186832693 1
gene  1 1 13 -2.296053883050326 0 168.0 -2.296053883050326 1
gene  1 2 13 -0.9645548037514216 0 169.0 -0.9645548037514216 1
gene  1 3 13 -3.452220121136323 0 170.0 -3.452220121136323 1
gene  1 5 13 3.4264797332459542 0 172.0 3.4264797332459542 1
gene  1 7 13 1.7797514839944566 0 174.0 1.7797514839944566 1
gene  1 14 13 1.3246281372358395 1 181.0 1.3246281372358395 1
gene  1 1 14 -1.7925224870378382 0 182.0 -1.7925224870378382 1
gene  1 2 14 -0.9083045471415624 0 183.0 -0.9083045471415624 1
gene  1 3 14 -1.9135974608217539 0 184.0 -1.9135974608217539 1
gene  1 4 14 5.543266653173374 0 185.0 5.543266653173374 1
gene  1 8 14 -2.334899039695764 0 189.0 -2.334899039695764 1
gene  1 14 14 -0.48774428796779246 1 195.0 -0.48774428796779246 1
genomeend 15
genomestart  16
trait 1 0.0 0.0 0.0 0.0 0.0 0.0 0.0 0.0 
node 1 1 1 1
node 2 1 1 1
node 3 1 1 1
node 4 1 1 1
node 5 1 1 1
node 6 1 1 1
node 7 1 1 3
node 8 1 0 0
node 13 1 0 2
node 14 1 0 2
gene  1 4 8 2.966420792688942 0 101.0 2.966420792688942 1
gene  1 5 8 -1.1057481145951364 0 102.0 -1.1057481145951364 1
gene  1 6 8 -5.381771239398513 0 103.0 -5.381771239398513 1
gene  1 14 8 -0.981241218430486 1 111.0 -0.981241218430486 1
gene  1 1 13 -3.9020445298827684 0 168.0 -3.9020445298827684 1
gene  1 2 13 -1.8018933773107113 0 169.0 -1.8018933773107113 1
gene  1 3 13 -2.7545976866544795 0 170.0 -2.7545976866544795 1
gene  1 5 13 3.966380864799565 0 172.0 3.966380864799565 1
gene  1 7 13 2.202580160222719 0 174.0 2.202580160222719 1
gene  1 14 13 3.606065404058546 1 181.0 3.606065404058546 1
gene  1 1 14 1.9997605274865395 0 182.0 1.9997605274865395 1
gene  1 2 14 -0.5169369535358243 0 183.0 -0.5169369535358243 1
gene  1 3 14 -2.4882712962224023 0 184.0 -2.4882712962224023 1
gene  1 4 14 3.8248490668681354 0 185.0 3.8248490668681354 1
gene  1 8 14 1.216046471863271 0 189.0 1.216046471863271 1
gene  1 14 14 0.9699201375899538 1 195.0 0.9699201375899538 1
genomeend 16
genomestart  17
trait 1 0.0 0.0 0.0 0.0 0.0 0.0 0.0 0.0 
node 1 1 1 1
node 2 1 1 1
node 3 1 1 1
node 4 1 1 1
node 5 1 1 1
node 6 1 1 1
node 7 1 1 3
node 8 1 0 0
node 13 1 0 2
node 14 1 0 2
gene  1 4 8 0.7618784135928411 0 101.0 0.7618784135928411 1
gene  1 5 8 -1.0975812356382741 0 102.0 -1.0975812356382741 1
gene  1 6 8 -5.097738859920894 0 103.0 -5.097738859920894 1
gene  1 14 8 -0.976163404086908 1 111.0 -0.976163404086908 1
gene  1 1 13 0.3504674942159114 0 168.0 0.3504674942159114 1
gene  1 2 13 -0.11730037917905545 0 169.0 -0.11730037917905545 1
gene  1 3 13 -4.534561456952697 0 170.0 -4.534561456952697 1
gene  1 5 13 0.2135488319106662 0 172.0 0.2135488319106662 1
gene  1 7 13 3.147061870979784 0 174.0 3.147061870979784 1
gene  1 14 13 3.1591226731451165 1 181.0 3.1591226731451165 1
gene  1 1 14 1.6728019386344226 0 182.0 1.6728019386344226 1
gene  1 2 14 0.08584841064954274 0 183.0 0.08584841064954274 1
gene  1 3 14 -6.414613962500644 0 184.0 -6.414613962500644 1
gene  1 4 14 3.8248490668681354 0 185.0 3.8248490668681354 1
gene  1 8 14 0.29502151077511807 0 189.0 0.29502151077511807 1
gene  1 14 14 -1.4005198371631382 1 195.0 -1.4005198371631382 1
genomeend 17
genomestart  18
trait 1 0.0 0.0 0.0 0.0 0.0 0.0 0.0 0.0 
node 1 1 1 1
node 2 1 1 1
node 3 1 1 1
node 4 1 1 1
node 5 1 1 1
node 6 1 1 1
node 7 1 1 3
node 13 1 0 2
node 14 1 0 2
gene  1 1 13 -0.8613427360294494 0 168.0 -0.8613427360294494 1
gene  1 2 13 -0.8596563742367513 0 169.0 -0.8596563742367513 1
gene  1 5 13 -2.1467476546930753 0 172.0 -2.1467476546930753 1
gene  1 6 13 0.9316963532436294 0 173.0 0.9316963532436294 1
gene  1 7 13 0.24353880320090493 0 174.0 0.24353880320090493 1
gene  1 3 14 2.334879491260462 0 184.0 2.334879491260462 1
gene  1 4 14 2.4321783859887716 0 185.0 2.4321783859887716 1
gene  1 7 14 -2.2694528735054185 0 188.0 -2.2694528735054185 1
gene  1 13 14 -4.02280790966212 0 194.0 -4.02280790966212 1
gene  1 14 14 -2.0572390943576377 1 195.0 -2.0572390943576377 1
genomeend 18
genomestart  19
trait 1 0.0 0.9433468556459782 0.9749477383892621 0.0 0.0 0.0 0.0 0.23688171511230638 
node 1 1 1 1
node 2 1 1 1
node 3 1 1 1
node 4 1 1 1
node 5 1 1 1
node 6 1 1 1
node 7 1 1 3
node 8 1 0 0
node 13 1 0 2
node 14 1 0 2
gene  1 2 8 8.540698420858616 0 99.0 8.540698420858616 1
gene  1 4 8 -1.5517095356921407 0 101.0 -1.5517095356921407 1
gene  1 5 8 -1.9456747450812146 0 102.0 -1.9456747450812146 1
gene  1 7 8 1.2035182408550398 0 104.0 1.2035182408550398 1
gene  1 8 8 2.5090604651333055 1 105.0 2.5090604651333055 1
gene  1 13 8 -0.8423745977182546 1 110.0 -0.8423745977182546 1
gene  1 14 8 -0.03949169343657921 1 111.0 -0.03949169343657921 1
gene  1 3 13 2.660741434039133 0 170.0 2.660741434039133 1
gene  1 4 13 0.6086504798899379 0 171.0 0.6086504798899379 1
gene  1 5 13 -2.163892312923486 0 172.0 -2.163892312923486 1
gene  1 6 13 3.1113994192777117 0 173.0 3.1113994192777117 1
gene  1 8 13 -4.610980950877312 0 175.0 -4.610980950877312 1
gene  1 14 13 3.1142050596115083 1 181.0 3.1142050596115083 1
gene  1 1 14 7.548411453056915 0 182.0 7.548411453056915 1
gene  1 2 14 0.5795445356827158 0 183.0 0.5795445356827158 1
gene  1 4 14 -1.1736056967198132 0 185.0 -1.1736056967198132 1
gene  1 5 14 4.00046991300643 0 186.0 4.00046991300643 1
gene  1 6 14 0.34598477315757803 0 187.0 0.34598477315757803 1
gene  1 7 14 1.188483769507663 0 188.0 1.188483769507663 1
gene  1 8 14 -0.0801076171349227 0 189.0 -0.0801076171349227 1
gene  1 14 14 -0.5496649825915287 1 195.0 -0.5496649825915287 1
genomeend 19
