genomestart  0
trait 1 1.939229322238783 2.3343119142163693 0.747276035170299 2.969549466943627 1.5076454025049317 0.0 1.5989666598479386 0.2837832966800675 
node 1 1 1 1
node 2 1 1 1
node 3 1 1 1
node 4 1 1 1
node 5 1 1 1
node 6 1 1 1
node 7 1 1 3
node 8 1 0 0
node 13 1 0 2
node 14 1 0 2
node 39 1 0 0
node 42 1 0 0
node 51 1 0 0
node 68 1 0 0
node 77 1 0 0
gene  1 1 8 2.1820099186404214 0 98.0 2.1820099186404214 1
gene  1 2 8 -2.696315309398935 0 99.0 -2.696315309398935 1
gene  1 3 8 4.760832351252933 0 100.0 4.760832351252933 1
gene  1 4 8 4.945422678386432 0 101.0 4.945422678386432 1
gene  1 5 8 -1.760624893663092 0 102.0 -1.760624893663092 1
gene  1 6 8 -0.033785038936322564 0 103.0 -0.033785038936322564 1
gene  1 8 8 2.3765307512017637 1 105.0 2.3765307512017637 1
gene  1 13 8 2.0111893600161364 1 110.0 2.0111893600161364 1
gene  1 14 8 -3.0236496812261278 1 111.0 -3.0236496812261278 1
gene  1 3 13 2.3723059804954056 0 170.0 2.3723059804954056 1
gene  1 5 13 0.4824128993584196 0 172.0 0.4824128993584196 1
gene  1 7 13 -4.994975381454056 0 174.0 -4.994975381454056 1
gene  1 13 13 10.892976126872789 1 180.0 10.892976126872789 1
gene  1 2 14 5.1548045459134215 0 183.0 5.1548045459134215 1
gene  1 4 14 7.234842336104783 0 185.0 7.234842336104783 1
gene  1 6 14 -3.4683111226356926 0 187.0 -3.4683111226356926 1
gene  1 8 14 -3.660039933019532 0 189.0 -3.660039933019532 1
gene  1 13 14 0.3717461140945575 0 194.0 0.3717461140945575 1
gene  1 2 13 5.5293531510231695 0 213.0 5.5293531510231695 1
gene  1 4 13 8.164858750443438 0 230.0 8.164858750443438 1
gene  1 13 8 -2.034461915587348 0 244.0 -2.034461915587348 1
gene  1 7 14 9.306727304026055 0 264.0 9.306727304026055 1
gene  1 1 14 1.9973682654566258 0 299.0 1.9973682654566258 1
gene  1 5 14 -8.949117606660376 0 310.0 -8.949117606660376 1
gene  1 1 13 3.325588101625855 0 311.0 3.325588101625855 1
gene  1 13 39 2.7017387234307195 0 344.0 2.7017387234307195 1
gene  1 39 8 -3.2593426627113113 0 345.0 -3.2593426627113113 1
gene  1 6 13 0.6320134965700632 0 348.0 0.6320134965700632 1
gene  1 2 42 -0.41630820240228283 0 359.0 -0.41630820240228283 1
gene  1 42 14 4.184628198250724 0 360.0 4.184628198250724 1
gene  1 13 42 -2.2814339765327896 0 366.0 -2.2814339765327896 1
gene  1 5 51 -3.218506300318702 0 396.0 -3.218506300318702 1
gene  1 51 14 15.449348281833453 0 397.0 15.449348281833453 1
gene  1 6 42 -5.331678226582463 0 423.0 -5.331678226582463 1
gene  1 39 42 -2.345466794915763 0 426.0 -2.345466794915763 1
gene  1 51 13 3.9496580093496467 0 475.0 3.9496580093496467 1
gene  1 39 14 -0.8071757537892148 0 476.0 -0.8071757537892148 1
gene  1 5 39 -2.029038360288114 0 485.0 -2.029038360288114 1
gene  1 5 68 -0.40530235832222594 0 493.0 -0.40530235832222594 1
gene  1 68 39 -1.6621425996297594 0 494.0 -1.6621425996297594 1
gene  1 4 51 0.11770433648026907 0 514.0 0.11770433648026907 1
gene  1 39 77 0.10773427310282035 0 528.0 0.10773427310282035 1
gene  1 77 8 -3.1823230010403307 0 529.0 -3.1823230010403307 1
genomeend 0
genomestart  1
trait 1 1.939229322238783 2.3343119142163693 0.747276035170299 2.969549466943627 1.5076454025049317 0.0 1.5989666598479386 0.2837832966800675 
node 1 1 1 1
node 2 1 1 1
node 3 1 1 1
node 4 1 1 1
node 5 1 1 1
node 6 1 1 1
node 7 1 1 3
node 8 1 0 0
node 13 1 0 2
node 14 1 0 2
node 39 1 0 0
node 42 1 0 0
node 51 1 0 0
node 68 1 0 0
node 77 1 0 0
gene  1 1 8 0.5360431840679495 0 98.0 0.5360431840679495 1
gene  1 2 8 -1.2774791038477187 0 99.0 -1.2774791038477187 1
gene  1 3 8 6.9693681292121665 0 100.0 6.9693681292121665 1
gene  1 4 8 3.0468048873238693 0 101.0 3.0468048873238693 1
gene  1 5 8 -4.113194118448825 0 102.0 -4.113194118448825 1
gene  1 6 8 -3.0271325771685595 0 103.0 -3.0271325771685595 1
gene  1 8 8 2.4435955181076485 1 105.0 2.4435955181076485 1
gene  1 13 8 2.0422687307895093 1 110.0 2.0422687307895093 1
gene  1 14 8 -3.030432774395348 1 111.0 -3.030432774395348 1
gene  1 3 13 0.6287316522477444 0 170.0 0.6287316522477444 1
gene  1 5 13 -2.3760754866967053 0 172.0 -2.3760754866967053 1
gene  1 7 13 -6.491801527869306 0 174.0 -6.491801527869306 1
gene  1 13 13 12.20175445902953 1 180.0 12.20175445902953 1
gene  1 2 14 1.8983819184817514 0 183.0 1.8983819184817514 1
gene  1 4 14 7.154982295707664 0 185.0 7.154982295707664 1
gene  1 6 14 0.4374421108776281 0 187.0 0.4374421108776281 1
gene  1 8 14 -2.3264802493371177 0 189.0 -2.3264802493371177 1
gene  1 13 14 0.04843501441553144 0 194.0 0.04843501441553144 1
gene  1 2 13 3.2925311058178934 0 213.0 3.2925311058178934 1
gene  1 4 13 9.652280636828014 0 230.0 9.652280636828014 1
gene  1 13 8 0.6869845146704199 0 244.0 0.6869845146704199 1
gene  1 7 14 9.208167875252594 0 264.0 9.208167875252594 1
gene  1 1 14 5.090346372794697 0 299.0 5.090346372794697 1
gene  1 5 14 -8.740034568362237 0 310.0 -8.740034568362237 1
gene  1 1 13 4.406611374291255 0 311.0 4.406611374291255 1
gene  1 13 39 3.000665048583959 0 344.0 3.000665048583959 1
gene  1 39 8 -1.4434287371021681 0 345.0 -1.4434287371021681 1
gene  1 6 13 -1.9654475002877578 0 348.0 -1.9654475002877578 1
gene  1 2 42 3.096097719286896 0 359.0 3.096097719286896 1
gene  1 42 14 4.155459388648028 0 360.0 4.155459388648028 1
gene  1 13 42 -4.289414373808303 0 366.0 -4.289414373808303 1
gene  1 5 51 -6.434268967052724 0 396.0 -6.434268967052724 1
gene  1 51 14 13.724381988120532 0 397.0 13.724381988120532 1
gene  1 6 42 -6.353755584080993 0 423.0 -6.353755584080993 1
gene  1 39 42 -1.8514589776150738 0 426.0 -1.8514589776150738 1
gene  1 51 13 0.7179517400853008 0 475.0 0.7179517400853008 1
gene  1 39 14 1.8433052235039078 0 476.0 1.8433052235039078 1
gene  1 5 39 -2.749504884588967 0 485.0 -2.749504884588967 1
gene  1 5 68 2.7045866146507436 0 493.0 2.7045866146507436 1
gene  1 68 39 1.0174766253366325 0 494.0 1.0174766253366325 1
gene  1 4 51 -1.5438105444676375 0 514.0 -1.5438105444676375 1
gene  1 39 77 0.5980192145322416 0 528.0 0.5980192145322416 1
gene  1 77 8 -2.5065890016013688 0 529.0 -2.5065890016013688 1
genomeend 1
genomestart  2
trait 1 1.939229322238783 2.3343119142163693 0.747276035170299 2.969549466943627 1.5076454025049317 0.0 1.5989666598479386 0.2837832966800675 
node 1 1 1 1
node 2 1 1 1
node 3 1 1 1
node 4 1 1 1
node 5 1 1 1
node 6 1 1 1
node 7 1 1 3
node 8 1 0 0
node 13 1 0 2
node 14 1 0 2
node 39 1 0 0
node 42 1 0 0
node 51 1 0 0
node 68 1 0 0
node 77 1 0 0
gene  1 1 8 -1.165826281629447 0 98.0 -1.165826281629447 1
gene  1 2 8 -2.758480343142084 0 99.0 -2.758480343142084 1
gene  1 3 8 6.760024111178519 0 100.0 6.760024111178519 1
gene  1 4 8 4.109819515328711 0 101.0 4.109819515328711 1
gene  1 5 8 -3.6066392724886818 0 102.0 -3.6066392724886818 1
gene  1 6 8 -3.295533008530218 0 103.0 -3.295533008530218 1
gene  1 8 8 -1.703125918986195 1 105.0 -1.703125918986195 1
gene  1 13 8 1.3453226858129794 1 110.0 1.3453226858129794 1
gene  1 14 8 -0.6838733703696911 1 111.0 -0.6838733703696911 1
gene  1 3 13 1.0629819461200103 0 170.0 1.0629819461200103 1
gene  1 5 13 1.3000805917755482 0 172.0 1.3000805917755482 1
gene  1 7 13 -3.102003955270763 0 174.0 -3.102003955270763 1
gene  1 13 13 8.512209599945542 1 180.0 8.512209599945542 1
gene  1 2 14 4.9249767111171145 0 183.0 4.9249767111171145 1
gene  1 4 14 8.551176196671321 0 185.0 8.551176196671321 1
gene  1 6 14 -2.3954804764562114 0 187.0 -2.3954804764562114 1
gene  1 8 14 -3.447448784094557 0 189.0 -3.447448784094557 1
gene  1 13 14 -0.9888399925882514 0 194.0 -0.9888399925882514 1
gene  1 2 13 5.124115681489116 0 213.0 5.124115681489116 1
gene  1 4 13 7.812343156984777 0 230.0 7.812343156984777 1
gene  1 13 8 0.29225291031062006 0 244.0 0.29225291031062006 1
gene  1 7 14 6.611105636995776 0 264.0 6.611105636995776 1
gene  1 1 14 2.2917259096988616 0 299.0 2.2917259096988616 1
gene  1 5 14 -11.007126892659237 0 310.0 -11.007126892659237 1
gene  1 1 13 6.611386628114625 0 311.0 6.611386628114625 1
gene  1 13 39 3.314441645190187 0 344.0 3.314441645190187 1
gene  1 39 8 -5.608347494137141 0 345.0 -5.608347494137141 1
gene  1 6 13 2.4958595134417774 0 348.0 2.4958595134417774 1
gene  1 2 42 -0.11722573131664649 0 359.0 -0.11722573131664649 1
gene  1 42 14 -0.014948549479017359 0 360.0 -0.014948549479017359 1
gene  1 13 42 -5.276005762422633 0 366.0 -5.276005762422633 1
gene  1 5 51 -2.9693688987777236 0 396.0 -2.9693688987777236 1
gene  1 51 14 14.78985663049156 0 397.0 14.78985663049156 1
gene  1 6 42 -5.477245623356833 0 423.0 -5.477245623356833 1
gene  1 39 42 -3.3077456675910617 0 426.0 -3.3077456675910617 1
gene  1 51 13 2.8592649558616836 0 475.0 2.8592649558616836 1
gene  1 39 14 1.3848153481525707 0 476.0 1.3848153481525707 1
gene  1 5 39 -3.818228668631605 0 485.0 -3.818228668631605 1
gene  1 5 68 -1.3849726725538343 0 493.0 -1.3849726725538343 1
gene  1 68 39 -0.12451851285464588 0 494.0 -0.12451851285464588 1
gene  1 4 51 1.7443945724690362 0 514.0 1.7443945724690362 1
gene  1 39 77 1.375097972463647 0 528.0 1.375097972463647 1
gene  1 77 8 -2.247112119838181 0 529.0 -2.247112119838181 1
genomeend 2
genomestart  3
trait 1 2.732431393943948 0.0 0.0 0.798512545900133 0.9382603138953756 0.0 1.9280392103089152 0.8152719799274877 
node 1 1 1 1
node 2 1 1 1
node 3 1 1 1
node 4 1 1 1
node 5 1 1 1
node 6 1 1 1
node 7 1 1 3
node 8 1 0 0
node 9 1 0 0
node 10 1 0 0
node 13 1 0 2
node 14 1 0 2
node 28 1 0 0
node 41 1 0 0
node 43 1 0 0
node 47 1 0 0
node 62 1 0 0
gene  1 1 8 -1.4333335754276366 0 98.0 -1.4333335754276366 1
gene  1 3 8 2.885053835816024 0 100.0 2.885053835816024 1
gene  1 5 8 0.16463026085494975 0 102.0 0.16463026085494975 1
gene  1 6 8 8.73633910210158 0 103.0 8.73633910210158 1
gene  1 8 8 2.298814134536731 1 105.0 2.298814134536731 1
gene  1 1 9 -2.6096756287225515 0 112.0 -2.6096756287225515 1
gene  1 2 9 7.873910111426338 0 113.0 7.873910111426338 1
gene  1 3 9 -3.6551798011006937 0 114.0 -3.6551798011006937 1
gene  1 5 9 -2.773208928021018 0 116.0 -2.773208928021018 1
gene  1 7 9 -2.947537760919656 0 118.0 -2.947537760919656 1
gene  1 9 9 -1.2936871156887475 1 120.0 -1.2936871156887475 1
gene  1 10 9 -1.391035354581149 1 121.0 -1.391035354581149 1
gene  1 13 9 9.495749125945503 1 124.0 9.495749125945503 1
gene  1 2 10 -2.3099531899231405 0 127.0 -2.3099531899231405 1
gene  1 4 10 -5.549342344330427 0 129.0 -5.549342344330427 1
gene  1 5 10 7.579122995211357 0 130.0 7.579122995211357 1
gene  1 8 10 -6.453669808105962 0 133.0 -6.453669808105962 1
gene  1 9 10 2.4116837016699293 0 134.0 2.4116837016699293 1
gene  1 10 10 0.8271301652001664 1 135.0 0.8271301652001664 1
gene  1 13 10 -4.175353211079887 1 138.0 -4.175353211079887 1
gene  1 14 10 -4.378450758448567 1 139.0 -4.378450758448567 1
gene  1 2 13 -1.3218387185381586 0 169.0 -1.3218387185381586 1
gene  1 3 13 1.708249836322783 0 170.0 1.708249836322783 1
gene  1 6 13 2.9292929695934076 0 173.0 2.9292929695934076 1
gene  1 7 13 0.727992485944223 0 174.0 0.727992485944223 1
gene  1 9 13 -0.5397163541840149 0 176.0 -0.5397163541840149 1
gene  1 13 13 2.548619754404191 1 180.0 2.548619754404191 1
gene  1 14 13 -2.2746202816206456 1 181.0 -2.2746202816206456 1
gene  1 1 14 0.4644417795089786 0 182.0 0.4644417795089786 1
gene  1 3 14 -0.42493356374512126 0 184.0 -0.42493356374512126 1
gene  1 9 14 9.752859624656926 0 190.0 9.752859624656926 1
gene  1 10 14 3.39304306391348 0 191.0 3.39304306391348 1
gene  1 8 13 1.7807673757754783 0 207.0 1.7807673757754783 1
gene  1 1 10 -5.350789518850955 0 226.0 -5.350789518850955 1
gene  1 6 14 -6.556763918900956 0 234.0 -6.556763918900956 1
gene  1 8 28 2.9829995828473166 1 293.0 2.9829995828473166 1
gene  1 28 8 -0.7669019154893397 0 294.0 -0.7669019154893397 1
gene  1 8 9 0.5241872222120094 0 328.0 0.5241872222120094 1
gene  1 8 41 -1.0109428950428043 1 357.0 -1.0109428950428043 1
gene  1 41 8 2.781980721624196 0 358.0 2.781980721624196 1
gene  1 14 43 3.282604465806234 1 364.0 3.282604465806234 1
gene  1 43 10 4.100520888511195 0 365.0 4.100520888511195 1
gene  1 5 47 -11.142815793916679 0 375.0 -11.142815793916679 1
gene  1 47 9 1.561209402103661 0 376.0 1.561209402103661 1
gene  1 41 14 0.803949785745745 0 387.0 0.803949785745745 1
gene  1 4 28 0.42909574270283435 0 419.0 0.42909574270283435 1
gene  1 2 28 -0.9502517660573795 0 429.0 -0.9502517660573795 1
gene  1 1 62 -0.9147248450337304 0 470.0 -0.9147248450337304 1
gene  1 62 9 -0.6180310611846773 0 471.0 -0.6180310611846773 1
gene  1 8 14 -5.88459502566212 0 484.0 -5.88459502566212 1
gene  1 1 13 1.8439668901159503 0 489.0 1.8439668901159503 1
gene  1 28 10 1.1264579586066925 0 510.0 1.1264579586066925 1
gene  1 2 41 -2.325289605850031 0 515.0 -2.325289605850031 1
gene  1 41 47 1.381213319737184 0 548.0 1.381213319737184 1
genomeend 3
genomestart  4
trait 1 2.732431393943948 0.0 0.0 0.798512545900133 0.9382603138953756 0.0 1.9280392103089152 0.8152719799274877 
node 1 1 1 1
node 2 1 1 1
node 3 1 1 1
node 4 1 1 1
node 5 1 1 1
node 6 1 1 1
node 7 1 1 3
node 8 1 0 0
node 9 1 0 0
node 10 1 0 0
node 13 1 0 2
node 14 1 0 2
node 28 1 0 0
node 41 1 0 0
node 43 1 0 0
node 47 1 0 0
node 62 1 0 0
gene  1 1 8 -0.6666301498555613 0 98.0 -0.6666301498555613 1
gene  1 3 8 -0.2237369643802447 0 100.0 -0.2237369643802447 1
gene  1 5 8 -2.6978282804694365 0 102.0 -2.6978282804694365 1
gene  1 6 8 7.016363176750632 0 103.0 7.016363176750632 1
gene  1 8 8 4.310388181353959 1 105.0 4.310388181353959 1
gene  1 1 9 0.6871872386241344 0 112.0 0.6871872386241344 1
gene  1 2 9 8.036068416986492 0 113.0 8.036068416986492 1
gene  1 3 9 -1.9118887207997441 0 114.0 -1.9118887207997441 1
gene  1 5 9 0.8808789625893041 0 116.0 0.8808789625893041 1
gene  1 7 9 -1.5530306771981812 0 118.0 -1.5530306771981812 1
gene  1 9 9 -1.8808501907290107 1 120.0 -1.8808501907290107 1
gene  1 10 9 -2.296860824240346 1 121.0 -2.296860824240346 1
gene  1 13 9 8.219406075984189 1 124.0 8.219406075984189 1
gene  1 2 10 -1.9341820612161806 0 127.0 -1.9341820612161806 1
gene  1 4 10 -3.1821034424162193 0 129.0 -3.1821034424162193 1
gene  1 5 10 4.782370384693175 0 130.0 4.782370384693175 1
gene  1 8 10 -5.571957039777108 0 133.0 -5.571957039777108 1
gene  1 9 10 3.3795541847277093 0 134.0 3.3795541847277093 1
gene  1 10 10 -1.1401597767439862 1 135.0 -1.1401597767439862 1
gene  1 13 10 2.1489034126647573 1 138.0 2.1489034126647573 1
gene  1 14 10 -6.057778905676983 1 139.0 -6.057778905676983 1
gene  1 2 13 -0.46908151967178835 0 169.0 -0.46908151967178835 1
gene  1 3 13 1.541565135856922 0 170.0 1.541565135856922 1
gene  1 6 13 0.7849452002187723 0 173.0 0.7849452002187723 1
gene  1 7 13 2.1623607927922803 0 174.0 2.1623607927922803 1
gene  1 9 13 1.5625548958348245 0 176.0 1.5625548958348245 1
gene  1 13 13 5.5098833244237095 1 180.0 5.5098833244237095 1
gene  1 14 13 1.6711411622191166 1 181.0 1.6711411622191166 1
gene  1 1 14 1.3725970020091351 0 182.0 1.3725970020091351 1
gene  1 3 14 2.6247490909055298 0 184.0 2.6247490909055298 1
gene  1 9 14 10.74297414041542 0 190.0 10.74297414041542 1
gene  1 10 14 -0.8153191844624144 0 191.0 -0.8153191844624144 1
gene  1 8 13 4.708642353592557 0 207.0 4.708642353592557 1
gene  1 1 10 -0.27157072891330375 0 226.0 -0.27157072891330375 1
gene  1 6 14 -7.6557216012012255 0 234.0 -7.6557216012012255 1
gene  1 8 28 2.4014648713672377 1 293.0 2.4014648713672377 1
gene  1 28 8 -0.11309012707838217 0 294.0 -0.11309012707838217 1
gene  1 8 9 1.1539874255192153 0 328.0 1.1539874255192153 1
gene  1 8 41 1.4270265870700465 1 357.0 1.4270265870700465 1
gene  1 41 8 3.49082580642619 0 358.0 3.49082580642619 1
gene  1 14 43 4.546112653605839 1 364.0 4.546112653605839 1
gene  1 43 10 0.5747842099588214 0 365.0 0.5747842099588214 1
gene  1 5 47 -7.812374957612235 0 375.0 -7.812374957612235 1
gene  1 47 9 3.523346195189542 0 376.0 3.523346195189542 1
gene  1 41 14 -1.3033718140986075 0 387.0 -1.3033718140986075 1
gene  1 4 28 -1.4474380418025365 0 419.0 -1.4474380418025365 1
gene  1 2 28 2.161696086715435 0 429.0 2.161696086715435 1
gene  1 1 62 0.5477165962266732 0 470.0 0.5477165962266732 1
gene  1 62 9 1.3306289289815216 0 471.0 1.3306289289815216 1
gene  1 8 14 -3.049592119478847 0 484.0 -3.049592119478847 1
gene  1 1 13 0.7155114466266597 0 489.0 0.7155114466266597 1
gene  1 28 10 1.1264579586066925 0 510.0 1.1264579586066925 1
gene  1 2 41 0.5408178864769447 0 515.0 0.5408178864769447 1
gene  1 41 47 1.381213319737184 0 548.0 1.381213319737184 1
genomeend 4
genomestart  5
trait 1 2.732431393943948 0.0 0.0 0.798512545900133 0.9382603138953756 0.0 1.9280392103089152 0.8152719799274877 
node 1 1 1 1
node 2 1 1 1
node 3 1 1 1
node 4 1 1 1
node 5 1 1 1
node 6 1 1 1
node 7 1 1 3
node 8 1 0 0
node 9 1 0 0
node 10 1 0 0
node 13 1 0 2
node 14 1 0 2
node 28 1 0 0
node 41 1 0 0
node 43 1 0 0
node 47 1 0 0
node 62 1 0 0
gene  1 1 8 -1.7135580572708045 0 98.0 -1.7135580572708045 1
gene  1 3 8 -2.201410793622492 0 100.0 -2.201410793622492 1
gene  1 5 8 2.0767886154711945 0 102.0 2.0767886154711945 1
gene  1 6 8 7.464947871181099 0 103.0 7.464947871181099 1
gene  1 8 8 4.7370951952932625 1 105.0 4.7370951952932625 1
gene  1 1 9 -0.5689174810645874 0 112.0 -0.5689174810645874 1
gene  1 2 9 10.695609677299322 0 113.0 10.695609677299322 1
gene  1 3 9 -4.1682653700055186 0 114.0 -4.1682653700055186 1
gene  1 5 9 0.4535734255557916 0 116.0 0.4535734255557916 1
gene  1 7 9 -3.8076585526304645 0 118.0 -3.8076585526304645 1
gene  1 9 9 -0.9206122561857184 1 120.0 -0.9206122561857184 1
gene  1 10 9 -2.2910822146282457 1 121.0 -2.2910822146282457 1
gene  1 13 9 8.448202777852416 1 124.0 8.448202777852416 1
gene  1 2 10 1.1646412254486342 0 127.0 1.1646412254486342 1
gene  1 4 10 -3.1821034424162193 0 129.0 -3.1821034424162193 1
gene  1 5 10 8.297595010215648 0 130.0 8.297595010215648 1
gene  1 8 10 -6.221367056638494 0 133.0 -6.221367056638494 1
gene  1 9 10 4.008741247944981 0 134.0 4.008741247944981 1
gene  1 10 10 2.536067453698644 1 135.0 2.536067453698644 1
gene  1 13 10 -2.6485292615541693 1 138.0 -2.6485292615541693 1
gene  1 14 10 -3.117001631014159 1 139.0 -3.117001631014159 1
gene  1 2 13 -0.8541018611125439 0 169.0 -0.8541018611125439 1
gene  1 3 13 -0.20583977437300005 0 170.0 -0.20583977437300005 1
gene  1 6 13 3.421858962357842 0 173.0 3.421858962357842 1
gene  1 7 13 1.3938957204948332 0 174.0 1.3938957204948332 1
gene  1 9 13 0.1769723467982227 0 176.0 0.1769723467982227 1
gene  1 13 13 1.700195429119817 1 180.0 1.700195429119817 1
gene  1 14 13 -2.9553709145848677 1 181.0 -2.9553709145848677 1
gene  1 1 14 0.6054505633440401 0 182.0 0.6054505633440401 1
gene  1 3 14 0.44769537664319947 0 184.0 0.44769537664319947 1
gene  1 9 14 7.380890301590983 0 190.0 7.380890301590983 1
gene  1 10 14 3.833581521272305 0 191.0 3.833581521272305 1
gene  1 8 13 4.116871082364158 0 207.0 4.116871082364158 1
gene  1 1 10 -6.2277180328167665 0 226.0 -6.2277180328167665 1
gene  1 6 14 -10.39231627758671 0 234.0 -10.39231627758671 1
gene  1 8 28 4.819695650369492 1 293.0 4.819695650369492 1
gene  1 28 8 -0.87023058674557 0 294.0 -0.87023058674557 1
gene  1 8 9 -0.05718863228762494 0 328.0 -0.05718863228762494 1
gene  1 8 41 1.7547707504950916 1 357.0 1.7547707504950916 1
gene  1 41 8 3.49082580642619 0 358.0 3.49082580642619 1
gene  1 14 43 2.1251216000318225 1 364.0 2.1251216000318225 1
gene  1 43 10 -2.0095113613293254 0 365.0 -2.0095113613293254 1
gene  1 5 47 1.8643536376570038 0 375.0 1.8643536376570038 1
gene  1 47 9 -0.09941373500057549 0 376.0 -0.09941373500057549 1
gene  1 41 14 -0.2209042876614422 0 387.0 -0.2209042876614422 1
gene  1 4 28 1.3073941130670685 0 419.0 1.3073941130670685 1
gene  1 2 28 -1.839376049507948 0 429.0 -1.839376049507948 1
gene  1 1 62 0.5871939108093048 0 470.0 0.5871939108093048 1
gene  1 62 9 -2.136231843887547 0 471.0 -2.136231843887547 1
gene  1 8 14 -4.374173290526263 0 484.0 -4.374173290526263 1
gene  1 1 13 -1.2592308624179749 0 489.0 -1.2592308624179749 1
gene  1 28 10 1.2706562806199821 0 510.0 1.2706562806199821 1
gene  1 2 41 0.14096653541786908 0 515.0 0.14096653541786908 1
gene  1 41 47 2.339514311319722 0 548.0 2.339514311319722 1
genomeend 5
genomestart  6
trait 1 2.732431393943948 0.0 0.0 0.798512545900133 0.9382603138953756 0.0 1.9280392103089152 0.8152719799274877 
node 1 1 1 1
node 2 1 1 1
node 3 1 1 1
node 4 1 1 1
node 5 1 1 1
node 6 1 1 1
node 7 1 1 3
node 8 1 0 0
node 9 1 0 0
node 10 1 0 0
node 13 1 0 2
node 14 1 0 2
node 28 1 0 0
node 41 1 0 0
node 43 1 0 0
node 47 1 0 0
node 62 1 0 0
gene  1 1 8 -0.7052374201093187 0 98.0 -0.7052374201093187 1
gene  1 3 8 2.0150058227020198 0 100.0 2.0150058227020198 1
gene  1 5 8 -0.28695064984710017 0 102.0 -0.28695064984710017 1
gene  1 6 8 8.58653370553174 0 103.0 8.58653370553174 1
gene  1 8 8 2.446888120110292 1 105.0 2.446888120110292 1
gene  1 1 9 -0.5731872390225541 0 112.0 -0.5731872390225541 1
gene  1 2 9 8.7430668857748 0 113.0 8.7430668857748 1
gene  1 3 9 -2.900308226727531 0 114.0 -2.900308226727531 1
gene  1 5 9 -2.8741381928976133 0 116.0 -2.8741381928976133 1
gene  1 7 9 -1.542724996554869 0 118.0 -1.542724996554869 1
gene  1 9 9 -0.20063348929345448 1 120.0 -0.20063348929345448 1
gene  1 10 9 -0.9814634557131593 1 121.0 -0.9814634557131593 1
gene  1 13 9 8.054110384936909 1 124.0 8.054110384936909 1
gene  1 2 10 -0.11835063302880505 0 127.0 -0.11835063302880505 1
gene  1 4 10 -3.1821034424162193 0 129.0 -3.1821034424162193 1
gene  1 5 10 7.034725158327763 0 130.0 7.034725158327763 1
gene  1 8 10 -6.221367056638494 0 133.0 -6.221367056638494 1
gene  1 9 10 1.6402185079562588 0 134.0 1.6402185079562588 1
gene  1 10 10 1.8917611464942508 1 135.0 1.8917611464942508 1
gene  1 13 10 -2.6073957213250627 1 138.0 -2.6073957213250627 1
gene  1 14 10 -4.819025039059818 1 139.0 -4.819025039059818 1
gene  1 2 13 -2.56854784879633 0 169.0 -2.56854784879633 1
gene  1 3 13 0.3400958512146488 0 170.0 0.3400958512146488 1
gene  1 6 13 2.416888434922979 0 173.0 2.416888434922979 1
gene  1 7 13 0.21883784880998425 0 174.0 0.21883784880998425 1
gene  1 9 13 1.463772705830647 0 176.0 1.463772705830647 1
gene  1 13 13 3.07332660489649 1 180.0 3.07332660489649 1
gene  1 14 13 -0.7290522508739732 1 181.0 -0.7290522508739732 1
gene  1 1 14 0.6054505633440401 0 182.0 0.6054505633440401 1
gene  1 3 14 1.0656059086046323 0 184.0 1.0656059086046323 1
gene  1 9 14 8.281295765546318 0 190.0 8.281295765546318 1
gene  1 10 14 1.6776088524911512 0 191.0 1.6776088524911512 1
gene  1 8 13 4.116871082364158 0 207.0 4.116871082364158 1
gene  1 1 10 -6.623987679085654 0 226.0 -6.623987679085654 1
gene  1 6 14 -8.203601489825552 0 234.0 -8.203601489825552 1
gene  1 8 28 5.107212161586272 1 293.0 5.107212161586272 1
gene  1 28 8 1.0864661079982936 0 294.0 1.0864661079982936 1
gene  1 8 9 1.1539874255192153 0 328.0 1.1539874255192153 1
gene  1 8 41 0.10610896356458566 1 357.0 0.10610896356458566 1
gene  1 41 8 3.49082580642619 0 358.0 3.49082580642619 1
gene  1 14 43 2.1251216000318225 1 364.0 2.1251216000318225 1
gene  1 43 10 2.149470471937422 0 365.0 2.149470471937422 1
gene  1 5 47 -9.57549851211874 0 375.0 -9.57549851211874 1
gene  1 47 9 1.3450391352567241 0 376.0 1.3450391352567241 1
gene  1 41 14 0.4480744081074306 0 387.0 0.4480744081074306 1
gene  1 4 28 -0.23674129151694734 0 419.0 -0.23674129151694734 1
gene  1 2 28 -0.9502517660573795 0 429.0 -0.9502517660573795 1
gene  1 1 62 0.5477165962266732 0 470.0 0.5477165962266732 1
gene  1 62 9 -0.6180310611846773 0 471.0 -0.6180310611846773 1
gene  1 8 14 -4.374173290526263 0 484.0 -4.374173290526263 1
gene  1 1 13 -0.01981724206597857 0 489.0 -0.01981724206597857 1
gene  1 28 10 1.1264579586066925 0 510.0 1.1264579586066925 1
gene  1 2 41 0.5408178864769447 0 515.0 0.5408178864769447 1
gene  1 41 47 1.381213319737184 0 548.0 1.381213319737184 1
genomeend 6
genomestart  7
trait 1 1.0196578134443977 0.7502223240297183 0.0 0.19410325956016972 3.1752136023158166 0.0 0.826280999839004 1.190943612630714 
node 1 1 1 1
node 2 1 1 1
node 3 1 1 1
node 4 1 1 1
node 5 1 1 1
node 6 1 1 1
node 7 1 1 3
node 8 1 0 0
node 13 1 0 2
node 14 1 0 2
node 22 1 0 0
node 25 1 0 0
node 29 1 0 0
node 57 1 0 0
node 65 1 0 0
node 76 1 0 0
node 87 1 0 0
gene  1 1 8 -5.178377021668319 0 98.0 -5.178377021668319 1
gene  1 3 8 -1.239311375718305 0 100.0 -1.239311375718305 1
gene  1 4 8 6.086978861093537 0 101.0 6.086978861093537 1
gene  1 5 8 -3.7634205352312216 0 102.0 -3.7634205352312216 1
gene  1 6 8 -1.097444597611993 0 103.0 -1.097444597611993 1
gene  1 8 8 -12.179804038819286 1 105.0 -12.179804038819286 1
gene  1 1 13 -2.875948000835562 0 168.0 -2.875948000835562 1
gene  1 5 13 3.09612254792107 0 172.0 3.09612254792107 1
gene  1 13 13 -2.5402903871079094 1 180.0 -2.5402903871079094 1
gene  1 14 13 -10.05153009301313 1 181.0 -10.05153009301313 1
gene  1 2 14 -3.1404719766936635 0 183.0 -3.1404719766936635 1
gene  1 3 14 1.790239345470849 0 184.0 1.790239345470849 1
gene  1 5 14 -2.461062647536974 0 186.0 -2.461062647536974 1
gene  1 7 14 -2.6292569559341272 0 188.0 -2.6292569559341272 1
gene  1 8 14 -0.19324960907260014 0 189.0 -0.19324960907260014 1
gene  1 13 14 2.3744205924497717 0 194.0 2.3744205924497717 1
gene  1 2 13 -0.510007912760009 0 236.0 -0.510007912760009 1
gene  1 8 22 -2.7059480363130968 0 240.0 -2.7059480363130968 1
gene  1 22 14 -11.596333299582367 0 241.0 -11.596333299582367 1
gene  1 1 22 -3.9991890555630527 0 245.0 -3.9991890555630527 1
gene  1 13 8 -0.6309736900454435 0 257.0 -0.6309736900454435 1
gene  1 5 22 2.7807142892154038 0 265.0 2.7807142892154038 1
gene  1 1 25 -0.15840873634181296 0 279.0 -0.15840873634181296 1
gene  1 25 8 0.6402299737377968 0 280.0 0.6402299737377968 1
gene  1 8 29 2.2094002604182306 0 297.0 2.2094002604182306 1
gene  1 29 14 0.02687847505140306 0 298.0 0.02687847505140306 1
gene  1 1 14 5.799290588764473 0 312.0 5.799290588764473 1
gene  1 2 29 -3.078606398799213 0 330.0 -3.078606398799213 1
gene  1 5 25 3.224222885352391 0 343.0 3.224222885352391 1
gene  1 6 29 0.9058365323602386 0 386.0 0.9058365323602386 1
gene  1 22 29 -1.8376752960190201 0 416.0 -1.8376752960190201 1
gene  1 4 14 -4.594195554651276 0 424.0 -4.594195554651276 1
gene  1 4 29 2.4018389771456667 0 432.0 2.4018389771456667 1
gene  1 8 57 -7.26042957522119 0 437.0 -7.26042957522119 1
gene  1 57 14 -0.10389036215489433 0 438.0 -0.10389036215489433 1
gene  1 3 22 1.488912429013767 0 440.0 1.488912429013767 1
gene  1 2 25 0.35733514481835565 0 455.0 0.35733514481835565 1
gene  1 1 65 1.6586811237456707 0 481.0 1.6586811237456707 1
gene  1 65 25 -0.16286811504477194 0 482.0 -0.16286811504477194 1
gene  1 8 76 1.0607595458432026 0 525.0 1.0607595458432026 1
gene  1 76 22 3.0058894315264713 0 526.0 3.0058894315264713 1
gene  1 2 87 0.8953527078419996 0 560.0 0.8953527078419996 1
gene  1 87 14 -0.42528176680875585 0 561.0 -0.42528176680875585 1
genomeend 7
genomestart  8
trait 1 1.0196578134443977 0.7502223240297183 0.0 0.19410325956016972 3.1752136023158166 0.0 0.826280999839004 1.190943612630714 
node 1 1 1 1
node 2 1 1 1
node 3 1 1 1
node 4 1 1 1
node 5 1 1 1
node 6 1 1 1
node 7 1 1 3
node 8 1 0 0
node 13 1 0 2
node 14 1 0 2
node 22 1 0 0
node 25 1 0 0
node 29 1 0 0
node 57 1 0 0
node 65 1 0 0
node 76 1 0 0
node 87 1 0 0
gene  1 1 8 -4.718959782204644 0 98.0 -4.718959782204644 1
gene  1 3 8 0.13590686774136795 0 100.0 0.13590686774136795 1
gene  1 4 8 7.396218628815346 0 101.0 7.396218628815346 1
gene  1 5 8 -3.00754597342589 0 102.0 -3.00754597342589 1
gene  1 6 8 -1.1133669246519118 0 103.0 -1.1133669246519118 1
gene  1 8 8 -11.30615373642772 1 105.0 -11.30615373642772 1
gene  1 1 13 -2.6639667989871594 0 168.0 -2.6639667989871594 1
gene  1 5 13 3.2413191299733537 0 172.0 3.2413191299733537 1
gene  1 13 13 -2.9960685326678744 1 180.0 -2.9960685326678744 1
gene  1 14 13 -11.72261014755651 1 181.0 -11.72261014755651 1
gene  1 2 14 -1.1381310119055144 0 183.0 -1.1381310119055144 1
gene  1 3 14 1.3239499976377118 0 184.0 1.3239499976377118 1
gene  1 5 14 -1.8785797136906934 0 186.0 -1.8785797136906934 1
gene  1 7 14 -0.9310293545308266 0 188.0 -0.9310293545308266 1
gene  1 8 14 2.2791776786294777 0 189.0 2.2791776786294777 1
gene  1 13 14 2.063561849407299 0 194.0 2.063561849407299 1
gene  1 2 13 0.25726317687153144 0 236.0 0.25726317687153144 1
gene  1 8 22 -0.3295421474227602 0 240.0 -0.3295421474227602 1
gene  1 22 14 -9.455589146858708 0 241.0 -9.455589146858708 1
gene  1 1 22 -3.8851754825878473 0 245.0 -3.8851754825878473 1
gene  1 13 8 -0.2546287298597516 0 257.0 -0.2546287298597516 1
gene  1 5 22 3.4989417652689045 0 265.0 3.4989417652689045 1
gene  1 1 25 -2.5942666424353273 0 279.0 -2.5942666424353273 1
gene  1 25 8 -0.1590399086609675 0 280.0 -0.1590399086609675 1
gene  1 8 29 3.6640546493814052 0 297.0 3.6640546493814052 1
gene  1 29 14 0.1707801863076177 0 298.0 0.1707801863076177 1
gene  1 1 14 3.6335651149049024 0 312.0 3.6335651149049024 1
gene  1 2 29 -1.0958792952925793 0 330.0 -1.0958792952925793 1
gene  1 5 25 3.920510776837629 0 343.0 3.920510776837629 1
gene  1 6 29 2.14731187932728 0 386.0 2.14731187932728 1
gene  1 22 29 -0.9158575022303364 0 416.0 -0.9158575022303364 1
gene  1 4 14 -5.698991257145392 0 424.0 -5.698991257145392 1
gene  1 4 29 2.4884531703176993 0 432.0 2.4884531703176993 1
gene  1 8 57 -5.4990639786730275 0 437.0 -5.4990639786730275 1
gene  1 57 14 0.8313401199285511 0 438.0 0.8313401199285511 1
gene  1 3 22 1.488912429013767 0 440.0 1.488912429013767 1
gene  1 2 25 0.4603588622664465 0 455.0 0.4603588622664465 1
gene  1 1 65 -4.632563737851234 0 481.0 -4.632563737851234 1
gene  1 65 25 4.127225321852 0 482.0 4.127225321852 1
gene  1 8 76 -4.401146600953753 0 525.0 -4.401146600953753 1
gene  1 76 22 1.9955378290670027 0 526.0 1.9955378290670027 1
gene  1 2 87 2.177974249760889 0 560.0 2.177974249760889 1
gene  1 87 14 -2.168284118644511 0 561.0 -2.168284118644511 1
gene  1 87 25 -3.437690196696358 0 628.0 -3.437690196696358 1
genomeend 8
genomestart  9
trait 1 1.0196578134443977 0.43166933337926705 0.5650469974780813 0.19410325956016972 3.1752136023158166 0.6881354881670013 1.7430406253143373 1.190943612630714 
node 1 1 1 1
node 2 1 1 1
node 3 1 1 1
node 4 1 1 1
node 5 1 1 1
node 6 1 1 1
node 7 1 1 3
node 8 1 0 0
node 13 1 0 2
node 14 1 0 2
node 22 1 0 0
node 25 1 0 0
node 29 1 0 0
node 57 1 0 0
node 65 1 0 0
node 76 1 0 0
node 87 1 0 0
gene  1 1 8 -0.9568648474104374 0 98.0 -0.9568648474104374 1
gene  1 3 8 -0.1612895162189656 0 100.0 -0.1612895162189656 1
gene  1 4 8 -1.4361665675423714 0 101.0 -1.4361665675423714 1
gene  1 5 8 1.336091974321929 0 102.0 1.336091974321929 1
gene  1 6 8 -4.347463487446338 0 103.0 -4.347463487446338 1
gene  1 8 8 -9.706885700867101 1 105.0 -9.706885700867101 1
gene  1 1 13 0.13859987868889245 0 168.0 0.13859987868889245 1
gene  1 5 13 5.055738091749739 0 172.0 5.055738091749739 1
gene  1 13 13 0.41145419526437776 1 180.0 0.41145419526437776 1
gene  1 14 13 -9.870857956329925 1 181.0 -9.870857956329925 1
gene  1 2 14 1.1129867953313275 0 183.0 1.1129867953313275 1
gene  1 3 14 4.494328562480414 0 184.0 4.494328562480414 1
gene  1 5 14 -5.420979218394063 0 186.0 -5.420979218394063 1
gene  1 7 14 -2.8774159661876224 0 188.0 -2.8774159661876224 1
gene  1 8 14 2.0073136080290963 0 189.0 2.0073136080290963 1
gene  1 13 14 -0.05694540286762084 0 194.0 -0.05694540286762084 1
gene  1 2 13 -2.3820528019220566 0 236.0 -2.3820528019220566 1
gene  1 8 22 2.747771984219917 0 240.0 2.747771984219917 1
gene  1 22 14 -10.917978296124778 0 241.0 -10.917978296124778 1
gene  1 1 22 -2.2975041016538285 0 245.0 -2.2975041016538285 1
gene  1 13 8 -3.662725914004454 0 257.0 -3.662725914004454 1
gene  1 5 22 1.3036725514136485 0 265.0 1.3036725514136485 1
gene  1 1 25 -2.844962783881143 0 279.0 -2.844962783881143 1
gene  1 25 8 -0.7321140618791687 0 280.0 -0.7321140618791687 1
gene  1 8 29 4.225480289296705 0 297.0 4.225480289296705 1
gene  1 29 14 2.6996991347943027 0 298.0 2.6996991347943027 1
gene  1 1 14 1.2324469110706262 0 312.0 1.2324469110706262 1
gene  1 2 29 -1.732454399274971 0 330.0 -1.732454399274971 1
gene  1 5 25 3.6565956932691477 0 343.0 3.6565956932691477 1
gene  1 6 29 0.016784971186237563 0 386.0 0.016784971186237563 1
gene  1 22 29 4.029652457525137 0 416.0 4.029652457525137 1
gene  1 4 14 -5.404180170484969 0 424.0 -5.404180170484969 1
gene  1 4 29 3.8343241101233065 0 432.0 3.8343241101233065 1
gene  1 8 57 -9.423641498099958 0 437.0 -9.423641498099958 1
gene  1 57 14 -4.440096218138085 0 438.0 -4.440096218138085 1
gene  1 3 22 1.9677387850074013 0 440.0 1.9677387850074013 1
gene  1 2 25 -0.8929605797659845 0 455.0 -0.8929605797659845 1
gene  1 1 65 -5.217702223145485 0 481.0 -5.217702223145485 1
gene  1 65 25 1.9634591145856526 0 482.0 1.9634591145856526 1
gene  1 8 76 0.8896214513403189 0 525.0 0.8896214513403189 1
gene  1 76 22 3.548138419310287 0 526.0 3.548138419310287 1
gene  1 2 87 3.97037671404603 0 560.0 3.97037671404603 1
gene  1 87 14 1.1956457992883636 0 561.0 1.1956457992883636 1
genomeend 9
genomestart  10
trait 1 1.9492969961009945 0.0 0.4289699328456915 1.1835456827051778 0.0 0.7294252873384013 0.042201429445747896 0.0 
node 1 1 1 1
node 2 1 1 1
node 3 1 1 1
node 4 1 1 1
node 5 1 1 1
node 6 1 1 1
node 7 1 1 3
node 13 1 0 2
node 14 1 0 2
node 49 1 0 0
node 73 1 0 0
node 81 1 0 0
gene  1 1 13 2.5541470022821087 0 168.0 2.5541470022821087 1
gene  1 2 13 -1.381687255794908 0 169.0 -1.381687255794908 1
gene  1 3 13 1.6162248431279091 0 170.0 1.6162248431279091 1
gene  1 4 13 -0.8639452914788317 0 171.0 -0.8639452914788317 1
gene  1 5 13 2.727030480971005 0 172.0 2.727030480971005 1
gene  1 6 13 -1.4477943003729725 0 173.0 -1.4477943003729725 1
gene  1 7 13 1.319145290568112 0 174.0 1.319145290568112 1
gene  1 14 13 2.4059576717452025 1 181.0 2.4059576717452025 1
gene  1 1 14 4.658193024866331 0 182.0 4.658193024866331 1
gene  1 2 14 -0.399453758008983 0 183.0 -0.399453758008983 1
gene  1 3 14 -4.649369495727434 0 184.0 -4.649369495727434 1
gene  1 13 14 0.21800457700399484 0 194.0 0.21800457700399484 1
gene  1 14 14 2.9585463944915027 1 195.0 2.9585463944915027 1
gene  1 7 14 2.042920533449036 0 273.0 2.042920533449036 1
gene  1 4 14 -1.7784897319241844 0 283.0 -1.7784897319241844 1
gene  1 5 14 -2.128871735791468 0 303.0 -2.128871735791468 1
gene  1 6 14 1.8615138511511762 0 307.0 1.8615138511511762 1
gene  1 3 49 3.96453969250255 0 389.0 3.96453969250255 1
gene  1 49 13 0.13891887640111267 0 390.0 0.13891887640111267 1
gene  1 5 49 4.950552827881211 0 403.0 4.950552827881211 1
gene  1 1 49 -3.564022328055655 0 430.0 -3.564022328055655 1
gene  1 7 49 -2.5784126956765503 0 456.0 -2.5784126956765503 1
gene  1 4 49 -0.2879950296873518 0 495.0 -0.2879950296873518 1
gene  1 6 73 -8.646208931454979 0 508.0 -8.646208931454979 1
gene  1 73 13 -0.20900392886316488 0 509.0 -0.20900392886316488 1
gene  1 6 81 0.5938414707746877 0 542.0 0.5938414707746877 1
gene  1 81 73 1.811984152634059 0 543.0 1.811984152634059 1
gene  1 81 49 -4.001468573348049 0 569.0 -4.001468573348049 1
gene  1 49 14 -5.090413110600761 0 610.0 -5.090413110600761 1
genomeend 10
genomestart  11
trait 1 1.9492969961009945 0.0 0.4289699328456915 1.1835456827051778 0.0 0.7294252873384013 0.042201429445747896 0.0 
node 1 1 1 1
node 2 1 1 1
node 3 1 1 1
node 4 1 1 1
node 5 1 1 1
node 6 1 1 1
node 7 1 1 3
node 13 1 0 2
node 14 1 0 2
node 49 1 0 0
node 73 1 0 0
node 81 1 0 0
gene  1 1 13 0.09274241473074929 0 168.0 0.09274241473074929 1
gene  1 2 13 2.142812387083012 0 169.0 2.142812387083012 1
gene  1 3 13 1.9029181690694958 0 170.0 1.9029181690694958 1
gene  1 4 13 -0.11113708274120526 0 171.0 -0.11113708274120526 1
gene  1 5 13 7.133779443764733 0 172.0 7.133779443764733 1
gene  1 6 13 0.35075044346710677 0 173.0 0.35075044346710677 1
gene  1 7 13 -1.5823887769819587 0 174.0 -1.5823887769819587 1
gene  1 14 13 -4.658364393486841 1 181.0 -4.658364393486841 1
gene  1 1 14 4.055071382136547 0 182.0 4.055071382136547 1
gene  1 2 14 1.2173751635950898 0 183.0 1.2173751635950898 1
gene  1 3 14 -4.942627457006761 0 184.0 -4.942627457006761 1
gene  1 13 14 -2.204051611915636 0 194.0 -2.204051611915636 1
gene  1 14 14 0.9884196459497048 1 195.0 0.9884196459497048 1
gene  1 7 14 -0.9657073285067643 0 273.0 -0.9657073285067643 1
gene  1 4 14 -1.838253579300003 0 283.0 -1.838253579300003 1
gene  1 5 14 0.9103290592487441 0 303.0 0.9103290592487441 1
gene  1 6 14 1.795009851106085 0 307.0 1.795009851106085 1
gene  1 3 49 4.868346685090309 0 389.0 4.868346685090309 1
gene  1 49 13 1.0348430907148036 0 390.0 1.0348430907148036 1
gene  1 5 49 4.430477809007648 0 403.0 4.430477809007648 1
gene  1 1 49 -2.4575306705100264 0 430.0 -2.4575306705100264 1
gene  1 7 49 -3.475417331186721 0 456.0 -3.475417331186721 1
gene  1 4 49 -1.4636839961497818 0 495.0 -1.4636839961497818 1
gene  1 6 73 -9.034940775850389 0 508.0 -9.034940775850389 1
gene  1 73 13 0.27176481582988865 0 509.0 0.27176481582988865 1
gene  1 6 81 1.2708000522242926 0 542.0 1.2708000522242926 1
gene  1 81 73 -2.1848427887017015 0 543.0 -2.1848427887017015 1
gene  1 81 49 -2.3570293948127308 0 569.0 -2.3570293948127308 1
gene  1 49 14 -5.320037657627035 0 610.0 -5.320037657627035 1
genomeend 11
genomestart  12
trait 1 1.9492969961009945 0.0 0.4289699328456915 1.1835456827051778 0.0 0.7294252873384013 0.042201429445747896 0.0 
node 1 1 1 1
node 2 1 1 1
node 3 1 1 1
node 4 1 1 1
node 5 1 1 1
node 6 1 1 1
node 7 1 1 3
node 13 1 0 2
node 14 1 0 2
node 49 1 0 0
node 73 1 0 0
node 81 1 0 0
gene  1 1 13 -1.6577587561169524 0 168.0 -1.6577587561169524 1
gene  1 2 13 -0.8793179356527305 0 169.0 -0.8793179356527305 1
gene  1 3 13 3.9877193937666857 0 170.0 3.9877193937666857 1
gene  1 4 13 -4.149458293851778 0 171.0 -4.149458293851778 1
gene  1 5 13 6.584607488678865 0 172.0 6.584607488678865 1
gene  1 6 13 -1.902868722550052 0 173.0 -1.902868722550052 1
gene  1 7 13 -2.880304963039431 0 174.0 -2.880304963039431 1
gene  1 14 13 -4.165325710097681 1 181.0 -4.165325710097681 1
gene  1 1 14 2.8197640164561024 0 182.0 2.8197640164561024 1
gene  1 2 14 -1.4194059012472482 0 183.0 -1.4194059012472482 1
gene  1 3 14 -3.6222632908319055 0 184.0 -3.6222632908319055 1
gene  1 13 14 1.8431398709747082 0 194.0 1.8431398709747082 1
gene  1 14 14 -0.4071732381319866 1 195.0 -0.4071732381319866 1
gene  1 7 14 2.0947738067991284 0 273.0 2.0947738067991284 1
gene  1 4 14 -4.794232466357986 0 283.0 -4.794232466357986 1
gene  1 5 14 -0.7620148069118553 0 303.0 -0.7620148069118553 1
gene  1 6 14 -1.0374322027894811 0 307.0 -1.0374322027894811 1
gene  1 3 49 6.142454612963059 0 389.0 6.142454612963059 1
gene  1 49 13 2.3847482740786243 0 390.0 2.3847482740786243 1
gene  1 5 49 3.535721449645999 0 403.0 3.535721449645999 1
gene  1 1 49 -2.109918271077185 0 430.0 -2.109918271077185 1
gene  1 7 49 -0.6931632848194935 0 456.0 -0.6931632848194935 1
gene  1 4 49 0.675054742688824 0 495.0 0.675054742688824 1
gene  1 6 73 -8.794716655897105 0 508.0 -8.794716655897105 1
gene  1 73 13 1.7878829630284692 0 509.0 1.7878829630284692 1
gene  1 6 81 0.6087227886583015 0 542.0 0.6087227886583015 1
gene  1 81 73 -1.1809624948916686 0 543.0 -1.1809624948916686 1
gene  1 81 49 -0.6481591138263165 0 569.0 -0.6481591138263165 1
gene  1 49 14 -5.657345622088757 0 610.0 -5.657345622088757 1
genomeend 12
genomestart  13
trait 1 0.0 0.0 1.9692270263017169 1.1036226464327767 0.10522835245191364 0.0 0.0 0.0 
node 1 1 1 1
node 2 1 1 1
node 3 1 1 1
node 4 1 1 1
node 5 1 1 1
node 6 1 1 1
node 7 1 1 3
node 8 1 0 0
node 9 1 0 0
node 13 1 0 2
node 14 1 0 2
node 20 1 0 0
node 56 1 0 0
node 60 1 0 0
node 79 1 0 0
node 92 1 0 0
node 94 1 0 0
node 97 1 0 0
gene  1 1 8 -9.123212492092714 0 98.0 -9.123212492092714 1
gene  1 2 8 -3.5650922462421537 0 99.0 -3.5650922462421537 1
gene  1 3 8 -0.8908142690085052 0 100.0 -0.8908142690085052 1
gene  1 6 8 0.9136966390617935 0 103.0 0.9136966390617935 1
gene  1 8 8 -2.1531664538662088 1 105.0 -2.1531664538662088 1
gene  1 9 8 -5.443871247998452 1 106.0 -5.443871247998452 1
gene  1 13 8 -0.9045146494307739 1 110.0 -0.9045146494307739 1
gene  1 14 8 -1.9880359930647264 1 111.0 -1.9880359930647264 1
gene  1 1 9 -2.6063237574362907 0 112.0 -2.6063237574362907 1
gene  1 4 9 -0.49527331042170797 0 115.0 -0.49527331042170797 1
gene  1 5 9 -2.6776999449061663 0 116.0 -2.6776999449061663 1
gene  1 7 9 -0.6140620766763112 0 118.0 -0.6140620766763112 1
gene  1 9 9 7.70703780559097 1 120.0 7.70703780559097 1
gene  1 14 9 2.8125323640534035 1 125.0 2.8125323640534035 1
gene  1 2 13 0.4364218265139548 0 169.0 0.4364218265139548 1
gene  1 5 13 4.191544521803893 0 172.0 4.191544521803893 1
gene  1 8 13 0.9669914325640989 0 175.0 0.9669914325640989 1
gene  1 1 14 -3.271531527287937 0 182.0 -3.271531527287937 1
gene  1 2 14 3.1546537487710786 0 183.0 3.1546537487710786 1
gene  1 3 14 3.538033493961554 0 184.0 3.538033493961554 1
gene  1 6 14 1.9005283333272511 0 187.0 1.9005283333272511 1
gene  1 13 14 1.2571161469247545 0 194.0 1.2571161469247545 1
gene  1 14 14 -2.5938635644990056 1 195.0 -2.5938635644990056 1
gene  1 5 8 -5.357572281455784 0 202.0 -5.357572281455784 1
gene  1 4 13 1.5464927378060453 0 220.0 1.5464927378060453 1
gene  1 1 20 -5.114508729473862 0 231.0 -5.114508729473862 1
gene  1 20 14 3.332008647820309 0 232.0 3.332008647820309 1
gene  1 1 13 1.122494175394215 0 329.0 1.122494175394215 1
gene  1 13 20 -8.293063494731932 0 337.0 -8.293063494731932 1
gene  1 4 20 -8.106101854677279 0 339.0 -8.106101854677279 1
gene  1 9 8 4.18442853706824 0 404.0 4.18442853706824 1
gene  1 8 14 0.9506946932237993 0 410.0 0.9506946932237993 1
gene  1 5 56 -4.8202050312053055 0 434.0 -4.8202050312053055 1
gene  1 56 8 -9.298104672841239 0 435.0 -9.298104672841239 1
gene  1 2 9 -3.4769300296919905 0 448.0 -3.4769300296919905 1
gene  1 3 60 2.094987870365755 0 458.0 2.094987870365755 1
gene  1 60 8 -3.7639282517978017 0 459.0 -3.7639282517978017 1
gene  1 1 60 -5.447122714331423 0 479.0 -5.447122714331423 1
gene  1 7 56 2.8273127554178297 0 520.0 2.8273127554178297 1
gene  1 13 79 -7.3216872388457634 0 537.0 -7.3216872388457634 1
gene  1 79 20 1.645000206847184 0 538.0 1.645000206847184 1
gene  1 3 79 3.635699735699892 0 556.0 3.635699735699892 1
gene  1 5 92 -1.829246756396401 0 575.0 -1.829246756396401 1
gene  1 92 13 -9.452581658004913 0 576.0 -9.452581658004913 1
gene  1 14 94 1.99633877298979 1 582.0 1.99633877298979 1
gene  1 94 8 -3.796194962033817 0 583.0 -3.796194962033817 1
gene  1 13 97 1.528681115757734 1 593.0 1.528681115757734 1
gene  1 97 8 0.6560684078965434 0 594.0 0.6560684078965434 1
gene  1 9 56 -2.1052307907314565 0 596.0 -2.1052307907314565 1
gene  1 60 20 1.6157899787016023 0 603.0 1.6157899787016023 1
gene  1 6 97 -3.511607341429331 0 616.0 -3.511607341429331 1
gene  1 4 8 7.920816521113062 0 619.0 7.920816521113062 1
gene  1 2 60 -0.5235356216485032 0 625.0 -0.5235356216485032 1
genomeend 13
genomestart  14
trait 1 0.0 0.0 1.9692270263017169 1.1036226464327767 0.10522835245191364 0.0 0.0 0.0 
node 1 1 1 1
node 2 1 1 1
node 3 1 1 1
node 4 1 1 1
node 5 1 1 1
node 6 1 1 1
node 7 1 1 3
node 8 1 0 0
node 9 1 0 0
node 13 1 0 2
node 14 1 0 2
node 20 1 0 0
node 56 1 0 0
node 60 1 0 0
node 79 1 0 0
node 92 1 0 0
node 94 1 0 0
node 97 1 0 0
gene  1 1 8 -7.672041861598666 0 98.0 -7.672041861598666 1
gene  1 2 8 -5.07078020373158 0 99.0 -5.07078020373158 1
gene  1 3 8 -1.8116061970519328 0 100.0 -1.8116061970519328 1
gene  1 6 8 0.9136966390617935 0 103.0 0.9136966390617935 1
gene  1 8 8 -0.7811949309707393 1 105.0 -0.7811949309707393 1
gene  1 9 8 -5.443871247998452 1 106.0 -5.443871247998452 1
gene  1 13 8 -0.897005339773026 1 110.0 -0.897005339773026 1
gene  1 14 8 -3.7861864908643295 1 111.0 -3.7861864908643295 1
gene  1 1 9 -0.8354102162130592 0 112.0 -0.8354102162130592 1
gene  1 4 9 1.37115582847364 0 115.0 1.37115582847364 1
gene  1 5 9 -1.1103933369933092 0 116.0 -1.1103933369933092 1
gene  1 7 9 -0.6140620766763112 0 118.0 -0.6140620766763112 1
gene  1 9 9 6.730330730046492 1 120.0 6.730330730046492 1
gene  1 14 9 2.712049760221761 1 125.0 2.712049760221761 1
gene  1 2 13 2.5396812539482103 0 169.0 2.5396812539482103 1
gene  1 5 13 3.643411891230461 0 172.0 3.643411891230461 1
gene  1 8 13 -0.4814290444675253 0 175.0 -0.4814290444675253 1
gene  1 1 14 1.9986557711250044 0 182.0 1.9986557711250044 1
gene  1 2 14 3.0137539827505058 0 183.0 3.0137539827505058 1
gene  1 3 14 1.326155304717641 0 184.0 1.326155304717641 1
gene  1 6 14 3.132156376323123 0 187.0 3.132156376323123 1
gene  1 13 14 3.122901081601922 0 194.0 3.122901081601922 1
gene  1 14 14 -3.433455465217743 1 195.0 -3.433455465217743 1
gene  1 5 8 -3.9789243815625044 0 202.0 -3.9789243815625044 1
gene  1 4 13 3.5657353068835658 0 220.0 3.5657353068835658 1
gene  1 1 20 -0.3335394331160488 0 231.0 -0.3335394331160488 1
gene  1 20 14 5.044386121602505 0 232.0 5.044386121602505 1
gene  1 1 13 0.8027021515598026 0 329.0 0.8027021515598026 1
gene  1 13 20 -7.851396139164423 0 337.0 -7.851396139164423 1
gene  1 4 20 -8.106101854677279 0 339.0 -8.106101854677279 1
gene  1 9 8 6.565285910712468 0 404.0 6.565285910712468 1
gene  1 8 14 -0.574099380229559 0 410.0 -0.574099380229559 1
gene  1 5 56 -3.7914369324030535 0 434.0 -3.7914369324030535 1
gene  1 56 8 -1.566583764980369 0 435.0 -1.566583764980369 1
gene  1 2 9 -3.4769300296919905 0 448.0 -3.4769300296919905 1
gene  1 3 60 0.37965158173291436 0 458.0 0.37965158173291436 1
gene  1 60 8 -2.7067427742880605 0 459.0 -2.7067427742880605 1
gene  1 1 60 -6.066041002216223 0 479.0 -6.066041002216223 1
gene  1 7 56 1.8452528015935648 0 520.0 1.8452528015935648 1
gene  1 13 79 -7.3216872388457634 0 537.0 -7.3216872388457634 1
gene  1 79 20 1.1328102106744842 0 538.0 1.1328102106744842 1
gene  1 3 79 3.133895745609765 0 556.0 3.133895745609765 1
gene  1 5 92 -1.3179804375870776 0 575.0 -1.3179804375870776 1
gene  1 92 13 -7.206130919687919 0 576.0 -7.206130919687919 1
gene  1 14 94 -2.39043698055945 1 582.0 -2.39043698055945 1
gene  1 94 8 -1.6416253018786415 0 583.0 -1.6416253018786415 1
gene  1 13 97 1.528681115757734 1 593.0 1.528681115757734 1
gene  1 97 8 1.8242748629741072 0 594.0 1.8242748629741072 1
gene  1 9 56 -2.1052307907314565 0 596.0 -2.1052307907314565 1
gene  1 60 20 2.6673660488747055 0 603.0 2.6673660488747055 1
gene  1 6 97 1.1523629769257493 0 616.0 1.1523629769257493 1
gene  1 4 8 6.82736067346956 0 619.0 6.82736067346956 1
genomeend 14
genomestart  15
trait 1 0.0 0.0 1.9692270263017169 1.1036226464327767 0.10522835245191364 0.0 0.0 0.0 
node 1 1 1 1
node 2 1 1 1
node 3 1 1 1
node 4 1 1 1
node 5 1 1 1
node 6 1 1 1
node 7 1 1 3
node 8 1 0 0
node 9 1 0 0
node 13 1 0 2
node 14 1 0 2
node 20 1 0 0
node 56 1 0 0
node 60 1 0 0
node 79 1 0 0
node 92 1 0 0
node 94 1 0 0
node 97 1 0 0
gene  1 1 8 -11.24533543080687 0 98.0 -11.24533543080687 1
gene  1 2 8 -1.3396288939346412 0 99.0 -1.3396288939346412 1
gene  1 3 8 -1.3597046208447474 0 100.0 -1.3597046208447474 1
gene  1 6 8 0.8784893513868717 0 103.0 0.8784893513868717 1
gene  1 8 8 -0.8075102479839726 1 105.0 -0.8075102479839726 1
gene  1 9 8 -7.087793200940018 1 106.0 -7.087793200940018 1
gene  1 13 8 0.1916234161158783 1 110.0 0.1916234161158783 1
gene  1 14 8 -3.7654271940192325 1 111.0 -3.7654271940192325 1
gene  1 1 9 -2.3712119738596074 0 112.0 -2.3712119738596074 1
gene  1 4 9 -0.4852526783479174 0 115.0 -0.4852526783479174 1
gene  1 5 9 -4.615426094680421 0 116.0 -4.615426094680421 1
gene  1 7 9 -0.23242159700414222 0 118.0 -0.23242159700414222 1
gene  1 9 9 9.77725270991127 1 120.0 9.77725270991127 1
gene  1 14 9 3.7460058861163286 1 125.0 3.7460058861163286 1
gene  1 2 13 1.7560607442377247 0 169.0 1.7560607442377247 1
gene  1 5 13 4.640750123332622 0 172.0 4.640750123332622 1
gene  1 8 13 1.247569426727754 0 175.0 1.247569426727754 1
gene  1 1 14 -4.378521166801626 0 182.0 -4.378521166801626 1
gene  1 2 14 5.529824571431945 0 183.0 5.529824571431945 1
gene  1 3 14 2.0940550663218365 0 184.0 2.0940550663218365 1
gene  1 6 14 2.295559370591293 0 187.0 2.295559370591293 1
gene  1 13 14 3.4768057054734385 0 194.0 3.4768057054734385 1
gene  1 14 14 -1.9338237596661938 1 195.0 -1.9338237596661938 1
gene  1 5 8 -4.958038847151429 0 202.0 -4.958038847151429 1
gene  1 4 13 1.254093864322399 0 220.0 1.254093864322399 1
gene  1 1 20 -3.526868256551059 0 231.0 -3.526868256551059 1
gene  1 20 14 4.053361053267826 0 232.0 4.053361053267826 1
gene  1 1 13 -1.0834790750455767 0 329.0 -1.0834790750455767 1
gene  1 13 20 -9.918278162353692 0 337.0 -9.918278162353692 1
gene  1 4 20 -7.606492693053574 0 339.0 -7.606492693053574 1
gene  1 9 8 6.459565331028075 0 404.0 6.459565331028075 1
gene  1 8 14 2.3266153093681634 0 410.0 2.3266153093681634 1
gene  1 5 56 -6.385538536315191 0 434.0 -6.385538536315191 1
gene  1 56 8 -7.396801374404265 0 435.0 -7.396801374404265 1
gene  1 2 9 -1.8899574226910587 0 448.0 -1.8899574226910587 1
gene  1 3 60 1.0120970945329344 0 458.0 1.0120970945329344 1
gene  1 60 8 -3.674935243962119 0 459.0 -3.674935243962119 1
gene  1 1 60 -4.942233711551459 0 479.0 -4.942233711551459 1
gene  1 7 56 5.023178650517165 0 520.0 5.023178650517165 1
gene  1 13 79 -9.580194850085531 0 537.0 -9.580194850085531 1
gene  1 79 20 4.080687005489187 0 538.0 4.080687005489187 1
gene  1 3 79 4.508783306048201 0 556.0 4.508783306048201 1
gene  1 5 92 -3.7608598371642605 0 575.0 -3.7608598371642605 1
gene  1 92 13 -7.879902674556757 0 576.0 -7.879902674556757 1
gene  1 14 94 1.99633877298979 1 582.0 1.99633877298979 1
gene  1 94 8 -3.796194962033817 0 583.0 -3.796194962033817 1
gene  1 13 97 -0.613135971590151 1 593.0 -0.613135971590151 1
gene  1 97 8 0.47098213954291257 0 594.0 0.47098213954291257 1
gene  1 9 56 -2.1052307907314565 0 596.0 -2.1052307907314565 1
gene  1 60 20 -0.5236613472219873 0 603.0 -0.5236613472219873 1
gene  1 6 97 0.3593134904397674 0 616.0 0.3593134904397674 1
gene  1 4 8 8.096071195844983 0 619.0 8.096071195844983 1
genomeend 15
genomestart  16
trait 1 0.0 0.7972318660819309 1.9692270263017169 0.9791812945939091 0.10522835245191364 0.0 0.3883084111555485 0.2293478073150791 
node 1 1 1 1
node 2 1 1 1
node 3 1 1 1
node 4 1 1 1
node 5 1 1 1
node 6 1 1 1
node 7 1 1 3
node 8 1 0 0
node 9 1 0 0
node 13 1 0 2
node 14 1 0 2
node 20 1 0 0
node 56 1 0 0
node 60 1 0 0
node 79 1 0 0
node 92 1 0 0
node 94 1 0 0
node 97 1 0 0
gene  1 1 8 -10.015366303719846 0 98.0 -10.015366303719846 1
gene  1 2 8 -1.2793972898148178 0 99.0 -1.2793972898148178 1
gene  1 3 8 0.6398763925283311 0 100.0 0.6398763925283311 1
gene  1 6 8 -0.8907000238614602 0 103.0 -0.8907000238614602 1
gene  1 8 8 -3.1403120002524703 1 105.0 -3.1403120002524703 1
gene  1 9 8 -6.708592072115902 1 106.0 -6.708592072115902 1
gene  1 13 8 -0.5370810293821072 1 110.0 -0.5370810293821072 1
gene  1 14 8 0.3381707309477471 1 111.0 0.3381707309477471 1
gene  1 1 9 -4.7756971082183615 0 112.0 -4.7756971082183615 1
gene  1 4 9 1.827351338101046 0 115.0 1.827351338101046 1
gene  1 5 9 -3.9965855295812633 0 116.0 -3.9965855295812633 1
gene  1 7 9 -2.5209571638529504 0 118.0 -2.5209571638529504 1
gene  1 9 9 9.206516124870465 1 120.0 9.206516124870465 1
gene  1 14 9 4.050938437369137 1 125.0 4.050938437369137 1
gene  1 2 13 0.18776328794120845 0 169.0 0.18776328794120845 1
gene  1 5 13 4.022770634966796 0 172.0 4.022770634966796 1
gene  1 8 13 2.846484098849465 0 175.0 2.846484098849465 1
gene  1 1 14 -1.1422785240504205 0 182.0 -1.1422785240504205 1
gene  1 2 14 3.709893196973848 0 183.0 3.709893196973848 1
gene  1 3 14 1.6589792419408906 0 184.0 1.6589792419408906 1
gene  1 6 14 1.6726251392492901 0 187.0 1.6726251392492901 1
gene  1 13 14 3.1585370857220196 0 194.0 3.1585370857220196 1
gene  1 14 14 -2.8217329693313276 1 195.0 -2.8217329693313276 1
gene  1 5 8 -6.407923001452078 0 202.0 -6.407923001452078 1
gene  1 4 13 -0.5862382937975448 0 220.0 -0.5862382937975448 1
gene  1 1 20 -3.2382065162230855 0 231.0 -3.2382065162230855 1
gene  1 20 14 1.5983048013325387 0 232.0 1.5983048013325387 1
gene  1 1 13 2.1206511121434266 0 329.0 2.1206511121434266 1
gene  1 13 20 -10.57999043100015 0 337.0 -10.57999043100015 1
gene  1 4 20 -8.269605838747303 0 339.0 -8.269605838747303 1
gene  1 9 8 3.2515331353404315 0 404.0 3.2515331353404315 1
gene  1 8 14 1.906656710453108 0 410.0 1.906656710453108 1
gene  1 5 56 -3.3750313443806075 0 434.0 -3.3750313443806075 1
gene  1 56 8 -8.900780994638607 0 435.0 -8.900780994638607 1
gene  1 2 9 -4.896061681776931 0 448.0 -4.896061681776931 1
gene  1 3 60 3.4632579482923957 0 458.0 3.4632579482923957 1
gene  1 60 8 -5.203770936679828 0 459.0 -5.203770936679828 1
gene  1 1 60 -4.872419057915273 0 479.0 -4.872419057915273 1
gene  1 7 56 2.76860750219081 0 520.0 2.76860750219081 1
gene  1 13 79 -8.641640250954548 0 537.0 -8.641640250954548 1
gene  1 79 20 3.556933927926245 0 538.0 3.556933927926245 1
gene  1 3 79 5.22008569614749 0 556.0 5.22008569614749 1
gene  1 5 92 -1.829246756396401 0 575.0 -1.829246756396401 1
gene  1 92 13 -10.719341340091237 0 576.0 -10.719341340091237 1
gene  1 14 94 1.99633877298979 1 582.0 1.99633877298979 1
gene  1 94 8 -2.662756045837292 0 583.0 -2.662756045837292 1
gene  1 13 97 1.6082092642839605 1 593.0 1.6082092642839605 1
gene  1 97 8 0.6560684078965434 0 594.0 0.6560684078965434 1
gene  1 9 56 -2.1052307907314565 0 596.0 -2.1052307907314565 1
gene  1 60 20 0.22050755684520773 0 603.0 0.22050755684520773 1
gene  1 6 97 -3.511607341429331 0 616.0 -3.511607341429331 1
gene  1 4 8 10.024419337095974 0 619.0 10.024419337095974 1
genomeend 16
genomestart  17
trait 1 0.0 0.9380171225566565 2.946454114246018 0.0 0.23073292095274345 0.5916859962196944 0.008509650538832902 0.0 
node 1 1 1 1
node 2 1 1 1
node 3 1 1 1
node 4 1 1 1
node 5 1 1 1
node 6 1 1 1
node 7 1 1 3
node 13 1 0 2
node 14 1 0 2
node 45 1 0 0
node 71 1 0 0
node 89 1 0 0
gene  1 1 13 -2.9514545739319367 0 168.0 -2.9514545739319367 1
gene  1 2 13 -1.2393930768721364 0 169.0 -1.2393930768721364 1
gene  1 5 13 -0.00244895405690837 0 172.0 -0.00244895405690837 1
gene  1 6 13 2.3099262147683666 0 173.0 2.3099262147683666 1
gene  1 7 13 -0.2409160643253484 0 174.0 -0.2409160643253484 1
gene  1 3 14 7.5580571570601895 0 184.0 7.5580571570601895 1
gene  1 4 14 -0.810481486064556 0 185.0 -0.810481486064556 1
gene  1 7 14 0.7357919764534677 0 188.0 0.7357919764534677 1
gene  1 13 14 -1.4193771893379656 0 194.0 -1.4193771893379656 1
gene  1 14 14 3.596221454117022 1 195.0 3.596221454117022 1
gene  1 4 13 -1.5593479749608998 0 235.0 -1.5593479749608998 1
gene  1 1 14 6.406350792443556 0 242.0 6.406350792443556 1
gene  1 5 14 0.29900605648556705 0 319.0 0.29900605648556705 1
gene  1 1 45 -6.497117157201009 0 370.0 -6.497117157201009 1
gene  1 45 13 -6.458287004288704 0 371.0 -6.458287004288704 0
gene  1 4 45 -0.8895996059122233 0 497.0 -0.8895996059122233 1
gene  1 6 71 -1.4553374229553304 0 502.0 -1.4553374229553304 1
gene  1 71 13 -0.6823096287755042 0 503.0 -0.6823096287755042 1
gene  1 45 71 -3.7752943919784983 0 534.0 -3.7752943919784983 1
gene  1 3 13 0.49220600501503764 0 535.0 0.49220600501503764 1
gene  1 45 89 4.316310183054739 0 566.0 4.316310183054739 1
gene  1 89 13 3.841184037825481 0 567.0 3.841184037825481 1
genomeend 17
genomestart  18
trait 1 0.0 0.9380171225566565 2.946454114246018 0.0 0.23073292095274345 0.5916859962196944 0.008509650538832902 0.0 
node 1 1 1 1
node 2 1 1 1
node 3 1 1 1
node 4 1 1 1
node 5 1 1 1
node 6 1 1 1
node 7 1 1 3
node 13 1 0 2
node 14 1 0 2
node 45 1 0 0
node 71 1 0 0
node 89 1 0 0
gene  1 1 13 -2.6876362235961686 0 168.0 -2.6876362235961686 1
gene  1 2 13 1.0848042794960806 0 169.0 1.0848042794960806 1
gene  1 5 13 -1.4195757972996277 0 172.0 -1.4195757972996277 1
gene  1 6 13 2.816730849513354 0 173.0 2.816730849513354 1
gene  1 7 13 0.5111881130647897 0 174.0 0.5111881130647897 1
gene  1 3 14 8.878286178613571 0 184.0 8.878286178613571 1
gene  1 4 14 -2.9120748834970467 0 185.0 -2.9120748834970467 1
gene  1 7 14 3.0138476583698637 0 188.0 3.0138476583698637 1
gene  1 13 14 0.2536925940066456 0 194.0 0.2536925940066456 1
gene  1 14 14 1.066357066849918 1 195.0 1.066357066849918 1
gene  1 4 13 -2.1229800665027203 0 235.0 -2.1229800665027203 1
gene  1 1 14 9.696003043321607 0 242.0 9.696003043321607 1
gene  1 5 14 1.760571591435933 0 319.0 1.760571591435933 1
gene  1 1 45 -5.943922471296043 0 370.0 -5.943922471296043 1
gene  1 45 13 -6.8168388586326 0 371.0 -6.8168388586326 0
gene  1 4 45 -3.3374198269374986 0 497.0 -3.3374198269374986 1
gene  1 6 71 -1.3080780729219166 0 502.0 -1.3080780729219166 1
gene  1 71 13 -2.4993631517010044 0 503.0 -2.4993631517010044 1
gene  1 45 71 -3.7752943919784983 0 534.0 -3.7752943919784983 1
gene  1 3 13 -1.2096417248758484 0 535.0 -1.2096417248758484 1
gene  1 45 89 2.1971466724429476 0 566.0 2.1971466724429476 1
gene  1 89 13 3.0471352326894525 0 567.0 3.0471352326894525 1
genomeend 18
genomestart  19
trait 1 0.0 0.9380171225566565 2.946454114246018 0.0 0.23073292095274345 0.5916859962196944 0.008509650538832902 0.0 
node 1 1 1 1
node 2 1 1 1
node 3 1 1 1
node 4 1 1 1
node 5 1 1 1
node 6 1 1 1
node 7 1 1 3
node 13 1 0 2
node 14 1 0 2
node 45 1 0 0
node 71 1 0 0
node 89 1 0 0
node 103 1 0 0
gene  1 1 13 -1.7871239038242874 0 168.0 -1.7871239038242874 1
gene  1 2 13 -1.1168615360142122 0 169.0 -1.1168615360142122 1
gene  1 5 13 -1.0036732065951262 0 172.0 -1.0036732065951262 1
gene  1 6 13 0.5378433628521964 0 173.0 0.5378433628521964 1
gene  1 7 13 -0.9678709525212676 0 174.0 -0.9678709525212676 1
gene  1 3 14 6.924972278976479 0 184.0 6.924972278976479 1
gene  1 4 14 -3.1866236987044188 0 185.0 -3.1866236987044188 1
gene  1 7 14 2.0848958263366653 0 188.0 2.0848958263366653 1
gene  1 13 14 0.3969476436825095 0 194.0 0.3969476436825095 1
gene  1 14 14 3.2635989785832846 1 195.0 3.2635989785832846 1
gene  1 4 13 0.3573530814816061 0 235.0 0.3573530814816061 1
gene  1 1 14 7.814524534917393 0 242.0 7.814524534917393 1
gene  1 5 14 -0.13119479514290794 0 319.0 -0.13119479514290794 1
gene  1 1 45 -4.433809279199379 0 370.0 -4.433809279199379 1
gene  1 45 13 -5.464758228686378 0 371.0 -5.464758228686378 0
gene  1 4 45 -1.7091706534146378 0 497.0 -1.7091706534146378 1
gene  1 6 71 0.4608780393280034 0 502.0 0.4608780393280034 1
gene  1 71 13 -2.153477422320513 0 503.0 -2.153477422320513 1
gene  1 45 71 -3.7752943919784983 0 534.0 -3.7752943919784983 0
gene  1 3 13 -1.2096417248758484 0 535.0 -1.2096417248758484 1
gene  1 45 89 2.1971466724429476 0 566.0 2.1971466724429476 1
gene  1 89 13 3.942957368157864 0 567.0 3.942957368157864 1
gene  1 45 103 1.0 0 626.0 0.0 1
gene  1 103 71 -3.7752943919784983 0 627.0 0.0 1
genomeend 19
