genomestart  0
trait 1 0.12236385032328645 0.11996509262718169 0.0 0.2680690567629802 0.4290534949251379 1.5455413581743827 1.0590140864502917 1.129602463927845 
node 1 1 1 1
node 2 1 1 1
node 3 1 1 1
node 4 1 1 1
node 5 1 1 1
node 6 1 1 1
node 7 1 1 3
node 13 1 0 2
node 14 1 0 2
node 33 1 0 0
gene  1 2 13 8.210690423802658 0 169.0 8.210690423802658 1
gene  1 3 13 -16.150079337874896 0 170.0 -16.150079337874896 1
gene  1 4 13 -5.716680940228411 0 171.0 -5.716680940228411 1
gene  1 6 13 0.7446408618358027 0 173.0 0.7446408618358027 1
gene  1 7 13 1.4710501371258444 0 174.0 1.4710501371258444 1
gene  1 13 13 -0.7144000633325753 1 180.0 -0.7144000633325753 1
gene  1 1 14 -6.984325052462735 0 182.0 -6.984325052462735 0
gene  1 2 14 12.756954479131128 0 183.0 12.756954479131128 1
gene  1 5 14 2.7934038677325135 0 186.0 2.7934038677325135 1
gene  1 6 14 -0.8657750142839393 0 187.0 -0.8657750142839393 1
gene  1 7 14 -1.345554834902198 0 188.0 -1.345554834902198 1
gene  1 13 14 -2.3106683221914883 0 194.0 -2.3106683221914883 1
gene  1 14 14 7.529571522146626 1 195.0 7.529571522146626 1
gene  1 4 14 -1.8263106351189804 0 196.0 -1.8263106351189804 1
gene  1 1 13 -0.5152129454455321 0 216.0 -0.5152129454455321 1
gene  1 1 33 0.6522753923841327 0 313.0 0.6522753923841327 1
gene  1 33 14 -1.3093459242920324 0 314.0 -1.3093459242920324 1
genomeend 0
genomestart  1
trait 1 0.12236385032328645 0.11996509262718169 0.0 0.2680690567629802 0.4290534949251379 1.5455413581743827 1.0590140864502917 1.129602463927845 
node 1 1 1 1
node 2 1 1 1
node 3 1 1 1
node 4 1 1 1
node 5 1 1 1
node 6 1 1 1
node 7 1 1 3
node 13 1 0 2
node 14 1 0 2
node 33 1 0 0
gene  1 2 13 4.731679034845895 0 169.0 4.731679034845895 1
gene  1 3 13 -13.120256625048771 0 170.0 -13.120256625048771 1
gene  1 4 13 -5.176303259485928 0 171.0 -5.176303259485928 1
gene  1 6 13 2.2974256744786685 0 173.0 2.2974256744786685 1
gene  1 7 13 -0.7266191261672184 0 174.0 -0.7266191261672184 1
gene  1 13 13 -3.0427570423737293 1 180.0 -3.0427570423737293 1
gene  1 1 14 -5.5438307564993705 0 182.0 -5.5438307564993705 0
gene  1 2 14 13.649245389302518 0 183.0 13.649245389302518 1
gene  1 5 14 1.8509161992151784 0 186.0 1.8509161992151784 1
gene  1 6 14 2.7158721868526268 0 187.0 2.7158721868526268 1
gene  1 7 14 0.6794778144544802 0 188.0 0.6794778144544802 1
gene  1 13 14 -0.6533345322653639 0 194.0 -0.6533345322653639 1
gene  1 14 14 8.407077948549418 1 195.0 8.407077948549418 1
gene  1 4 14 -0.744422252942917 0 196.0 -0.744422252942917 1
gene  1 1 13 1.038354002715811 0 216.0 1.038354002715811 1
gene  1 1 33 1.424379975991182 0 313.0 1.424379975991182 1
gene  1 33 14 -0.9087072926763826 0 314.0 -0.9087072926763826 1
genomeend 1
genomestart  2
trait 1 0.8313848170184033 0.29425544536966464 0.8345681790297872 0.07766507438443143 0.7226901151585414 0.41262400137975846 0.0 0.6750180349138831 
node 1 1 1 1
node 2 1 1 1
node 3 1 1 1
node 4 1 1 1
node 5 1 1 1
node 6 1 1 1
node 7 1 1 3
node 13 1 0 2
node 14 1 0 2
node 21 1 0 0
node 24 1 0 0
node 34 1 0 0
gene  1 1 13 0.6592040714693945 0 168.0 0.6592040714693945 1
gene  1 4 13 7.58494928848296 0 171.0 7.58494928848296 1
gene  1 5 13 -1.4499649797548422 0 172.0 -1.4499649797548422 1
gene  1 7 13 -6.419722305970532 0 174.0 -6.419722305970532 1
gene  1 13 13 -3.200142720359372 1 180.0 -3.200142720359372 1
gene  1 2 14 -3.720679688524061 0 183.0 -3.720679688524061 1
gene  1 3 14 -14.719928835658415 0 184.0 -14.719928835658415 0
gene  1 6 14 0.4938615767779355 0 187.0 0.4938615767779355 1
gene  1 13 14 -0.42323465455795484 0 194.0 -0.42323465455795484 1
gene  1 14 14 22.857574352383644 1 195.0 22.857574352383644 1
gene  1 6 13 -0.3407039641629296 0 205.0 -0.3407039641629296 1
gene  1 5 14 -4.827743247125032 0 223.0 -4.827743247125032 1
gene  1 3 13 7.038022438102223 0 229.0 7.038022438102223 1
gene  1 2 13 3.987845754756452 0 233.0 3.987845754756452 1
gene  1 1 21 4.899903284480291 0 238.0 4.899903284480291 1
gene  1 21 13 -8.721015353117851 0 239.0 -8.721015353117851 1
gene  1 5 21 1.018361419195824 0 253.0 1.018361419195824 1
gene  1 3 21 -5.517443295269522 0 270.0 -5.517443295269522 1
gene  1 1 24 0.8124016194052603 0 275.0 0.8124016194052603 1
gene  1 24 13 2.1539018968958246 0 276.0 2.1539018968958246 1
gene  1 3 34 -1.1682722055849881 0 315.0 -1.1682722055849881 1
gene  1 34 14 -0.12305051338351719 0 316.0 -0.12305051338351719 1
gene  1 3 24 -2.101720635652175 0 324.0 -2.101720635652175 1
genomeend 2
genomestart  3
trait 1 0.8313848170184033 0.29425544536966464 0.8345681790297872 0.07766507438443143 0.7226901151585414 0.41262400137975846 0.0 0.6750180349138831 
node 1 1 1 1
node 2 1 1 1
node 3 1 1 1
node 4 1 1 1
node 5 1 1 1
node 6 1 1 1
node 7 1 1 3
node 13 1 0 2
node 14 1 0 2
node 21 1 0 0
node 24 1 0 0
node 34 1 0 0
gene  1 1 13 -0.4226868656510019 0 168.0 -0.4226868656510019 1
gene  1 4 13 5.418340156612928 0 171.0 5.418340156612928 1
gene  1 5 13 -0.5673145467793634 0 172.0 -0.5673145467793634 1
gene  1 7 13 -5.233917802638347 0 174.0 -5.233917802638347 1
gene  1 13 13 -1.8888552598720167 1 180.0 -1.8888552598720167 1
gene  1 2 14 -2.6713315233078534 0 183.0 -2.6713315233078534 1
gene  1 3 14 -13.471366953134568 0 184.0 -13.471366953134568 0
gene  1 6 14 2.1366994548920086 0 187.0 2.1366994548920086 1
gene  1 13 14 -1.4313085429828631 0 194.0 -1.4313085429828631 1
gene  1 14 14 21.50768323222962 1 195.0 21.50768323222962 1
gene  1 6 13 0.3293292212114395 0 205.0 0.3293292212114395 1
gene  1 5 14 -2.9240495984521906 0 223.0 -2.9240495984521906 1
gene  1 3 13 5.262062237246583 0 229.0 5.262062237246583 1
gene  1 2 13 2.7342240771849724 0 233.0 2.7342240771849724 1
gene  1 1 21 5.961718524266281 0 238.0 5.961718524266281 1
gene  1 21 13 -8.166221812807464 0 239.0 -8.166221812807464 1
gene  1 5 21 0.6784638581958897 0 253.0 0.6784638581958897 1
gene  1 3 21 -5.030875325119832 0 270.0 -5.030875325119832 1
gene  1 1 24 0.22060749335567098 0 275.0 0.22060749335567098 1
gene  1 24 13 2.1539018968958246 0 276.0 2.1539018968958246 1
gene  1 3 34 0.16317787191094696 0 315.0 0.16317787191094696 1
gene  1 34 14 -1.3050398296826868 0 316.0 -1.3050398296826868 1
gene  1 3 24 -0.05127235323680507 0 324.0 -0.05127235323680507 1
gene  1 1 14 -1.5257629660305494 0 327.0 -1.5257629660305494 1
genomeend 3
genomestart  4
trait 1 0.8313848170184033 0.29425544536966464 0.8345681790297872 0.07766507438443143 0.7226901151585414 0.41262400137975846 0.0 0.6750180349138831 
node 1 1 1 1
node 2 1 1 1
node 3 1 1 1
node 4 1 1 1
node 5 1 1 1
node 6 1 1 1
node 7 1 1 3
node 13 1 0 2
node 14 1 0 2
node 21 1 0 0
node 24 1 0 0
node 34 1 0 0
gene  1 1 13 -0.6167054129335883 0 168.0 -0.6167054129335883 1
gene  1 4 13 0.25405844135251876 0 171.0 0.25405844135251876 1
gene  1 5 13 -0.9803004845599551 0 172.0 -0.9803004845599551 1
gene  1 7 13 -5.233917802638347 0 174.0 -5.233917802638347 1
gene  1 13 13 -0.8175711966808006 1 180.0 -0.8175711966808006 1
gene  1 2 14 -2.995781388038589 0 183.0 -2.995781388038589 1
gene  1 3 14 0.7207760457724965 0 184.0 0.7207760457724965 0
gene  1 6 14 1.2241042575878394 0 187.0 1.2241042575878394 1
gene  1 13 14 -2.0641986601671385 0 194.0 -2.0641986601671385 1
gene  1 14 14 -1.2469865087869167 1 195.0 -1.2469865087869167 1
gene  1 6 13 1.8932211737224858 0 205.0 1.8932211737224858 1
gene  1 5 14 -3.2227521799530985 0 223.0 -3.2227521799530985 1
gene  1 3 13 0.9721432570792323 0 229.0 0.9721432570792323 1
gene  1 2 13 4.45469229651208 0 233.0 4.45469229651208 1
gene  1 1 21 4.443333270858595 0 238.0 4.443333270858595 1
gene  1 21 13 -7.184753570558776 0 239.0 -7.184753570558776 1
gene  1 5 21 2.0324912469641867 0 253.0 2.0324912469641867 1
gene  1 3 21 -2.567650505656964 0 270.0 -2.567650505656964 1
gene  1 1 24 1.8662457389732174 0 275.0 1.8662457389732174 1
gene  1 24 13 3.4389100871764127 0 276.0 3.4389100871764127 1
gene  1 3 34 -1.438360646196236 0 315.0 -1.438360646196236 1
gene  1 34 14 -1.3050398296826868 0 316.0 -1.3050398296826868 1
gene  1 3 24 1.5379457068051752 0 324.0 1.5379457068051752 1
genomeend 4
genomestart  5
trait 1 2.3156897472124616 1.1820041572981141 0.040429975822587116 1.2383225027221012 0.8876970332296057 0.0 1.0519504429777482 0.6090045709865577 
node 1 1 1 1
node 2 1 1 1
node 3 1 1 1
node 4 1 1 1
node 5 1 1 1
node 6 1 1 1
node 7 1 1 3
node 8 1 0 0
node 13 1 0 2
node 14 1 0 2
gene  1 1 8 1.9189060805628755 0 98.0 1.9189060805628755 1
gene  1 2 8 -1.4554266593473202 0 99.0 -1.4554266593473202 1
gene  1 3 8 -0.13744330230437463 0 100.0 -0.13744330230437463 1
gene  1 4 8 8.01382396461499 0 101.0 8.01382396461499 1
gene  1 5 8 -5.094850583070461 0 102.0 -5.094850583070461 1
gene  1 6 8 -6.418634144284905 0 103.0 -6.418634144284905 1
gene  1 8 8 -3.6201398445359114 1 105.0 -3.6201398445359114 1
gene  1 13 8 2.8539158888061027 1 110.0 2.8539158888061027 1
gene  1 14 8 -0.34670736243140343 1 111.0 -0.34670736243140343 1
gene  1 3 13 4.251617947514316 0 170.0 4.251617947514316 1
gene  1 5 13 4.280039334390039 0 172.0 4.280039334390039 1
gene  1 7 13 1.898856869888703 0 174.0 1.898856869888703 1
gene  1 13 13 1.212234415660415 1 180.0 1.212234415660415 1
gene  1 2 14 -2.19798651780071 0 183.0 -2.19798651780071 1
gene  1 4 14 -4.618267019044079 0 185.0 -4.618267019044079 1
gene  1 6 14 -3.219951291766483 0 187.0 -3.219951291766483 1
gene  1 8 14 -1.7856285155867504 0 189.0 -1.7856285155867504 1
gene  1 13 14 1.4658726771899073 0 194.0 1.4658726771899073 1
gene  1 2 13 -0.4128572380926254 0 213.0 -0.4128572380926254 1
gene  1 4 13 9.249712754714691 0 230.0 9.249712754714691 1
gene  1 13 8 -5.400643599877726 0 244.0 -5.400643599877726 1
gene  1 7 14 1.738704383740126 0 264.0 1.738704383740126 1
gene  1 1 14 0.3519504101048898 0 299.0 0.3519504101048898 1
gene  1 5 14 0.34145457753278263 0 310.0 0.34145457753278263 1
gene  1 1 13 0.3885197934908005 0 311.0 0.3885197934908005 1
genomeend 5
genomestart  6
trait 1 2.3156897472124616 1.1820041572981141 0.040429975822587116 1.2383225027221012 0.8876970332296057 0.0 1.0519504429777482 0.6090045709865577 
node 1 1 1 1
node 2 1 1 1
node 3 1 1 1
node 4 1 1 1
node 5 1 1 1
node 6 1 1 1
node 7 1 1 3
node 8 1 0 0
node 13 1 0 2
node 14 1 0 2
gene  1 1 8 1.2161856028763989 0 98.0 1.2161856028763989 1
gene  1 2 8 0.4182051115010128 0 99.0 0.4182051115010128 1
gene  1 3 8 1.410644509019182 0 100.0 1.410644509019182 1
gene  1 4 8 5.931170170538538 0 101.0 5.931170170538538 1
gene  1 5 8 -7.332765497508346 0 102.0 -7.332765497508346 1
gene  1 6 8 -2.0848412172271273 0 103.0 -2.0848412172271273 1
gene  1 8 8 -6.072106283872077 1 105.0 -6.072106283872077 1
gene  1 13 8 3.33709855391414 1 110.0 3.33709855391414 1
gene  1 14 8 3.575334266817966 1 111.0 3.575334266817966 1
gene  1 3 13 5.127203532506536 0 170.0 5.127203532506536 1
gene  1 5 13 3.1949105265200033 0 172.0 3.1949105265200033 1
gene  1 7 13 4.505688198709464 0 174.0 4.505688198709464 1
gene  1 13 13 0.8096896933694269 1 180.0 0.8096896933694269 1
gene  1 2 14 -3.708934203639343 0 183.0 -3.708934203639343 1
gene  1 4 14 -4.815450628135965 0 185.0 -4.815450628135965 1
gene  1 6 14 -3.7649096440205376 0 187.0 -3.7649096440205376 1
gene  1 8 14 1.0917415596509368 0 189.0 1.0917415596509368 1
gene  1 13 14 1.6015752331379116 0 194.0 1.6015752331379116 1
gene  1 2 13 3.1656582721263824 0 213.0 3.1656582721263824 1
gene  1 4 13 10.39886975517078 0 230.0 10.39886975517078 1
gene  1 13 8 -3.975181166443118 0 244.0 -3.975181166443118 1
gene  1 7 14 -2.141023524362561 0 264.0 -2.141023524362561 1
gene  1 1 14 -4.000906210445829 0 299.0 -4.000906210445829 1
gene  1 5 14 -0.8319694318897874 0 310.0 -0.8319694318897874 1
gene  1 1 13 1.4718702255592537 0 311.0 1.4718702255592537 1
genomeend 6
genomestart  7
trait 1 1.3246046552763442 0.0 0.6715679179718652 0.876858839596525 0.9371719768747795 0.4004553947000543 0.4130893652942357 0.0 
node 1 1 1 1
node 2 1 1 1
node 3 1 1 1
node 4 1 1 1
node 5 1 1 1
node 6 1 1 1
node 7 1 1 3
node 8 1 0 0
node 9 1 0 0
node 10 1 0 0
node 13 1 0 2
node 14 1 0 2
node 28 1 0 0
gene  1 1 8 0.8674021185869587 0 98.0 0.8674021185869587 1
gene  1 3 8 -2.4317817095798633 0 100.0 -2.4317817095798633 1
gene  1 5 8 12.05217511408735 0 102.0 12.05217511408735 1
gene  1 6 8 -0.8018256040683287 0 103.0 -0.8018256040683287 1
gene  1 8 8 4.710576971589177 1 105.0 4.710576971589177 1
gene  1 1 9 3.126832225592054 0 112.0 3.126832225592054 1
gene  1 2 9 1.074025502387146 0 113.0 1.074025502387146 1
gene  1 3 9 -1.6969623742100717 0 114.0 -1.6969623742100717 1
gene  1 5 9 -6.322021904566052 0 116.0 -6.322021904566052 1
gene  1 7 9 4.363922345578066 0 118.0 4.363922345578066 1
gene  1 9 9 -6.829419166293614 1 120.0 -6.829419166293614 1
gene  1 10 9 -2.4092131799967107 1 121.0 -2.4092131799967107 1
gene  1 13 9 10.422685620287012 1 124.0 10.422685620287012 1
gene  1 2 10 -0.709679736524963 0 127.0 -0.709679736524963 1
gene  1 4 10 -11.099766174990275 0 129.0 -11.099766174990275 1
gene  1 5 10 -3.0382449803607336 0 130.0 -3.0382449803607336 1
gene  1 8 10 9.32083900096692 0 133.0 9.32083900096692 1
gene  1 9 10 -4.622449089421435 0 134.0 -4.622449089421435 1
gene  1 10 10 -0.18436980552840243 1 135.0 -0.18436980552840243 1
gene  1 13 10 -6.545969633957826 1 138.0 -6.545969633957826 1
gene  1 14 10 4.953407098709626 1 139.0 4.953407098709626 1
gene  1 2 13 -0.3510113239167836 0 169.0 -0.3510113239167836 1
gene  1 3 13 -2.341110348594728 0 170.0 -2.341110348594728 1
gene  1 6 13 -4.752931913721806 0 173.0 -4.752931913721806 1
gene  1 7 13 5.843757469173658 0 174.0 5.843757469173658 1
gene  1 9 13 -4.958051348128904 0 176.0 -4.958051348128904 1
gene  1 13 13 -2.2257747029253965 1 180.0 -2.2257747029253965 1
gene  1 14 13 1.4848436095231867 1 181.0 1.4848436095231867 1
gene  1 1 14 0.5598436192670033 0 182.0 0.5598436192670033 1
gene  1 3 14 8.523781708785595 0 184.0 8.523781708785595 1
gene  1 9 14 1.2036427735599797 0 190.0 1.2036427735599797 1
gene  1 10 14 3.099925567014413 0 191.0 3.099925567014413 1
gene  1 8 13 -5.997054584211941 0 207.0 -5.997054584211941 1
gene  1 1 10 0.12164223307648836 0 226.0 0.12164223307648836 1
gene  1 6 14 -1.0589905878345292 0 234.0 -1.0589905878345292 1
gene  1 8 28 0.8497595281015063 1 293.0 0.8497595281015063 1
gene  1 28 8 -6.732992162148102 0 294.0 -6.732992162148102 1
genomeend 7
genomestart  8
trait 1 1.3246046552763442 0.0 0.6715679179718652 0.876858839596525 0.9371719768747795 0.4004553947000543 0.4130893652942357 0.0 
node 1 1 1 1
node 2 1 1 1
node 3 1 1 1
node 4 1 1 1
node 5 1 1 1
node 6 1 1 1
node 7 1 1 3
node 8 1 0 0
node 9 1 0 0
node 10 1 0 0
node 13 1 0 2
node 14 1 0 2
node 28 1 0 0
gene  1 1 8 0.8865453035866804 0 98.0 0.8865453035866804 1
gene  1 3 8 -2.9795898584176665 0 100.0 -2.9795898584176665 1
gene  1 5 8 11.206872469854838 0 102.0 11.206872469854838 1
gene  1 6 8 1.1622148102917205 0 103.0 1.1622148102917205 1
gene  1 8 8 2.834271356639583 1 105.0 2.834271356639583 1
gene  1 1 9 1.1681549634888593 0 112.0 1.1681549634888593 1
gene  1 2 9 0.7864826695966263 0 113.0 0.7864826695966263 1
gene  1 3 9 0.1949717083038136 0 114.0 0.1949717083038136 1
gene  1 5 9 -5.699002475009117 0 116.0 -5.699002475009117 1
gene  1 7 9 4.8981172920499105 0 118.0 4.8981172920499105 1
gene  1 9 9 -4.929653846767305 1 120.0 -4.929653846767305 1
gene  1 10 9 -4.303997906377814 1 121.0 -4.303997906377814 1
gene  1 13 9 7.94203381886933 1 124.0 7.94203381886933 1
gene  1 2 10 -1.0269419777882414 0 127.0 -1.0269419777882414 1
gene  1 4 10 -8.725132571655871 0 129.0 -8.725132571655871 1
gene  1 5 10 -1.4846633863291245 0 130.0 -1.4846633863291245 1
gene  1 8 10 10.828428072514688 0 133.0 10.828428072514688 1
gene  1 9 10 -5.679284335889591 0 134.0 -5.679284335889591 1
gene  1 10 10 1.3835346338765553 1 135.0 1.3835346338765553 1
gene  1 13 10 -8.534353524610204 1 138.0 -8.534353524610204 1
gene  1 14 10 3.8580577465399752 1 139.0 3.8580577465399752 1
gene  1 2 13 1.340076730057601 0 169.0 1.340076730057601 1
gene  1 3 13 -3.7177754986751292 0 170.0 -3.7177754986751292 1
gene  1 6 13 -2.7175778444712266 0 173.0 -2.7175778444712266 1
gene  1 7 13 3.559342587557843 0 174.0 3.559342587557843 1
gene  1 9 13 -2.706913852388088 0 176.0 -2.706913852388088 1
gene  1 13 13 -1.1685096055514106 1 180.0 -1.1685096055514106 1
gene  1 14 13 2.8017669764961095 1 181.0 2.8017669764961095 1
gene  1 1 14 2.5051493152066664 0 182.0 2.5051493152066664 1
gene  1 3 14 7.428556258838033 0 184.0 7.428556258838033 1
gene  1 9 14 -2.5757751806863185 0 190.0 -2.5757751806863185 1
gene  1 10 14 1.1844476219825169 0 191.0 1.1844476219825169 1
gene  1 8 13 -5.997054584211941 0 207.0 -5.997054584211941 1
gene  1 1 10 1.845421708323966 0 226.0 1.845421708323966 1
gene  1 6 14 5.49309349460091 0 234.0 5.49309349460091 1
gene  1 8 28 0.8497595281015063 1 293.0 0.8497595281015063 1
gene  1 28 8 -4.7693947624246045 0 294.0 -4.7693947624246045 1
gene  1 8 9 -4.385966753879105 0 328.0 -4.385966753879105 1
genomeend 8
genomestart  9
trait 1 1.3246046552763442 0.0 0.6715679179718652 0.876858839596525 0.9371719768747795 0.4004553947000543 0.4130893652942357 0.0 
node 1 1 1 1
node 2 1 1 1
node 3 1 1 1
node 4 1 1 1
node 5 1 1 1
node 6 1 1 1
node 7 1 1 3
node 8 1 0 0
node 9 1 0 0
node 10 1 0 0
node 13 1 0 2
node 14 1 0 2
node 28 1 0 0
gene  1 1 8 0.029260300299231545 0 98.0 0.029260300299231545 1
gene  1 3 8 -3.7619681082464465 0 100.0 -3.7619681082464465 1
gene  1 5 8 9.627263022746801 0 102.0 9.627263022746801 1
gene  1 6 8 1.8498383869062223 0 103.0 1.8498383869062223 1
gene  1 8 8 4.085224197007474 1 105.0 4.085224197007474 1
gene  1 1 9 1.7753561244153375 0 112.0 1.7753561244153375 1
gene  1 2 9 2.0911445432185816 0 113.0 2.0911445432185816 1
gene  1 3 9 0.5245903128130711 0 114.0 0.5245903128130711 1
gene  1 5 9 -8.16570390683323 0 116.0 -8.16570390683323 1
gene  1 7 9 4.15116514615631 0 118.0 4.15116514615631 1
gene  1 9 9 -6.51287499161778 1 120.0 -6.51287499161778 1
gene  1 10 9 -2.981517634726088 1 121.0 -2.981517634726088 1
gene  1 13 9 7.451926670105425 1 124.0 7.451926670105425 1
gene  1 2 10 -2.99933461671819 0 127.0 -2.99933461671819 1
gene  1 4 10 -6.735770417735747 0 129.0 -6.735770417735747 1
gene  1 5 10 -0.2051897596636454 0 130.0 -0.2051897596636454 1
gene  1 8 10 13.066388001595588 0 133.0 13.066388001595588 1
gene  1 9 10 -5.956357886093049 0 134.0 -5.956357886093049 1
gene  1 10 10 3.2744715825431245 1 135.0 3.2744715825431245 1
gene  1 13 10 -6.5065903448447235 1 138.0 -6.5065903448447235 1
gene  1 14 10 1.5083786694775903 1 139.0 1.5083786694775903 1
gene  1 2 13 -0.9522101509029925 0 169.0 -0.9522101509029925 1
gene  1 3 13 -5.198190753363331 0 170.0 -5.198190753363331 1
gene  1 6 13 -4.695758310562393 0 173.0 -4.695758310562393 1
gene  1 7 13 2.2618170469570766 0 174.0 2.2618170469570766 1
gene  1 9 13 -3.308796960653231 0 176.0 -3.308796960653231 1
gene  1 13 13 -3.3159693471978513 1 180.0 -3.3159693471978513 1
gene  1 14 13 2.446138127589458 1 181.0 2.446138127589458 1
gene  1 1 14 2.3705997970335653 0 182.0 2.3705997970335653 1
gene  1 3 14 8.595593067080275 0 184.0 8.595593067080275 1
gene  1 9 14 -2.5757751806863185 0 190.0 -2.5757751806863185 1
gene  1 10 14 -0.24257847039434544 0 191.0 -0.24257847039434544 1
gene  1 8 13 -5.997054584211941 0 207.0 -5.997054584211941 1
gene  1 1 10 1.845421708323966 0 226.0 1.845421708323966 1
gene  1 6 14 -1.2427177601895314 0 234.0 -1.2427177601895314 1
gene  1 8 28 -1.3640023668910013 1 293.0 -1.3640023668910013 1
gene  1 28 8 -1.7848337302662867 0 294.0 -1.7848337302662867 1
genomeend 9
genomestart  10
trait 1 0.0 0.0 0.4047372828381034 0.0 1.1905783516961135 0.0 0.0 0.6290818923229079 
node 1 1 1 1
node 2 1 1 1
node 3 1 1 1
node 4 1 1 1
node 5 1 1 1
node 6 1 1 1
node 7 1 1 3
node 8 1 0 0
node 13 1 0 2
node 14 1 0 2
node 22 1 0 0
node 25 1 0 0
node 29 1 0 0
gene  1 1 8 2.481214527994944 0 98.0 2.481214527994944 1
gene  1 3 8 -8.07348714864882 0 100.0 -8.07348714864882 1
gene  1 4 8 -0.18531504092905965 0 101.0 -0.18531504092905965 1
gene  1 5 8 -1.46958658148317 0 102.0 -1.46958658148317 1
gene  1 6 8 2.485505062778402 0 103.0 2.485505062778402 1
gene  1 8 8 4.2939592736153065 1 105.0 4.2939592736153065 1
gene  1 1 13 1.8978352233789533 0 168.0 1.8978352233789533 1
gene  1 5 13 1.7318318054876007 0 172.0 1.7318318054876007 1
gene  1 13 13 -6.628757179022031 1 180.0 -6.628757179022031 1
gene  1 14 13 -14.014595039542776 1 181.0 -14.014595039542776 1
gene  1 2 14 2.3601565099142054 0 183.0 2.3601565099142054 1
gene  1 3 14 -1.2510517360973403 0 184.0 -1.2510517360973403 1
gene  1 5 14 5.658178576365595 0 186.0 5.658178576365595 1
gene  1 7 14 -1.652731855403093 0 188.0 -1.652731855403093 1
gene  1 8 14 -1.7486065706559 0 189.0 -1.7486065706559 1
gene  1 13 14 4.311283134564967 0 194.0 4.311283134564967 1
gene  1 2 13 -0.20293593633081142 0 236.0 -0.20293593633081142 1
gene  1 8 22 -6.237148651479464 0 240.0 -6.237148651479464 1
gene  1 22 14 7.391872839665282 0 241.0 7.391872839665282 1
gene  1 1 22 0.9200584599649588 0 245.0 0.9200584599649588 1
gene  1 13 8 1.4880387750856148 0 257.0 1.4880387750856148 1
gene  1 5 22 1.0553091574422027 0 265.0 1.0553091574422027 1
gene  1 1 25 1.844317775875124 0 279.0 1.844317775875124 1
gene  1 25 8 -1.9528038948050774 0 280.0 -1.9528038948050774 1
gene  1 8 29 -3.9840477915049544 0 297.0 -3.9840477915049544 1
gene  1 29 14 4.5171509649386 0 298.0 4.5171509649386 1
gene  1 1 14 -0.8618120387559517 0 312.0 -0.8618120387559517 1
genomeend 10
genomestart  11
trait 1 0.0 0.0 0.4047372828381034 0.0 1.1905783516961135 0.0 0.0 0.6290818923229079 
node 1 1 1 1
node 2 1 1 1
node 3 1 1 1
node 4 1 1 1
node 5 1 1 1
node 6 1 1 1
node 7 1 1 3
node 8 1 0 0
node 13 1 0 2
node 14 1 0 2
node 22 1 0 0
node 25 1 0 0
node 29 1 0 0
gene  1 1 8 2.199700579091935 0 98.0 2.199700579091935 1
gene  1 3 8 -0.6986335876465066 0 100.0 -0.6986335876465066 1
gene  1 4 8 -3.829641635427203 0 101.0 -3.829641635427203 1
gene  1 5 8 4.7553992760611745 0 102.0 4.7553992760611745 1
gene  1 6 8 15.187065008315146 0 103.0 15.187065008315146 1
gene  1 8 8 3.7985778379206914 1 105.0 3.7985778379206914 1
gene  1 1 13 3.3114299497693245 0 168.0 3.3114299497693245 1
gene  1 5 13 1.0598843922777814 0 172.0 1.0598843922777814 1
gene  1 13 13 -0.46874454394715215 1 180.0 -0.46874454394715215 1
gene  1 14 13 -13.86073621428089 1 181.0 -13.86073621428089 1
gene  1 2 14 -0.7571119126417727 0 183.0 -0.7571119126417727 1
gene  1 3 14 -0.2272620555980741 0 184.0 -0.2272620555980741 1
gene  1 5 14 5.302102989641523 0 186.0 5.302102989641523 1
gene  1 7 14 -4.438961874652181 0 188.0 -4.438961874652181 1
gene  1 8 14 -1.7429664443215316 0 189.0 -1.7429664443215316 1
gene  1 13 14 2.941412737569279 0 194.0 2.941412737569279 1
gene  1 2 13 15.190850730612011 0 236.0 15.190850730612011 1
gene  1 8 22 -7.049893470877268 0 240.0 -7.049893470877268 1
gene  1 22 14 1.6619641904552358 0 241.0 1.6619641904552358 1
gene  1 1 22 -0.3974633963333124 0 245.0 -0.3974633963333124 1
gene  1 13 8 -2.4300513445244243 0 257.0 -2.4300513445244243 1
gene  1 5 22 3.3584084099440243 0 265.0 3.3584084099440243 1
gene  1 1 25 0.6470637545830388 0 279.0 0.6470637545830388 1
gene  1 25 8 -1.2844403830673774 0 280.0 -1.2844403830673774 1
gene  1 8 29 -5.006666076105921 0 297.0 -5.006666076105921 1
gene  1 29 14 1.6076624654401819 0 298.0 1.6076624654401819 1
gene  1 1 14 -1.5426927979219682 0 312.0 -1.5426927979219682 1
genomeend 11
genomestart  12
trait 1 0.0 0.0 0.15129359452277458 0.4907559607991464 0.08358235011292536 0.3073711629624263 0.32969388154307144 0.19246702122178583 
node 1 1 1 1
node 2 1 1 1
node 3 1 1 1
node 4 1 1 1
node 5 1 1 1
node 6 1 1 1
node 7 1 1 3
node 13 1 0 2
node 14 1 0 2
gene  1 1 13 9.832974547610355 0 168.0 9.832974547610355 1
gene  1 2 13 -3.9926394040477504 0 169.0 -3.9926394040477504 1
gene  1 3 13 -1.0776527702608991 0 170.0 -1.0776527702608991 1
gene  1 4 13 -1.0439442367856646 0 171.0 -1.0439442367856646 1
gene  1 5 13 -1.2987248778429266 0 172.0 -1.2987248778429266 1
gene  1 6 13 7.536122848778582 0 173.0 7.536122848778582 1
gene  1 7 13 0.022818659075270753 0 174.0 0.022818659075270753 1
gene  1 14 13 7.696803043868368 1 181.0 7.696803043868368 1
gene  1 1 14 6.702385181605683 0 182.0 6.702385181605683 1
gene  1 2 14 -4.497537458095762 0 183.0 -4.497537458095762 1
gene  1 3 14 -1.6728370946358428 0 184.0 -1.6728370946358428 1
gene  1 13 14 0.7537036281495296 0 194.0 0.7537036281495296 1
gene  1 14 14 0.1063773734765876 1 195.0 0.1063773734765876 1
gene  1 7 14 1.5486790127835086 0 273.0 1.5486790127835086 1
gene  1 4 14 1.4750788670680688 0 283.0 1.4750788670680688 1
gene  1 5 14 -1.9007761617677557 0 303.0 -1.9007761617677557 1
gene  1 6 14 -4.505291633086418 0 307.0 -4.505291633086418 1
genomeend 12
genomestart  13
trait 1 0.0 0.0 0.15129359452277458 0.4907559607991464 0.08358235011292536 0.3073711629624263 0.32969388154307144 0.19246702122178583 
node 1 1 1 1
node 2 1 1 1
node 3 1 1 1
node 4 1 1 1
node 5 1 1 1
node 6 1 1 1
node 7 1 1 3
node 13 1 0 2
node 14 1 0 2
gene  1 1 13 6.832183706214653 0 168.0 6.832183706214653 1
gene  1 2 13 -2.65690405814325 0 169.0 -2.65690405814325 1
gene  1 3 13 -4.892537016538324 0 170.0 -4.892537016538324 1
gene  1 4 13 -1.3421882094250666 0 171.0 -1.3421882094250666 1
gene  1 5 13 -3.7331344443656156 0 172.0 -3.7331344443656156 1
gene  1 6 13 6.554285489843292 0 173.0 6.554285489843292 1
gene  1 7 13 -3.46523847224812 0 174.0 -3.46523847224812 1
gene  1 14 13 9.437579537467279 1 181.0 9.437579537467279 1
gene  1 1 14 3.8398947266907815 0 182.0 3.8398947266907815 1
gene  1 2 14 -5.335663322360665 0 183.0 -5.335663322360665 1
gene  1 3 14 -3.56338738967698 0 184.0 -3.56338738967698 1
gene  1 13 14 0.6558309994082112 0 194.0 0.6558309994082112 1
gene  1 14 14 1.9491650722096128 1 195.0 1.9491650722096128 1
gene  1 7 14 0.7709050546637072 0 273.0 0.7709050546637072 1
gene  1 4 14 -1.6047653080801467 0 283.0 -1.6047653080801467 1
gene  1 5 14 -1.6746058623979874 0 303.0 -1.6746058623979874 1
gene  1 6 14 -4.978957439557253 0 307.0 -4.978957439557253 1
genomeend 13
genomestart  14
trait 1 0.0 0.0 0.15129359452277458 0.4907559607991464 0.08358235011292536 0.3073711629624263 0.32969388154307144 0.19246702122178583 
node 1 1 1 1
node 2 1 1 1
node 3 1 1 1
node 4 1 1 1
node 5 1 1 1
node 6 1 1 1
node 7 1 1 3
node 13 1 0 2
node 14 1 0 2
gene  1 1 13 10.107785095989815 0 168.0 10.107785095989815 1
gene  1 2 13 -6.772908268967504 0 169.0 -6.772908268967504 1
gene  1 3 13 -8.463482307928071 0 170.0 -8.463482307928071 1
gene  1 4 13 -2.679449993257745 0 171.0 -2.679449993257745 1
gene  1 5 13 -3.865641393644894 0 172.0 -3.865641393644894 1
gene  1 6 13 9.47111451869524 0 173.0 9.47111451869524 1
gene  1 7 13 -2.873513692520712 0 174.0 -2.873513692520712 1
gene  1 14 13 5.342654714917453 1 181.0 5.342654714917453 1
gene  1 1 14 7.405376721307655 0 182.0 7.405376721307655 1
gene  1 2 14 -1.3986647425770908 0 183.0 -1.3986647425770908 1
gene  1 3 14 -3.096279707877141 0 184.0 -3.096279707877141 1
gene  1 13 14 -0.9847277643812672 0 194.0 -0.9847277643812672 1
gene  1 14 14 4.835776013599205 1 195.0 4.835776013599205 1
gene  1 7 14 2.1539322082542665 0 273.0 2.1539322082542665 1
gene  1 4 14 -0.5767352451887342 0 283.0 -0.5767352451887342 1
gene  1 5 14 -0.37698109647247846 0 303.0 -0.37698109647247846 1
gene  1 6 14 -5.996632795941835 0 307.0 -5.996632795941835 1
genomeend 14
genomestart  15
trait 1 0.0 0.0 0.15129359452277458 0.4907559607991464 0.08358235011292536 0.3073711629624263 0.32969388154307144 0.19246702122178583 
node 1 1 1 1
node 2 1 1 1
node 3 1 1 1
node 4 1 1 1
node 5 1 1 1
node 6 1 1 1
node 7 1 1 3
node 13 1 0 2
node 14 1 0 2
gene  1 1 13 9.148110933471294 0 168.0 9.148110933471294 1
gene  1 2 13 -4.941151773985187 0 169.0 -4.941151773985187 1
gene  1 3 13 -5.979749846968916 0 170.0 -5.979749846968916 1
gene  1 4 13 -2.3180191328269446 0 171.0 -2.3180191328269446 1
gene  1 5 13 -2.4161766993013427 0 172.0 -2.4161766993013427 1
gene  1 6 13 7.008939118794502 0 173.0 7.008939118794502 1
gene  1 7 13 -0.9844336648121802 0 174.0 -0.9844336648121802 1
gene  1 14 13 7.696803043868368 1 181.0 7.696803043868368 1
gene  1 1 14 5.007693213308608 0 182.0 5.007693213308608 1
gene  1 2 14 -2.8968012497543554 0 183.0 -2.8968012497543554 1
gene  1 3 14 -1.6728370946358428 0 184.0 -1.6728370946358428 1
gene  1 13 14 0.2073822871430523 0 194.0 0.2073822871430523 1
gene  1 14 14 2.43724768931469 1 195.0 2.43724768931469 1
gene  1 7 14 0.7024118473115306 0 273.0 0.7024118473115306 1
gene  1 4 14 -1.6047653080801467 0 283.0 -1.6047653080801467 1
gene  1 5 14 -0.37698109647247846 0 303.0 -0.37698109647247846 1
gene  1 6 14 -3.600018912072805 0 307.0 -3.600018912072805 1
genomeend 15
genomestart  16
trait 1 0.731715373568969 0.5319433208524987 0.8875428902212121 1.0172554146688002 0.2545070174269727 0.6799681748259421 0.0 0.0 
node 1 1 1 1
node 2 1 1 1
node 3 1 1 1
node 4 1 1 1
node 5 1 1 1
node 6 1 1 1
node 7 1 1 3
node 8 1 0 0
node 9 1 0 0
node 13 1 0 2
node 14 1 0 2
node 20 1 0 0
gene  1 1 8 -2.476542043171112 0 98.0 -2.476542043171112 1
gene  1 2 8 -5.992694679316218 0 99.0 -5.992694679316218 1
gene  1 3 8 3.3355794363862565 0 100.0 3.3355794363862565 1
gene  1 6 8 -1.2099989638211741 0 103.0 -1.2099989638211741 1
gene  1 8 8 2.6929929948420477 1 105.0 2.6929929948420477 1
gene  1 9 8 3.83954488084895 1 106.0 3.83954488084895 1
gene  1 13 8 0.08234610089596278 1 110.0 0.08234610089596278 1
gene  1 14 8 -4.673210859937931 1 111.0 -4.673210859937931 1
gene  1 1 9 5.998260212434488 0 112.0 5.998260212434488 1
gene  1 4 9 -0.08680817326929491 0 115.0 -0.08680817326929491 1
gene  1 5 9 0.2970555485664905 0 116.0 0.2970555485664905 1
gene  1 7 9 -1.6225519755393847 0 118.0 -1.6225519755393847 1
gene  1 9 9 2.264196951511566 1 120.0 2.264196951511566 1
gene  1 14 9 -2.5085285716867674 1 125.0 -2.5085285716867674 1
gene  1 2 13 -10.384508799699795 0 169.0 -10.384508799699795 1
gene  1 5 13 -4.3206918997494865 0 172.0 -4.3206918997494865 1
gene  1 8 13 -1.228064273237193 0 175.0 -1.228064273237193 1
gene  1 1 14 -3.668013780793856 0 182.0 -3.668013780793856 1
gene  1 2 14 8.883680503419205 0 183.0 8.883680503419205 1
gene  1 3 14 2.7472025485905998 0 184.0 2.7472025485905998 1
gene  1 6 14 11.114212374505318 0 187.0 11.114212374505318 1
gene  1 13 14 8.632410072143543 0 194.0 8.632410072143543 1
gene  1 14 14 -2.1205612278460593 1 195.0 -2.1205612278460593 1
gene  1 5 8 1.1930278318955396 0 202.0 1.1930278318955396 1
gene  1 4 13 -3.3599632349953117 0 220.0 -3.3599632349953117 1
gene  1 1 20 -2.222042101757294 0 231.0 -2.222042101757294 1
gene  1 20 14 0.19121484622948692 0 232.0 0.19121484622948692 1
genomeend 16
genomestart  17
trait 1 0.731715373568969 0.5319433208524987 0.8875428902212121 1.0172554146688002 0.2545070174269727 0.6799681748259421 0.0 0.0 
node 1 1 1 1
node 2 1 1 1
node 3 1 1 1
node 4 1 1 1
node 5 1 1 1
node 6 1 1 1
node 7 1 1 3
node 8 1 0 0
node 9 1 0 0
node 13 1 0 2
node 14 1 0 2
node 20 1 0 0
gene  1 1 8 0.09283750949690628 0 98.0 0.09283750949690628 1
gene  1 2 8 -2.4885059200698123 0 99.0 -2.4885059200698123 1
gene  1 3 8 3.7722853400282625 0 100.0 3.7722853400282625 1
gene  1 6 8 0.8463447584423707 0 103.0 0.8463447584423707 1
gene  1 8 8 0.9829243052042054 1 105.0 0.9829243052042054 1
gene  1 9 8 1.5643557002799757 1 106.0 1.5643557002799757 1
gene  1 13 8 0.033189729250198974 1 110.0 0.033189729250198974 1
gene  1 14 8 -7.411085050629918 1 111.0 -7.411085050629918 1
gene  1 1 9 5.424943127347986 0 112.0 5.424943127347986 1
gene  1 4 9 -3.0302265664149948 0 115.0 -3.0302265664149948 1
gene  1 5 9 1.17831224169131 0 116.0 1.17831224169131 1
gene  1 7 9 -1.5681397218029407 0 118.0 -1.5681397218029407 1
gene  1 9 9 0.6490711076022562 1 120.0 0.6490711076022562 1
gene  1 14 9 -2.3383881422378754 1 125.0 -2.3383881422378754 1
gene  1 2 13 -10.775103833307895 0 169.0 -10.775103833307895 1
gene  1 5 13 -2.735189675559024 0 172.0 -2.735189675559024 1
gene  1 8 13 -1.138850412269393 0 175.0 -1.138850412269393 1
gene  1 1 14 -3.154351278370152 0 182.0 -3.154351278370152 1
gene  1 2 14 11.560836507348334 0 183.0 11.560836507348334 1
gene  1 3 14 0.39377247494392104 0 184.0 0.39377247494392104 1
gene  1 6 14 12.27148544119607 0 187.0 12.27148544119607 1
gene  1 13 14 8.268740149843762 0 194.0 8.268740149843762 1
gene  1 14 14 -1.0552397758821959 1 195.0 -1.0552397758821959 1
gene  1 5 8 -1.7296831559429746 0 202.0 -1.7296831559429746 1
gene  1 4 13 1.3389471362906133 0 220.0 1.3389471362906133 1
gene  1 1 20 -2.222042101757294 0 231.0 -2.222042101757294 1
gene  1 20 14 0.8422952448311605 0 232.0 0.8422952448311605 1
genomeend 17
genomestart  18
trait 1 0.0 0.8507286365631731 0.8412243628926098 0.8164647912856297 0.6061681788876561 0.0 0.0 0.07895419735974474 
node 1 1 1 1
node 2 1 1 1
node 3 1 1 1
node 4 1 1 1
node 5 1 1 1
node 6 1 1 1
node 7 1 1 3
node 13 1 0 2
node 14 1 0 2
gene  1 1 13 1.8902492086218565 0 168.0 1.8902492086218565 1
gene  1 2 13 -4.467940211481006 0 169.0 -4.467940211481006 1
gene  1 5 13 -3.3748186070172195 0 172.0 -3.3748186070172195 1
gene  1 6 13 0.14499197519614926 0 173.0 0.14499197519614926 1
gene  1 7 13 3.7806389269539378 0 174.0 3.7806389269539378 1
gene  1 3 14 -0.4389896887971345 0 184.0 -0.4389896887971345 1
gene  1 4 14 3.9588360154811992 0 185.0 3.9588360154811992 1
gene  1 7 14 -7.584086521620317 0 188.0 -7.584086521620317 1
gene  1 13 14 8.799374017067958 0 194.0 8.799374017067958 1
gene  1 14 14 -2.0121606080426107 1 195.0 -2.0121606080426107 1
gene  1 4 13 2.5991127921916113 0 235.0 2.5991127921916113 1
gene  1 1 14 3.240889234501203 0 242.0 3.240889234501203 1
gene  1 5 14 -0.5241375396252028 0 319.0 -0.5241375396252028 1
genomeend 18
genomestart  19
trait 1 0.0 0.8507286365631731 0.8412243628926098 0.8164647912856297 0.6061681788876561 0.0 0.0 0.07895419735974474 
node 1 1 1 1
node 2 1 1 1
node 3 1 1 1
node 4 1 1 1
node 5 1 1 1
node 6 1 1 1
node 7 1 1 3
node 13 1 0 2
node 14 1 0 2
gene  1 1 13 -0.5588615106935368 0 168.0 -0.5588615106935368 1
gene  1 2 13 -4.123132682724873 0 169.0 -4.123132682724873 1
gene  1 5 13 -3.463295503930782 0 172.0 -3.463295503930782 1
gene  1 6 13 1.9557915619763397 0 173.0 1.9557915619763397 1
gene  1 7 13 5.06795295282153 0 174.0 5.06795295282153 1
gene  1 3 14 -0.6965696463251664 0 184.0 -0.6965696463251664 1
gene  1 4 14 3.3777594908465156 0 185.0 3.3777594908465156 1
gene  1 7 14 -2.3128631861573927 0 188.0 -2.3128631861573927 1
gene  1 13 14 6.327621219197342 0 194.0 6.327621219197342 1
gene  1 14 14 -4.56707959285115 1 195.0 -4.56707959285115 1
gene  1 4 13 2.288081375079588 0 235.0 2.288081375079588 1
gene  1 1 14 2.8875600125006957 0 242.0 2.8875600125006957 1
gene  1 5 14 0.16490082024683028 0 319.0 0.16490082024683028 1
genomeend 19
