genomestart  0
trait 1 0.12236385032328645 0.7740871510987878 0.0 1.2348572107762614 0.0 1.3168578850843018 1.0590140864502917 1.2664732725793504 
node 1 1 1 1
node 2 1 1 1
node 3 1 1 1
node 4 1 1 1
node 5 1 1 1
node 6 1 1 1
node 7 1 1 3
node 13 1 0 2
node 14 1 0 2
node 33 1 0 0
node 48 1 0 0
node 55 1 0 0
node 61 1 0 0
gene  1 2 13 1.7008525630058817 0 169.0 1.7008525630058817 1
gene  1 3 13 2.28241752648773 0 170.0 2.28241752648773 1
gene  1 4 13 -1.242268130327953 0 171.0 -1.242268130327953 1
gene  1 6 13 0.9958739253369263 0 173.0 0.9958739253369263 1
gene  1 7 13 0.5413471610564686 0 174.0 0.5413471610564686 1
gene  1 13 13 -1.4576515127326517 1 180.0 -1.4576515127326517 1
gene  1 1 14 -0.3159837652247848 0 182.0 -0.3159837652247848 1
gene  1 2 14 -2.6091119223918025 0 183.0 -2.6091119223918025 1
gene  1 5 14 -8.21210493981304 0 186.0 -8.21210493981304 1
gene  1 6 14 6.801463662516075 0 187.0 6.801463662516075 1
gene  1 7 14 -7.302382113121139 0 188.0 -7.302382113121139 1
gene  1 13 14 -1.6044533965915249 0 194.0 -1.6044533965915249 1
gene  1 14 14 0.6361503319816799 1 195.0 0.6361503319816799 1
gene  1 4 14 -0.5617391082878977 0 196.0 -0.5617391082878977 1
gene  1 1 13 -12.907665960992384 0 216.0 -12.907665960992384 1
gene  1 1 33 -1.9688010447280968 0 313.0 -1.9688010447280968 1
gene  1 33 14 -4.241307729083894 0 314.0 -4.241307729083894 1
gene  1 14 48 -2.3814704682934753 1 379.0 -2.3814704682934753 1
gene  1 48 14 -0.9100282410243994 0 380.0 -0.9100282410243994 1
gene  1 48 33 3.1861478498710474 0 381.0 3.1861478498710474 1
gene  1 4 33 -3.7654232264080383 0 384.0 -3.7654232264080383 1
gene  1 13 55 -1.9476441467745933 0 407.0 -1.9476441467745933 1
gene  1 55 14 0.9976074351778291 0 408.0 0.9976074351778291 1
gene  1 2 33 -6.81314581380828 0 425.0 -6.81314581380828 1
gene  1 13 33 2.5218935028100207 0 427.0 2.5218935028100207 1
gene  1 5 13 2.3566275642458185 0 436.0 2.3566275642458185 1
gene  1 7 33 1.1224539227480768 0 465.0 1.1224539227480768 1
gene  1 2 61 -5.2559103266071245 0 466.0 -5.2559103266071245 1
gene  1 61 33 1.6055507632721775 0 467.0 1.6055507632721775 1
genomeend 0
genomestart  1
trait 1 0.12236385032328645 0.7740871510987878 0.0 1.2348572107762614 0.0 1.3168578850843018 1.0590140864502917 1.2664732725793504 
node 1 1 1 1
node 2 1 1 1
node 3 1 1 1
node 4 1 1 1
node 5 1 1 1
node 6 1 1 1
node 7 1 1 3
node 13 1 0 2
node 14 1 0 2
node 33 1 0 0
node 48 1 0 0
node 55 1 0 0
node 61 1 0 0
gene  1 2 13 5.29638011005141 0 169.0 5.29638011005141 1
gene  1 3 13 -1.3596107822849963 0 170.0 -1.3596107822849963 1
gene  1 4 13 -0.9095386311931126 0 171.0 -0.9095386311931126 1
gene  1 6 13 -1.9162954742268388 0 173.0 -1.9162954742268388 1
gene  1 7 13 0.79283763059996 0 174.0 0.79283763059996 1
gene  1 13 13 1.4761458105151135 1 180.0 1.4761458105151135 1
gene  1 1 14 -1.847628773710743 0 182.0 -1.847628773710743 1
gene  1 2 14 -2.7752115252762866 0 183.0 -2.7752115252762866 1
gene  1 5 14 -6.276466821151601 0 186.0 -6.276466821151601 1
gene  1 6 14 5.709112271882367 0 187.0 5.709112271882367 1
gene  1 7 14 -3.073105498998906 0 188.0 -3.073105498998906 1
gene  1 13 14 -4.539492655209476 0 194.0 -4.539492655209476 1
gene  1 14 14 0.46471502207719206 1 195.0 0.46471502207719206 1
gene  1 4 14 0.6686198650012131 0 196.0 0.6686198650012131 1
gene  1 1 13 -11.785744281467865 0 216.0 -11.785744281467865 1
gene  1 1 33 -4.476885683575942 0 313.0 -4.476885683575942 1
gene  1 33 14 -8.102053900842868 0 314.0 -8.102053900842868 1
gene  1 14 48 -4.255644972842346 1 379.0 -4.255644972842346 1
gene  1 48 14 -0.10144882576435654 0 380.0 -0.10144882576435654 1
gene  1 48 33 5.1665453324465656 0 381.0 5.1665453324465656 1
gene  1 4 33 -2.1819194031559577 0 384.0 -2.1819194031559577 1
gene  1 13 55 0.36050739671385257 0 407.0 0.36050739671385257 1
gene  1 55 14 -3.470419507959843 0 408.0 -3.470419507959843 1
gene  1 2 33 -10.92596793048369 0 425.0 -10.92596793048369 1
gene  1 13 33 1.2333807590867338 0 427.0 1.2333807590867338 1
gene  1 5 13 -1.0394894657686131 0 436.0 -1.0394894657686131 1
gene  1 7 33 2.092955504904426 0 465.0 2.092955504904426 1
gene  1 2 61 -2.256832517298756 0 466.0 -2.256832517298756 1
gene  1 61 33 1.0865003403834295 0 467.0 1.0865003403834295 1
genomeend 1
genomestart  2
trait 1 0.26937214532678067 0.0 1.896310652799719 1.0664206773141058 1.8651080668398228 0.9057529697611906 1.2186392275033897 1.6429921308966946 
node 1 1 1 1
node 2 1 1 1
node 3 1 1 1
node 4 1 1 1
node 5 1 1 1
node 6 1 1 1
node 7 1 1 3
node 13 1 0 2
node 14 1 0 2
node 21 1 0 0
node 24 1 0 0
node 34 1 0 0
node 67 1 0 0
node 72 1 0 0
node 78 1 0 0
gene  1 1 13 2.1770488126620484 0 168.0 2.1770488126620484 0
gene  1 4 13 -0.8703810449343643 0 171.0 -0.8703810449343643 1
gene  1 5 13 -2.6571831154308097 0 172.0 -2.6571831154308097 1
gene  1 7 13 -3.7900566056119196 0 174.0 -3.7900566056119196 1
gene  1 13 13 0.2846678930844826 1 180.0 0.2846678930844826 1
gene  1 2 14 -0.2818932031102106 0 183.0 -0.2818932031102106 1
gene  1 3 14 0.07894556201155145 0 184.0 0.07894556201155145 1
gene  1 6 14 1.6672102335418615 0 187.0 1.6672102335418615 1
gene  1 13 14 -4.693344101061448 0 194.0 -4.693344101061448 1
gene  1 14 14 0.32229903592369513 1 195.0 0.32229903592369513 1
gene  1 6 13 -0.41321173834675706 0 205.0 -0.41321173834675706 1
gene  1 5 14 -0.37727237463051466 0 223.0 -0.37727237463051466 1
gene  1 3 13 2.8856526991632574 0 229.0 2.8856526991632574 1
gene  1 2 13 6.247140440545064 0 233.0 6.247140440545064 1
gene  1 1 21 17.739988031789977 0 238.0 17.739988031789977 1
gene  1 21 13 1.706577468263602 0 239.0 1.706577468263602 1
gene  1 5 21 4.298944837526792 0 253.0 4.298944837526792 1
gene  1 3 21 -3.090309637826701 0 270.0 -3.090309637826701 1
gene  1 1 24 -3.348056837500275 0 275.0 -3.348056837500275 1
gene  1 24 13 2.6721545773965762 0 276.0 2.6721545773965762 1
gene  1 3 34 5.747933700338144 0 315.0 5.747933700338144 1
gene  1 34 14 -2.1618749416997036 0 316.0 -2.1618749416997036 0
gene  1 3 24 1.3173703237506165 0 324.0 1.3173703237506165 1
gene  1 2 21 -9.991234011468297 0 350.0 -9.991234011468297 1
gene  1 34 13 -0.7304396809238195 0 355.0 -0.7304396809238195 1
gene  1 1 34 -0.517322811763745 0 361.0 -0.517322811763745 1
gene  1 7 14 -0.1823934865729654 0 388.0 -0.1823934865729654 1
gene  1 24 14 -1.6651766792651008 0 468.0 -1.6651766792651008 1
gene  1 34 67 0.8748369754846972 0 491.0 0.8748369754846972 1
gene  1 67 14 -1.162678292096524 0 492.0 -1.162678292096524 1
gene  1 1 72 -3.48912703521828 0 505.0 -3.48912703521828 1
gene  1 72 13 5.6117200610475395 0 506.0 5.6117200610475395 1
gene  1 1 78 1.0931266651776772 0 530.0 1.0931266651776772 1
gene  1 78 72 1.683748953668315 0 531.0 1.683748953668315 1
gene  1 5 72 -0.6674219999615087 0 565.0 -0.6674219999615087 1
gene  1 78 14 3.500030867125636 0 577.0 3.500030867125636 1
genomeend 2
genomestart  3
trait 1 0.26937214532678067 0.0 1.896310652799719 1.0664206773141058 1.8651080668398228 0.9057529697611906 1.2186392275033897 1.6429921308966946 
node 1 1 1 1
node 2 1 1 1
node 3 1 1 1
node 4 1 1 1
node 5 1 1 1
node 6 1 1 1
node 7 1 1 3
node 13 1 0 2
node 14 1 0 2
node 21 1 0 0
node 24 1 0 0
node 34 1 0 0
node 67 1 0 0
node 72 1 0 0
node 78 1 0 0
gene  1 1 13 7.30306679131833 0 168.0 7.30306679131833 0
gene  1 4 13 -1.231888477219445 0 171.0 -1.231888477219445 1
gene  1 5 13 -5.648521392106841 0 172.0 -5.648521392106841 1
gene  1 7 13 -4.748558696975523 0 174.0 -4.748558696975523 1
gene  1 13 13 -4.480987945790661 1 180.0 -4.480987945790661 1
gene  1 2 14 1.4910733610292337 0 183.0 1.4910733610292337 1
gene  1 3 14 -0.24326946415675255 0 184.0 -0.24326946415675255 1
gene  1 6 14 4.254062891313884 0 187.0 4.254062891313884 1
gene  1 13 14 -2.7563793221733244 0 194.0 -2.7563793221733244 1
gene  1 14 14 2.2773485845372003 1 195.0 2.2773485845372003 1
gene  1 6 13 -1.5738908211219764 0 205.0 -1.5738908211219764 1
gene  1 5 14 -4.439932532966582 0 223.0 -4.439932532966582 1
gene  1 3 13 1.546856504654651 0 229.0 1.546856504654651 1
gene  1 2 13 3.3359344138648312 0 233.0 3.3359344138648312 1
gene  1 1 21 20.52531265109694 0 238.0 20.52531265109694 1
gene  1 21 13 1.7091207191852282 0 239.0 1.7091207191852282 1
gene  1 5 21 2.0354658185220345 0 253.0 2.0354658185220345 1
gene  1 3 21 -3.172665132645167 0 270.0 -3.172665132645167 1
gene  1 1 24 -1.3009983666281095 0 275.0 -1.3009983666281095 1
gene  1 24 13 1.8358504083883378 0 276.0 1.8358504083883378 1
gene  1 3 34 6.59115644224933 0 315.0 6.59115644224933 1
gene  1 34 14 1.107672630668859 0 316.0 1.107672630668859 0
gene  1 3 24 -0.7833619209823397 0 324.0 -0.7833619209823397 1
gene  1 2 21 -10.411925062445242 0 350.0 -10.411925062445242 1
gene  1 34 13 5.352890958004256 0 355.0 5.352890958004256 1
gene  1 1 34 -0.8687346067269404 0 361.0 -0.8687346067269404 1
gene  1 7 14 -2.1546962447919866 0 388.0 -2.1546962447919866 1
gene  1 24 14 -5.553101035294554 0 468.0 -5.553101035294554 1
gene  1 34 67 -0.6063084225264408 0 491.0 -0.6063084225264408 1
gene  1 67 14 -2.6779741022128696 0 492.0 -2.6779741022128696 1
gene  1 1 72 -5.545068281089083 0 505.0 -5.545068281089083 1
gene  1 72 13 3.7864721574100972 0 506.0 3.7864721574100972 1
gene  1 1 78 -3.540916458735338 0 530.0 -3.540916458735338 1
gene  1 78 72 3.518156254449059 0 531.0 3.518156254449059 1
gene  1 5 72 2.5819847121629955 0 565.0 2.5819847121629955 1
gene  1 78 14 3.985528499446559 0 577.0 3.985528499446559 1
genomeend 3
genomestart  4
trait 1 0.26937214532678067 0.0 1.896310652799719 1.0664206773141058 1.8651080668398228 0.9057529697611906 1.2186392275033897 1.6429921308966946 
node 1 1 1 1
node 2 1 1 1
node 3 1 1 1
node 4 1 1 1
node 5 1 1 1
node 6 1 1 1
node 7 1 1 3
node 13 1 0 2
node 14 1 0 2
node 21 1 0 0
node 24 1 0 0
node 34 1 0 0
node 67 1 0 0
node 72 1 0 0
node 78 1 0 0
gene  1 1 13 10.107320572517853 0 168.0 10.107320572517853 0
gene  1 4 13 0.3598916695685932 0 171.0 0.3598916695685932 1
gene  1 5 13 -5.361151309592555 0 172.0 -5.361151309592555 1
gene  1 7 13 -2.315509788967584 0 174.0 -2.315509788967584 1
gene  1 13 13 -6.76934660109605 1 180.0 -6.76934660109605 1
gene  1 2 14 1.16368913957706 0 183.0 1.16368913957706 1
gene  1 3 14 -0.18397873212637927 0 184.0 -0.18397873212637927 1
gene  1 6 14 0.9433550143966938 0 187.0 0.9433550143966938 1
gene  1 13 14 -4.259779782318382 0 194.0 -4.259779782318382 1
gene  1 14 14 0.8328781090862346 1 195.0 0.8328781090862346 1
gene  1 6 13 0.5836108525119779 0 205.0 0.5836108525119779 1
gene  1 5 14 -1.414860559944284 0 223.0 -1.414860559944284 1
gene  1 3 13 1.0449730662906234 0 229.0 1.0449730662906234 1
gene  1 2 13 2.7291801942977516 0 233.0 2.7291801942977516 1
gene  1 1 21 18.317005271802667 0 238.0 18.317005271802667 1
gene  1 21 13 0.5742302582537235 0 239.0 0.5742302582537235 1
gene  1 5 21 0.4964888892884076 0 253.0 0.4964888892884076 1
gene  1 3 21 -3.3311142970686496 0 270.0 -3.3311142970686496 1
gene  1 1 24 -3.5376612638988023 0 275.0 -3.5376612638988023 1
gene  1 24 13 -0.6016608188632616 0 276.0 -0.6016608188632616 1
gene  1 3 34 2.4560589151822385 0 315.0 2.4560589151822385 1
gene  1 34 14 1.5934614002592067 0 316.0 1.5934614002592067 0
gene  1 3 24 -0.23416121225546427 0 324.0 -0.23416121225546427 1
gene  1 2 21 -7.159468974700513 0 350.0 -7.159468974700513 1
gene  1 34 13 -0.9699611356736032 0 355.0 -0.9699611356736032 1
gene  1 1 34 2.227324850699679 0 361.0 2.227324850699679 1
gene  1 7 14 -2.5873206458586795 0 388.0 -2.5873206458586795 1
gene  1 24 14 -1.4234638365704546 0 468.0 -1.4234638365704546 1
gene  1 34 67 3.0048676825497846 0 491.0 3.0048676825497846 1
gene  1 67 14 -2.3059157481505865 0 492.0 -2.3059157481505865 1
gene  1 1 72 -6.543806224781229 0 505.0 -6.543806224781229 1
gene  1 72 13 8.19187188528658 0 506.0 8.19187188528658 1
gene  1 1 78 1.6958017146276225 0 530.0 1.6958017146276225 1
gene  1 78 72 -0.9831425233378294 0 531.0 -0.9831425233378294 1
gene  1 5 72 -0.3301337614405975 0 565.0 -0.3301337614405975 1
gene  1 78 14 4.923253203276836 0 577.0 4.923253203276836 1
genomeend 4
genomestart  5
trait 1 1.4256522994671585 1.6350426995209824 0.747276035170299 2.969549466943627 0.71872319980739 0.4404084300883778 0.7201715107197918 0.2837832966800675 
node 1 1 1 1
node 2 1 1 1
node 3 1 1 1
node 4 1 1 1
node 5 1 1 1
node 6 1 1 1
node 7 1 1 3
node 8 1 0 0
node 13 1 0 2
node 14 1 0 2
node 39 1 0 0
node 42 1 0 0
node 51 1 0 0
node 68 1 0 0
node 77 1 0 0
gene  1 1 8 0.7849924508137267 0 98.0 0.7849924508137267 1
gene  1 2 8 -7.748044014752839 0 99.0 -7.748044014752839 1
gene  1 3 8 -3.816918299883141 0 100.0 -3.816918299883141 1
gene  1 4 8 1.2763836956540768 0 101.0 1.2763836956540768 1
gene  1 5 8 -0.1350640050066989 0 102.0 -0.1350640050066989 1
gene  1 6 8 -3.2650135713892627 0 103.0 -3.2650135713892627 1
gene  1 8 8 2.256981597517318 1 105.0 2.256981597517318 1
gene  1 13 8 -0.8176189185099099 1 110.0 -0.8176189185099099 1
gene  1 14 8 19.036168515345476 1 111.0 19.036168515345476 1
gene  1 3 13 -0.919939177090129 0 170.0 -0.919939177090129 1
gene  1 5 13 3.4969496585046347 0 172.0 3.4969496585046347 1
gene  1 7 13 2.336159391116433 0 174.0 2.336159391116433 1
gene  1 13 13 -7.624360384074639 1 180.0 -7.624360384074639 1
gene  1 2 14 6.649006973096051 0 183.0 6.649006973096051 1
gene  1 4 14 -2.3706011762562103 0 185.0 -2.3706011762562103 1
gene  1 6 14 -0.5159618576019762 0 187.0 -0.5159618576019762 1
gene  1 8 14 3.8269170436374833 0 189.0 3.8269170436374833 1
gene  1 13 14 1.8836914732956636 0 194.0 1.8836914732956636 1
gene  1 2 13 2.7375299015259573 0 213.0 2.7375299015259573 1
gene  1 4 13 5.640417038444377 0 230.0 5.640417038444377 1
gene  1 13 8 -2.1611363686802543 0 244.0 -2.1611363686802543 1
gene  1 7 14 2.4150228848644684 0 264.0 2.4150228848644684 1
gene  1 1 14 2.2261311882380417 0 299.0 2.2261311882380417 1
gene  1 5 14 -3.582707841998746 0 310.0 -3.582707841998746 1
gene  1 1 13 -4.263093703938315 0 311.0 -4.263093703938315 1
gene  1 13 39 -1.4131387893300464 0 344.0 -1.4131387893300464 1
gene  1 39 8 -1.7030791721183391 0 345.0 -1.7030791721183391 1
gene  1 6 13 0.4191157865691003 0 348.0 0.4191157865691003 1
gene  1 2 42 -2.4450672270401013 0 359.0 -2.4450672270401013 1
gene  1 42 14 -3.5217750464757973 0 360.0 -3.5217750464757973 1
gene  1 13 42 -1.1808259699116734 0 366.0 -1.1808259699116734 1
gene  1 5 51 2.468345491574642 0 396.0 2.468345491574642 1
gene  1 51 14 0.35168840665258916 0 397.0 0.35168840665258916 1
gene  1 6 42 -0.5101694192192832 0 423.0 -0.5101694192192832 1
gene  1 39 42 -4.7379293761853765 0 426.0 -4.7379293761853765 1
gene  1 51 13 -2.7485138593272613 0 475.0 -2.7485138593272613 1
gene  1 39 14 -1.6556345828605132 0 476.0 -1.6556345828605132 1
gene  1 5 39 -2.6379778241761414 0 485.0 -2.6379778241761414 1
gene  1 5 68 -3.996646136133335 0 493.0 -3.996646136133335 1
gene  1 68 39 0.6003640946404099 0 494.0 0.6003640946404099 1
gene  1 4 51 1.3688095180370057 0 514.0 1.3688095180370057 1
gene  1 39 77 -1.0774010674320995 0 528.0 -1.0774010674320995 1
gene  1 77 8 5.260517486404508 0 529.0 5.260517486404508 1
genomeend 5
genomestart  6
trait 1 0.7406206948073408 1.010449726541541 0.747276035170299 2.969549466943627 0.4651853155222945 0.0 0.7201715107197918 0.5567444199729891 
node 1 1 1 1
node 2 1 1 1
node 3 1 1 1
node 4 1 1 1
node 5 1 1 1
node 6 1 1 1
node 7 1 1 3
node 8 1 0 0
node 13 1 0 2
node 14 1 0 2
node 39 1 0 0
node 42 1 0 0
node 51 1 0 0
node 68 1 0 0
node 77 1 0 0
gene  1 1 8 -1.1438616325112005 0 98.0 -1.1438616325112005 1
gene  1 2 8 -0.0314013635002941 0 99.0 -0.0314013635002941 1
gene  1 3 8 -2.3924905780428274 0 100.0 -2.3924905780428274 1
gene  1 4 8 1.2393362478942178 0 101.0 1.2393362478942178 1
gene  1 5 8 1.868053740589029 0 102.0 1.868053740589029 1
gene  1 6 8 -1.4294444362966015 0 103.0 -1.4294444362966015 1
gene  1 8 8 1.1364421270802672 1 105.0 1.1364421270802672 1
gene  1 13 8 -3.879341455583239 1 110.0 -3.879341455583239 1
gene  1 14 8 17.18318017478643 1 111.0 17.18318017478643 1
gene  1 3 13 1.5003980527233998 0 170.0 1.5003980527233998 1
gene  1 5 13 3.2576075929642054 0 172.0 3.2576075929642054 1
gene  1 7 13 0.5209712068031558 0 174.0 0.5209712068031558 1
gene  1 13 13 -6.105435337437189 1 180.0 -6.105435337437189 1
gene  1 2 14 5.899835859184245 0 183.0 5.899835859184245 1
gene  1 4 14 -3.564596057932206 0 185.0 -3.564596057932206 1
gene  1 6 14 0.9892331215799688 0 187.0 0.9892331215799688 1
gene  1 8 14 1.3387710689175645 0 189.0 1.3387710689175645 1
gene  1 13 14 -0.5521510222844486 0 194.0 -0.5521510222844486 1
gene  1 2 13 6.73985718398489 0 213.0 6.73985718398489 1
gene  1 4 13 3.1114092364594854 0 230.0 3.1114092364594854 1
gene  1 13 8 -1.843930394087733 0 244.0 -1.843930394087733 1
gene  1 7 14 3.9368784667378973 0 264.0 3.9368784667378973 1
gene  1 1 14 1.9018150863597072 0 299.0 1.9018150863597072 1
gene  1 5 14 -2.372828411216629 0 310.0 -2.372828411216629 1
gene  1 1 13 -1.3479100155963382 0 311.0 -1.3479100155963382 1
gene  1 13 39 -1.1878623421427448 0 344.0 -1.1878623421427448 1
gene  1 39 8 -3.4638242942371833 0 345.0 -3.4638242942371833 1
gene  1 6 13 -0.44646061861697367 0 348.0 -0.44646061861697367 1
gene  1 2 42 -1.782191708603244 0 359.0 -1.782191708603244 1
gene  1 42 14 0.024783362444515955 0 360.0 0.024783362444515955 1
gene  1 13 42 1.6307371504611288 0 366.0 1.6307371504611288 1
gene  1 5 51 1.160749307577242 0 396.0 1.160749307577242 1
gene  1 51 14 -1.0496706298363803 0 397.0 -1.0496706298363803 1
gene  1 6 42 2.021727316404329 0 423.0 2.021727316404329 1
gene  1 39 42 -2.267432674302653 0 426.0 -2.267432674302653 1
gene  1 51 13 -4.537977974119498 0 475.0 -4.537977974119498 1
gene  1 39 14 0.7768903986157921 0 476.0 0.7768903986157921 1
gene  1 5 39 -5.90758294696657 0 485.0 -5.90758294696657 1
gene  1 5 68 2.2720338628831134 0 493.0 2.2720338628831134 1
gene  1 68 39 4.5480651269693215 0 494.0 4.5480651269693215 1
gene  1 4 51 1.8048032711148 0 514.0 1.8048032711148 1
gene  1 39 77 -2.4647508376804192 0 528.0 -2.4647508376804192 1
gene  1 77 8 4.056138729472257 0 529.0 4.056138729472257 1
genomeend 6
genomestart  7
trait 1 0.7406206948073408 1.010449726541541 0.747276035170299 2.969549466943627 0.6170496847254717 0.0 1.5495629337217176 0.5567444199729891 
node 1 1 1 1
node 2 1 1 1
node 3 1 1 1
node 4 1 1 1
node 5 1 1 1
node 6 1 1 1
node 7 1 1 3
node 8 1 0 0
node 13 1 0 2
node 14 1 0 2
node 39 1 0 0
node 42 1 0 0
node 51 1 0 0
node 68 1 0 0
node 77 1 0 0
gene  1 1 8 1.6556372708763138 0 98.0 1.6556372708763138 1
gene  1 2 8 -5.780080597500097 0 99.0 -5.780080597500097 1
gene  1 3 8 -3.8207346885983036 0 100.0 -3.8207346885983036 1
gene  1 4 8 1.165648656652634 0 101.0 1.165648656652634 1
gene  1 5 8 -0.02003402545616706 0 102.0 -0.02003402545616706 1
gene  1 6 8 -0.6481350128644112 0 103.0 -0.6481350128644112 1
gene  1 8 8 -0.33322595842245784 1 105.0 -0.33322595842245784 1
gene  1 13 8 -4.673077536282704 1 110.0 -4.673077536282704 1
gene  1 14 8 17.207403157095552 1 111.0 17.207403157095552 1
gene  1 3 13 1.9397888208037113 0 170.0 1.9397888208037113 1
gene  1 5 13 1.363988541434873 0 172.0 1.363988541434873 1
gene  1 7 13 2.1827074637301247 0 174.0 2.1827074637301247 1
gene  1 13 13 -5.716403707402332 1 180.0 -5.716403707402332 1
gene  1 2 14 3.874932027398126 0 183.0 3.874932027398126 1
gene  1 4 14 0.11650300491296939 0 185.0 0.11650300491296939 1
gene  1 6 14 1.048782951930988 0 187.0 1.048782951930988 1
gene  1 8 14 1.6617665738383927 0 189.0 1.6617665738383927 1
gene  1 13 14 1.2917966995897172 0 194.0 1.2917966995897172 1
gene  1 2 13 4.737939932114369 0 213.0 4.737939932114369 1
gene  1 4 13 3.004874935954929 0 230.0 3.004874935954929 1
gene  1 13 8 -1.1535560470970008 0 244.0 -1.1535560470970008 1
gene  1 7 14 2.6407323892024035 0 264.0 2.6407323892024035 1
gene  1 1 14 2.8986766910963553 0 299.0 2.8986766910963553 1
gene  1 5 14 -2.3499786715293642 0 310.0 -2.3499786715293642 1
gene  1 1 13 -5.322856295682028 0 311.0 -5.322856295682028 1
gene  1 13 39 -0.45760188333769225 0 344.0 -0.45760188333769225 1
gene  1 39 8 -1.701065653944897 0 345.0 -1.701065653944897 1
gene  1 6 13 0.21638191941331014 0 348.0 0.21638191941331014 1
gene  1 2 42 -2.0787060801837742 0 359.0 -2.0787060801837742 1
gene  1 42 14 -3.2085161117973415 0 360.0 -3.2085161117973415 1
gene  1 13 42 3.046311842805295 0 366.0 3.046311842805295 1
gene  1 5 51 1.2112861310824972 0 396.0 1.2112861310824972 1
gene  1 51 14 -0.862254748343273 0 397.0 -0.862254748343273 1
gene  1 6 42 -1.1750577966558908 0 423.0 -1.1750577966558908 1
gene  1 39 42 -4.510786769315578 0 426.0 -4.510786769315578 1
gene  1 51 13 -0.3704428317837878 0 475.0 -0.3704428317837878 1
gene  1 39 14 0.5288755045300381 0 476.0 0.5288755045300381 1
gene  1 5 39 -4.7769611620869075 0 485.0 -4.7769611620869075 1
gene  1 5 68 -0.967526094061843 0 493.0 -0.967526094061843 1
gene  1 68 39 4.257118299107523 0 494.0 4.257118299107523 1
gene  1 4 51 1.4987590851779373 0 514.0 1.4987590851779373 1
gene  1 39 77 -0.8728170565934873 0 528.0 -0.8728170565934873 1
gene  1 77 8 3.2507689832998574 0 529.0 3.2507689832998574 1
genomeend 7
genomestart  8
trait 1 2.732431393943948 0.0 0.0 0.798512545900133 0.9382603138953756 0.0 1.9280392103089152 0.8152719799274877 
node 1 1 1 1
node 2 1 1 1
node 3 1 1 1
node 4 1 1 1
node 5 1 1 1
node 6 1 1 1
node 7 1 1 3
node 8 1 0 0
node 9 1 0 0
node 10 1 0 0
node 13 1 0 2
node 14 1 0 2
node 28 1 0 0
node 41 1 0 0
node 43 1 0 0
node 47 1 0 0
node 62 1 0 0
gene  1 1 8 -14.213170619395552 0 98.0 -14.213170619395552 1
gene  1 3 8 2.3963628784135254 0 100.0 2.3963628784135254 1
gene  1 5 8 -4.9015932124130615 0 102.0 -4.9015932124130615 1
gene  1 6 8 -0.4060561864824866 0 103.0 -0.4060561864824866 1
gene  1 8 8 2.7956855076881477 1 105.0 2.7956855076881477 1
gene  1 1 9 0.7147932923799434 0 112.0 0.7147932923799434 1
gene  1 2 9 0.9287383438193413 0 113.0 0.9287383438193413 1
gene  1 3 9 6.075975133797227 0 114.0 6.075975133797227 1
gene  1 5 9 -1.653828772869005 0 116.0 -1.653828772869005 1
gene  1 7 9 -1.8972188079336558 0 118.0 -1.8972188079336558 1
gene  1 9 9 3.391301759402632 1 120.0 3.391301759402632 1
gene  1 10 9 1.8780441486846606 1 121.0 1.8780441486846606 1
gene  1 13 9 3.040573768168131 1 124.0 3.040573768168131 1
gene  1 2 10 2.408336026561769 0 127.0 2.408336026561769 1
gene  1 4 10 -0.6233195207718798 0 129.0 -0.6233195207718798 1
gene  1 5 10 -4.935431930089147 0 130.0 -4.935431930089147 1
gene  1 8 10 -4.226707962527874 0 133.0 -4.226707962527874 1
gene  1 9 10 5.750934093985357 0 134.0 5.750934093985357 1
gene  1 10 10 -1.4458030941484379 1 135.0 -1.4458030941484379 1
gene  1 13 10 -3.8587177071766354 1 138.0 -3.8587177071766354 1
gene  1 14 10 -12.098130601943001 1 139.0 -12.098130601943001 1
gene  1 2 13 2.144519631108416 0 169.0 2.144519631108416 1
gene  1 3 13 3.366994208456627 0 170.0 3.366994208456627 1
gene  1 6 13 -4.611703021258947 0 173.0 -4.611703021258947 1
gene  1 7 13 4.519747934362785 0 174.0 4.519747934362785 1
gene  1 9 13 -3.762243088406078 0 176.0 -3.762243088406078 1
gene  1 13 13 0.20358103570719016 1 180.0 0.20358103570719016 1
gene  1 14 13 2.5776277170706146 1 181.0 2.5776277170706146 1
gene  1 1 14 0.2094512231153342 0 182.0 0.2094512231153342 1
gene  1 3 14 -4.10031580291139 0 184.0 -4.10031580291139 1
gene  1 9 14 0.27470684149047325 0 190.0 0.27470684149047325 1
gene  1 10 14 -2.391385997154132 0 191.0 -2.391385997154132 1
gene  1 8 13 -0.38289555710733447 0 207.0 -0.38289555710733447 1
gene  1 1 10 2.381831589552221 0 226.0 2.381831589552221 1
gene  1 6 14 -1.6451557053407129 0 234.0 -1.6451557053407129 1
gene  1 8 28 -0.7040729917989125 1 293.0 -0.7040729917989125 1
gene  1 28 8 1.4287828907002653 0 294.0 1.4287828907002653 1
gene  1 8 9 -6.510416390928333 0 328.0 -6.510416390928333 1
gene  1 8 41 -1.9302043702410283 1 357.0 -1.9302043702410283 1
gene  1 41 8 3.3235517165740176 0 358.0 3.3235517165740176 1
gene  1 14 43 5.7608351127996436 1 364.0 5.7608351127996436 1
gene  1 43 10 -1.9534109267824429 0 365.0 -1.9534109267824429 1
gene  1 5 47 -1.5949654901075638 0 375.0 -1.5949654901075638 1
gene  1 47 9 1.8283642769757984 0 376.0 1.8283642769757984 1
gene  1 41 14 -1.7042183934948003 0 387.0 -1.7042183934948003 1
gene  1 4 28 -3.1017077422815227 0 419.0 -3.1017077422815227 1
gene  1 2 28 -0.6558954071021703 0 429.0 -0.6558954071021703 1
gene  1 1 62 0.6101212852789115 0 470.0 0.6101212852789115 1
gene  1 62 9 -6.435442473709227 0 471.0 -6.435442473709227 1
gene  1 8 14 -1.837403885474289 0 484.0 -1.837403885474289 1
gene  1 1 13 1.4455309759890609 0 489.0 1.4455309759890609 1
gene  1 28 10 -1.4606307243880188 0 510.0 -1.4606307243880188 1
gene  1 2 41 -5.8600304402515775 0 515.0 -5.8600304402515775 1
gene  1 41 47 6.0356628876482805 0 548.0 6.0356628876482805 1
genomeend 8
genomestart  9
trait 1 2.732431393943948 0.0 0.0 0.798512545900133 0.9382603138953756 0.0 1.9280392103089152 0.8152719799274877 
node 1 1 1 1
node 2 1 1 1
node 3 1 1 1
node 4 1 1 1
node 5 1 1 1
node 6 1 1 1
node 7 1 1 3
node 8 1 0 0
node 9 1 0 0
node 10 1 0 0
node 13 1 0 2
node 14 1 0 2
node 28 1 0 0
node 41 1 0 0
node 43 1 0 0
node 47 1 0 0
node 62 1 0 0
gene  1 1 8 -11.239910890335112 0 98.0 -11.239910890335112 1
gene  1 3 8 -3.656714351088022 0 100.0 -3.656714351088022 1
gene  1 5 8 -1.5504173263474859 0 102.0 -1.5504173263474859 1
gene  1 6 8 -3.7875951943234405 0 103.0 -3.7875951943234405 1
gene  1 8 8 2.004369357219948 1 105.0 2.004369357219948 1
gene  1 1 9 -0.2760172292328851 0 112.0 -0.2760172292328851 1
gene  1 2 9 0.32662806594463256 0 113.0 0.32662806594463256 1
gene  1 3 9 5.881814264420679 0 114.0 5.881814264420679 1
gene  1 5 9 -4.504650805563127 0 116.0 -4.504650805563127 1
gene  1 7 9 -1.1929619416597679 0 118.0 -1.1929619416597679 1
gene  1 9 9 1.8258668991243225 1 120.0 1.8258668991243225 1
gene  1 10 9 -0.13623057298414865 1 121.0 -0.13623057298414865 1
gene  1 13 9 3.8967776264154144 1 124.0 3.8967776264154144 1
gene  1 2 10 1.4623635959765424 0 127.0 1.4623635959765424 1
gene  1 4 10 -1.3424270937053027 0 129.0 -1.3424270937053027 1
gene  1 5 10 -6.776981788337633 0 130.0 -6.776981788337633 1
gene  1 8 10 -4.501601358068518 0 133.0 -4.501601358068518 1
gene  1 9 10 3.0893808308114927 0 134.0 3.0893808308114927 1
gene  1 10 10 -8.285593778883268 1 135.0 -8.285593778883268 1
gene  1 13 10 -2.6009060129697525 1 138.0 -2.6009060129697525 1
gene  1 14 10 -9.389952152758864 1 139.0 -9.389952152758864 1
gene  1 2 13 2.6471549685884743 0 169.0 2.6471549685884743 1
gene  1 3 13 4.03116973098394 0 170.0 4.03116973098394 1
gene  1 6 13 -4.5807653618408715 0 173.0 -4.5807653618408715 1
gene  1 7 13 2.794455698767595 0 174.0 2.794455698767595 1
gene  1 9 13 -3.4735930365339 0 176.0 -3.4735930365339 1
gene  1 13 13 -6.78577026474335 1 180.0 -6.78577026474335 1
gene  1 14 13 4.1806859529101725 1 181.0 4.1806859529101725 1
gene  1 1 14 2.0531307120559568 0 182.0 2.0531307120559568 1
gene  1 3 14 -5.227347517966086 0 184.0 -5.227347517966086 1
gene  1 9 14 -6.832638160015903 0 190.0 -6.832638160015903 1
gene  1 10 14 -0.9688757069722562 0 191.0 -0.9688757069722562 1
gene  1 8 13 0.27575117422299167 0 207.0 0.27575117422299167 1
gene  1 1 10 -9.711391925708291 0 226.0 -9.711391925708291 1
gene  1 6 14 -1.2141977375265478 0 234.0 -1.2141977375265478 1
gene  1 8 28 0.7527031629704264 1 293.0 0.7527031629704264 1
gene  1 28 8 -0.5486914940266414 0 294.0 -0.5486914940266414 1
gene  1 8 9 -7.584500803824361 0 328.0 -7.584500803824361 1
gene  1 8 41 -3.8128855890630216 1 357.0 -3.8128855890630216 1
gene  1 41 8 2.178690244749437 0 358.0 2.178690244749437 1
gene  1 14 43 4.255544470025207 1 364.0 4.255544470025207 1
gene  1 43 10 6.938103304351471 0 365.0 6.938103304351471 1
gene  1 5 47 0.18091317115888272 0 375.0 0.18091317115888272 1
gene  1 47 9 0.5152389024184163 0 376.0 0.5152389024184163 1
gene  1 41 14 2.7692218372761923 0 387.0 2.7692218372761923 1
gene  1 4 28 -3.829568679289002 0 419.0 -3.829568679289002 1
gene  1 2 28 1.469226529780532 0 429.0 1.469226529780532 1
gene  1 1 62 -2.0724325554911447 0 470.0 -2.0724325554911447 1
gene  1 62 9 -1.5943736115727039 0 471.0 -1.5943736115727039 1
gene  1 8 14 0.4531109322095339 0 484.0 0.4531109322095339 1
gene  1 1 13 0.1033927138593918 0 489.0 0.1033927138593918 1
gene  1 28 10 -1.050616949805394 0 510.0 -1.050616949805394 1
gene  1 2 41 -5.8600304402515775 0 515.0 -5.8600304402515775 1
gene  1 41 47 2.079073099884326 0 548.0 2.079073099884326 1
genomeend 9
genomestart  10
trait 1 0.5140788408839586 0.8873748177225173 0.2441704853234845 0.19410325956016972 3.1752136023158166 0.0 0.8455906169698789 0.8886638356595803 
node 1 1 1 1
node 2 1 1 1
node 3 1 1 1
node 4 1 1 1
node 5 1 1 1
node 6 1 1 1
node 7 1 1 3
node 8 1 0 0
node 13 1 0 2
node 14 1 0 2
node 22 1 0 0
node 25 1 0 0
node 29 1 0 0
node 57 1 0 0
node 65 1 0 0
node 76 1 0 0
node 87 1 0 0
gene  1 1 8 -4.490168268329028 0 98.0 -4.490168268329028 1
gene  1 3 8 2.381346300420856 0 100.0 2.381346300420856 1
gene  1 4 8 -10.153668663490642 0 101.0 -10.153668663490642 1
gene  1 5 8 1.7666435463071262 0 102.0 1.7666435463071262 1
gene  1 6 8 0.5864546978947693 0 103.0 0.5864546978947693 1
gene  1 8 8 -3.630152923812102 1 105.0 -3.630152923812102 1
gene  1 1 13 2.6530646656021806 0 168.0 2.6530646656021806 1
gene  1 5 13 0.8776805708960467 0 172.0 0.8776805708960467 1
gene  1 13 13 1.5922461608967673 1 180.0 1.5922461608967673 1
gene  1 14 13 -4.904408773236641 1 181.0 -4.904408773236641 1
gene  1 2 14 -0.7644202360337791 0 183.0 -0.7644202360337791 1
gene  1 3 14 11.298129919223115 0 184.0 11.298129919223115 1
gene  1 5 14 1.3774244775546327 0 186.0 1.3774244775546327 1
gene  1 7 14 -3.327207476853799 0 188.0 -3.327207476853799 1
gene  1 8 14 7.623437535697073 0 189.0 7.623437535697073 1
gene  1 13 14 -3.9057591824605997 0 194.0 -3.9057591824605997 1
gene  1 2 13 -2.8650672891236066 0 236.0 -2.8650672891236066 1
gene  1 8 22 1.0687855797342027 0 240.0 1.0687855797342027 0
gene  1 22 14 -0.4181277777526313 0 241.0 -0.4181277777526313 1
gene  1 1 22 1.6375116684995648 0 245.0 1.6375116684995648 1
gene  1 13 8 -1.298518045065458 0 257.0 -1.298518045065458 1
gene  1 5 22 -0.3971431677597487 0 265.0 -0.3971431677597487 1
gene  1 1 25 -0.7481532336978467 0 279.0 -0.7481532336978467 1
gene  1 25 8 0.3974331665942062 0 280.0 0.3974331665942062 1
gene  1 8 29 -2.878765854075441 0 297.0 -2.878765854075441 1
gene  1 29 14 -8.59489752701693 0 298.0 -8.59489752701693 1
gene  1 1 14 2.3237978455774213 0 312.0 2.3237978455774213 1
gene  1 2 29 -2.9876216004979304 0 330.0 -2.9876216004979304 1
gene  1 5 25 3.1132167923092147 0 343.0 3.1132167923092147 1
gene  1 6 29 -1.0761760070031028 0 386.0 -1.0761760070031028 1
gene  1 22 29 -5.344119020749967 0 416.0 -5.344119020749967 1
gene  1 4 14 0.023243543168997904 0 424.0 0.023243543168997904 1
gene  1 4 29 5.067454944373669 0 432.0 5.067454944373669 1
gene  1 8 57 -1.607206275437845 0 437.0 -1.607206275437845 1
gene  1 57 14 -2.3690988265484156 0 438.0 -2.3690988265484156 1
gene  1 3 22 -9.251446086021605 0 440.0 -9.251446086021605 1
gene  1 2 25 -0.813512084829636 0 455.0 -0.813512084829636 1
gene  1 1 65 -3.164569772141304 0 481.0 -3.164569772141304 1
gene  1 65 25 1.7892180103665767 0 482.0 1.7892180103665767 1
gene  1 8 76 2.2930769313326413 0 525.0 2.2930769313326413 1
gene  1 76 22 0.8367890013565342 0 526.0 0.8367890013565342 1
gene  1 2 87 2.298106296788932 0 560.0 2.298106296788932 1
gene  1 87 14 -1.8830040195149829 0 561.0 -1.8830040195149829 1
genomeend 10
genomestart  11
trait 1 0.5140788408839586 0.28986478643217717 0.2441704853234845 0.5314796224840325 3.1752136023158166 0.0 0.8455906169698789 0.4629835320970156 
node 1 1 1 1
node 2 1 1 1
node 3 1 1 1
node 4 1 1 1
node 5 1 1 1
node 6 1 1 1
node 7 1 1 3
node 8 1 0 0
node 13 1 0 2
node 14 1 0 2
node 22 1 0 0
node 25 1 0 0
node 29 1 0 0
node 57 1 0 0
node 65 1 0 0
node 76 1 0 0
node 87 1 0 0
gene  1 1 8 -4.64158517828945 0 98.0 -4.64158517828945 1
gene  1 3 8 -1.3670718691764716 0 100.0 -1.3670718691764716 1
gene  1 4 8 -9.428935543184478 0 101.0 -9.428935543184478 1
gene  1 5 8 -0.34645620892061857 0 102.0 -0.34645620892061857 1
gene  1 6 8 0.23860454020287386 0 103.0 0.23860454020287386 1
gene  1 8 8 -2.812009594550413 1 105.0 -2.812009594550413 1
gene  1 1 13 -0.6165550099372661 0 168.0 -0.6165550099372661 1
gene  1 5 13 1.6919810882308444 0 172.0 1.6919810882308444 1
gene  1 13 13 2.5813717430173955 1 180.0 2.5813717430173955 1
gene  1 14 13 -0.38324808828903045 1 181.0 -0.38324808828903045 1
gene  1 2 14 -3.5357184115452194 0 183.0 -3.5357184115452194 1
gene  1 3 14 11.283423717195848 0 184.0 11.283423717195848 1
gene  1 5 14 -1.0647182722761819 0 186.0 -1.0647182722761819 1
gene  1 7 14 0.06951538231286691 0 188.0 0.06951538231286691 1
gene  1 8 14 7.487143701444618 0 189.0 7.487143701444618 1
gene  1 13 14 -0.3305517190296905 0 194.0 -0.3305517190296905 1
gene  1 2 13 -1.1967594548789726 0 236.0 -1.1967594548789726 1
gene  1 8 22 -0.9532543264583238 0 240.0 -0.9532543264583238 0
gene  1 22 14 -1.5959224048264944 0 241.0 -1.5959224048264944 1
gene  1 1 22 2.065124182777775 0 245.0 2.065124182777775 1
gene  1 13 8 2.072841668011041 0 257.0 2.072841668011041 1
gene  1 5 22 2.046700012571191 0 265.0 2.046700012571191 1
gene  1 1 25 -5.1709286973911865 0 279.0 -5.1709286973911865 1
gene  1 25 8 1.8398506481587324 0 280.0 1.8398506481587324 1
gene  1 8 29 1.6542674431826785 0 297.0 1.6542674431826785 1
gene  1 29 14 -8.139641238644638 0 298.0 -8.139641238644638 1
gene  1 1 14 -2.2677670717800384 0 312.0 -2.2677670717800384 1
gene  1 2 29 -1.9818575174682103 0 330.0 -1.9818575174682103 1
gene  1 5 25 -0.8300285548690965 0 343.0 -0.8300285548690965 1
gene  1 6 29 1.8946742885489756 0 386.0 1.8946742885489756 1
gene  1 22 29 -5.380410143333201 0 416.0 -5.380410143333201 1
gene  1 4 14 -0.328620571913974 0 424.0 -0.328620571913974 1
gene  1 4 29 4.310276178937541 0 432.0 4.310276178937541 1
gene  1 8 57 -1.89754855075067 0 437.0 -1.89754855075067 1
gene  1 57 14 -3.363872585743598 0 438.0 -3.363872585743598 1
gene  1 3 22 -8.331715489770776 0 440.0 -8.331715489770776 1
gene  1 2 25 -1.2905590110108578 0 455.0 -1.2905590110108578 1
gene  1 1 65 1.3037541670785011 0 481.0 1.3037541670785011 1
gene  1 65 25 -0.5510240360480569 0 482.0 -0.5510240360480569 1
gene  1 8 76 1.3603716205265384 0 525.0 1.3603716205265384 1
gene  1 76 22 2.9822703112250872 0 526.0 2.9822703112250872 1
gene  1 2 87 1.6004571934339742 0 560.0 1.6004571934339742 1
gene  1 87 14 1.4340614018893105 0 561.0 1.4340614018893105 1
genomeend 11
genomestart  12
trait 1 0.5140788408839586 0.28986478643217717 0.2441704853234845 0.5314796224840325 3.1752136023158166 0.0 0.8455906169698789 0.4629835320970156 
node 1 1 1 1
node 2 1 1 1
node 3 1 1 1
node 4 1 1 1
node 5 1 1 1
node 6 1 1 1
node 7 1 1 3
node 8 1 0 0
node 13 1 0 2
node 14 1 0 2
node 22 1 0 0
node 25 1 0 0
node 29 1 0 0
node 57 1 0 0
node 65 1 0 0
node 76 1 0 0
node 87 1 0 0
gene  1 1 8 -2.1791240173877773 0 98.0 -2.1791240173877773 1
gene  1 3 8 1.750291997875221 0 100.0 1.750291997875221 1
gene  1 4 8 -9.884766564430072 0 101.0 -9.884766564430072 1
gene  1 5 8 -2.012247271809617 0 102.0 -2.012247271809617 1
gene  1 6 8 0.1517609293566058 0 103.0 0.1517609293566058 1
gene  1 8 8 -1.6792247813370844 1 105.0 -1.6792247813370844 1
gene  1 1 13 2.8238504794219876 0 168.0 2.8238504794219876 1
gene  1 5 13 -0.45620605503738587 0 172.0 -0.45620605503738587 1
gene  1 13 13 -0.5895970671775534 1 180.0 -0.5895970671775534 1
gene  1 14 13 -0.3759667867043839 1 181.0 -0.3759667867043839 1
gene  1 2 14 0.6541172619354114 0 183.0 0.6541172619354114 1
gene  1 3 14 7.829371663369195 0 184.0 7.829371663369195 1
gene  1 5 14 1.9443117022235301 0 186.0 1.9443117022235301 1
gene  1 7 14 -3.4173596475904278 0 188.0 -3.4173596475904278 1
gene  1 8 14 7.94698649363193 0 189.0 7.94698649363193 1
gene  1 13 14 -4.6593285843333465 0 194.0 -4.6593285843333465 1
gene  1 2 13 0.9707738189866262 0 236.0 0.9707738189866262 1
gene  1 8 22 -0.7696408199858051 0 240.0 -0.7696408199858051 0
gene  1 22 14 -3.5146186477909076 0 241.0 -3.5146186477909076 1
gene  1 1 22 3.635122461304599 0 245.0 3.635122461304599 1
gene  1 13 8 -2.3725784333643585 0 257.0 -2.3725784333643585 1
gene  1 5 22 0.9493597490640426 0 265.0 0.9493597490640426 1
gene  1 1 25 -2.5491953180607867 0 279.0 -2.5491953180607867 1
gene  1 25 8 2.4629501528175695 0 280.0 2.4629501528175695 1
gene  1 8 29 1.1048907385697513 0 297.0 1.1048907385697513 1
gene  1 29 14 -5.11459243281908 0 298.0 -5.11459243281908 1
gene  1 1 14 -2.93002527442209 0 312.0 -2.93002527442209 1
gene  1 2 29 -0.027893771663527245 0 330.0 -0.027893771663527245 1
gene  1 5 25 3.0119286540688854 0 343.0 3.0119286540688854 1
gene  1 6 29 2.671557185955075 0 386.0 2.671557185955075 1
gene  1 22 29 -4.631456703772217 0 416.0 -4.631456703772217 1
gene  1 4 14 0.08678229768198098 0 424.0 0.08678229768198098 1
gene  1 4 29 2.43555647423365 0 432.0 2.43555647423365 1
gene  1 8 57 0.41005693266634613 0 437.0 0.41005693266634613 1
gene  1 57 14 -4.539308954299303 0 438.0 -4.539308954299303 1
gene  1 3 22 -9.003112201217807 0 440.0 -9.003112201217807 1
gene  1 2 25 -2.820829429672419 0 455.0 -2.820829429672419 1
gene  1 1 65 -1.0351306191345102 0 481.0 -1.0351306191345102 1
gene  1 65 25 1.5186524156609607 0 482.0 1.5186524156609607 1
gene  1 8 76 1.2357725734643887 0 525.0 1.2357725734643887 1
gene  1 76 22 0.8367890013565342 0 526.0 0.8367890013565342 1
gene  1 2 87 1.6130367961356722 0 560.0 1.6130367961356722 1
gene  1 87 14 0.1981231689441495 0 561.0 0.1981231689441495 1
genomeend 12
genomestart  13
trait 1 1.9492969961009945 0.0 0.4289699328456915 1.1835456827051778 0.0 0.7294252873384013 0.042201429445747896 0.0 
node 1 1 1 1
node 2 1 1 1
node 3 1 1 1
node 4 1 1 1
node 5 1 1 1
node 6 1 1 1
node 7 1 1 3
node 13 1 0 2
node 14 1 0 2
node 49 1 0 0
node 73 1 0 0
node 81 1 0 0
gene  1 1 13 -6.042373335428774 0 168.0 -6.042373335428774 1
gene  1 2 13 -7.408543811257941 0 169.0 -7.408543811257941 1
gene  1 3 13 0.5613203029835436 0 170.0 0.5613203029835436 1
gene  1 4 13 -0.5615174381602364 0 171.0 -0.5615174381602364 1
gene  1 5 13 -3.466232945545948 0 172.0 -3.466232945545948 1
gene  1 6 13 -0.15027415046579673 0 173.0 -0.15027415046579673 1
gene  1 7 13 2.695262459450003 0 174.0 2.695262459450003 1
gene  1 14 13 -2.015602814457524 1 181.0 -2.015602814457524 1
gene  1 1 14 0.899739755782476 0 182.0 0.899739755782476 1
gene  1 2 14 7.866909135818353 0 183.0 7.866909135818353 1
gene  1 3 14 -2.010534100030905 0 184.0 -2.010534100030905 1
gene  1 13 14 1.0038252927350735 0 194.0 1.0038252927350735 1
gene  1 14 14 5.632736684772041 1 195.0 5.632736684772041 1
gene  1 7 14 -3.8491464739611874 0 273.0 -3.8491464739611874 1
gene  1 4 14 -1.469842251738614 0 283.0 -1.469842251738614 1
gene  1 5 14 3.6094456100372647 0 303.0 3.6094456100372647 1
gene  1 6 14 2.575994506360174 0 307.0 2.575994506360174 1
gene  1 3 49 0.7111887648450399 0 389.0 0.7111887648450399 1
gene  1 49 13 -5.238679848198263 0 390.0 -5.238679848198263 1
gene  1 5 49 7.380141015133972 0 403.0 7.380141015133972 1
gene  1 1 49 2.601386228031431 0 430.0 2.601386228031431 1
gene  1 7 49 1.281449687419408 0 456.0 1.281449687419408 1
gene  1 4 49 -6.363898652927785 0 495.0 -6.363898652927785 1
gene  1 6 73 1.8734077404419336 0 508.0 1.8734077404419336 1
gene  1 73 13 -3.699850263999858 0 509.0 -3.699850263999858 1
gene  1 6 81 -1.1818690656304354 0 542.0 -1.1818690656304354 1
gene  1 81 73 -1.6457652301079269 0 543.0 -1.6457652301079269 1
gene  1 81 49 -2.556315878229836 0 569.0 -2.556315878229836 1
genomeend 13
genomestart  14
trait 1 0.0 0.5319433208524987 1.2381570377802138 1.1036226464327767 0.10522835245191364 0.39032959932087685 0.0 0.0 
node 1 1 1 1
node 2 1 1 1
node 3 1 1 1
node 4 1 1 1
node 5 1 1 1
node 6 1 1 1
node 7 1 1 3
node 8 1 0 0
node 9 1 0 0
node 13 1 0 2
node 14 1 0 2
node 20 1 0 0
node 56 1 0 0
node 60 1 0 0
node 79 1 0 0
node 92 1 0 0
node 94 1 0 0
gene  1 1 8 -1.3909107380840218 0 98.0 -1.3909107380840218 1
gene  1 2 8 0.8000180581875932 0 99.0 0.8000180581875932 1
gene  1 3 8 -2.5442219956984964 0 100.0 -2.5442219956984964 1
gene  1 6 8 -1.9467068796410605 0 103.0 -1.9467068796410605 1
gene  1 8 8 1.5054354510177643 1 105.0 1.5054354510177643 1
gene  1 9 8 0.27090450408514904 1 106.0 0.27090450408514904 1
gene  1 13 8 -5.461206687494476 1 110.0 -5.461206687494476 1
gene  1 14 8 -0.34831656146147527 1 111.0 -0.34831656146147527 1
gene  1 1 9 2.301236448665086 0 112.0 2.301236448665086 1
gene  1 4 9 4.205484380032332 0 115.0 4.205484380032332 1
gene  1 5 9 6.773655915573522 0 116.0 6.773655915573522 1
gene  1 7 9 1.6174217157220756 0 118.0 1.6174217157220756 1
gene  1 9 9 3.638261693996532 1 120.0 3.638261693996532 1
gene  1 14 9 0.8972010408178915 1 125.0 0.8972010408178915 1
gene  1 2 13 3.224353261150445 0 169.0 3.224353261150445 1
gene  1 5 13 -2.796986496618435 0 172.0 -2.796986496618435 0
gene  1 8 13 -3.158082552531975 0 175.0 -3.158082552531975 1
gene  1 1 14 -0.08310541093995483 0 182.0 -0.08310541093995483 1
gene  1 2 14 -1.549111879125367 0 183.0 -1.549111879125367 1
gene  1 3 14 1.5779977421806681 0 184.0 1.5779977421806681 1
gene  1 6 14 -1.7056067872993232 0 187.0 -1.7056067872993232 1
gene  1 13 14 -3.302244426800682 0 194.0 -3.302244426800682 1
gene  1 14 14 1.0570017527798914 1 195.0 1.0570017527798914 1
gene  1 5 8 2.516848390191969 0 202.0 2.516848390191969 1
gene  1 4 13 -4.732269772935733 0 220.0 -4.732269772935733 1
gene  1 1 20 3.002483908283404 0 231.0 3.002483908283404 1
gene  1 20 14 3.1105559036904875 0 232.0 3.1105559036904875 1
gene  1 1 13 -2.853346914297302 0 329.0 -2.853346914297302 1
gene  1 13 20 -0.8322408453661732 0 337.0 -0.8322408453661732 1
gene  1 4 20 -2.488568805566275 0 339.0 -2.488568805566275 1
gene  1 9 8 2.436231900523487 0 404.0 2.436231900523487 1
gene  1 8 14 1.16745638409171 0 410.0 1.16745638409171 1
gene  1 5 56 -0.717036906401697 0 434.0 -0.717036906401697 1
gene  1 56 8 -2.543755196616651 0 435.0 -2.543755196616651 1
gene  1 2 9 -0.48389295833557605 0 448.0 -0.48389295833557605 1
gene  1 3 60 4.583248905481739 0 458.0 4.583248905481739 1
gene  1 60 8 2.8955416801106226 0 459.0 2.8955416801106226 1
gene  1 1 60 1.7472365885759265 0 479.0 1.7472365885759265 1
gene  1 7 56 -0.41337001634877885 0 520.0 -0.41337001634877885 1
gene  1 13 79 1.7557661754781482 0 537.0 1.7557661754781482 1
gene  1 79 20 0.224682312630888 0 538.0 0.224682312630888 1
gene  1 3 79 5.450832937466715 0 556.0 5.450832937466715 1
gene  1 5 92 3.92148727983718 0 575.0 3.92148727983718 1
gene  1 92 13 -5.914922818508021 0 576.0 -5.914922818508021 1
gene  1 14 94 2.182698817302893 1 582.0 2.182698817302893 1
gene  1 94 8 -10.280078163962653 0 583.0 -10.280078163962653 1
genomeend 14
genomestart  15
trait 1 0.0 0.5319433208524987 1.2381570377802138 1.1036226464327767 0.10522835245191364 0.39032959932087685 0.0 0.0 
node 1 1 1 1
node 2 1 1 1
node 3 1 1 1
node 4 1 1 1
node 5 1 1 1
node 6 1 1 1
node 7 1 1 3
node 8 1 0 0
node 9 1 0 0
node 13 1 0 2
node 14 1 0 2
node 20 1 0 0
node 56 1 0 0
node 60 1 0 0
node 79 1 0 0
node 92 1 0 0
node 94 1 0 0
gene  1 1 8 -3.1910785640990427 0 98.0 -3.1910785640990427 1
gene  1 2 8 1.5222163120943084 0 99.0 1.5222163120943084 1
gene  1 3 8 1.1741634762555253 0 100.0 1.1741634762555253 1
gene  1 6 8 1.88234060019725 0 103.0 1.88234060019725 1
gene  1 8 8 -3.2472082496608423 1 105.0 -3.2472082496608423 1
gene  1 9 8 -3.280378908539487 1 106.0 -3.280378908539487 1
gene  1 13 8 -7.659013232893928 1 110.0 -7.659013232893928 1
gene  1 14 8 0.5412951948530312 1 111.0 0.5412951948530312 1
gene  1 1 9 2.3370789883721588 0 112.0 2.3370789883721588 1
gene  1 4 9 1.2961050844882531 0 115.0 1.2961050844882531 1
gene  1 5 9 6.026725950130588 0 116.0 6.026725950130588 1
gene  1 7 9 -5.1663007203470235 0 118.0 -5.1663007203470235 1
gene  1 9 9 2.3123367392507883 1 120.0 2.3123367392507883 1
gene  1 14 9 -4.577754807853184 1 125.0 -4.577754807853184 1
gene  1 2 13 4.593375117735619 0 169.0 4.593375117735619 1
gene  1 5 13 -7.242559971851735 0 172.0 -7.242559971851735 0
gene  1 8 13 -0.5665752133014539 0 175.0 -0.5665752133014539 1
gene  1 1 14 -0.7156401576661223 0 182.0 -0.7156401576661223 1
gene  1 2 14 -2.876434801879128 0 183.0 -2.876434801879128 1
gene  1 3 14 0.09417142993450556 0 184.0 0.09417142993450556 1
gene  1 6 14 -3.011486074331037 0 187.0 -3.011486074331037 1
gene  1 13 14 -1.1657712819827366 0 194.0 -1.1657712819827366 1
gene  1 14 14 -0.9408007134934799 1 195.0 -0.9408007134934799 1
gene  1 5 8 0.18304478386760692 0 202.0 0.18304478386760692 1
gene  1 4 13 -3.8757472409636753 0 220.0 -3.8757472409636753 1
gene  1 1 20 0.5419801287763817 0 231.0 0.5419801287763817 1
gene  1 20 14 4.488544978307093 0 232.0 4.488544978307093 1
gene  1 1 13 -2.4763079448409835 0 329.0 -2.4763079448409835 1
gene  1 13 20 -3.3738654414844635 0 337.0 -3.3738654414844635 1
gene  1 4 20 -2.3488064421180765 0 339.0 -2.3488064421180765 1
gene  1 9 8 3.448971412123874 0 404.0 3.448971412123874 1
gene  1 8 14 1.9984233243347447 0 410.0 1.9984233243347447 1
gene  1 5 56 -2.1377839734814272 0 434.0 -2.1377839734814272 1
gene  1 56 8 -4.273235421776115 0 435.0 -4.273235421776115 1
gene  1 2 9 -1.888558628779964 0 448.0 -1.888558628779964 1
gene  1 3 60 2.9040872935902535 0 458.0 2.9040872935902535 1
gene  1 60 8 0.8337276841443131 0 459.0 0.8337276841443131 1
gene  1 1 60 1.499070716816213 0 479.0 1.499070716816213 1
gene  1 7 56 8.541144969632033 0 520.0 8.541144969632033 1
gene  1 13 79 -1.8000021886881101 0 537.0 -1.8000021886881101 1
gene  1 79 20 1.2836589640516554 0 538.0 1.2836589640516554 1
gene  1 3 79 4.815457162813358 0 556.0 4.815457162813358 1
gene  1 5 92 2.4356587196097 0 575.0 2.4356587196097 1
gene  1 92 13 -5.487885799050386 0 576.0 -5.487885799050386 1
gene  1 14 94 -0.7138674513870396 1 582.0 -0.7138674513870396 1
gene  1 94 8 -1.2089986341975079 0 583.0 -1.2089986341975079 1
genomeend 15
genomestart  16
trait 1 0.0 0.5319433208524987 1.2381570377802138 1.1036226464327767 0.10522835245191364 0.39032959932087685 0.0 0.0 
node 1 1 1 1
node 2 1 1 1
node 3 1 1 1
node 4 1 1 1
node 5 1 1 1
node 6 1 1 1
node 7 1 1 3
node 8 1 0 0
node 9 1 0 0
node 13 1 0 2
node 14 1 0 2
node 20 1 0 0
node 56 1 0 0
node 60 1 0 0
node 79 1 0 0
node 92 1 0 0
node 94 1 0 0
gene  1 1 8 -4.093799327992565 0 98.0 -4.093799327992565 1
gene  1 2 8 1.2803906282428734 0 99.0 1.2803906282428734 1
gene  1 3 8 0.6701311543891768 0 100.0 0.6701311543891768 1
gene  1 6 8 1.3744758554686434 0 103.0 1.3744758554686434 1
gene  1 8 8 -1.8645309347575145 1 105.0 -1.8645309347575145 1
gene  1 9 8 -2.2201222269783973 1 106.0 -2.2201222269783973 1
gene  1 13 8 -5.328289933486998 1 110.0 -5.328289933486998 1
gene  1 14 8 0.21064634250934022 1 111.0 0.21064634250934022 1
gene  1 1 9 5.143661962893314 0 112.0 5.143661962893314 1
gene  1 4 9 -0.9628617167945325 0 115.0 -0.9628617167945325 1
gene  1 5 9 6.567249108099469 0 116.0 6.567249108099469 1
gene  1 7 9 -4.630765286373366 0 118.0 -4.630765286373366 1
gene  1 9 9 3.116768436309049 1 120.0 3.116768436309049 1
gene  1 14 9 -2.7965311173438168 1 125.0 -2.7965311173438168 1
gene  1 2 13 2.8890985754530223 0 169.0 2.8890985754530223 1
gene  1 5 13 -2.414351954604595 0 172.0 -2.414351954604595 0
gene  1 8 13 -3.237036477500271 0 175.0 -3.237036477500271 1
gene  1 1 14 -0.7952452722488244 0 182.0 -0.7952452722488244 1
gene  1 2 14 -1.625758823684284 0 183.0 -1.625758823684284 1
gene  1 3 14 1.945490358791012 0 184.0 1.945490358791012 1
gene  1 6 14 -2.7086581317132237 0 187.0 -2.7086581317132237 1
gene  1 13 14 -0.5844745707237318 0 194.0 -0.5844745707237318 1
gene  1 14 14 0.7498472227084234 1 195.0 0.7498472227084234 1
gene  1 5 8 1.9490828432900285 0 202.0 1.9490828432900285 1
gene  1 4 13 -4.841657598562709 0 220.0 -4.841657598562709 1
gene  1 1 20 -0.26223248586017767 0 231.0 -0.26223248586017767 1
gene  1 20 14 4.4939728487398884 0 232.0 4.4939728487398884 1
gene  1 1 13 -0.46389621165352724 0 329.0 -0.46389621165352724 1
gene  1 13 20 -5.829382593511342 0 337.0 -5.829382593511342 1
gene  1 4 20 -0.7585152776988093 0 339.0 -0.7585152776988093 1
gene  1 9 8 1.6635292662109487 0 404.0 1.6635292662109487 1
gene  1 8 14 1.6680328195176726 0 410.0 1.6680328195176726 1
gene  1 5 56 1.290717912763189 0 434.0 1.290717912763189 1
gene  1 56 8 -3.6979589468582197 0 435.0 -3.6979589468582197 1
gene  1 2 9 -1.7936588840089784 0 448.0 -1.7936588840089784 1
gene  1 3 60 4.336732337418604 0 458.0 4.336732337418604 1
gene  1 60 8 3.198452659514788 0 459.0 3.198452659514788 1
gene  1 1 60 -0.9812794464662435 0 479.0 -0.9812794464662435 1
gene  1 7 56 9.636729804601567 0 520.0 9.636729804601567 1
gene  1 13 79 -1.2000487394016273 0 537.0 -1.2000487394016273 1
gene  1 79 20 -2.996441986137873 0 538.0 -2.996441986137873 1
gene  1 3 79 -0.9108341691220084 0 556.0 -0.9108341691220084 1
gene  1 5 92 0.05829568526201534 0 575.0 0.05829568526201534 1
gene  1 92 13 -5.539709705601627 0 576.0 -5.539709705601627 1
gene  1 14 94 1.2299990415694475 1 582.0 1.2299990415694475 1
gene  1 94 8 -0.4794028720341012 0 583.0 -0.4794028720341012 1
genomeend 16
genomestart  17
trait 1 0.0 0.9380171225566565 2.8572292317689647 0.0 0.9774676473893938 0.5916859962196944 0.0 0.0 
node 1 1 1 1
node 2 1 1 1
node 3 1 1 1
node 4 1 1 1
node 5 1 1 1
node 6 1 1 1
node 7 1 1 3
node 13 1 0 2
node 14 1 0 2
node 45 1 0 0
node 71 1 0 0
node 89 1 0 0
gene  1 1 13 -4.008562626475424 0 168.0 -4.008562626475424 1
gene  1 2 13 2.1209611143100915 0 169.0 2.1209611143100915 1
gene  1 5 13 -1.9057330980529648 0 172.0 -1.9057330980529648 1
gene  1 6 13 -0.8184809541474207 0 173.0 -0.8184809541474207 1
gene  1 7 13 -1.2471717582360757 0 174.0 -1.2471717582360757 1
gene  1 3 14 0.34258278111891505 0 184.0 0.34258278111891505 1
gene  1 4 14 -0.48492584722157306 0 185.0 -0.48492584722157306 1
gene  1 7 14 0.4375190732533105 0 188.0 0.4375190732533105 1
gene  1 13 14 -0.10675382462679384 0 194.0 -0.10675382462679384 1
gene  1 14 14 2.731215194625396 1 195.0 2.731215194625396 1
gene  1 4 13 4.0134873580365085 0 235.0 4.0134873580365085 1
gene  1 1 14 -0.31940175796063264 0 242.0 -0.31940175796063264 1
gene  1 5 14 3.304929711825582 0 319.0 3.304929711825582 1
gene  1 1 45 -0.7375789035755009 0 370.0 -0.7375789035755009 1
gene  1 45 13 -0.970569643507021 0 371.0 -0.970569643507021 0
gene  1 4 45 -4.527084294643606 0 497.0 -4.527084294643606 1
gene  1 6 71 2.5095909850615175 0 502.0 2.5095909850615175 1
gene  1 71 13 1.8700103375248427 0 503.0 1.8700103375248427 1
gene  1 45 71 3.211429466966846 0 534.0 3.211429466966846 1
gene  1 3 13 0.9556719896146626 0 535.0 0.9556719896146626 1
gene  1 45 89 2.1195375817204773 0 566.0 2.1195375817204773 1
gene  1 89 13 -1.536765424285642 0 567.0 -1.536765424285642 1
genomeend 17
genomestart  18
trait 1 0.0 0.9380171225566565 2.8572292317689647 0.0 0.9774676473893938 0.5916859962196944 0.0 0.0 
node 1 1 1 1
node 2 1 1 1
node 3 1 1 1
node 4 1 1 1
node 5 1 1 1
node 6 1 1 1
node 7 1 1 3
node 13 1 0 2
node 14 1 0 2
node 45 1 0 0
node 71 1 0 0
node 89 1 0 0
node 96 1 0 0
gene  1 1 13 -1.5521386386047396 0 168.0 -1.5521386386047396 1
gene  1 2 13 4.2990522094279715 0 169.0 4.2990522094279715 1
gene  1 5 13 -1.8881082665179225 0 172.0 -1.8881082665179225 1
gene  1 6 13 -3.132647398414795 0 173.0 -3.132647398414795 1
gene  1 7 13 0.27290889132883644 0 174.0 0.27290889132883644 1
gene  1 3 14 -0.9462136449059027 0 184.0 -0.9462136449059027 1
gene  1 4 14 0.8772509880737583 0 185.0 0.8772509880737583 1
gene  1 7 14 0.6495213394599373 0 188.0 0.6495213394599373 1
gene  1 13 14 1.8670068898395193 0 194.0 1.8670068898395193 1
gene  1 14 14 2.4198734156346227 1 195.0 2.4198734156346227 0
gene  1 4 13 1.6009222175684097 0 235.0 1.6009222175684097 1
gene  1 1 14 0.5181764032828114 0 242.0 0.5181764032828114 1
gene  1 5 14 2.5500651952744953 0 319.0 2.5500651952744953 1
gene  1 1 45 -2.315473492424165 0 370.0 -2.315473492424165 1
gene  1 45 13 -0.45181034616064397 0 371.0 -0.45181034616064397 0
gene  1 4 45 -2.4651212811451297 0 497.0 -2.4651212811451297 1
gene  1 6 71 1.5820556821943148 0 502.0 1.5820556821943148 1
gene  1 71 13 1.630535898969482 0 503.0 1.630535898969482 1
gene  1 45 71 2.6943820411843324 0 534.0 2.6943820411843324 1
gene  1 3 13 0.9556719896146626 0 535.0 0.9556719896146626 1
gene  1 45 89 -1.9780739770576115 0 566.0 -1.9780739770576115 1
gene  1 89 13 -0.3540471303452897 0 567.0 -0.3540471303452897 1
gene  1 14 96 1.0 1 588.0 0.0 1
gene  1 96 14 2.4198734156346227 0 589.0 0.0 1
genomeend 18
genomestart  19
trait 1 0.0 0.9380171225566565 2.8572292317689647 0.0 0.9774676473893938 0.5916859962196944 0.0 0.0 
node 1 1 1 1
node 2 1 1 1
node 3 1 1 1
node 4 1 1 1
node 5 1 1 1
node 6 1 1 1
node 7 1 1 3
node 13 1 0 2
node 14 1 0 2
node 45 1 0 0
node 71 1 0 0
node 89 1 0 0
gene  1 1 13 2.2968092539168823 0 168.0 2.2968092539168823 1
gene  1 2 13 2.293959949296332 0 169.0 2.293959949296332 1
gene  1 5 13 -1.8881082665179225 0 172.0 -1.8881082665179225 1
gene  1 6 13 0.3406016872796011 0 173.0 0.3406016872796011 1
gene  1 7 13 0.27290889132883644 0 174.0 0.27290889132883644 1
gene  1 3 14 -0.09542640449606454 0 184.0 -0.09542640449606454 1
gene  1 4 14 3.170925844728243 0 185.0 3.170925844728243 1
gene  1 7 14 -0.5129477848060318 0 188.0 -0.5129477848060318 1
gene  1 13 14 1.9628087108009693 0 194.0 1.9628087108009693 1
gene  1 14 14 3.7530498321810777 1 195.0 3.7530498321810777 1
gene  1 4 13 2.375888249367282 0 235.0 2.375888249367282 1
gene  1 1 14 1.5990255805118965 0 242.0 1.5990255805118965 1
gene  1 5 14 2.5500651952744953 0 319.0 2.5500651952744953 1
gene  1 1 45 -1.570497748326469 0 370.0 -1.570497748326469 1
gene  1 45 13 -2.430744017246118 0 371.0 -2.430744017246118 0
gene  1 4 45 -4.436597225320563 0 497.0 -4.436597225320563 1
gene  1 6 71 -0.3954389803611566 0 502.0 -0.3954389803611566 1
gene  1 71 13 2.146806224197676 0 503.0 2.146806224197676 1
gene  1 45 71 5.135662000018487 0 534.0 5.135662000018487 1
gene  1 3 13 -0.0984682182712418 0 535.0 -0.0984682182712418 1
gene  1 45 89 2.0563330503628405 0 566.0 2.0563330503628405 1
gene  1 89 13 0.2807172830454916 0 567.0 0.2807172830454916 1
genomeend 19
