genomestart  0
trait 1 1.7151251452115233 1.1629682757719437 0.0 0.0 0.34861870450370325 0.18084195503611378 0.0 0.9093525967191587 
node 1 1 1 1
node 2 1 1 1
node 3 1 1 1
node 4 1 1 1
node 5 1 1 1
node 6 1 1 1
node 7 1 1 3
node 13 1 0 2
node 14 1 0 2
gene  1 1 13 -2.8608954110942744 0 168.0 -2.8608954110942744 1
gene  1 3 13 0.739357257192543 0 170.0 0.739357257192543 1
gene  1 5 13 3.083955507834126 0 172.0 3.083955507834126 1
gene  1 6 13 0.4705491614557892 0 173.0 0.4705491614557892 1
gene  1 14 13 -0.4950312412429527 1 181.0 -0.4950312412429527 1
gene  1 1 14 -3.9553434628692066 0 182.0 -3.9553434628692066 1
gene  1 2 14 -1.0886470742061758 0 183.0 -1.0886470742061758 1
gene  1 4 14 4.871676017828209 0 185.0 4.871676017828209 1
gene  1 5 14 -2.7782566548296574 0 186.0 -2.7782566548296574 1
gene  1 6 14 -8.348289019055938 0 187.0 -8.348289019055938 1
gene  1 7 14 4.001164647983995 0 188.0 4.001164647983995 1
gene  1 13 14 1.2214039184276841 0 194.0 1.2214039184276841 1
gene  1 14 14 -4.393327116974981 1 195.0 -4.393327116974981 1
gene  1 2 13 -6.8584319224572425 0 261.0 -6.8584319224572425 1
genomeend 0
genomestart  1
trait 1 0.4195349490326866 0.0 0.11196815064335597 0.0 0.0 0.6942297431411419 1.6369172530609934 0.6621027666592659 
node 1 1 1 1
node 2 1 1 1
node 3 1 1 1
node 4 1 1 1
node 5 1 1 1
node 6 1 1 1
node 7 1 1 3
node 13 1 0 2
node 14 1 0 2
gene  1 2 13 -0.6089391028881961 0 169.0 -0.6089391028881961 1
gene  1 3 13 -12.73408484372237 0 170.0 -12.73408484372237 1
gene  1 4 13 2.119558567871614 0 171.0 2.119558567871614 1
gene  1 6 13 -3.8836811362461194 0 173.0 -3.8836811362461194 1
gene  1 7 13 -1.0031748160983078 0 174.0 -1.0031748160983078 1
gene  1 13 13 -0.21712220188915443 1 180.0 -0.21712220188915443 1
gene  1 1 14 -1.5584277893754057 0 182.0 -1.5584277893754057 1
gene  1 2 14 -0.03486733022921662 0 183.0 -0.03486733022921662 1
gene  1 5 14 1.7546459295740882 0 186.0 1.7546459295740882 1
gene  1 6 14 1.5882143046595836 0 187.0 1.5882143046595836 1
gene  1 7 14 2.6009299907204624 0 188.0 2.6009299907204624 1
gene  1 13 14 -3.887427787955774 0 194.0 -3.887427787955774 1
gene  1 14 14 3.7276979643321466 1 195.0 3.7276979643321466 1
gene  1 4 14 -0.20857607197978734 0 196.0 -0.20857607197978734 1
gene  1 1 13 0.5490014727245349 0 216.0 0.5490014727245349 1
genomeend 1
genomestart  2
trait 1 0.4195349490326866 0.11996509262718169 0.11196815064335597 0.0 0.0 0.6942297431411419 1.1113032223074408 1.129602463927845 
node 1 1 1 1
node 2 1 1 1
node 3 1 1 1
node 4 1 1 1
node 5 1 1 1
node 6 1 1 1
node 7 1 1 3
node 13 1 0 2
node 14 1 0 2
gene  1 2 13 2.707395075943144 0 169.0 2.707395075943144 1
gene  1 3 13 -15.69042980372738 0 170.0 -15.69042980372738 1
gene  1 4 13 2.3377075427381135 0 171.0 2.3377075427381135 1
gene  1 6 13 -1.8576594674793867 0 173.0 -1.8576594674793867 1
gene  1 7 13 -1.61253624141442 0 174.0 -1.61253624141442 1
gene  1 13 13 1.7874890972233857 1 180.0 1.7874890972233857 1
gene  1 1 14 -1.2062530523617923 0 182.0 -1.2062530523617923 1
gene  1 2 14 3.5413392838866535 0 183.0 3.5413392838866535 1
gene  1 5 14 -0.01699216819749605 0 186.0 -0.01699216819749605 1
gene  1 6 14 5.832278360797716 0 187.0 5.832278360797716 1
gene  1 7 14 1.759456480060697 0 188.0 1.759456480060697 1
gene  1 13 14 -4.818329907735228 0 194.0 -4.818329907735228 1
gene  1 14 14 6.118457654680036 1 195.0 6.118457654680036 1
gene  1 4 14 2.6335724022604605 0 196.0 2.6335724022604605 1
gene  1 1 13 -0.4210566273406635 0 216.0 -0.4210566273406635 1
genomeend 2
genomestart  3
trait 1 0.4195349490326866 0.11996509262718169 0.11196815064335597 0.0 0.0 0.6942297431411419 1.1113032223074408 1.129602463927845 
node 1 1 1 1
node 2 1 1 1
node 3 1 1 1
node 4 1 1 1
node 5 1 1 1
node 6 1 1 1
node 7 1 1 3
node 13 1 0 2
node 14 1 0 2
gene  1 2 13 1.1950364093958206 0 169.0 1.1950364093958206 1
gene  1 3 13 -13.318229279382551 0 170.0 -13.318229279382551 1
gene  1 4 13 0.14849160748168844 0 171.0 0.14849160748168844 1
gene  1 6 13 -3.4340700352393227 0 173.0 -3.4340700352393227 1
gene  1 7 13 0.36241591352401875 0 174.0 0.36241591352401875 1
gene  1 13 13 -0.39742059734383467 1 180.0 -0.39742059734383467 1
gene  1 1 14 -1.3911403664134863 0 182.0 -1.3911403664134863 1
gene  1 2 14 1.6766625096340464 0 183.0 1.6766625096340464 1
gene  1 5 14 2.3492476024286235 0 186.0 2.3492476024286235 1
gene  1 6 14 4.008747271738458 0 187.0 4.008747271738458 1
gene  1 7 14 0.1283733657418642 0 188.0 0.1283733657418642 1
gene  1 13 14 -3.07067629811711 0 194.0 -3.07067629811711 1
gene  1 14 14 3.7276979643321466 1 195.0 3.7276979643321466 1
gene  1 4 14 1.3955229589377576 0 196.0 1.3955229589377576 1
gene  1 1 13 -1.8522186080084457 0 216.0 -1.8522186080084457 1
genomeend 3
genomestart  4
trait 1 0.12933280474767544 0.29425544536966464 0.08853489118479813 0.07766507438443143 0.0 0.41262400137975846 0.0 0.0 
node 1 1 1 1
node 2 1 1 1
node 3 1 1 1
node 4 1 1 1
node 5 1 1 1
node 6 1 1 1
node 7 1 1 3
node 13 1 0 2
node 14 1 0 2
node 21 1 0 0
node 24 1 0 0
gene  1 1 13 4.301474887816319 0 168.0 4.301474887816319 0
gene  1 4 13 -1.7356671208004208 0 171.0 -1.7356671208004208 1
gene  1 5 13 -3.0665629750283925 0 172.0 -3.0665629750283925 1
gene  1 7 13 -5.317797637413278 0 174.0 -5.317797637413278 1
gene  1 13 13 2.0339120631368672 1 180.0 2.0339120631368672 1
gene  1 2 14 2.1294498011350633 0 183.0 2.1294498011350633 1
gene  1 3 14 -8.262379826259071 0 184.0 -8.262379826259071 1
gene  1 6 14 1.7924426629057808 0 187.0 1.7924426629057808 1
gene  1 13 14 -3.0002012813838115 0 194.0 -3.0002012813838115 1
gene  1 14 14 6.148287024031669 1 195.0 6.148287024031669 1
gene  1 6 13 1.8166691968886868 0 205.0 1.8166691968886868 1
gene  1 5 14 -2.841321496637029 0 223.0 -2.841321496637029 1
gene  1 3 13 8.872223400672961 0 229.0 8.872223400672961 1
gene  1 2 13 1.9108005261774847 0 233.0 1.9108005261774847 1
gene  1 1 21 4.9018941277220645 0 238.0 4.9018941277220645 1
gene  1 21 13 -7.409223304021452 0 239.0 -7.409223304021452 1
gene  1 5 21 0.3309798852952203 0 253.0 0.3309798852952203 1
gene  1 3 21 0.11032926634715806 0 270.0 0.11032926634715806 1
gene  1 1 24 1.1103147809517473 0 275.0 1.1103147809517473 1
gene  1 24 13 -0.30538169719314023 0 276.0 -0.30538169719314023 1
genomeend 4
genomestart  5
trait 1 0.12933280474767544 0.29425544536966464 0.08853489118479813 0.07766507438443143 0.0 0.41262400137975846 0.0 0.0 
node 1 1 1 1
node 2 1 1 1
node 3 1 1 1
node 4 1 1 1
node 5 1 1 1
node 6 1 1 1
node 7 1 1 3
node 13 1 0 2
node 14 1 0 2
node 21 1 0 0
node 24 1 0 0
gene  1 1 13 2.9036422792369083 0 168.0 2.9036422792369083 0
gene  1 4 13 1.200412642108879 0 171.0 1.200412642108879 1
gene  1 5 13 -2.7835085835348443 0 172.0 -2.7835085835348443 1
gene  1 7 13 -2.841684114018567 0 174.0 -2.841684114018567 1
gene  1 13 13 0.1710217506414098 1 180.0 0.1710217506414098 1
gene  1 2 14 4.575305354230597 0 183.0 4.575305354230597 1
gene  1 3 14 -6.834832979519438 0 184.0 -6.834832979519438 1
gene  1 6 14 0.19001733025213918 0 187.0 0.19001733025213918 1
gene  1 13 14 -2.377581466880831 0 194.0 -2.377581466880831 1
gene  1 14 14 6.550026821512014 1 195.0 6.550026821512014 1
gene  1 6 13 2.385642879310675 0 205.0 2.385642879310675 1
gene  1 5 14 -3.333551704130544 0 223.0 -3.333551704130544 1
gene  1 3 13 10.820200455782864 0 229.0 10.820200455782864 1
gene  1 2 13 5.208769726311563 0 233.0 5.208769726311563 1
gene  1 1 21 4.8610311248763045 0 238.0 4.8610311248763045 1
gene  1 21 13 -4.737538944230613 0 239.0 -4.737538944230613 1
gene  1 5 21 1.6891524986572715 0 253.0 1.6891524986572715 1
gene  1 3 21 -1.313899552140346 0 270.0 -1.313899552140346 1
gene  1 1 24 -2.6247280416843397 0 275.0 -2.6247280416843397 1
gene  1 24 13 1.844894301805723 0 276.0 1.844894301805723 1
genomeend 5
genomestart  6
trait 1 0.6013816486831691 1.1820041572981141 0.0 1.7517696786279573 1.3947101319955317 0.0 0.02194736910820827 0.0 
node 1 1 1 1
node 2 1 1 1
node 3 1 1 1
node 4 1 1 1
node 5 1 1 1
node 6 1 1 1
node 7 1 1 3
node 8 1 0 0
node 13 1 0 2
node 14 1 0 2
gene  1 1 8 1.1820641386956507 0 98.0 1.1820641386956507 1
gene  1 2 8 0.4805452416719952 0 99.0 0.4805452416719952 1
gene  1 3 8 0.01606230870919323 0 100.0 0.01606230870919323 1
gene  1 4 8 -0.6193106604797673 0 101.0 -0.6193106604797673 1
gene  1 5 8 -0.6106318430853164 0 102.0 -0.6106318430853164 1
gene  1 6 8 -3.010502951006748 0 103.0 -3.010502951006748 1
gene  1 8 8 4.082880103033833 1 105.0 4.082880103033833 1
gene  1 13 8 -4.789819614459016 1 110.0 -4.789819614459016 1
gene  1 14 8 2.322401916275114 1 111.0 2.322401916275114 1
gene  1 3 13 1.9657499621795187 0 170.0 1.9657499621795187 1
gene  1 5 13 -3.7254670177817806 0 172.0 -3.7254670177817806 1
gene  1 7 13 2.249291221173672 0 174.0 2.249291221173672 1
gene  1 13 13 0.6265559609167944 1 180.0 0.6265559609167944 1
gene  1 2 14 1.5512184889502683 0 183.0 1.5512184889502683 1
gene  1 4 14 -3.0060498177354598 0 185.0 -3.0060498177354598 1
gene  1 6 14 -7.1532148714111425 0 187.0 -7.1532148714111425 1
gene  1 8 14 0.34886482432948607 0 189.0 0.34886482432948607 1
gene  1 13 14 1.7726961768215466 0 194.0 1.7726961768215466 1
gene  1 2 13 -3.0813154091978836 0 213.0 -3.0813154091978836 1
gene  1 4 13 -2.3429063343072505 0 230.0 -2.3429063343072505 1
gene  1 13 8 3.7280357600290817 0 244.0 3.7280357600290817 1
gene  1 7 14 -8.667403570605654 0 264.0 -8.667403570605654 1
genomeend 6
genomestart  7
trait 1 0.6013816486831691 1.1820041572981141 0.0 1.7517696786279573 1.3947101319955317 0.0 0.02194736910820827 0.0 
node 1 1 1 1
node 2 1 1 1
node 3 1 1 1
node 4 1 1 1
node 5 1 1 1
node 6 1 1 1
node 7 1 1 3
node 8 1 0 0
node 13 1 0 2
node 14 1 0 2
gene  1 1 8 3.090560731798611 0 98.0 3.090560731798611 1
gene  1 2 8 -0.20053449218402997 0 99.0 -0.20053449218402997 1
gene  1 3 8 0.27825335061384293 0 100.0 0.27825335061384293 1
gene  1 4 8 0.005633791035690727 0 101.0 0.005633791035690727 1
gene  1 5 8 -4.738904087489258 0 102.0 -4.738904087489258 1
gene  1 6 8 -2.394697090479571 0 103.0 -2.394697090479571 1
gene  1 8 8 1.8275682655524281 1 105.0 1.8275682655524281 1
gene  1 13 8 -1.928358535954527 1 110.0 -1.928358535954527 1
gene  1 14 8 0.0018269695186596824 1 111.0 0.0018269695186596824 1
gene  1 3 13 0.9942568613716969 0 170.0 0.9942568613716969 1
gene  1 5 13 -1.225316566592713 0 172.0 -1.225316566592713 1
gene  1 7 13 0.07585808901182256 0 174.0 0.07585808901182256 1
gene  1 13 13 1.6044431946481095 1 180.0 1.6044431946481095 1
gene  1 2 14 6.0115615368481645 0 183.0 6.0115615368481645 1
gene  1 4 14 -3.565024424640595 0 185.0 -3.565024424640595 1
gene  1 6 14 -6.416529210492034 0 187.0 -6.416529210492034 1
gene  1 8 14 2.5920050359118276 0 189.0 2.5920050359118276 1
gene  1 13 14 4.012901256735226 0 194.0 4.012901256735226 1
gene  1 2 13 -3.04508720575424 0 213.0 -3.04508720575424 1
gene  1 4 13 3.859668379023377 0 230.0 3.859668379023377 1
gene  1 13 8 2.3081688525759088 0 244.0 2.3081688525759088 1
gene  1 7 14 -0.029627862897268487 0 264.0 -0.029627862897268487 1
genomeend 7
genomestart  8
trait 1 1.3449282699683267 0.0 0.6715679179718652 0.876858839596525 1.5174143118965362 0.3493210991972051 0.4130893652942357 0.0 
node 1 1 1 1
node 2 1 1 1
node 3 1 1 1
node 4 1 1 1
node 5 1 1 1
node 6 1 1 1
node 7 1 1 3
node 8 1 0 0
node 9 1 0 0
node 10 1 0 0
node 13 1 0 2
node 14 1 0 2
gene  1 1 8 -1.395602090221105 0 98.0 -1.395602090221105 1
gene  1 3 8 -0.32172189779306687 0 100.0 -0.32172189779306687 1
gene  1 5 8 3.875699349266835 0 102.0 3.875699349266835 1
gene  1 6 8 1.6828469551559342 0 103.0 1.6828469551559342 1
gene  1 8 8 2.2771558982061197 1 105.0 2.2771558982061197 1
gene  1 1 9 3.7698341174782475 0 112.0 3.7698341174782475 1
gene  1 2 9 -5.077924745042452 0 113.0 -5.077924745042452 1
gene  1 3 9 -3.277542171019425 0 114.0 -3.277542171019425 1
gene  1 5 9 -0.7176197265041875 0 116.0 -0.7176197265041875 1
gene  1 7 9 -4.615897110690227 0 118.0 -4.615897110690227 1
gene  1 9 9 2.3183145715795583 1 120.0 2.3183145715795583 1
gene  1 10 9 -1.1937404810284802 1 121.0 -1.1937404810284802 1
gene  1 13 9 4.102775184364444 1 124.0 4.102775184364444 1
gene  1 2 10 1.3104188836995352 0 127.0 1.3104188836995352 1
gene  1 4 10 -1.367921814192634 0 129.0 -1.367921814192634 1
gene  1 5 10 3.23237902659363 0 130.0 3.23237902659363 1
gene  1 8 10 1.4706451164108651 0 133.0 1.4706451164108651 1
gene  1 9 10 -2.4983144566104407 0 134.0 -2.4983144566104407 1
gene  1 10 10 -1.4491196382688774 1 135.0 -1.4491196382688774 1
gene  1 13 10 6.812245617395763 1 138.0 6.812245617395763 1
gene  1 14 10 -2.062750381822004 1 139.0 -2.062750381822004 1
gene  1 2 13 -0.3635200589818677 0 169.0 -0.3635200589818677 1
gene  1 3 13 -1.858957820053409 0 170.0 -1.858957820053409 1
gene  1 6 13 1.9132085009564892 0 173.0 1.9132085009564892 1
gene  1 7 13 1.9659095133209112 0 174.0 1.9659095133209112 1
gene  1 9 13 0.13385032057078727 0 176.0 0.13385032057078727 1
gene  1 13 13 0.6358548480434134 1 180.0 0.6358548480434134 1
gene  1 14 13 -3.1379448178507565 1 181.0 -3.1379448178507565 1
gene  1 1 14 1.4972856145430633 0 182.0 1.4972856145430633 1
gene  1 3 14 4.500141145504617 0 184.0 4.500141145504617 1
gene  1 9 14 -1.7594143946361673 0 190.0 -1.7594143946361673 1
gene  1 10 14 2.252675206816721 0 191.0 2.252675206816721 1
gene  1 8 13 -4.419215062333436 0 207.0 -4.419215062333436 1
gene  1 1 10 6.194473140352409 0 226.0 6.194473140352409 1
gene  1 6 14 -1.2712105673986445 0 234.0 -1.2712105673986445 1
genomeend 8
genomestart  9
trait 1 1.3449282699683267 0.0 0.6715679179718652 0.876858839596525 1.5174143118965362 0.3493210991972051 0.4130893652942357 0.0 
node 1 1 1 1
node 2 1 1 1
node 3 1 1 1
node 4 1 1 1
node 5 1 1 1
node 6 1 1 1
node 7 1 1 3
node 8 1 0 0
node 9 1 0 0
node 10 1 0 0
node 13 1 0 2
node 14 1 0 2
gene  1 1 8 -1.395602090221105 0 98.0 -1.395602090221105 1
gene  1 3 8 -0.7592539614471718 0 100.0 -0.7592539614471718 1
gene  1 5 8 4.594974274845586 0 102.0 4.594974274845586 1
gene  1 6 8 1.0949977583928256 0 103.0 1.0949977583928256 1
gene  1 8 8 0.35640120395040054 1 105.0 0.35640120395040054 1
gene  1 1 9 -1.8565353742784474 0 112.0 -1.8565353742784474 1
gene  1 2 9 -0.3994040920888855 0 113.0 -0.3994040920888855 1
gene  1 3 9 -2.8637294970324425 0 114.0 -2.8637294970324425 1
gene  1 5 9 -0.6649986279831079 0 116.0 -0.6649986279831079 1
gene  1 7 9 -2.0418721929794197 0 118.0 -2.0418721929794197 1
gene  1 9 9 -2.5453339499936107 1 120.0 -2.5453339499936107 1
gene  1 10 9 1.8547046748321636 1 121.0 1.8547046748321636 1
gene  1 13 9 4.3816710746291445 1 124.0 4.3816710746291445 1
gene  1 2 10 -0.7099402945345787 0 127.0 -0.7099402945345787 1
gene  1 4 10 -3.8806469251724645 0 129.0 -3.8806469251724645 1
gene  1 5 10 4.445495097314181 0 130.0 4.445495097314181 1
gene  1 8 10 -2.519655750516184 0 133.0 -2.519655750516184 1
gene  1 9 10 6.942709702647563 0 134.0 6.942709702647563 1
gene  1 10 10 -0.263784067420495 1 135.0 -0.263784067420495 1
gene  1 13 10 6.016493987371818 1 138.0 6.016493987371818 1
gene  1 14 10 -5.484494413565967 1 139.0 -5.484494413565967 1
gene  1 2 13 -3.61748253009378 0 169.0 -3.61748253009378 1
gene  1 3 13 0.05262598783827821 0 170.0 0.05262598783827821 1
gene  1 6 13 1.7982353806043245 0 173.0 1.7982353806043245 1
gene  1 7 13 -2.05353167308512 0 174.0 -2.05353167308512 1
gene  1 9 13 0.4845481384459627 0 176.0 0.4845481384459627 1
gene  1 13 13 -0.044773103398423886 1 180.0 -0.044773103398423886 1
gene  1 14 13 -1.970778896084782 1 181.0 -1.970778896084782 1
gene  1 1 14 -1.3893847728354758 0 182.0 -1.3893847728354758 1
gene  1 3 14 0.9299498060117521 0 184.0 0.9299498060117521 1
gene  1 9 14 0.706204106218303 0 190.0 0.706204106218303 1
gene  1 10 14 1.872846127465469 0 191.0 1.872846127465469 1
gene  1 8 13 -0.3290106935488221 0 207.0 -0.3290106935488221 1
gene  1 1 10 5.761641370736041 0 226.0 5.761641370736041 1
gene  1 6 14 1.5672482269279748 0 234.0 1.5672482269279748 1
genomeend 9
genomestart  10
trait 1 0.0 0.0 0.4047372828381034 0.0 1.1905783516961135 0.0 0.0 0.6290818923229079 
node 1 1 1 1
node 2 1 1 1
node 3 1 1 1
node 4 1 1 1
node 5 1 1 1
node 6 1 1 1
node 7 1 1 3
node 8 1 0 0
node 13 1 0 2
node 14 1 0 2
node 22 1 0 0
node 25 1 0 0
gene  1 1 8 4.353824295327305 0 98.0 4.353824295327305 0
gene  1 3 8 -7.1852752423047415 0 100.0 -7.1852752423047415 1
gene  1 4 8 -4.815045065903254 0 101.0 -4.815045065903254 1
gene  1 5 8 2.6093955906327033 0 102.0 2.6093955906327033 1
gene  1 6 8 7.687409792066816 0 103.0 7.687409792066816 1
gene  1 8 8 -0.4059328295376222 1 105.0 -0.4059328295376222 1
gene  1 1 13 -2.8724314236182584 0 168.0 -2.8724314236182584 1
gene  1 5 13 1.6268923192191989 0 172.0 1.6268923192191989 1
gene  1 13 13 -0.5980074531755641 1 180.0 -0.5980074531755641 1
gene  1 14 13 -2.778679982823608 1 181.0 -2.778679982823608 1
gene  1 2 14 -0.7208634450327043 0 183.0 -0.7208634450327043 1
gene  1 3 14 -6.838206093334323 0 184.0 -6.838206093334323 1
gene  1 5 14 4.40548503033248 0 186.0 4.40548503033248 1
gene  1 7 14 -2.6550192616287274 0 188.0 -2.6550192616287274 1
gene  1 8 14 -3.724651022461397 0 189.0 -3.724651022461397 1
gene  1 13 14 0.16894539163759448 0 194.0 0.16894539163759448 1
gene  1 2 13 5.161795079846123 0 236.0 5.161795079846123 1
gene  1 8 22 -3.0179663222839967 0 240.0 -3.0179663222839967 1
gene  1 22 14 2.8078862467499364 0 241.0 2.8078862467499364 1
gene  1 1 22 0.6601899140475765 0 245.0 0.6601899140475765 1
gene  1 13 8 -1.718604034214975 0 257.0 -1.718604034214975 1
gene  1 5 22 -3.2473085397502572 0 265.0 -3.2473085397502572 1
gene  1 1 25 1.0 0 279.0 1.0 1
gene  1 25 8 1.570420448211459 0 280.0 1.570420448211459 1
genomeend 10
genomestart  11
trait 1 0.0 0.0 0.4047372828381034 0.0 1.1905783516961135 0.0 0.0 0.6290818923229079 
node 1 1 1 1
node 2 1 1 1
node 3 1 1 1
node 4 1 1 1
node 5 1 1 1
node 6 1 1 1
node 7 1 1 3
node 8 1 0 0
node 13 1 0 2
node 14 1 0 2
node 22 1 0 0
node 25 1 0 0
gene  1 1 8 -0.9764394982924657 0 98.0 -0.9764394982924657 0
gene  1 3 8 -9.209598139486982 0 100.0 -9.209598139486982 1
gene  1 4 8 -6.697251109874774 0 101.0 -6.697251109874774 1
gene  1 5 8 4.891268103675206 0 102.0 4.891268103675206 1
gene  1 6 8 7.4142657834416 0 103.0 7.4142657834416 1
gene  1 8 8 1.6068786374545563 1 105.0 1.6068786374545563 1
gene  1 1 13 -2.1018034377281536 0 168.0 -2.1018034377281536 1
gene  1 5 13 1.157429726405004 0 172.0 1.157429726405004 1
gene  1 13 13 1.1174244488372775 1 180.0 1.1174244488372775 1
gene  1 14 13 -2.488108774416158 1 181.0 -2.488108774416158 1
gene  1 2 14 -0.8739501128393315 0 183.0 -0.8739501128393315 1
gene  1 3 14 -7.229705635151789 0 184.0 -7.229705635151789 1
gene  1 5 14 6.900316618611345 0 186.0 6.900316618611345 1
gene  1 7 14 -0.6539164467633234 0 188.0 -0.6539164467633234 1
gene  1 8 14 -3.5183075334631417 0 189.0 -3.5183075334631417 1
gene  1 13 14 1.1167942518927674 0 194.0 1.1167942518927674 1
gene  1 2 13 5.161795079846123 0 236.0 5.161795079846123 1
gene  1 8 22 -3.0179663222839967 0 240.0 -3.0179663222839967 1
gene  1 22 14 0.5102341475342715 0 241.0 0.5102341475342715 1
gene  1 1 22 0.718724558030185 0 245.0 0.718724558030185 1
gene  1 13 8 -1.718604034214975 0 257.0 -1.718604034214975 1
gene  1 5 22 -3.2473085397502572 0 265.0 -3.2473085397502572 1
gene  1 1 25 -1.381961881704867 0 279.0 -1.381961881704867 1
gene  1 25 8 2.016782176415776 0 280.0 2.016782176415776 1
genomeend 11
genomestart  12
trait 1 0.0 0.0 0.4047372828381034 0.0 1.1905783516961135 0.0 0.0 0.6290818923229079 
node 1 1 1 1
node 2 1 1 1
node 3 1 1 1
node 4 1 1 1
node 5 1 1 1
node 6 1 1 1
node 7 1 1 3
node 8 1 0 0
node 13 1 0 2
node 14 1 0 2
node 22 1 0 0
node 25 1 0 0
gene  1 1 8 4.092790708448205 0 98.0 4.092790708448205 0
gene  1 3 8 -6.6253606716063835 0 100.0 -6.6253606716063835 1
gene  1 4 8 -3.0186426116682052 0 101.0 -3.0186426116682052 1
gene  1 5 8 1.0059853512838777 0 102.0 1.0059853512838777 1
gene  1 6 8 9.909904475999213 0 103.0 9.909904475999213 1
gene  1 8 8 -0.6168385712366712 1 105.0 -0.6168385712366712 1
gene  1 1 13 -5.227515573880206 0 168.0 -5.227515573880206 1
gene  1 5 13 -0.5448775394807761 0 172.0 -0.5448775394807761 1
gene  1 13 13 -1.5863078471202743 1 180.0 -1.5863078471202743 1
gene  1 14 13 -4.4359274407014055 1 181.0 -4.4359274407014055 1
gene  1 2 14 -0.8013163045369993 0 183.0 -0.8013163045369993 1
gene  1 3 14 -5.596331074011513 0 184.0 -5.596331074011513 1
gene  1 5 14 2.0594939013805043 0 186.0 2.0594939013805043 1
gene  1 7 14 -3.45940354411242 0 188.0 -3.45940354411242 1
gene  1 8 14 -4.709416269298792 0 189.0 -4.709416269298792 1
gene  1 13 14 -1.591390097594995 0 194.0 -1.591390097594995 1
gene  1 2 13 6.521510233005345 0 236.0 6.521510233005345 1
gene  1 8 22 -1.0440618956584935 0 240.0 -1.0440618956584935 1
gene  1 22 14 1.2623651508948157 0 241.0 1.2623651508948157 1
gene  1 1 22 0.061021747018376704 0 245.0 0.061021747018376704 1
gene  1 13 8 -1.718604034214975 0 257.0 -1.718604034214975 1
gene  1 5 22 -3.2473085397502572 0 265.0 -3.2473085397502572 1
gene  1 1 25 1.0350563684953988 0 279.0 1.0350563684953988 1
gene  1 25 8 1.570420448211459 0 280.0 1.570420448211459 1
genomeend 12
genomestart  13
trait 1 0.08741220862442833 0.0 0.808586694965737 0.0 0.37563723564248874 0.16725497665413347 0.25417113514219947 0.0 
node 1 1 1 1
node 2 1 1 1
node 3 1 1 1
node 4 1 1 1
node 5 1 1 1
node 6 1 1 1
node 7 1 1 3
node 13 1 0 2
node 14 1 0 2
gene  1 1 13 2.70606118428967 0 168.0 2.70606118428967 1
gene  1 2 13 -1.97816353745529 0 169.0 -1.97816353745529 1
gene  1 3 13 2.8328053018922024 0 170.0 2.8328053018922024 1
gene  1 4 13 1.618247883612209 0 171.0 1.618247883612209 1
gene  1 5 13 -0.6493617066043859 0 172.0 -0.6493617066043859 1
gene  1 6 13 1.2379370634667628 0 173.0 1.2379370634667628 1
gene  1 7 13 0.1769446616994803 0 174.0 0.1769446616994803 1
gene  1 14 13 4.229396316673794 1 181.0 4.229396316673794 1
gene  1 1 14 7.987300095192465 0 182.0 7.987300095192465 1
gene  1 2 14 -3.666332156593924 0 183.0 -3.666332156593924 1
gene  1 3 14 3.864558323611689 0 184.0 3.864558323611689 1
gene  1 13 14 1.6051837477643625 0 194.0 1.6051837477643625 1
gene  1 14 14 -1.4871814536829555 1 195.0 -1.4871814536829555 1
gene  1 7 14 -2.148178639499239 0 273.0 -2.148178639499239 1
gene  1 4 14 -4.263280899980657 0 283.0 -4.263280899980657 1
genomeend 13
genomestart  14
trait 1 0.731715373568969 0.5319433208524987 0.2958241585930085 1.0172554146688002 0.2545070174269727 0.6799681748259421 0.0 0.0 
node 1 1 1 1
node 2 1 1 1
node 3 1 1 1
node 4 1 1 1
node 5 1 1 1
node 6 1 1 1
node 7 1 1 3
node 8 1 0 0
node 9 1 0 0
node 13 1 0 2
node 14 1 0 2
node 20 1 0 0
gene  1 1 8 -2.3632852728217038 0 98.0 -2.3632852728217038 1
gene  1 2 8 0.15169995072944586 0 99.0 0.15169995072944586 1
gene  1 3 8 2.699318448956295 0 100.0 2.699318448956295 1
gene  1 6 8 -1.4999907717092547 0 103.0 -1.4999907717092547 1
gene  1 8 8 -0.9556455830925109 1 105.0 -0.9556455830925109 1
gene  1 9 8 9.880349082588015 1 106.0 9.880349082588015 1
gene  1 13 8 2.754596602373894 1 110.0 2.754596602373894 1
gene  1 14 8 -4.471840427157246 1 111.0 -4.471840427157246 1
gene  1 1 9 1.8381779125088058 0 112.0 1.8381779125088058 1
gene  1 4 9 -2.8180908172709307 0 115.0 -2.8180908172709307 1
gene  1 5 9 -1.6397408200259278 0 116.0 -1.6397408200259278 1
gene  1 7 9 -10.29179888714186 0 118.0 -10.29179888714186 1
gene  1 9 9 5.56638694992149 1 120.0 5.56638694992149 1
gene  1 14 9 3.52453708748208 1 125.0 3.52453708748208 1
gene  1 2 13 -2.7821825985725535 0 169.0 -2.7821825985725535 1
gene  1 5 13 -1.296145102979713 0 172.0 -1.296145102979713 1
gene  1 8 13 2.758081861237378 0 175.0 2.758081861237378 1
gene  1 1 14 1.5257818344699807 0 182.0 1.5257818344699807 0
gene  1 2 14 16.558353487488496 0 183.0 16.558353487488496 1
gene  1 3 14 -4.868409325356624 0 184.0 -4.868409325356624 1
gene  1 6 14 6.143281185902187 0 187.0 6.143281185902187 1
gene  1 13 14 5.994107314742212 0 194.0 5.994107314742212 1
gene  1 14 14 -2.310180305290749 1 195.0 -2.310180305290749 1
gene  1 5 8 -2.187109932514635 0 202.0 -2.187109932514635 1
gene  1 4 13 1.103928224259379 0 220.0 1.103928224259379 1
gene  1 1 20 2.920047782645602 0 231.0 2.920047782645602 1
gene  1 20 14 0.03293689299122715 0 232.0 0.03293689299122715 1
gene  1 8 20 0.3155892431179119 0 284.0 0.3155892431179119 1
genomeend 14
genomestart  15
trait 1 0.731715373568969 0.5319433208524987 0.2958241585930085 1.0172554146688002 0.2545070174269727 0.6799681748259421 0.0 0.0 
node 1 1 1 1
node 2 1 1 1
node 3 1 1 1
node 4 1 1 1
node 5 1 1 1
node 6 1 1 1
node 7 1 1 3
node 8 1 0 0
node 9 1 0 0
node 13 1 0 2
node 14 1 0 2
node 20 1 0 0
gene  1 1 8 -1.6109261754649813 0 98.0 -1.6109261754649813 1
gene  1 2 8 0.5540436275560928 0 99.0 0.5540436275560928 1
gene  1 3 8 2.885908257683005 0 100.0 2.885908257683005 1
gene  1 6 8 -1.4999907717092547 0 103.0 -1.4999907717092547 1
gene  1 8 8 1.2986596525432659 1 105.0 1.2986596525432659 1
gene  1 9 8 2.124513275334728 1 106.0 2.124513275334728 1
gene  1 13 8 2.754596602373894 1 110.0 2.754596602373894 1
gene  1 14 8 -2.210067993778773 1 111.0 -2.210067993778773 1
gene  1 1 9 4.107882481341511 0 112.0 4.107882481341511 1
gene  1 4 9 -2.035747524650194 0 115.0 -2.035747524650194 1
gene  1 5 9 -2.073624010163229 0 116.0 -2.073624010163229 1
gene  1 7 9 -9.765527901217867 0 118.0 -9.765527901217867 1
gene  1 9 9 3.4155381936454603 1 120.0 3.4155381936454603 1
gene  1 14 9 2.1177585764809375 1 125.0 2.1177585764809375 1
gene  1 2 13 -3.6855343357559063 0 169.0 -3.6855343357559063 1
gene  1 5 13 0.8568269197294012 0 172.0 0.8568269197294012 1
gene  1 8 13 4.2054333287167 0 175.0 4.2054333287167 1
gene  1 1 14 1.9448866963798352 0 182.0 1.9448866963798352 0
gene  1 2 14 14.55869951904173 0 183.0 14.55869951904173 1
gene  1 3 14 -4.868409325356624 0 184.0 -4.868409325356624 1
gene  1 6 14 8.434469633646222 0 187.0 8.434469633646222 1
gene  1 13 14 5.206959839950722 0 194.0 5.206959839950722 1
gene  1 14 14 -4.646428681920727 1 195.0 -4.646428681920727 1
gene  1 5 8 -3.0544138270243293 0 202.0 -3.0544138270243293 1
gene  1 4 13 3.1057773718124206 0 220.0 3.1057773718124206 1
gene  1 1 20 2.863999173996375 0 231.0 2.863999173996375 1
gene  1 20 14 0.6869940273110201 0 232.0 0.6869940273110201 1
genomeend 15
genomestart  16
trait 1 0.731715373568969 0.5319433208524987 0.2958241585930085 1.0172554146688002 0.2545070174269727 0.6799681748259421 0.0 0.0 
node 1 1 1 1
node 2 1 1 1
node 3 1 1 1
node 4 1 1 1
node 5 1 1 1
node 6 1 1 1
node 7 1 1 3
node 8 1 0 0
node 9 1 0 0
node 13 1 0 2
node 14 1 0 2
node 20 1 0 0
gene  1 1 8 -3.2608737450783636 0 98.0 -3.2608737450783636 1
gene  1 2 8 0.5294401075071486 0 99.0 0.5294401075071486 1
gene  1 3 8 1.1655946580323653 0 100.0 1.1655946580323653 1
gene  1 6 8 0.7192596249644314 0 103.0 0.7192596249644314 1
gene  1 8 8 0.7207529631235138 1 105.0 0.7207529631235138 1
gene  1 9 8 8.092799619996908 1 106.0 8.092799619996908 1
gene  1 13 8 1.2546904559715177 1 110.0 1.2546904559715177 1
gene  1 14 8 -2.464910547035526 1 111.0 -2.464910547035526 1
gene  1 1 9 -0.13203018890757479 0 112.0 -0.13203018890757479 1
gene  1 4 9 -0.7511062414780296 0 115.0 -0.7511062414780296 1
gene  1 5 9 -2.2240837734532555 0 116.0 -2.2240837734532555 1
gene  1 7 9 0.4124909998796275 0 118.0 0.4124909998796275 1
gene  1 9 9 1.2999580773833506 1 120.0 1.2999580773833506 1
gene  1 14 9 3.551164587927295 1 125.0 3.551164587927295 1
gene  1 2 13 -2.7821825985725535 0 169.0 -2.7821825985725535 1
gene  1 5 13 -1.296145102979713 0 172.0 -1.296145102979713 1
gene  1 8 13 4.636602093042517 0 175.0 4.636602093042517 1
gene  1 1 14 1.0338271791385618 0 182.0 1.0338271791385618 0
gene  1 2 14 16.861826168676156 0 183.0 16.861826168676156 1
gene  1 3 14 -5.295190591941647 0 184.0 -5.295190591941647 1
gene  1 6 14 6.754038991873666 0 187.0 6.754038991873666 1
gene  1 13 14 4.144232669129069 0 194.0 4.144232669129069 1
gene  1 14 14 -3.9019673347638637 1 195.0 -3.9019673347638637 1
gene  1 5 8 0.07809018905819087 0 202.0 0.07809018905819087 1
gene  1 4 13 -2.079370293776539 0 220.0 -2.079370293776539 1
gene  1 1 20 -1.0608974325133866 0 231.0 -1.0608974325133866 1
gene  1 20 14 2.206896993995215 0 232.0 2.206896993995215 1
genomeend 16
genomestart  17
trait 1 0.0 0.8507286365631731 0.8412243628926098 0.8164647912856297 0.6061681788876561 0.0 0.0 0.07895419735974474 
node 1 1 1 1
node 2 1 1 1
node 3 1 1 1
node 4 1 1 1
node 5 1 1 1
node 6 1 1 1
node 7 1 1 3
node 13 1 0 2
node 14 1 0 2
gene  1 1 13 4.097031254101065 0 168.0 4.097031254101065 1
gene  1 2 13 -2.0588574060923626 0 169.0 -2.0588574060923626 1
gene  1 5 13 -4.092041530545012 0 172.0 -4.092041530545012 1
gene  1 6 13 -5.435784471097396 0 173.0 -5.435784471097396 1
gene  1 7 13 6.053516702075644 0 174.0 6.053516702075644 1
gene  1 3 14 2.762401232680079 0 184.0 2.762401232680079 1
gene  1 4 14 -0.3289940751351991 0 185.0 -0.3289940751351991 1
gene  1 7 14 -1.4078713334210775 0 188.0 -1.4078713334210775 1
gene  1 13 14 1.2816618227302765 0 194.0 1.2816618227302765 1
gene  1 14 14 2.6885660449657047 1 195.0 2.6885660449657047 1
gene  1 4 13 -0.576313618273955 0 235.0 -0.576313618273955 1
gene  1 1 14 2.6646726516836763 0 242.0 2.6646726516836763 1
genomeend 17
genomestart  18
trait 1 0.0 0.8507286365631731 0.8412243628926098 0.8164647912856297 1.5441269669618758 0.0 0.6127991496125865 0.07895419735974474 
node 1 1 1 1
node 2 1 1 1
node 3 1 1 1
node 4 1 1 1
node 5 1 1 1
node 6 1 1 1
node 7 1 1 3
node 13 1 0 2
node 14 1 0 2
gene  1 1 13 2.8388322266194597 0 168.0 2.8388322266194597 1
gene  1 2 13 -0.3195484816569194 0 169.0 -0.3195484816569194 1
gene  1 5 13 -4.709163548213995 0 172.0 -4.709163548213995 1
gene  1 6 13 -3.9646753453407633 0 173.0 -3.9646753453407633 1
gene  1 7 13 4.30584164694122 0 174.0 4.30584164694122 1
gene  1 3 14 2.5629569068793785 0 184.0 2.5629569068793785 1
gene  1 4 14 1.6632444786624176 0 185.0 1.6632444786624176 1
gene  1 7 14 1.5766709499778564 0 188.0 1.5766709499778564 1
gene  1 13 14 -4.9704470622649515 0 194.0 -4.9704470622649515 1
gene  1 14 14 0.4464248842220533 1 195.0 0.4464248842220533 1
gene  1 4 13 -1.399126889378751 0 235.0 -1.399126889378751 1
gene  1 1 14 0.16976268843987663 0 242.0 0.16976268843987663 1
genomeend 18
genomestart  19
trait 1 0.0 0.8507286365631731 0.8412243628926098 0.8164647912856297 0.6061681788876561 0.0 0.0 0.07895419735974474 
node 1 1 1 1
node 2 1 1 1
node 3 1 1 1
node 4 1 1 1
node 5 1 1 1
node 6 1 1 1
node 7 1 1 3
node 13 1 0 2
node 14 1 0 2
gene  1 1 13 1.503014141815631 0 168.0 1.503014141815631 1
gene  1 2 13 1.766419154214232 0 169.0 1.766419154214232 1
gene  1 5 13 -5.586801028482525 0 172.0 -5.586801028482525 1
gene  1 6 13 -3.4511613645313015 0 173.0 -3.4511613645313015 1
gene  1 7 13 6.488353864354865 0 174.0 6.488353864354865 1
gene  1 3 14 2.762401232680079 0 184.0 2.762401232680079 1
gene  1 4 14 -2.23031754433994 0 185.0 -2.23031754433994 1
gene  1 7 14 1.4186737900908708 0 188.0 1.4186737900908708 1
gene  1 13 14 -7.022440938836292 0 194.0 -7.022440938836292 1
gene  1 14 14 1.9966959008144989 1 195.0 1.9966959008144989 1
gene  1 4 13 -2.2891367029925966 0 235.0 -2.2891367029925966 1
gene  1 1 14 2.6842072911648267 0 242.0 2.6842072911648267 1
genomeend 19
