genomestart  0
trait 1 0.47855661823655404 0.0 0.0 1.2348572107762614 0.5082699997595335 1.3168578850843018 1.0590140864502917 1.6403068887102052 
node 1 1 1 1
node 2 1 1 1
node 3 1 1 1
node 4 1 1 1
node 5 1 1 1
node 6 1 1 1
node 7 1 1 3
node 13 1 0 2
node 14 1 0 2
node 33 1 0 0
gene  1 2 13 -0.23732055663921114 0 169.0 -0.23732055663921114 1
gene  1 3 13 -0.5776712706078961 0 170.0 -0.5776712706078961 1
gene  1 4 13 -2.0843239457154006 0 171.0 -2.0843239457154006 1
gene  1 6 13 -0.9189985533765804 0 173.0 -0.9189985533765804 1
gene  1 7 13 -1.8561922012177916 0 174.0 -1.8561922012177916 1
gene  1 13 13 0.30991692675326615 1 180.0 0.30991692675326615 1
gene  1 1 14 -3.045091252507147 0 182.0 -3.045091252507147 1
gene  1 2 14 -3.3768578876348223 0 183.0 -3.3768578876348223 1
gene  1 5 14 2.5691772742824774 0 186.0 2.5691772742824774 1
gene  1 6 14 8.775768929997673 0 187.0 8.775768929997673 1
gene  1 7 14 1.1731995326252653 0 188.0 1.1731995326252653 1
gene  1 13 14 -0.07517178651081668 0 194.0 -0.07517178651081668 1
gene  1 14 14 13.120401665168357 1 195.0 13.120401665168357 1
gene  1 4 14 -11.638122056960285 0 196.0 -11.638122056960285 1
gene  1 1 13 -2.6591496935978403 0 216.0 -2.6591496935978403 1
gene  1 1 33 -0.7123489961396219 0 313.0 -0.7123489961396219 1
gene  1 33 14 2.522512417906184 0 314.0 2.522512417906184 1
genomeend 0
genomestart  1
trait 1 0.12236385032328645 0.11996509262718169 0.0 1.2348572107762614 0.0 1.3168578850843018 1.0590140864502917 1.7905313975538821 
node 1 1 1 1
node 2 1 1 1
node 3 1 1 1
node 4 1 1 1
node 5 1 1 1
node 6 1 1 1
node 7 1 1 3
node 13 1 0 2
node 14 1 0 2
node 33 1 0 0
gene  1 2 13 0.7170793842765959 0 169.0 0.7170793842765959 1
gene  1 3 13 -1.2075006662151535 0 170.0 -1.2075006662151535 1
gene  1 4 13 0.9795645912670317 0 171.0 0.9795645912670317 1
gene  1 6 13 -0.6937788875107902 0 173.0 -0.6937788875107902 1
gene  1 7 13 1.2693898995812518 0 174.0 1.2693898995812518 1
gene  1 13 13 -0.7872774911529932 1 180.0 -0.7872774911529932 1
gene  1 1 14 0.506532545376128 0 182.0 0.506532545376128 1
gene  1 2 14 0.7789127909125528 0 183.0 0.7789127909125528 1
gene  1 5 14 2.4631626324295146 0 186.0 2.4631626324295146 1
gene  1 6 14 -1.0448235126362182 0 187.0 -1.0448235126362182 1
gene  1 7 14 2.578312716988488 0 188.0 2.578312716988488 1
gene  1 13 14 -2.352844741879715 0 194.0 -2.352844741879715 1
gene  1 14 14 12.884500729987616 1 195.0 12.884500729987616 1
gene  1 4 14 -11.589349631693459 0 196.0 -11.589349631693459 1
gene  1 1 13 -4.180356257497099 0 216.0 -4.180356257497099 1
gene  1 1 33 3.2560530560223913 0 313.0 3.2560530560223913 1
gene  1 33 14 -0.37664713711867415 0 314.0 -0.37664713711867415 1
genomeend 1
genomestart  2
trait 1 0.8313848170184033 0.29425544536966464 0.8345681790297872 0.07766507438443143 0.7226901151585414 0.41262400137975846 0.0 0.6750180349138831 
node 1 1 1 1
node 2 1 1 1
node 3 1 1 1
node 4 1 1 1
node 5 1 1 1
node 6 1 1 1
node 7 1 1 3
node 13 1 0 2
node 14 1 0 2
node 21 1 0 0
node 24 1 0 0
node 34 1 0 0
gene  1 1 13 -3.5421581249822927 0 168.0 -3.5421581249822927 1
gene  1 4 13 5.042405115356676 0 171.0 5.042405115356676 1
gene  1 5 13 1.8769116676044915 0 172.0 1.8769116676044915 1
gene  1 7 13 2.7929201689097916 0 174.0 2.7929201689097916 1
gene  1 13 13 1.2454330565017773 1 180.0 1.2454330565017773 1
gene  1 2 14 -3.4187680804164176 0 183.0 -3.4187680804164176 1
gene  1 3 14 -2.146119969644569 0 184.0 -2.146119969644569 0
gene  1 6 14 3.1691163621768634 0 187.0 3.1691163621768634 1
gene  1 13 14 -3.4839001551804905 0 194.0 -3.4839001551804905 1
gene  1 14 14 0.7233546305848062 1 195.0 0.7233546305848062 1
gene  1 6 13 -6.5668267925604376 0 205.0 -6.5668267925604376 1
gene  1 5 14 -1.0281093970448794 0 223.0 -1.0281093970448794 1
gene  1 3 13 -1.633691883279493 0 229.0 -1.633691883279493 1
gene  1 2 13 0.9485643041103284 0 233.0 0.9485643041103284 1
gene  1 1 21 -5.231585985661337 0 238.0 -5.231585985661337 1
gene  1 21 13 -5.3989097547662555 0 239.0 -5.3989097547662555 1
gene  1 5 21 2.780197696646481 0 253.0 2.780197696646481 1
gene  1 3 21 -11.67555411766516 0 270.0 -11.67555411766516 1
gene  1 1 24 1.3712222150157722 0 275.0 1.3712222150157722 1
gene  1 24 13 2.9721243024569395 0 276.0 2.9721243024569395 1
gene  1 3 34 -2.238351245994547 0 315.0 -2.238351245994547 1
gene  1 34 14 3.355678293120977 0 316.0 3.355678293120977 1
gene  1 3 24 0.7521435631835534 0 324.0 0.7521435631835534 1
gene  1 2 21 -8.192558311900338 0 350.0 -8.192558311900338 1
gene  1 34 13 1.582715584468064 0 355.0 1.582715584468064 1
gene  1 1 34 1.3672751414239936 0 361.0 1.3672751414239936 1
genomeend 2
genomestart  3
trait 1 0.8313848170184033 0.29425544536966464 0.8345681790297872 0.07766507438443143 0.7226901151585414 0.41262400137975846 0.0 0.6750180349138831 
node 1 1 1 1
node 2 1 1 1
node 3 1 1 1
node 4 1 1 1
node 5 1 1 1
node 6 1 1 1
node 7 1 1 3
node 13 1 0 2
node 14 1 0 2
node 21 1 0 0
node 24 1 0 0
node 34 1 0 0
gene  1 1 13 -3.9954477529166423 0 168.0 -3.9954477529166423 1
gene  1 4 13 3.8581601293039567 0 171.0 3.8581601293039567 1
gene  1 5 13 -0.6229463213443007 0 172.0 -0.6229463213443007 1
gene  1 7 13 0.401831813299824 0 174.0 0.401831813299824 1
gene  1 13 13 1.2454330565017773 1 180.0 1.2454330565017773 1
gene  1 2 14 -3.4187680804164176 0 183.0 -3.4187680804164176 1
gene  1 3 14 -2.6745882315099614 0 184.0 -2.6745882315099614 0
gene  1 6 14 4.99570851040217 0 187.0 4.99570851040217 1
gene  1 13 14 2.078174735697265 0 194.0 2.078174735697265 1
gene  1 14 14 -0.9885964761397394 1 195.0 -0.9885964761397394 1
gene  1 6 13 -6.103770064647818 0 205.0 -6.103770064647818 1
gene  1 5 14 -0.3655015192691691 0 223.0 -0.3655015192691691 1
gene  1 3 13 -0.6466102328785911 0 229.0 -0.6466102328785911 1
gene  1 2 13 0.9485643041103284 0 233.0 0.9485643041103284 1
gene  1 1 21 -4.2509989188688415 0 238.0 -4.2509989188688415 1
gene  1 21 13 -5.3989097547662555 0 239.0 -5.3989097547662555 1
gene  1 5 21 2.059681863333304 0 253.0 2.059681863333304 1
gene  1 3 21 -13.494623398968942 0 270.0 -13.494623398968942 1
gene  1 1 24 2.685253558946517 0 275.0 2.685253558946517 1
gene  1 24 13 2.9721243024569395 0 276.0 2.9721243024569395 1
gene  1 3 34 -2.238351245994547 0 315.0 -2.238351245994547 1
gene  1 34 14 3.4936992472437423 0 316.0 3.4936992472437423 1
gene  1 3 24 0.7521435631835534 0 324.0 0.7521435631835534 1
gene  1 2 21 -5.869600591992025 0 350.0 -5.869600591992025 1
gene  1 34 13 -0.4972760197678161 0 355.0 -0.4972760197678161 1
gene  1 1 34 3.391563821711773 0 361.0 3.391563821711773 1
genomeend 3
genomestart  4
trait 1 0.8313848170184033 0.29425544536966464 0.8345681790297872 0.07766507438443143 0.7226901151585414 0.41262400137975846 0.0 0.6750180349138831 
node 1 1 1 1
node 2 1 1 1
node 3 1 1 1
node 4 1 1 1
node 5 1 1 1
node 6 1 1 1
node 7 1 1 3
node 13 1 0 2
node 14 1 0 2
node 21 1 0 0
node 24 1 0 0
node 34 1 0 0
gene  1 1 13 -4.016473281952992 0 168.0 -4.016473281952992 1
gene  1 4 13 4.611519040490295 0 171.0 4.611519040490295 1
gene  1 5 13 3.655973356133872 0 172.0 3.655973356133872 1
gene  1 7 13 2.1576587004021115 0 174.0 2.1576587004021115 1
gene  1 13 13 -0.8136286960057415 1 180.0 -0.8136286960057415 1
gene  1 2 14 -1.7442614698133445 0 183.0 -1.7442614698133445 1
gene  1 3 14 0.5063669245320201 0 184.0 0.5063669245320201 0
gene  1 6 14 3.4459856848129213 0 187.0 3.4459856848129213 1
gene  1 13 14 -1.0302874670971174 0 194.0 -1.0302874670971174 1
gene  1 14 14 -0.6169013750117622 1 195.0 -0.6169013750117622 1
gene  1 6 13 -4.648349231993004 0 205.0 -4.648349231993004 1
gene  1 5 14 -2.0021387639703043 0 223.0 -2.0021387639703043 1
gene  1 3 13 0.03960169634606575 0 229.0 0.03960169634606575 1
gene  1 2 13 -0.06825613536620057 0 233.0 -0.06825613536620057 1
gene  1 1 21 -5.231585985661337 0 238.0 -5.231585985661337 1
gene  1 21 13 -1.4405494814226962 0 239.0 -1.4405494814226962 1
gene  1 5 21 1.1803164821884213 0 253.0 1.1803164821884213 1
gene  1 3 21 -11.67555411766516 0 270.0 -11.67555411766516 1
gene  1 1 24 2.2311676381532637 0 275.0 2.2311676381532637 1
gene  1 24 13 4.180538070156337 0 276.0 4.180538070156337 1
gene  1 3 34 -0.9811921944364304 0 315.0 -0.9811921944364304 1
gene  1 34 14 5.547665052768895 0 316.0 5.547665052768895 1
gene  1 3 24 0.10981782754631886 0 324.0 0.10981782754631886 1
gene  1 2 21 -7.32962240813907 0 350.0 -7.32962240813907 1
gene  1 34 13 2.1919796432813197 0 355.0 2.1919796432813197 1
gene  1 1 34 2.122233368711219 0 361.0 2.122233368711219 1
genomeend 4
genomestart  5
trait 1 2.3156897472124616 1.038817852750874 0.43173212214279244 1.2383225027221012 0.8876970332296057 0.0 1.118561686491879 0.2231066753882277 
node 1 1 1 1
node 2 1 1 1
node 3 1 1 1
node 4 1 1 1
node 5 1 1 1
node 6 1 1 1
node 7 1 1 3
node 8 1 0 0
node 13 1 0 2
node 14 1 0 2
node 39 1 0 0
node 42 1 0 0
gene  1 1 8 3.522885650452989 0 98.0 3.522885650452989 1
gene  1 2 8 0.9497664951367233 0 99.0 0.9497664951367233 1
gene  1 3 8 3.9483600598314705 0 100.0 3.9483600598314705 1
gene  1 4 8 1.3857792849826047 0 101.0 1.3857792849826047 1
gene  1 5 8 0.18517023871205823 0 102.0 0.18517023871205823 1
gene  1 6 8 2.4410206352408843 0 103.0 2.4410206352408843 1
gene  1 8 8 -0.3850353925489127 1 105.0 -0.3850353925489127 1
gene  1 13 8 2.4801276134567667 1 110.0 2.4801276134567667 1
gene  1 14 8 0.3341846710704935 1 111.0 0.3341846710704935 1
gene  1 3 13 0.36373715192326095 0 170.0 0.36373715192326095 1
gene  1 5 13 6.701475911810622 0 172.0 6.701475911810622 1
gene  1 7 13 -3.33988353603108 0 174.0 -3.33988353603108 1
gene  1 13 13 0.9269368648079916 1 180.0 0.9269368648079916 1
gene  1 2 14 -0.509578692202157 0 183.0 -0.509578692202157 1
gene  1 4 14 -2.424442235477768 0 185.0 -2.424442235477768 1
gene  1 6 14 -0.38760619392594126 0 187.0 -0.38760619392594126 1
gene  1 8 14 0.8750139820831875 0 189.0 0.8750139820831875 1
gene  1 13 14 3.3234243906523817 0 194.0 3.3234243906523817 1
gene  1 2 13 -8.454572055910928 0 213.0 -8.454572055910928 1
gene  1 4 13 -0.015827463455419633 0 230.0 -0.015827463455419633 1
gene  1 13 8 -2.0709882396123596 0 244.0 -2.0709882396123596 0
gene  1 7 14 1.4349978522028852 0 264.0 1.4349978522028852 1
gene  1 1 14 1.7208989829424197 0 299.0 1.7208989829424197 1
gene  1 5 14 -2.7205272298107532 0 310.0 -2.7205272298107532 1
gene  1 1 13 -2.4242566701104944 0 311.0 -2.4242566701104944 1
gene  1 13 39 -5.487140882088474 0 344.0 -5.487140882088474 1
gene  1 39 8 1.766438562180915 0 345.0 1.766438562180915 1
gene  1 6 13 1.796035790318217 0 348.0 1.796035790318217 1
gene  1 2 42 1.1689073422507157 0 359.0 1.1689073422507157 1
gene  1 42 14 1.0825088200437356 0 360.0 1.0825088200437356 1
gene  1 13 42 -4.5041740472944 0 366.0 -4.5041740472944 1
genomeend 5
genomestart  6
trait 1 2.3156897472124616 1.038817852750874 0.43173212214279244 1.2383225027221012 0.8876970332296057 0.0 1.118561686491879 0.2231066753882277 
node 1 1 1 1
node 2 1 1 1
node 3 1 1 1
node 4 1 1 1
node 5 1 1 1
node 6 1 1 1
node 7 1 1 3
node 8 1 0 0
node 13 1 0 2
node 14 1 0 2
node 39 1 0 0
node 42 1 0 0
node 46 1 0 0
gene  1 1 8 3.522885650452989 0 98.0 3.522885650452989 1
gene  1 2 8 0.9497664951367233 0 99.0 0.9497664951367233 0
gene  1 3 8 3.9483600598314705 0 100.0 3.9483600598314705 1
gene  1 4 8 1.3857792849826047 0 101.0 1.3857792849826047 1
gene  1 5 8 0.18517023871205823 0 102.0 0.18517023871205823 1
gene  1 6 8 2.4410206352408843 0 103.0 2.4410206352408843 1
gene  1 8 8 -0.3850353925489127 1 105.0 -0.3850353925489127 1
gene  1 13 8 2.4801276134567667 1 110.0 2.4801276134567667 1
gene  1 14 8 0.3341846710704935 1 111.0 0.3341846710704935 1
gene  1 3 13 0.36373715192326095 0 170.0 0.36373715192326095 1
gene  1 5 13 6.701475911810622 0 172.0 6.701475911810622 1
gene  1 7 13 -3.33988353603108 0 174.0 -3.33988353603108 1
gene  1 13 13 0.9269368648079916 1 180.0 0.9269368648079916 1
gene  1 2 14 -0.509578692202157 0 183.0 -0.509578692202157 1
gene  1 4 14 -2.424442235477768 0 185.0 -2.424442235477768 1
gene  1 6 14 -0.38760619392594126 0 187.0 -0.38760619392594126 1
gene  1 8 14 0.8750139820831875 0 189.0 0.8750139820831875 1
gene  1 13 14 3.3234243906523817 0 194.0 3.3234243906523817 1
gene  1 2 13 -8.454572055910928 0 213.0 -8.454572055910928 1
gene  1 4 13 -0.015827463455419633 0 230.0 -0.015827463455419633 1
gene  1 13 8 -2.0709882396123596 0 244.0 -2.0709882396123596 0
gene  1 7 14 1.4349978522028852 0 264.0 1.4349978522028852 1
gene  1 1 14 1.7208989829424197 0 299.0 1.7208989829424197 1
gene  1 5 14 -2.7205272298107532 0 310.0 -2.7205272298107532 1
gene  1 1 13 -2.4242566701104944 0 311.0 -2.4242566701104944 1
gene  1 13 39 -5.487140882088474 0 344.0 -5.487140882088474 1
gene  1 39 8 1.766438562180915 0 345.0 1.766438562180915 1
gene  1 6 13 1.796035790318217 0 348.0 1.796035790318217 1
gene  1 2 42 1.1689073422507157 0 359.0 1.1689073422507157 1
gene  1 42 14 1.0825088200437356 0 360.0 1.0825088200437356 1
gene  1 13 42 -4.5041740472944 0 366.0 -4.5041740472944 1
gene  1 2 46 1.0 0 373.0 0.0 1
gene  1 46 8 0.9497664951367233 0 374.0 0.0 1
genomeend 6
genomestart  7
trait 1 2.225061889405073 0.0 0.0 1.3327232120186472 1.3979750278133554 1.0698224637072022 0.8935183821927635 0.7324056448032895 
node 1 1 1 1
node 2 1 1 1
node 3 1 1 1
node 4 1 1 1
node 5 1 1 1
node 6 1 1 1
node 7 1 1 3
node 8 1 0 0
node 9 1 0 0
node 10 1 0 0
node 13 1 0 2
node 14 1 0 2
node 28 1 0 0
node 41 1 0 0
node 43 1 0 0
gene  1 1 8 0.8968645160304386 0 98.0 0.8968645160304386 1
gene  1 3 8 -0.9016902732442693 0 100.0 -0.9016902732442693 1
gene  1 5 8 1.456352341641527 0 102.0 1.456352341641527 1
gene  1 6 8 6.880402321908132 0 103.0 6.880402321908132 1
gene  1 8 8 1.1689094837144844 1 105.0 1.1689094837144844 0
gene  1 1 9 1.284234711785696 0 112.0 1.284234711785696 1
gene  1 2 9 -0.28316354611411887 0 113.0 -0.28316354611411887 1
gene  1 3 9 -4.922100622674055 0 114.0 -4.922100622674055 1
gene  1 5 9 -1.2281127488890602 0 116.0 -1.2281127488890602 1
gene  1 7 9 7.8150581632524725 0 118.0 7.8150581632524725 1
gene  1 9 9 -0.16679819984392408 1 120.0 -0.16679819984392408 1
gene  1 10 9 -0.0396114733169699 1 121.0 -0.0396114733169699 1
gene  1 13 9 4.53278760907486 1 124.0 4.53278760907486 1
gene  1 2 10 -1.1529599846005154 0 127.0 -1.1529599846005154 1
gene  1 4 10 -0.7500039657988218 0 129.0 -0.7500039657988218 1
gene  1 5 10 -3.810000475633991 0 130.0 -3.810000475633991 1
gene  1 8 10 7.739794010299179 0 133.0 7.739794010299179 1
gene  1 9 10 -4.673374596449252 0 134.0 -4.673374596449252 1
gene  1 10 10 2.4831028899669705 1 135.0 2.4831028899669705 1
gene  1 13 10 6.236501093867908 1 138.0 6.236501093867908 1
gene  1 14 10 -4.578003261911377 1 139.0 -4.578003261911377 0
gene  1 2 13 -5.479998243935125 0 169.0 -5.479998243935125 1
gene  1 3 13 -2.753676128780886 0 170.0 -2.753676128780886 1
gene  1 6 13 -9.192289704342425 0 173.0 -9.192289704342425 1
gene  1 7 13 0.7600071291496271 0 174.0 0.7600071291496271 1
gene  1 9 13 3.6967760156969627 0 176.0 3.6967760156969627 1
gene  1 13 13 0.9205042533677417 1 180.0 0.9205042533677417 1
gene  1 14 13 12.859691755363329 1 181.0 12.859691755363329 1
gene  1 1 14 1.9372457512072487 0 182.0 1.9372457512072487 1
gene  1 3 14 8.03447499968324 0 184.0 8.03447499968324 1
gene  1 9 14 6.486221001695105 0 190.0 6.486221001695105 1
gene  1 10 14 -1.8237625153812362 0 191.0 -1.8237625153812362 1
gene  1 8 13 -1.6708182579606838 0 207.0 -1.6708182579606838 1
gene  1 1 10 2.080215632554098 0 226.0 2.080215632554098 1
gene  1 6 14 2.295088337394449 0 234.0 2.295088337394449 1
gene  1 8 28 0.7691007074416161 1 293.0 0.7691007074416161 1
gene  1 28 8 -0.5806297572308572 0 294.0 -0.5806297572308572 1
gene  1 8 9 -1.3446705456118573 0 328.0 -1.3446705456118573 1
gene  1 8 41 -0.3375677244665656 1 357.0 -0.3375677244665656 1
gene  1 41 8 -0.5267625587507783 0 358.0 -0.5267625587507783 1
gene  1 14 43 -3.5587731744133295 1 364.0 -3.5587731744133295 1
gene  1 43 10 -0.5495820236728848 0 365.0 -0.5495820236728848 1
genomeend 7
genomestart  8
trait 1 2.225061889405073 0.0 0.0 1.3327232120186472 1.3979750278133554 1.0698224637072022 0.8935183821927635 0.7324056448032895 
node 1 1 1 1
node 2 1 1 1
node 3 1 1 1
node 4 1 1 1
node 5 1 1 1
node 6 1 1 1
node 7 1 1 3
node 8 1 0 0
node 9 1 0 0
node 10 1 0 0
node 13 1 0 2
node 14 1 0 2
node 28 1 0 0
node 41 1 0 0
node 43 1 0 0
gene  1 1 8 2.2845822099083355 0 98.0 2.2845822099083355 1
gene  1 3 8 -2.1372282528727347 0 100.0 -2.1372282528727347 1
gene  1 5 8 -0.28340884131011834 0 102.0 -0.28340884131011834 1
gene  1 6 8 7.071159906422369 0 103.0 7.071159906422369 1
gene  1 8 8 -0.164491050331393 1 105.0 -0.164491050331393 0
gene  1 1 9 -0.20247252834156138 0 112.0 -0.20247252834156138 1
gene  1 2 9 2.2017527384474413 0 113.0 2.2017527384474413 1
gene  1 3 9 -4.859939178494336 0 114.0 -4.859939178494336 1
gene  1 5 9 0.07655833688096625 0 116.0 0.07655833688096625 1
gene  1 7 9 7.077005507380833 0 118.0 7.077005507380833 1
gene  1 9 9 3.510895741917998 1 120.0 3.510895741917998 1
gene  1 10 9 0.4743386272286757 1 121.0 0.4743386272286757 1
gene  1 13 9 8.599191154929336 1 124.0 8.599191154929336 1
gene  1 2 10 0.2891946813742099 0 127.0 0.2891946813742099 1
gene  1 4 10 -3.4097305098298136 0 129.0 -3.4097305098298136 1
gene  1 5 10 -3.427054941395274 0 130.0 -3.427054941395274 1
gene  1 8 10 5.028607796619737 0 133.0 5.028607796619737 1
gene  1 9 10 -6.319308945284214 0 134.0 -6.319308945284214 1
gene  1 10 10 5.6646302667077295 1 135.0 5.6646302667077295 1
gene  1 13 10 3.3476215110876373 1 138.0 3.3476215110876373 1
gene  1 14 10 -0.9361750876936261 1 139.0 -0.9361750876936261 0
gene  1 2 13 -7.5519977237111355 0 169.0 -7.5519977237111355 1
gene  1 3 13 -2.338066090474667 0 170.0 -2.338066090474667 1
gene  1 6 13 -10.327952552725707 0 173.0 -10.327952552725707 1
gene  1 7 13 1.6571900686972587 0 174.0 1.6571900686972587 1
gene  1 9 13 3.9188033916532765 0 176.0 3.9188033916532765 1
gene  1 13 13 -0.31987949224002993 1 180.0 -0.31987949224002993 1
gene  1 14 13 11.2898377343492 1 181.0 11.2898377343492 1
gene  1 1 14 3.928809358719016 0 182.0 3.928809358719016 1
gene  1 3 14 7.932464750838237 0 184.0 7.932464750838237 1
gene  1 9 14 4.339547797627333 0 190.0 4.339547797627333 1
gene  1 10 14 -2.99610771518119 0 191.0 -2.99610771518119 1
gene  1 8 13 -0.41414281542545095 0 207.0 -0.41414281542545095 1
gene  1 1 10 -0.1848348808092266 0 226.0 -0.1848348808092266 1
gene  1 6 14 2.295088337394449 0 234.0 2.295088337394449 1
gene  1 8 28 -0.9135040406974233 1 293.0 -0.9135040406974233 1
gene  1 28 8 3.874057681468762 0 294.0 3.874057681468762 1
gene  1 8 9 0.6557775879253165 0 328.0 0.6557775879253165 1
gene  1 8 41 0.8298738749531376 1 357.0 0.8298738749531376 1
gene  1 41 8 3.541485453425677 0 358.0 3.541485453425677 1
gene  1 14 43 0.7451123647698041 1 364.0 0.7451123647698041 1
gene  1 43 10 -1.3434877616925684 0 365.0 -1.3434877616925684 1
genomeend 8
genomestart  9
trait 1 2.225061889405073 0.0 0.0 1.3327232120186472 1.3979750278133554 1.0698224637072022 0.8935183821927635 0.7324056448032895 
node 1 1 1 1
node 2 1 1 1
node 3 1 1 1
node 4 1 1 1
node 5 1 1 1
node 6 1 1 1
node 7 1 1 3
node 8 1 0 0
node 9 1 0 0
node 10 1 0 0
node 13 1 0 2
node 14 1 0 2
node 28 1 0 0
node 41 1 0 0
node 43 1 0 0
gene  1 1 8 -0.6330075102552475 0 98.0 -0.6330075102552475 1
gene  1 3 8 -1.1438875947678462 0 100.0 -1.1438875947678462 1
gene  1 5 8 3.268911946137699 0 102.0 3.268911946137699 1
gene  1 6 8 6.433019867990768 0 103.0 6.433019867990768 1
gene  1 8 8 -0.46737282784513146 1 105.0 -0.46737282784513146 0
gene  1 1 9 0.02899699029625602 0 112.0 0.02899699029625602 1
gene  1 2 9 2.5520212415809844 0 113.0 2.5520212415809844 1
gene  1 3 9 -5.532460920775893 0 114.0 -5.532460920775893 1
gene  1 5 9 -2.086371844054676 0 116.0 -2.086371844054676 1
gene  1 7 9 6.165353189708049 0 118.0 6.165353189708049 1
gene  1 9 9 4.369823458862968 1 120.0 4.369823458862968 1
gene  1 10 9 3.076752959259225 1 121.0 3.076752959259225 1
gene  1 13 9 5.694225207125876 1 124.0 5.694225207125876 1
gene  1 2 10 -3.1317822524498973 0 127.0 -3.1317822524498973 1
gene  1 4 10 -5.342927558210196 0 129.0 -5.342927558210196 1
gene  1 5 10 -5.766053959892132 0 130.0 -5.766053959892132 1
gene  1 8 10 6.804193850588565 0 133.0 6.804193850588565 1
gene  1 9 10 -8.614607000725655 0 134.0 -8.614607000725655 1
gene  1 10 10 3.252986819397651 1 135.0 3.252986819397651 1
gene  1 13 10 3.9910855382166552 1 138.0 3.9910855382166552 1
gene  1 14 10 -1.8484920443274313 1 139.0 -1.8484920443274313 0
gene  1 2 13 -7.026010116125906 0 169.0 -7.026010116125906 1
gene  1 3 13 -3.4812207570945333 0 170.0 -3.4812207570945333 1
gene  1 6 13 -7.553133729091506 0 173.0 -7.553133729091506 1
gene  1 7 13 0.10376429028678152 0 174.0 0.10376429028678152 1
gene  1 9 13 1.3807810711283053 0 176.0 1.3807810711283053 1
gene  1 13 13 -0.2555034953596991 1 180.0 -0.2555034953596991 1
gene  1 14 13 10.523711316202364 1 181.0 10.523711316202364 1
gene  1 1 14 4.914964542458844 0 182.0 4.914964542458844 1
gene  1 3 14 8.02774162316576 0 184.0 8.02774162316576 1
gene  1 9 14 6.065821934299282 0 190.0 6.065821934299282 1
gene  1 10 14 -3.3181489546159084 0 191.0 -3.3181489546159084 1
gene  1 8 13 -1.7450971700099995 0 207.0 -1.7450971700099995 1
gene  1 1 10 -0.7925011535176258 0 226.0 -0.7925011535176258 1
gene  1 6 14 3.7178467456456388 0 234.0 3.7178467456456388 1
gene  1 8 28 -0.9135040406974233 1 293.0 -0.9135040406974233 1
gene  1 28 8 3.874057681468762 0 294.0 3.874057681468762 1
gene  1 8 9 -1.3446705456118573 0 328.0 -1.3446705456118573 1
gene  1 8 41 -0.3834132121209959 1 357.0 -0.3834132121209959 1
gene  1 41 8 0.3575728388487085 0 358.0 0.3575728388487085 1
gene  1 14 43 -1.4921535560728538 1 364.0 -1.4921535560728538 1
gene  1 43 10 -2.2580801305585023 0 365.0 -2.2580801305585023 1
genomeend 9
genomestart  10
trait 1 0.0 0.507208509242693 0.0 1.336083291708453 2.3145837249829695 0.0 0.0 0.868067118942248 
node 1 1 1 1
node 2 1 1 1
node 3 1 1 1
node 4 1 1 1
node 5 1 1 1
node 6 1 1 1
node 7 1 1 3
node 8 1 0 0
node 13 1 0 2
node 14 1 0 2
node 22 1 0 0
node 25 1 0 0
node 29 1 0 0
gene  1 1 8 -0.2568787715127847 0 98.0 -0.2568787715127847 1
gene  1 3 8 -0.18596413479597373 0 100.0 -0.18596413479597373 1
gene  1 4 8 0.5482654660645546 0 101.0 0.5482654660645546 1
gene  1 5 8 0.28341693491401077 0 102.0 0.28341693491401077 1
gene  1 6 8 -4.720820943021872 0 103.0 -4.720820943021872 1
gene  1 8 8 -0.45533182030140384 1 105.0 -0.45533182030140384 1
gene  1 1 13 3.8224136214479296 0 168.0 3.8224136214479296 1
gene  1 5 13 5.873560969430006 0 172.0 5.873560969430006 1
gene  1 13 13 1.4272177628326084 1 180.0 1.4272177628326084 1
gene  1 14 13 2.9449651524604894 1 181.0 2.9449651524604894 1
gene  1 2 14 -1.467400213495505 0 183.0 -1.467400213495505 1
gene  1 3 14 5.12367986217847 0 184.0 5.12367986217847 1
gene  1 5 14 1.608508898223248 0 186.0 1.608508898223248 1
gene  1 7 14 -0.514945956512595 0 188.0 -0.514945956512595 1
gene  1 8 14 -5.837064655953203 0 189.0 -5.837064655953203 1
gene  1 13 14 2.3696699013265 0 194.0 2.3696699013265 1
gene  1 2 13 19.85368502788831 0 236.0 19.85368502788831 1
gene  1 8 22 -5.8132684680292 0 240.0 -5.8132684680292 1
gene  1 22 14 0.13020193118326517 0 241.0 0.13020193118326517 1
gene  1 1 22 -5.299980189435137 0 245.0 -5.299980189435137 1
gene  1 13 8 2.5729866517773567 0 257.0 2.5729866517773567 1
gene  1 5 22 -8.07642520515263 0 265.0 -8.07642520515263 1
gene  1 1 25 -2.917576087243331 0 279.0 -2.917576087243331 1
gene  1 25 8 1.8201231292734519 0 280.0 1.8201231292734519 1
gene  1 8 29 2.357016338584116 0 297.0 2.357016338584116 1
gene  1 29 14 -0.6457824053529482 0 298.0 -0.6457824053529482 1
gene  1 1 14 -1.3796644667042057 0 312.0 -1.3796644667042057 1
gene  1 2 29 2.0062653560425767 0 330.0 2.0062653560425767 1
gene  1 5 25 -0.2592483360998017 0 343.0 -0.2592483360998017 1
genomeend 10
genomestart  11
trait 1 0.0 0.507208509242693 0.0 1.336083291708453 2.3145837249829695 0.0 0.0 0.868067118942248 
node 1 1 1 1
node 2 1 1 1
node 3 1 1 1
node 4 1 1 1
node 5 1 1 1
node 6 1 1 1
node 7 1 1 3
node 8 1 0 0
node 13 1 0 2
node 14 1 0 2
node 22 1 0 0
node 25 1 0 0
node 29 1 0 0
gene  1 1 8 -0.253704721308595 0 98.0 -0.253704721308595 1
gene  1 3 8 2.02579094293183 0 100.0 2.02579094293183 1
gene  1 4 8 -0.26635216292339625 0 101.0 -0.26635216292339625 1
gene  1 5 8 -1.3773640568607064 0 102.0 -1.3773640568607064 1
gene  1 6 8 0.6327072748218929 0 103.0 0.6327072748218929 1
gene  1 8 8 -1.1530970128508675 1 105.0 -1.1530970128508675 1
gene  1 1 13 2.316288161946334 0 168.0 2.316288161946334 1
gene  1 5 13 2.2735141053980854 0 172.0 2.2735141053980854 1
gene  1 13 13 0.39629483190047976 1 180.0 0.39629483190047976 1
gene  1 14 13 0.32802812335074893 1 181.0 0.32802812335074893 1
gene  1 2 14 -2.052202941206886 0 183.0 -2.052202941206886 1
gene  1 3 14 3.4254962655787944 0 184.0 3.4254962655787944 1
gene  1 5 14 -1.4491479145396708 0 186.0 -1.4491479145396708 1
gene  1 7 14 0.3488372935805062 0 188.0 0.3488372935805062 1
gene  1 8 14 -5.7098067286533345 0 189.0 -5.7098067286533345 1
gene  1 13 14 2.1763417770139735 0 194.0 2.1763417770139735 1
gene  1 2 13 19.66023089413071 0 236.0 19.66023089413071 1
gene  1 8 22 -3.7636415418222526 0 240.0 -3.7636415418222526 1
gene  1 22 14 -1.0747640485144605 0 241.0 -1.0747640485144605 1
gene  1 1 22 -1.6304119810898579 0 245.0 -1.6304119810898579 1
gene  1 13 8 0.6910695313358834 0 257.0 0.6910695313358834 1
gene  1 5 22 -6.577461859700982 0 265.0 -6.577461859700982 1
gene  1 1 25 0.2270695850003504 0 279.0 0.2270695850003504 1
gene  1 25 8 4.024461284410842 0 280.0 4.024461284410842 1
gene  1 8 29 1.2873100726183957 0 297.0 1.2873100726183957 1
gene  1 29 14 1.5212624577906402 0 298.0 1.5212624577906402 1
gene  1 1 14 -3.4803215813135706 0 312.0 -3.4803215813135706 1
gene  1 2 29 2.6711083388248853 0 330.0 2.6711083388248853 1
gene  1 5 25 1.9527666338133045 0 343.0 1.9527666338133045 1
genomeend 11
genomestart  12
trait 1 0.0 0.0 0.0697072373684462 0.0 0.0 1.2871131578344006 1.106386715936813 0.0 
node 1 1 1 1
node 2 1 1 1
node 3 1 1 1
node 4 1 1 1
node 5 1 1 1
node 6 1 1 1
node 7 1 1 3
node 13 1 0 2
node 14 1 0 2
gene  1 1 13 -0.012427616313076373 0 168.0 -0.012427616313076373 1
gene  1 2 13 7.911204301886604 0 169.0 7.911204301886604 1
gene  1 3 13 -6.162321280693748 0 170.0 -6.162321280693748 1
gene  1 4 13 -1.0737468897508644 0 171.0 -1.0737468897508644 1
gene  1 5 13 10.041964804407794 0 172.0 10.041964804407794 1
gene  1 6 13 3.200329408996136 0 173.0 3.200329408996136 1
gene  1 7 13 0.40642953090608325 0 174.0 0.40642953090608325 1
gene  1 14 13 -1.102707865461784 1 181.0 -1.102707865461784 1
gene  1 1 14 1.6962938223204713 0 182.0 1.6962938223204713 1
gene  1 2 14 -0.8516631935388637 0 183.0 -0.8516631935388637 1
gene  1 3 14 -7.235884457859692 0 184.0 -7.235884457859692 1
gene  1 13 14 -0.36863922637444 0 194.0 -0.36863922637444 1
gene  1 14 14 -0.42256338603043786 1 195.0 -0.42256338603043786 1
gene  1 7 14 -0.33108789661362215 0 273.0 -0.33108789661362215 1
gene  1 4 14 -1.3473954132826587 0 283.0 -1.3473954132826587 1
gene  1 5 14 -1.8241098482281446 0 303.0 -1.8241098482281446 1
gene  1 6 14 -2.507635761709533 0 307.0 -2.507635761709533 1
genomeend 12
genomestart  13
trait 1 0.0 0.0 0.0697072373684462 0.0 0.0 1.2871131578344006 1.106386715936813 0.0 
node 1 1 1 1
node 2 1 1 1
node 3 1 1 1
node 4 1 1 1
node 5 1 1 1
node 6 1 1 1
node 7 1 1 3
node 13 1 0 2
node 14 1 0 2
gene  1 1 13 -0.057840602754774095 0 168.0 -0.057840602754774095 1
gene  1 2 13 6.577348576899389 0 169.0 6.577348576899389 1
gene  1 3 13 -3.815473525794711 0 170.0 -3.815473525794711 1
gene  1 4 13 -1.0737468897508644 0 171.0 -1.0737468897508644 1
gene  1 5 13 8.514492970344097 0 172.0 8.514492970344097 1
gene  1 6 13 1.0293622259161954 0 173.0 1.0293622259161954 1
gene  1 7 13 -0.7764367620359276 0 174.0 -0.7764367620359276 1
gene  1 14 13 1.9488791636262832 1 181.0 1.9488791636262832 1
gene  1 1 14 -0.2278463363051808 0 182.0 -0.2278463363051808 1
gene  1 2 14 -0.8516631935388637 0 183.0 -0.8516631935388637 1
gene  1 3 14 -8.740929714495534 0 184.0 -8.740929714495534 1
gene  1 13 14 1.6253263216647547 0 194.0 1.6253263216647547 1
gene  1 14 14 -1.7843923319645671 1 195.0 -1.7843923319645671 1
gene  1 7 14 -1.153459089850081 0 273.0 -1.153459089850081 1
gene  1 4 14 0.06222508726081166 0 283.0 0.06222508726081166 1
gene  1 5 14 0.39667408664278514 0 303.0 0.39667408664278514 1
gene  1 6 14 -0.27309081382765754 0 307.0 -0.27309081382765754 1
genomeend 13
genomestart  14
trait 1 0.731715373568969 0.5319433208524987 0.8875428902212121 1.0172554146688002 0.2545070174269727 0.6799681748259421 0.0 0.0 
node 1 1 1 1
node 2 1 1 1
node 3 1 1 1
node 4 1 1 1
node 5 1 1 1
node 6 1 1 1
node 7 1 1 3
node 8 1 0 0
node 9 1 0 0
node 13 1 0 2
node 14 1 0 2
node 20 1 0 0
gene  1 1 8 -1.861139331318674 0 98.0 -1.861139331318674 1
gene  1 2 8 6.630990536013143 0 99.0 6.630990536013143 1
gene  1 3 8 12.488077614003377 0 100.0 12.488077614003377 1
gene  1 6 8 1.4287317039476353 0 103.0 1.4287317039476353 1
gene  1 8 8 -8.344172024628726 1 105.0 -8.344172024628726 1
gene  1 9 8 2.634645699034882 1 106.0 2.634645699034882 1
gene  1 13 8 -0.946097576302799 1 110.0 -0.946097576302799 1
gene  1 14 8 -1.7571533546451739 1 111.0 -1.7571533546451739 1
gene  1 1 9 4.102736814481586 0 112.0 4.102736814481586 1
gene  1 4 9 2.283637672827573 0 115.0 2.283637672827573 1
gene  1 5 9 4.697998853217212 0 116.0 4.697998853217212 1
gene  1 7 9 -0.6228121940078359 0 118.0 -0.6228121940078359 1
gene  1 9 9 -10.873821930868822 1 120.0 -10.873821930868822 1
gene  1 14 9 -10.68269840115704 1 125.0 -10.68269840115704 1
gene  1 2 13 -15.930488494547875 0 169.0 -15.930488494547875 1
gene  1 5 13 -0.5553924800388954 0 172.0 -0.5553924800388954 1
gene  1 8 13 -6.822807650753821 0 175.0 -6.822807650753821 1
gene  1 1 14 3.6886498861701114 0 182.0 3.6886498861701114 1
gene  1 2 14 8.610754978654844 0 183.0 8.610754978654844 1
gene  1 3 14 4.345769845403802 0 184.0 4.345769845403802 1
gene  1 6 14 -1.7644467735951652 0 187.0 -1.7644467735951652 1
gene  1 13 14 0.934997586868799 0 194.0 0.934997586868799 1
gene  1 14 14 1.2232131171399125 1 195.0 1.2232131171399125 1
gene  1 5 8 2.4893635512526595 0 202.0 2.4893635512526595 1
gene  1 4 13 -2.2722489884228843 0 220.0 -2.2722489884228843 1
gene  1 1 20 -1.0288149536747304 0 231.0 -1.0288149536747304 1
gene  1 20 14 0.633472434048626 0 232.0 0.633472434048626 1
gene  1 1 13 5.8579386998053735 0 329.0 5.8579386998053735 1
gene  1 13 20 -3.2825464567028395 0 337.0 -3.2825464567028395 1
gene  1 4 20 -0.4253905834758509 0 339.0 -0.4253905834758509 1
genomeend 14
genomestart  15
trait 1 0.731715373568969 0.5319433208524987 0.8875428902212121 1.0172554146688002 0.2545070174269727 0.6799681748259421 0.0 0.0 
node 1 1 1 1
node 2 1 1 1
node 3 1 1 1
node 4 1 1 1
node 5 1 1 1
node 6 1 1 1
node 7 1 1 3
node 8 1 0 0
node 9 1 0 0
node 13 1 0 2
node 14 1 0 2
node 20 1 0 0
gene  1 1 8 -2.654259077744266 0 98.0 -2.654259077744266 1
gene  1 2 8 6.603521542893263 0 99.0 6.603521542893263 1
gene  1 3 8 1.8274056979492312 0 100.0 1.8274056979492312 1
gene  1 6 8 4.1499494754748065 0 103.0 4.1499494754748065 1
gene  1 8 8 -9.403289127390954 1 105.0 -9.403289127390954 1
gene  1 9 8 0.4321273430203334 1 106.0 0.4321273430203334 1
gene  1 13 8 1.9626029915870582 1 110.0 1.9626029915870582 1
gene  1 14 8 0.7760079023762203 1 111.0 0.7760079023762203 1
gene  1 1 9 0.4561504960717652 0 112.0 0.4561504960717652 1
gene  1 4 9 -0.6909722669163232 0 115.0 -0.6909722669163232 1
gene  1 5 9 4.006534123054931 0 116.0 4.006534123054931 1
gene  1 7 9 -3.973558220376189 0 118.0 -3.973558220376189 1
gene  1 9 9 -8.942979184009458 1 120.0 -8.942979184009458 1
gene  1 14 9 -7.040940809589608 1 125.0 -7.040940809589608 1
gene  1 2 13 -14.879773889514677 0 169.0 -14.879773889514677 1
gene  1 5 13 0.10347055138780048 0 172.0 0.10347055138780048 1
gene  1 8 13 -4.507451518929447 0 175.0 -4.507451518929447 1
gene  1 1 14 1.3336381052673132 0 182.0 1.3336381052673132 1
gene  1 2 14 9.307435988802313 0 183.0 9.307435988802313 1
gene  1 3 14 3.4414351749577508 0 184.0 3.4414351749577508 1
gene  1 6 14 1.6951313346505734 0 187.0 1.6951313346505734 1
gene  1 13 14 -2.158737186365144 0 194.0 -2.158737186365144 1
gene  1 14 14 0.3427607374175641 1 195.0 0.3427607374175641 1
gene  1 5 8 4.004914004984379 0 202.0 4.004914004984379 1
gene  1 4 13 -2.0712925177704755 0 220.0 -2.0712925177704755 1
gene  1 1 20 -1.1474748202305411 0 231.0 -1.1474748202305411 1
gene  1 20 14 2.034534807040467 0 232.0 2.034534807040467 1
gene  1 1 13 0.7350565377103513 0 329.0 0.7350565377103513 1
gene  1 13 20 -0.8084489101961938 0 337.0 -0.8084489101961938 1
gene  1 4 20 -1.544940648595814 0 339.0 -1.544940648595814 1
genomeend 15
genomestart  16
trait 1 0.731715373568969 0.5319433208524987 0.8875428902212121 1.0172554146688002 0.2545070174269727 0.6799681748259421 0.0 0.0 
node 1 1 1 1
node 2 1 1 1
node 3 1 1 1
node 4 1 1 1
node 5 1 1 1
node 6 1 1 1
node 7 1 1 3
node 8 1 0 0
node 9 1 0 0
node 13 1 0 2
node 14 1 0 2
node 20 1 0 0
gene  1 1 8 2.016706849856859 0 98.0 2.016706849856859 1
gene  1 2 8 4.447028015563115 0 99.0 4.447028015563115 1
gene  1 3 8 14.763978678211268 0 100.0 14.763978678211268 1
gene  1 6 8 2.3350193350315505 0 103.0 2.3350193350315505 1
gene  1 8 8 -9.110959203479327 1 105.0 -9.110959203479327 1
gene  1 9 8 -0.049207867020575335 1 106.0 -0.049207867020575335 1
gene  1 13 8 0.5960814324999308 1 110.0 0.5960814324999308 1
gene  1 14 8 -1.8575038912315158 1 111.0 -1.8575038912315158 1
gene  1 1 9 -1.1942302061054788 0 112.0 -1.1942302061054788 1
gene  1 4 9 0.2339081293162948 0 115.0 0.2339081293162948 1
gene  1 5 9 4.945252480994346 0 116.0 4.945252480994346 1
gene  1 7 9 -1.0669352500744824 0 118.0 -1.0669352500744824 1
gene  1 9 9 -8.346909929895347 1 120.0 -8.346909929895347 1
gene  1 14 9 -6.426550164029226 1 125.0 -6.426550164029226 1
gene  1 2 13 -12.921592878821258 0 169.0 -12.921592878821258 1
gene  1 5 13 0.49085489608129307 0 172.0 0.49085489608129307 1
gene  1 8 13 -8.442585613818785 0 175.0 -8.442585613818785 1
gene  1 1 14 1.9508003217184156 0 182.0 1.9508003217184156 1
gene  1 2 14 7.904308154074258 0 183.0 7.904308154074258 1
gene  1 3 14 0.1925457353940514 0 184.0 0.1925457353940514 1
gene  1 6 14 -1.3478956222555256 0 187.0 -1.3478956222555256 1
gene  1 13 14 -0.32717319414204055 0 194.0 -0.32717319414204055 1
gene  1 14 14 -0.12263219466084413 1 195.0 -0.12263219466084413 1
gene  1 5 8 -1.452223914096006 0 202.0 -1.452223914096006 1
gene  1 4 13 -0.9536079235195416 0 220.0 -0.9536079235195416 1
gene  1 1 20 -3.0679620773509226 0 231.0 -3.0679620773509226 1
gene  1 20 14 0.6105127968954303 0 232.0 0.6105127968954303 1
gene  1 1 13 6.544712422650552 0 329.0 6.544712422650552 1
gene  1 13 20 -1.6316430167515033 0 337.0 -1.6316430167515033 1
gene  1 4 20 -0.09845063128633313 0 339.0 -0.09845063128633313 1
genomeend 16
genomestart  17
trait 1 0.0 0.09622031338671999 1.6981216406750186 0.11493069212669116 2.0164780324458444 0.11622129576560403 0.0 0.07895419735974474 
node 1 1 1 1
node 2 1 1 1
node 3 1 1 1
node 4 1 1 1
node 5 1 1 1
node 6 1 1 1
node 7 1 1 3
node 13 1 0 2
node 14 1 0 2
node 45 1 0 0
gene  1 1 13 -1.254161465415189 0 168.0 -1.254161465415189 0
gene  1 2 13 0.6581223442483402 0 169.0 0.6581223442483402 1
gene  1 5 13 3.837484622960938 0 172.0 3.837484622960938 1
gene  1 6 13 -5.76168906237926 0 173.0 -5.76168906237926 1
gene  1 7 13 -1.945328181049887 0 174.0 -1.945328181049887 1
gene  1 3 14 -0.7528561652177823 0 184.0 -0.7528561652177823 1
gene  1 4 14 -3.6660561891213534 0 185.0 -3.6660561891213534 1
gene  1 7 14 -3.530199227485025 0 188.0 -3.530199227485025 1
gene  1 13 14 1.33254093105473 0 194.0 1.33254093105473 1
gene  1 14 14 3.1067088181523825 1 195.0 3.1067088181523825 1
gene  1 4 13 9.48256454571564 0 235.0 9.48256454571564 1
gene  1 1 14 0.8640684457716394 0 242.0 0.8640684457716394 1
gene  1 5 14 0.36990991769544124 0 319.0 0.36990991769544124 1
gene  1 1 45 1.0008087968523938 0 370.0 1.0008087968523938 1
gene  1 45 13 -4.382006275918843 0 371.0 -4.382006275918843 1
genomeend 17
genomestart  18
trait 1 0.0 0.09622031338671999 1.6981216406750186 0.11493069212669116 2.0164780324458444 0.11622129576560403 0.0 0.07895419735974474 
node 1 1 1 1
node 2 1 1 1
node 3 1 1 1
node 4 1 1 1
node 5 1 1 1
node 6 1 1 1
node 7 1 1 3
node 13 1 0 2
node 14 1 0 2
node 45 1 0 0
gene  1 1 13 -3.5055857584788788 0 168.0 -3.5055857584788788 0
gene  1 2 13 -2.4687634342973688 0 169.0 -2.4687634342973688 1
gene  1 5 13 0.12911977905135297 0 172.0 0.12911977905135297 1
gene  1 6 13 -1.6938602270975274 0 173.0 -1.6938602270975274 1
gene  1 7 13 -1.1669109172573349 0 174.0 -1.1669109172573349 1
gene  1 3 14 -2.6747355110768423 0 184.0 -2.6747355110768423 1
gene  1 4 14 -3.274919439164381 0 185.0 -3.274919439164381 1
gene  1 7 14 -4.482383539437972 0 188.0 -4.482383539437972 1
gene  1 13 14 -0.5841155007695336 0 194.0 -0.5841155007695336 1
gene  1 14 14 1.4333883937938023 1 195.0 1.4333883937938023 1
gene  1 4 13 5.082429121187082 0 235.0 5.082429121187082 1
gene  1 1 14 0.3867311890256417 0 242.0 0.3867311890256417 1
gene  1 5 14 0.4484028849568844 0 319.0 0.4484028849568844 1
gene  1 1 45 2.263940082794732 0 370.0 2.263940082794732 1
gene  1 45 13 -3.598248744452749 0 371.0 -3.598248744452749 1
genomeend 18
genomestart  19
trait 1 0.0 0.09622031338671999 1.6981216406750186 0.11493069212669116 2.0164780324458444 0.11622129576560403 0.0 0.07895419735974474 
node 1 1 1 1
node 2 1 1 1
node 3 1 1 1
node 4 1 1 1
node 5 1 1 1
node 6 1 1 1
node 7 1 1 3
node 13 1 0 2
node 14 1 0 2
node 45 1 0 0
gene  1 1 13 -2.4047632231988127 0 168.0 -2.4047632231988127 0
gene  1 2 13 -1.7076245503923362 0 169.0 -1.7076245503923362 1
gene  1 5 13 2.1717022056274544 0 172.0 2.1717022056274544 1
gene  1 6 13 -3.8962457128420716 0 173.0 -3.8962457128420716 1
gene  1 7 13 -1.73365696127762 0 174.0 -1.73365696127762 1
gene  1 3 14 -2.647032683828571 0 184.0 -2.647032683828571 1
gene  1 4 14 -2.25591148119754 0 185.0 -2.25591148119754 1
gene  1 7 14 -4.752949161877008 0 188.0 -4.752949161877008 1
gene  1 13 14 0.7571652926779238 0 194.0 0.7571652926779238 1
gene  1 14 14 0.6738331321921542 1 195.0 0.6738331321921542 1
gene  1 4 13 7.085823494639623 0 235.0 7.085823494639623 1
gene  1 1 14 -0.03613163857726365 0 242.0 -0.03613163857726365 1
gene  1 5 14 -1.4124949247980942 0 319.0 -1.4124949247980942 1
gene  1 1 45 1.0 0 370.0 0.0 1
gene  1 45 13 -2.4047632231988127 0 371.0 0.0 1
genomeend 19
