genomestart  0
trait 1 1.939229322238783 2.3343119142163693 0.747276035170299 2.969549466943627 1.5076454025049317 0.0 1.5989666598479386 0.2837832966800675 
node 1 1 1 1
node 2 1 1 1
node 3 1 1 1
node 4 1 1 1
node 5 1 1 1
node 6 1 1 1
node 7 1 1 3
node 8 1 0 0
node 13 1 0 2
node 14 1 0 2
node 39 1 0 0
node 42 1 0 0
node 51 1 0 0
node 68 1 0 0
node 77 1 0 0
node 109 1 0 0
gene  1 1 8 -3.0978740143858268 0 98.0 -3.0978740143858268 1
gene  1 2 8 -2.9805639122344356 0 99.0 -2.9805639122344356 1
gene  1 3 8 10.007694331419039 0 100.0 10.007694331419039 1
gene  1 4 8 2.4667725117281813 0 101.0 2.4667725117281813 1
gene  1 5 8 -2.756462286243527 0 102.0 -2.756462286243527 1
gene  1 6 8 -5.183950037735716 0 103.0 -5.183950037735716 1
gene  1 8 8 -0.8957014708400619 1 105.0 -0.8957014708400619 1
gene  1 13 8 4.073837626602227 1 110.0 4.073837626602227 1
gene  1 14 8 -2.231177104720283 1 111.0 -2.231177104720283 1
gene  1 3 13 -0.22725009475905855 0 170.0 -0.22725009475905855 1
gene  1 5 13 0.8129505898817542 0 172.0 0.8129505898817542 1
gene  1 7 13 -9.166978832356335 0 174.0 -9.166978832356335 1
gene  1 13 13 13.101295249203535 1 180.0 13.101295249203535 1
gene  1 2 14 3.175011460933126 0 183.0 3.175011460933126 1
gene  1 4 14 7.760219868303518 0 185.0 7.760219868303518 1
gene  1 6 14 2.0060357799713384 0 187.0 2.0060357799713384 1
gene  1 8 14 -3.212324280328589 0 189.0 -3.212324280328589 1
gene  1 13 14 -0.6639371715976068 0 194.0 -0.6639371715976068 1
gene  1 2 13 5.172769119138506 0 213.0 5.172769119138506 1
gene  1 4 13 9.300430192583267 0 230.0 9.300430192583267 1
gene  1 13 8 1.8313532364109766 0 244.0 1.8313532364109766 1
gene  1 7 14 11.46749057511488 0 264.0 11.46749057511488 1
gene  1 1 14 2.3277295705624335 0 299.0 2.3277295705624335 1
gene  1 5 14 -8.71333064461198 0 310.0 -8.71333064461198 1
gene  1 1 13 1.4977659914619326 0 311.0 1.4977659914619326 0
gene  1 13 39 5.572169983255432 0 344.0 5.572169983255432 1
gene  1 39 8 -1.6151504856990035 0 345.0 -1.6151504856990035 1
gene  1 6 13 -2.5511308543470634 0 348.0 -2.5511308543470634 1
gene  1 2 42 0.11218165804714242 0 359.0 0.11218165804714242 1
gene  1 42 14 3.7951886556061125 0 360.0 3.7951886556061125 1
gene  1 13 42 -2.291722250904595 0 366.0 -2.291722250904595 1
gene  1 5 51 -6.092063092906859 0 396.0 -6.092063092906859 1
gene  1 51 14 16.569333368981 0 397.0 16.569333368981 1
gene  1 6 42 -7.429905462240946 0 423.0 -7.429905462240946 1
gene  1 39 42 -3.006491565385062 0 426.0 -3.006491565385062 1
gene  1 51 13 4.041530106296047 0 475.0 4.041530106296047 1
gene  1 39 14 -1.5481673706351409 0 476.0 -1.5481673706351409 1
gene  1 5 39 -4.199518509603543 0 485.0 -4.199518509603543 1
gene  1 5 68 1.697373810781059 0 493.0 1.697373810781059 1
gene  1 68 39 0.04758614651118043 0 494.0 0.04758614651118043 1
gene  1 4 51 -0.36830962503273734 0 514.0 -0.36830962503273734 1
gene  1 39 77 0.384493968767374 0 528.0 0.384493968767374 1
gene  1 77 8 -1.921400270813741 0 529.0 -1.921400270813741 1
gene  1 3 39 -0.9420230428971439 0 630.0 -0.9420230428971439 1
gene  1 1 109 1.0 0 648.0 0.0 1
gene  1 109 13 1.4977659914619326 0 649.0 0.0 1
genomeend 0
genomestart  1
trait 1 1.939229322238783 2.3343119142163693 0.747276035170299 2.969549466943627 1.5076454025049317 0.0 1.5989666598479386 0.2837832966800675 
node 1 1 1 1
node 2 1 1 1
node 3 1 1 1
node 4 1 1 1
node 5 1 1 1
node 6 1 1 1
node 7 1 1 3
node 8 1 0 0
node 13 1 0 2
node 14 1 0 2
node 39 1 0 0
node 42 1 0 0
node 51 1 0 0
node 68 1 0 0
node 77 1 0 0
node 110 1 0 0
gene  1 1 8 -3.0978740143858268 0 98.0 -3.0978740143858268 1
gene  1 2 8 -2.9805639122344356 0 99.0 -2.9805639122344356 1
gene  1 3 8 10.007694331419039 0 100.0 10.007694331419039 1
gene  1 4 8 2.4667725117281813 0 101.0 2.4667725117281813 1
gene  1 5 8 -2.756462286243527 0 102.0 -2.756462286243527 1
gene  1 6 8 -5.183950037735716 0 103.0 -5.183950037735716 1
gene  1 8 8 -0.8957014708400619 1 105.0 -0.8957014708400619 1
gene  1 13 8 4.073837626602227 1 110.0 4.073837626602227 1
gene  1 14 8 -2.231177104720283 1 111.0 -2.231177104720283 1
gene  1 3 13 -0.22725009475905855 0 170.0 -0.22725009475905855 1
gene  1 5 13 0.8129505898817542 0 172.0 0.8129505898817542 1
gene  1 7 13 -9.166978832356335 0 174.0 -9.166978832356335 1
gene  1 13 13 13.101295249203535 1 180.0 13.101295249203535 1
gene  1 2 14 3.175011460933126 0 183.0 3.175011460933126 1
gene  1 4 14 7.760219868303518 0 185.0 7.760219868303518 1
gene  1 6 14 2.0060357799713384 0 187.0 2.0060357799713384 1
gene  1 8 14 -3.212324280328589 0 189.0 -3.212324280328589 1
gene  1 13 14 -0.6639371715976068 0 194.0 -0.6639371715976068 1
gene  1 2 13 5.172769119138506 0 213.0 5.172769119138506 1
gene  1 4 13 9.300430192583267 0 230.0 9.300430192583267 1
gene  1 13 8 1.8313532364109766 0 244.0 1.8313532364109766 1
gene  1 7 14 11.46749057511488 0 264.0 11.46749057511488 1
gene  1 1 14 2.3277295705624335 0 299.0 2.3277295705624335 1
gene  1 5 14 -8.71333064461198 0 310.0 -8.71333064461198 1
gene  1 1 13 1.4977659914619326 0 311.0 1.4977659914619326 1
gene  1 13 39 5.572169983255432 0 344.0 5.572169983255432 1
gene  1 39 8 -1.6151504856990035 0 345.0 -1.6151504856990035 1
gene  1 6 13 -2.5511308543470634 0 348.0 -2.5511308543470634 1
gene  1 2 42 0.11218165804714242 0 359.0 0.11218165804714242 1
gene  1 42 14 3.7951886556061125 0 360.0 3.7951886556061125 1
gene  1 13 42 -2.291722250904595 0 366.0 -2.291722250904595 1
gene  1 5 51 -6.092063092906859 0 396.0 -6.092063092906859 1
gene  1 51 14 16.569333368981 0 397.0 16.569333368981 1
gene  1 6 42 -7.429905462240946 0 423.0 -7.429905462240946 1
gene  1 39 42 -3.006491565385062 0 426.0 -3.006491565385062 1
gene  1 51 13 4.041530106296047 0 475.0 4.041530106296047 1
gene  1 39 14 -1.5481673706351409 0 476.0 -1.5481673706351409 1
gene  1 5 39 -4.199518509603543 0 485.0 -4.199518509603543 1
gene  1 5 68 1.697373810781059 0 493.0 1.697373810781059 1
gene  1 68 39 0.04758614651118043 0 494.0 0.04758614651118043 0
gene  1 4 51 -0.36830962503273734 0 514.0 -0.36830962503273734 1
gene  1 39 77 0.384493968767374 0 528.0 0.384493968767374 1
gene  1 77 8 -1.921400270813741 0 529.0 -1.921400270813741 1
gene  1 3 39 -0.9420230428971439 0 630.0 -0.9420230428971439 1
gene  1 68 110 1.0 0 650.0 0.0 1
gene  1 110 39 0.04758614651118043 0 651.0 0.0 1
genomeend 1
genomestart  2
trait 1 1.939229322238783 2.3343119142163693 0.747276035170299 2.969549466943627 1.5076454025049317 0.0 1.5989666598479386 0.2837832966800675 
node 1 1 1 1
node 2 1 1 1
node 3 1 1 1
node 4 1 1 1
node 5 1 1 1
node 6 1 1 1
node 7 1 1 3
node 8 1 0 0
node 13 1 0 2
node 14 1 0 2
node 39 1 0 0
node 42 1 0 0
node 51 1 0 0
node 68 1 0 0
node 77 1 0 0
gene  1 1 8 -5.363913475575906 0 98.0 -5.363913475575906 1
gene  1 2 8 -2.0599810095625983 0 99.0 -2.0599810095625983 1
gene  1 3 8 1.496370812177119 0 100.0 1.496370812177119 1
gene  1 4 8 -0.06990872425678807 0 101.0 -0.06990872425678807 1
gene  1 5 8 -2.756462286243527 0 102.0 -2.756462286243527 1
gene  1 6 8 -5.578662150776605 0 103.0 -5.578662150776605 1
gene  1 8 8 -1.7187393276683451 1 105.0 -1.7187393276683451 1
gene  1 13 8 4.073837626602227 1 110.0 4.073837626602227 1
gene  1 14 8 -0.9176887499424402 1 111.0 -0.9176887499424402 1
gene  1 3 13 -0.22725009475905855 0 170.0 -0.22725009475905855 1
gene  1 5 13 0.436228982952896 0 172.0 0.436228982952896 1
gene  1 7 13 -1.0577760520988468 0 174.0 -1.0577760520988468 1
gene  1 13 13 12.055037570623886 1 180.0 12.055037570623886 1
gene  1 2 14 4.740542433975459 0 183.0 4.740542433975459 1
gene  1 4 14 6.448751206496418 0 185.0 6.448751206496418 1
gene  1 6 14 2.0418757307878828 0 187.0 2.0418757307878828 1
gene  1 8 14 -5.231547973496884 0 189.0 -5.231547973496884 1
gene  1 13 14 1.233283044874591 0 194.0 1.233283044874591 1
gene  1 2 13 3.853800430470725 0 213.0 3.853800430470725 1
gene  1 4 13 -2.2842551939737548 0 230.0 -2.2842551939737548 1
gene  1 13 8 3.981422123276334 0 244.0 3.981422123276334 1
gene  1 7 14 11.46749057511488 0 264.0 11.46749057511488 1
gene  1 1 14 2.3277295705624335 0 299.0 2.3277295705624335 1
gene  1 5 14 -6.862848159425556 0 310.0 -6.862848159425556 1
gene  1 1 13 0.5380177738155745 0 311.0 0.5380177738155745 1
gene  1 13 39 -1.1347348749114818 0 344.0 -1.1347348749114818 1
gene  1 39 8 -0.856150291149071 0 345.0 -0.856150291149071 1
gene  1 6 13 -1.5762202792806048 0 348.0 -1.5762202792806048 1
gene  1 2 42 1.118641811577805 0 359.0 1.118641811577805 1
gene  1 42 14 5.033167729259026 0 360.0 5.033167729259026 1
gene  1 13 42 -4.289552577636779 0 366.0 -4.289552577636779 1
gene  1 5 51 -5.883615544199123 0 396.0 -5.883615544199123 1
gene  1 51 14 17.53008141457343 0 397.0 17.53008141457343 1
gene  1 6 42 -7.618288647491143 0 423.0 -7.618288647491143 1
gene  1 39 42 -2.624326530784626 0 426.0 -2.624326530784626 1
gene  1 51 13 6.153115303560871 0 475.0 6.153115303560871 1
gene  1 39 14 -0.1253166373909893 0 476.0 -0.1253166373909893 1
gene  1 5 39 -0.17228786180759986 0 485.0 -0.17228786180759986 1
gene  1 5 68 1.16093095290263 0 493.0 1.16093095290263 1
gene  1 68 39 -2.001279510705713 0 494.0 -2.001279510705713 1
gene  1 4 51 0.6032394985007428 0 514.0 0.6032394985007428 1
gene  1 39 77 -0.4697947441601061 0 528.0 -0.4697947441601061 1
gene  1 77 8 -1.6889383987407331 0 529.0 -1.6889383987407331 1
gene  1 3 39 -0.9420230428971439 0 630.0 -0.9420230428971439 1
genomeend 2
genomestart  3
trait 1 1.939229322238783 2.3343119142163693 0.747276035170299 2.969549466943627 1.5076454025049317 0.0 1.5989666598479386 0.2837832966800675 
node 1 1 1 1
node 2 1 1 1
node 3 1 1 1
node 4 1 1 1
node 5 1 1 1
node 6 1 1 1
node 7 1 1 3
node 8 1 0 0
node 13 1 0 2
node 14 1 0 2
node 39 1 0 0
node 42 1 0 0
node 51 1 0 0
node 68 1 0 0
node 77 1 0 0
gene  1 1 8 -3.998898269479472 0 98.0 -3.998898269479472 1
gene  1 2 8 -2.665329004566191 0 99.0 -2.665329004566191 1
gene  1 3 8 9.437116181198466 0 100.0 9.437116181198466 1
gene  1 4 8 0.014318813229928118 0 101.0 0.014318813229928118 1
gene  1 5 8 -0.6647763256064114 0 102.0 -0.6647763256064114 1
gene  1 6 8 -5.2348739867608 0 103.0 -5.2348739867608 1
gene  1 8 8 0.32654380812020256 1 105.0 0.32654380812020256 1
gene  1 13 8 4.363381202722609 1 110.0 4.363381202722609 1
gene  1 14 8 -3.514559328965081 1 111.0 -3.514559328965081 1
gene  1 3 13 -0.3356362064131679 0 170.0 -0.3356362064131679 1
gene  1 5 13 -1.1730482699480922 0 172.0 -1.1730482699480922 1
gene  1 7 13 -7.3734927102336245 0 174.0 -7.3734927102336245 1
gene  1 13 13 10.967166714459184 1 180.0 10.967166714459184 1
gene  1 2 14 5.279112636453505 0 183.0 5.279112636453505 1
gene  1 4 14 5.605162697757184 0 185.0 5.605162697757184 1
gene  1 6 14 1.095886481746967 0 187.0 1.095886481746967 1
gene  1 8 14 -2.1613521433089944 0 189.0 -2.1613521433089944 1
gene  1 13 14 -1.7329403705604463 0 194.0 -1.7329403705604463 1
gene  1 2 13 4.404476924046781 0 213.0 4.404476924046781 1
gene  1 4 13 9.144009657072178 0 230.0 9.144009657072178 1
gene  1 13 8 3.051906360090001 0 244.0 3.051906360090001 1
gene  1 7 14 10.076600266297117 0 264.0 10.076600266297117 1
gene  1 1 14 0.16365966334130944 0 299.0 0.16365966334130944 1
gene  1 5 14 -8.169557022875447 0 310.0 -8.169557022875447 1
gene  1 1 13 1.389167425775668 0 311.0 1.389167425775668 1
gene  1 13 39 4.388754709552256 0 344.0 4.388754709552256 1
gene  1 39 8 -3.184398349934886 0 345.0 -3.184398349934886 1
gene  1 6 13 -3.078382729423718 0 348.0 -3.078382729423718 1
gene  1 2 42 2.5137239466393133 0 359.0 2.5137239466393133 1
gene  1 42 14 3.6447805752978466 0 360.0 3.6447805752978466 1
gene  1 13 42 -2.3024349100751818 0 366.0 -2.3024349100751818 1
gene  1 5 51 -3.808673899855602 0 396.0 -3.808673899855602 1
gene  1 51 14 19.052441273995903 0 397.0 19.052441273995903 1
gene  1 6 42 -7.926691974574178 0 423.0 -7.926691974574178 1
gene  1 39 42 -2.7107257631724844 0 426.0 -2.7107257631724844 1
gene  1 51 13 2.2693782231853494 0 475.0 2.2693782231853494 1
gene  1 39 14 1.0840979105570576 0 476.0 1.0840979105570576 1
gene  1 5 39 -3.69108324022397 0 485.0 -3.69108324022397 1
gene  1 5 68 1.697373810781059 0 493.0 1.697373810781059 1
gene  1 68 39 0.04758614651118043 0 494.0 0.04758614651118043 1
gene  1 4 51 -0.36830962503273734 0 514.0 -0.36830962503273734 1
gene  1 39 77 -1.1583037559965441 0 528.0 -1.1583037559965441 1
gene  1 77 8 -0.11439434176040342 0 529.0 -0.11439434176040342 1
gene  1 3 39 -2.1511490974703382 0 630.0 -2.1511490974703382 1
genomeend 3
genomestart  4
trait 1 2.732431393943948 0.0 0.0 0.798512545900133 0.9382603138953756 0.0 1.9280392103089152 0.8152719799274877 
node 1 1 1 1
node 2 1 1 1
node 3 1 1 1
node 4 1 1 1
node 5 1 1 1
node 6 1 1 1
node 7 1 1 3
node 8 1 0 0
node 9 1 0 0
node 10 1 0 0
node 13 1 0 2
node 14 1 0 2
node 28 1 0 0
node 41 1 0 0
node 43 1 0 0
node 47 1 0 0
node 62 1 0 0
gene  1 1 8 -3.1796335311957753 0 98.0 -3.1796335311957753 1
gene  1 3 8 1.0462979975829252 0 100.0 1.0462979975829252 1
gene  1 5 8 1.3141785648779114 0 102.0 1.3141785648779114 1
gene  1 6 8 12.601354221365069 0 103.0 12.601354221365069 1
gene  1 8 8 7.838064787649916 1 105.0 7.838064787649916 1
gene  1 1 9 -7.435922549534855 0 112.0 -7.435922549534855 1
gene  1 2 9 6.308803691588725 0 113.0 6.308803691588725 1
gene  1 3 9 -6.703362461642591 0 114.0 -6.703362461642591 1
gene  1 5 9 -4.115003365166496 0 116.0 -4.115003365166496 1
gene  1 7 9 -6.769676753007431 0 118.0 -6.769676753007431 1
gene  1 9 9 -1.5313473117087124 1 120.0 -1.5313473117087124 1
gene  1 10 9 -2.944353290603293 1 121.0 -2.944353290603293 1
gene  1 13 9 10.359419435879362 1 124.0 10.359419435879362 1
gene  1 2 10 -6.8258139578259795 0 127.0 -6.8258139578259795 1
gene  1 4 10 -6.599293177196979 0 129.0 -6.599293177196979 1
gene  1 5 10 7.236028056030953 0 130.0 7.236028056030953 1
gene  1 8 10 -4.576565926017842 0 133.0 -4.576565926017842 1
gene  1 9 10 2.6575049023761252 0 134.0 2.6575049023761252 1
gene  1 10 10 3.9905765755022333 1 135.0 3.9905765755022333 1
gene  1 13 10 -5.287177487924513 1 138.0 -5.287177487924513 1
gene  1 14 10 -3.4106018064833235 1 139.0 -3.4106018064833235 1
gene  1 2 13 -3.539163585792743 0 169.0 -3.539163585792743 1
gene  1 3 13 2.1240692214494863 0 170.0 2.1240692214494863 1
gene  1 6 13 2.6841504070266824 0 173.0 2.6841504070266824 1
gene  1 7 13 -2.096363889404552 0 174.0 -2.096363889404552 1
gene  1 9 13 -6.6529423371147836 0 176.0 -6.6529423371147836 1
gene  1 13 13 2.069668547929755 1 180.0 2.069668547929755 1
gene  1 14 13 -1.8795397483245715 1 181.0 -1.8795397483245715 1
gene  1 1 14 0.9618684164468263 0 182.0 0.9618684164468263 1
gene  1 3 14 -0.12263093692990035 0 184.0 -0.12263093692990035 1
gene  1 9 14 9.168195051123305 0 190.0 9.168195051123305 1
gene  1 10 14 6.407755756542056 0 191.0 6.407755756542056 1
gene  1 8 13 5.381423341293763 0 207.0 5.381423341293763 1
gene  1 1 10 -6.6146223207707315 0 226.0 -6.6146223207707315 1
gene  1 6 14 -8.350568753490187 0 234.0 -8.350568753490187 1
gene  1 8 28 7.438511901237344 1 293.0 7.438511901237344 1
gene  1 28 8 -0.32260930294224255 0 294.0 -0.32260930294224255 1
gene  1 8 9 -0.4933353037161734 0 328.0 -0.4933353037161734 1
gene  1 8 41 2.853286442806421 1 357.0 2.853286442806421 1
gene  1 41 8 3.564091595417403 0 358.0 3.564091595417403 1
gene  1 14 43 1.8172015167245261 1 364.0 1.8172015167245261 1
gene  1 43 10 4.361583397799884 0 365.0 4.361583397799884 1
gene  1 5 47 -12.707833981304743 0 375.0 -12.707833981304743 1
gene  1 47 9 4.118234705039443 0 376.0 4.118234705039443 1
gene  1 41 14 1.1597201022668888 0 387.0 1.1597201022668888 1
gene  1 4 28 -1.5577209136030674 0 419.0 -1.5577209136030674 1
gene  1 2 28 1.0077151321335471 0 429.0 1.0077151321335471 1
gene  1 1 62 -4.434674027231284 0 470.0 -4.434674027231284 1
gene  1 62 9 1.28083946562417 0 471.0 1.28083946562417 1
gene  1 8 14 2.2537206054360186 0 484.0 2.2537206054360186 1
gene  1 1 13 -0.05645591602614397 0 489.0 -0.05645591602614397 1
gene  1 28 10 1.1562615922875015 0 510.0 1.1562615922875015 1
gene  1 2 41 0.05635688253009724 0 515.0 0.05635688253009724 1
gene  1 41 47 -0.39002825838282185 0 548.0 -0.39002825838282185 1
genomeend 4
genomestart  5
trait 1 2.732431393943948 0.0 0.0 0.798512545900133 0.9382603138953756 0.0 1.9280392103089152 0.8152719799274877 
node 1 1 1 1
node 2 1 1 1
node 3 1 1 1
node 4 1 1 1
node 5 1 1 1
node 6 1 1 1
node 7 1 1 3
node 8 1 0 0
node 9 1 0 0
node 10 1 0 0
node 13 1 0 2
node 14 1 0 2
node 28 1 0 0
node 41 1 0 0
node 43 1 0 0
node 47 1 0 0
node 62 1 0 0
node 111 1 0 0
gene  1 1 8 -1.7171646444594497 0 98.0 -1.7171646444594497 1
gene  1 3 8 2.141563306040936 0 100.0 2.141563306040936 1
gene  1 5 8 -1.0540246249310135 0 102.0 -1.0540246249310135 1
gene  1 6 8 11.185930987791401 0 103.0 11.185930987791401 1
gene  1 8 8 5.501987887563697 1 105.0 5.501987887563697 1
gene  1 1 9 -6.006281427548367 0 112.0 -6.006281427548367 1
gene  1 2 9 7.432772975465717 0 113.0 7.432772975465717 1
gene  1 3 9 -5.749319304227866 0 114.0 -5.749319304227866 1
gene  1 5 9 -2.627182928236284 0 116.0 -2.627182928236284 1
gene  1 7 9 -4.947809046061179 0 118.0 -4.947809046061179 1
gene  1 9 9 0.11918544744466342 1 120.0 0.11918544744466342 1
gene  1 10 9 -2.4889324168883133 1 121.0 -2.4889324168883133 1
gene  1 13 9 12.676903749768337 1 124.0 12.676903749768337 1
gene  1 2 10 -4.591726451189109 0 127.0 -4.591726451189109 1
gene  1 4 10 -6.038394941186803 0 129.0 -6.038394941186803 1
gene  1 5 10 8.688993306090612 0 130.0 8.688993306090612 1
gene  1 8 10 -2.9924253558106937 0 133.0 -2.9924253558106937 1
gene  1 9 10 4.83689657511186 0 134.0 4.83689657511186 1
gene  1 10 10 2.759438398656718 1 135.0 2.759438398656718 1
gene  1 13 10 -5.439239230431868 1 138.0 -5.439239230431868 1
gene  1 14 10 -4.981782180554202 1 139.0 -4.981782180554202 1
gene  1 2 13 -2.3625015167385843 0 169.0 -2.3625015167385843 1
gene  1 3 13 1.4229407178919378 0 170.0 1.4229407178919378 1
gene  1 6 13 2.219355238141495 0 173.0 2.219355238141495 1
gene  1 7 13 0.349881300976347 0 174.0 0.349881300976347 1
gene  1 9 13 -4.820325832021864 0 176.0 -4.820325832021864 1
gene  1 13 13 0.3423826243467052 1 180.0 0.3423826243467052 1
gene  1 14 13 -2.9013342296663995 1 181.0 -2.9013342296663995 1
gene  1 1 14 0.30848584550530045 0 182.0 0.30848584550530045 1
gene  1 3 14 -1.1208454027903934 0 184.0 -1.1208454027903934 0
gene  1 9 14 9.119029066618788 0 190.0 9.119029066618788 1
gene  1 10 14 7.125842911471462 0 191.0 7.125842911471462 1
gene  1 8 13 5.827165744602331 0 207.0 5.827165744602331 1
gene  1 1 10 -5.024518478353549 0 226.0 -5.024518478353549 1
gene  1 6 14 -6.133286076575579 0 234.0 -6.133286076575579 1
gene  1 8 28 5.196799957502467 1 293.0 5.196799957502467 1
gene  1 28 8 0.25061192276303457 0 294.0 0.25061192276303457 1
gene  1 8 9 -0.43619809734245346 0 328.0 -0.43619809734245346 1
gene  1 8 41 1.6576155497616787 1 357.0 1.6576155497616787 1
gene  1 41 8 3.4772874164363796 0 358.0 3.4772874164363796 1
gene  1 14 43 1.677073900880115 1 364.0 1.677073900880115 1
gene  1 43 10 5.641094045456715 0 365.0 5.641094045456715 1
gene  1 5 47 -13.344178954874105 0 375.0 -13.344178954874105 1
gene  1 47 9 2.2922157426364027 0 376.0 2.2922157426364027 1
gene  1 41 14 0.803949785745745 0 387.0 0.803949785745745 1
gene  1 4 28 0.6894155725803686 0 419.0 0.6894155725803686 1
gene  1 2 28 0.10715825774220189 0 429.0 0.10715825774220189 1
gene  1 1 62 -2.5381152174417125 0 470.0 -2.5381152174417125 1
gene  1 62 9 -1.1669339890390618 0 471.0 -1.1669339890390618 1
gene  1 8 14 1.9711066684616363 0 484.0 1.9711066684616363 1
gene  1 1 13 1.8439668901159503 0 489.0 1.8439668901159503 1
gene  1 28 10 0.8852621008077723 0 510.0 0.8852621008077723 1
gene  1 2 41 0.05635688253009724 0 515.0 0.05635688253009724 1
gene  1 41 47 -0.19823026732452664 0 548.0 -0.19823026732452664 1
gene  1 3 111 1.0 0 652.0 0.0 1
gene  1 111 14 -1.1208454027903934 0 653.0 0.0 1
genomeend 5
genomestart  6
trait 1 1.0196578134443977 0.9084683164675542 0.6999743588928883 0.0 2.8168037350296773 0.47666626507790444 0.826280999839004 1.190943612630714 
node 1 1 1 1
node 2 1 1 1
node 3 1 1 1
node 4 1 1 1
node 5 1 1 1
node 6 1 1 1
node 7 1 1 3
node 8 1 0 0
node 13 1 0 2
node 14 1 0 2
node 22 1 0 0
node 25 1 0 0
node 29 1 0 0
node 57 1 0 0
node 65 1 0 0
node 76 1 0 0
node 87 1 0 0
node 107 1 0 0
gene  1 1 8 -1.292636679165541 0 98.0 -1.292636679165541 1
gene  1 3 8 0.5464798736982861 0 100.0 0.5464798736982861 1
gene  1 4 8 6.215452316205205 0 101.0 6.215452316205205 1
gene  1 5 8 -3.6325972003046427 0 102.0 -3.6325972003046427 1
gene  1 6 8 2.9020062982565333 0 103.0 2.9020062982565333 1
gene  1 8 8 1.6395874214251016 1 105.0 1.6395874214251016 1
gene  1 1 13 -5.920430452973079 0 168.0 -5.920430452973079 1
gene  1 5 13 -0.6537140069917444 0 172.0 -0.6537140069917444 1
gene  1 13 13 2.327992707622519 1 180.0 2.327992707622519 1
gene  1 14 13 -11.814304347913843 1 181.0 -11.814304347913843 1
gene  1 2 14 0.9346107317250545 0 183.0 0.9346107317250545 1
gene  1 3 14 0.6568023488700927 0 184.0 0.6568023488700927 1
gene  1 5 14 -2.4261346470856657 0 186.0 -2.4261346470856657 1
gene  1 7 14 0.8522836553853275 0 188.0 0.8522836553853275 1
gene  1 8 14 2.7147382162711926 0 189.0 2.7147382162711926 1
gene  1 13 14 3.655824144609213 0 194.0 3.655824144609213 1
gene  1 2 13 2.37503911364076 0 236.0 2.37503911364076 1
gene  1 8 22 -2.94047932558386 0 240.0 -2.94047932558386 1
gene  1 22 14 -14.026947362216564 0 241.0 -14.026947362216564 1
gene  1 1 22 -3.6671968524565957 0 245.0 -3.6671968524565957 1
gene  1 13 8 0.0823665243622842 0 257.0 0.0823665243622842 1
gene  1 5 22 3.678767465928092 0 265.0 3.678767465928092 1
gene  1 1 25 -6.41060116477291 0 279.0 -6.41060116477291 1
gene  1 25 8 4.328442479917811 0 280.0 4.328442479917811 1
gene  1 8 29 1.8399858824138524 0 297.0 1.8399858824138524 1
gene  1 29 14 -3.119793652519272 0 298.0 -3.119793652519272 1
gene  1 1 14 1.403994417269008 0 312.0 1.403994417269008 1
gene  1 2 29 -5.725460804736482 0 330.0 -5.725460804736482 1
gene  1 5 25 -0.06825764855323002 0 343.0 -0.06825764855323002 1
gene  1 6 29 -1.7010614002210964 0 386.0 -1.7010614002210964 1
gene  1 22 29 0.1543517809378656 0 416.0 0.1543517809378656 1
gene  1 4 14 -2.3640239929675224 0 424.0 -2.3640239929675224 1
gene  1 4 29 0.9745395443040197 0 432.0 0.9745395443040197 1
gene  1 8 57 -9.017196163282257 0 437.0 -9.017196163282257 1
gene  1 57 14 1.2138796280369 0 438.0 1.2138796280369 1
gene  1 3 22 5.411650292629774 0 440.0 5.411650292629774 1
gene  1 2 25 -0.9085263525834733 0 455.0 -0.9085263525834733 1
gene  1 1 65 2.7451292979535125 0 481.0 2.7451292979535125 1
gene  1 65 25 0.8967414427594039 0 482.0 0.8967414427594039 1
gene  1 8 76 -1.653955956743189 0 525.0 -1.653955956743189 1
gene  1 76 22 1.6839726184731751 0 526.0 1.6839726184731751 1
gene  1 2 87 -0.9864874690829877 0 560.0 -0.9864874690829877 1
gene  1 87 14 -3.329926065076444 0 561.0 -3.329926065076444 1
gene  1 6 87 1.3669824035728328 0 629.0 1.3669824035728328 1
gene  1 4 107 -0.40043396836849543 0 644.0 -0.40043396836849543 1
gene  1 107 8 2.7831714120764275 0 645.0 2.7831714120764275 1
genomeend 6
genomestart  7
trait 1 1.0196578134443977 0.9084683164675542 0.0 0.9463748588960811 3.735287832034788 0.7992809349634947 0.826280999839004 1.190943612630714 
node 1 1 1 1
node 2 1 1 1
node 3 1 1 1
node 4 1 1 1
node 5 1 1 1
node 6 1 1 1
node 7 1 1 3
node 8 1 0 0
node 13 1 0 2
node 14 1 0 2
node 22 1 0 0
node 25 1 0 0
node 29 1 0 0
node 57 1 0 0
node 65 1 0 0
node 76 1 0 0
node 87 1 0 0
node 107 1 0 0
gene  1 1 8 1.7122982019376416 0 98.0 1.7122982019376416 1
gene  1 3 8 3.238611977892896 0 100.0 3.238611977892896 1
gene  1 4 8 5.895498931115091 0 101.0 5.895498931115091 0
gene  1 5 8 -4.1477352049879705 0 102.0 -4.1477352049879705 1
gene  1 6 8 3.4670289783035853 0 103.0 3.4670289783035853 1
gene  1 8 8 1.6644741589800274 1 105.0 1.6644741589800274 1
gene  1 1 13 -1.5669072418763061 0 168.0 -1.5669072418763061 1
gene  1 5 13 0.6512003812080371 0 172.0 0.6512003812080371 1
gene  1 13 13 3.6350927759440284 1 180.0 3.6350927759440284 1
gene  1 14 13 -13.819123494656855 1 181.0 -13.819123494656855 1
gene  1 2 14 1.0293087478903196 0 183.0 1.0293087478903196 1
gene  1 3 14 0.06463986216429407 0 184.0 0.06463986216429407 1
gene  1 5 14 -1.0554395220745536 0 186.0 -1.0554395220745536 1
gene  1 7 14 2.170734728713263 0 188.0 2.170734728713263 1
gene  1 8 14 -1.945820708716777 0 189.0 -1.945820708716777 1
gene  1 13 14 1.4783879886450686 0 194.0 1.4783879886450686 1
gene  1 2 13 2.6990258743015545 0 236.0 2.6990258743015545 1
gene  1 8 22 0.33430005404092733 0 240.0 0.33430005404092733 1
gene  1 22 14 0.016769040504664712 0 241.0 0.016769040504664712 1
gene  1 1 22 -2.145155902579872 0 245.0 -2.145155902579872 1
gene  1 13 8 0.9197401384914179 0 257.0 0.9197401384914179 1
gene  1 5 22 0.8239420343999919 0 265.0 0.8239420343999919 1
gene  1 1 25 -0.9232889397527797 0 279.0 -0.9232889397527797 1
gene  1 25 8 2.742724363463204 0 280.0 2.742724363463204 1
gene  1 8 29 0.17646029038505207 0 297.0 0.17646029038505207 1
gene  1 29 14 -3.032854404443919 0 298.0 -3.032854404443919 1
gene  1 1 14 2.4215855185389925 0 312.0 2.4215855185389925 1
gene  1 2 29 -4.061016059454591 0 330.0 -4.061016059454591 1
gene  1 5 25 -1.4086368054963372 0 343.0 -1.4086368054963372 1
gene  1 6 29 -3.528107499294766 0 386.0 -3.528107499294766 1
gene  1 22 29 -2.806319713784296 0 416.0 -2.806319713784296 1
gene  1 4 14 -3.6405158475330754 0 424.0 -3.6405158475330754 1
gene  1 4 29 2.9763529654519423 0 432.0 2.9763529654519423 1
gene  1 8 57 -1.6026953138345648 0 437.0 -1.6026953138345648 1
gene  1 57 14 2.0730225280864945 0 438.0 2.0730225280864945 1
gene  1 3 22 6.25409635875333 0 440.0 6.25409635875333 1
gene  1 2 25 -0.6821151589399819 0 455.0 -0.6821151589399819 1
gene  1 1 65 -1.486063645680833 0 481.0 -1.486063645680833 1
gene  1 65 25 2.475118756034082 0 482.0 2.475118756034082 1
gene  1 8 76 -9.925808310842776E-4 0 525.0 -9.925808310842776E-4 1
gene  1 76 22 0.6470481514782678 0 526.0 0.6470481514782678 1
gene  1 2 87 0.4451565240979476 0 560.0 0.4451565240979476 1
gene  1 87 14 -0.3669701967942526 0 561.0 -0.3669701967942526 1
gene  1 6 87 -3.5808857619780534 0 629.0 -3.5808857619780534 1
gene  1 4 107 0.8684469123077136 0 644.0 0.8684469123077136 1
gene  1 107 8 4.351633814764671 0 645.0 4.351633814764671 1
genomeend 7
genomestart  8
trait 1 1.0196578134443977 0.9084683164675542 0.6999743588928883 0.0 2.8168037350296773 0.47666626507790444 0.826280999839004 1.190943612630714 
node 1 1 1 1
node 2 1 1 1
node 3 1 1 1
node 4 1 1 1
node 5 1 1 1
node 6 1 1 1
node 7 1 1 3
node 8 1 0 0
node 13 1 0 2
node 14 1 0 2
node 22 1 0 0
node 25 1 0 0
node 29 1 0 0
node 57 1 0 0
node 65 1 0 0
node 76 1 0 0
node 87 1 0 0
node 107 1 0 0
gene  1 1 8 2.3946687591072093 0 98.0 2.3946687591072093 1
gene  1 3 8 4.515985741864013 0 100.0 4.515985741864013 1
gene  1 4 8 5.159849673102215 0 101.0 5.159849673102215 0
gene  1 5 8 -2.327542458618063 0 102.0 -2.327542458618063 1
gene  1 6 8 1.71569942416183 0 103.0 1.71569942416183 1
gene  1 8 8 3.6591303809571327 1 105.0 3.6591303809571327 1
gene  1 1 13 -5.317028825259568 0 168.0 -5.317028825259568 1
gene  1 5 13 -3.7396523171617284 0 172.0 -3.7396523171617284 1
gene  1 13 13 0.8611833025153388 1 180.0 0.8611833025153388 1
gene  1 14 13 -9.788791610294735 1 181.0 -9.788791610294735 1
gene  1 2 14 -1.4900202026307623 0 183.0 -1.4900202026307623 1
gene  1 3 14 -0.332005641017735 0 184.0 -0.332005641017735 1
gene  1 5 14 0.3233752703019948 0 186.0 0.3233752703019948 1
gene  1 7 14 0.30036050981430945 0 188.0 0.30036050981430945 1
gene  1 8 14 1.429103935936914 0 189.0 1.429103935936914 1
gene  1 13 14 0.9738827807043859 0 194.0 0.9738827807043859 1
gene  1 2 13 0.570170750821436 0 236.0 0.570170750821436 1
gene  1 8 22 -0.6889694984501131 0 240.0 -0.6889694984501131 1
gene  1 22 14 -14.171827436278017 0 241.0 -14.171827436278017 1
gene  1 1 22 -2.7357270562792193 0 245.0 -2.7357270562792193 1
gene  1 13 8 1.0611382783223828 0 257.0 1.0611382783223828 1
gene  1 5 22 2.0692221566576237 0 265.0 2.0692221566576237 1
gene  1 1 25 -4.245934429744489 0 279.0 -4.245934429744489 1
gene  1 25 8 2.0742823507680583 0 280.0 2.0742823507680583 1
gene  1 8 29 2.1156994514274143 0 297.0 2.1156994514274143 1
gene  1 29 14 -4.568798660648191 0 298.0 -4.568798660648191 1
gene  1 1 14 -0.14504638362891553 0 312.0 -0.14504638362891553 1
gene  1 2 29 -5.63897955754757 0 330.0 -5.63897955754757 1
gene  1 5 25 2.775636718975842 0 343.0 2.775636718975842 1
gene  1 6 29 -5.440502350133593 0 386.0 -5.440502350133593 1
gene  1 22 29 0.21819709895344985 0 416.0 0.21819709895344985 1
gene  1 4 14 -2.5126097043271662 0 424.0 -2.5126097043271662 1
gene  1 4 29 4.494565752902124 0 432.0 4.494565752902124 1
gene  1 8 57 -7.317429526059862 0 437.0 -7.317429526059862 1
gene  1 57 14 2.3627379631504604 0 438.0 2.3627379631504604 1
gene  1 3 22 4.114558502044615 0 440.0 4.114558502044615 1
gene  1 2 25 1.7127141203437013 0 455.0 1.7127141203437013 1
gene  1 1 65 0.435182562438878 0 481.0 0.435182562438878 1
gene  1 65 25 -0.7602404714049171 0 482.0 -0.7602404714049171 1
gene  1 8 76 0.3726241490485435 0 525.0 0.3726241490485435 1
gene  1 76 22 3.9629045023935845 0 526.0 3.9629045023935845 1
gene  1 2 87 -0.23460430177722857 0 560.0 -0.23460430177722857 1
gene  1 87 14 -3.454924550225007 0 561.0 -3.454924550225007 1
gene  1 6 87 -5.6955595017324745 0 629.0 -5.6955595017324745 1
gene  1 4 107 0.4598604148885993 0 644.0 0.4598604148885993 1
gene  1 107 8 0.7351763060542162 0 645.0 0.7351763060542162 1
genomeend 8
genomestart  9
trait 1 0.8557840046633364 0.9084683164675542 0.28993815826492864 0.0 1.985559462205321 0.47666626507790444 1.2812552722014545 1.190943612630714 
node 1 1 1 1
node 2 1 1 1
node 3 1 1 1
node 4 1 1 1
node 5 1 1 1
node 6 1 1 1
node 7 1 1 3
node 8 1 0 0
node 13 1 0 2
node 14 1 0 2
node 22 1 0 0
node 25 1 0 0
node 29 1 0 0
node 57 1 0 0
node 65 1 0 0
node 76 1 0 0
node 87 1 0 0
node 107 1 0 0
gene  1 1 8 -1.2028722310831717 0 98.0 -1.2028722310831717 1
gene  1 3 8 4.478243552648134 0 100.0 4.478243552648134 1
gene  1 4 8 2.607887257354205 0 101.0 2.607887257354205 0
gene  1 5 8 -1.2866846847276199 0 102.0 -1.2866846847276199 1
gene  1 6 8 0.9852479448533774 0 103.0 0.9852479448533774 1
gene  1 8 8 3.036754743140416 1 105.0 3.036754743140416 1
gene  1 1 13 -6.212605686310875 0 168.0 -6.212605686310875 1
gene  1 5 13 -3.7636944233889063 0 172.0 -3.7636944233889063 1
gene  1 13 13 0.37298103105536673 1 180.0 0.37298103105536673 1
gene  1 14 13 -13.159723430592742 1 181.0 -13.159723430592742 1
gene  1 2 14 1.3554578756997433 0 183.0 1.3554578756997433 1
gene  1 3 14 -0.5375335780395119 0 184.0 -0.5375335780395119 1
gene  1 5 14 -1.2086783228678728 0 186.0 -1.2086783228678728 1
gene  1 7 14 0.2815505566260354 0 188.0 0.2815505566260354 1
gene  1 8 14 3.7451288063911012 0 189.0 3.7451288063911012 1
gene  1 13 14 3.213869505227812 0 194.0 3.213869505227812 1
gene  1 2 13 2.5046196633880795 0 236.0 2.5046196633880795 1
gene  1 8 22 -3.3539167709333855 0 240.0 -3.3539167709333855 1
gene  1 22 14 -14.548183335985552 0 241.0 -14.548183335985552 1
gene  1 1 22 -4.06899186559844 0 245.0 -4.06899186559844 1
gene  1 13 8 1.2182778751026957 0 257.0 1.2182778751026957 1
gene  1 5 22 0.7695085419292929 0 265.0 0.7695085419292929 1
gene  1 1 25 -3.5203540231816532 0 279.0 -3.5203540231816532 1
gene  1 25 8 3.020579180938256 0 280.0 3.020579180938256 1
gene  1 8 29 1.97531153606802 0 297.0 1.97531153606802 1
gene  1 29 14 -1.9182601539871331 0 298.0 -1.9182601539871331 1
gene  1 1 14 0.7626645826794616 0 312.0 0.7626645826794616 1
gene  1 2 29 -5.234965768396746 0 330.0 -5.234965768396746 1
gene  1 5 25 0.20304285505307207 0 343.0 0.20304285505307207 1
gene  1 6 29 -1.9352271146549844 0 386.0 -1.9352271146549844 1
gene  1 22 29 -2.97490905552619 0 416.0 -2.97490905552619 1
gene  1 4 14 -3.430188149493163 0 424.0 -3.430188149493163 1
gene  1 4 29 1.5757665762343227 0 432.0 1.5757665762343227 1
gene  1 8 57 -7.22490807824361 0 437.0 -7.22490807824361 1
gene  1 57 14 -2.2052471642021567 0 438.0 -2.2052471642021567 1
gene  1 3 22 5.734851470211662 0 440.0 5.734851470211662 1
gene  1 2 25 -1.5327129808333109 0 455.0 -1.5327129808333109 1
gene  1 1 65 1.0020444601030079 0 481.0 1.0020444601030079 1
gene  1 65 25 -0.7233661665936654 0 482.0 -0.7233661665936654 1
gene  1 8 76 -0.75111469836043 0 525.0 -0.75111469836043 1
gene  1 76 22 2.217203597710537 0 526.0 2.217203597710537 1
gene  1 2 87 -0.9864874690829877 0 560.0 -0.9864874690829877 1
gene  1 87 14 -2.259203684706325 0 561.0 -2.259203684706325 1
gene  1 6 87 -5.632596097495398 0 629.0 -5.632596097495398 1
gene  1 4 107 1.0 0 644.0 1.0 1
gene  1 107 8 4.213772806110679 0 645.0 4.213772806110679 1
genomeend 9
genomestart  10
trait 1 1.8712665038090677 0.0 0.4289699328456915 1.1835456827051778 0.0 0.7294252873384013 0.0 0.0 
node 1 1 1 1
node 2 1 1 1
node 3 1 1 1
node 4 1 1 1
node 5 1 1 1
node 6 1 1 1
node 7 1 1 3
node 13 1 0 2
node 14 1 0 2
node 49 1 0 0
node 73 1 0 0
node 81 1 0 0
gene  1 1 13 -1.0824260846464702 0 168.0 -1.0824260846464702 1
gene  1 2 13 -5.736728985096658 0 169.0 -5.736728985096658 1
gene  1 3 13 0.8839272296569795 0 170.0 0.8839272296569795 1
gene  1 4 13 -0.9956230551869207 0 171.0 -0.9956230551869207 1
gene  1 5 13 0.5810861605150224 0 172.0 0.5810861605150224 1
gene  1 6 13 -4.098443223259341 0 173.0 -4.098443223259341 1
gene  1 7 13 0.45737794087621353 0 174.0 0.45737794087621353 1
gene  1 14 13 -2.6592436952045313 1 181.0 -2.6592436952045313 1
gene  1 1 14 2.5767117577923297 0 182.0 2.5767117577923297 1
gene  1 2 14 1.1906320680948776 0 183.0 1.1906320680948776 1
gene  1 3 14 -8.311893914820171 0 184.0 -8.311893914820171 1
gene  1 13 14 -4.220756007509982 0 194.0 -4.220756007509982 1
gene  1 14 14 6.447701667292189 1 195.0 6.447701667292189 1
gene  1 7 14 -2.1950443585760917 0 273.0 -2.1950443585760917 1
gene  1 4 14 -4.820142849867586 0 283.0 -4.820142849867586 1
gene  1 5 14 0.06748463255502307 0 303.0 0.06748463255502307 1
gene  1 6 14 1.7582530984145903 0 307.0 1.7582530984145903 1
gene  1 3 49 -1.0338280842761214 0 389.0 -1.0338280842761214 1
gene  1 49 13 4.408777463652093 0 390.0 4.408777463652093 1
gene  1 5 49 -0.020723241641472878 0 403.0 -0.020723241641472878 1
gene  1 1 49 0.31548579246231834 0 430.0 0.31548579246231834 1
gene  1 7 49 -0.774626577966468 0 456.0 -0.774626577966468 1
gene  1 4 49 -4.026430587548503 0 495.0 -4.026430587548503 1
gene  1 6 73 -5.151406094537599 0 508.0 -5.151406094537599 1
gene  1 73 13 0.17913147936060464 0 509.0 0.17913147936060464 1
gene  1 6 81 -1.878825747044123 0 542.0 -1.878825747044123 1
gene  1 81 73 0.0467145509405924 0 543.0 0.0467145509405924 1
gene  1 81 49 -1.8395446104819355 0 569.0 -1.8395446104819355 1
gene  1 49 14 -5.384237691903107 0 610.0 -5.384237691903107 1
genomeend 10
genomestart  11
trait 1 1.8712665038090677 0.0 0.4289699328456915 1.1835456827051778 0.0 0.7294252873384013 0.0 0.0 
node 1 1 1 1
node 2 1 1 1
node 3 1 1 1
node 4 1 1 1
node 5 1 1 1
node 6 1 1 1
node 7 1 1 3
node 13 1 0 2
node 14 1 0 2
node 49 1 0 0
node 73 1 0 0
node 81 1 0 0
gene  1 1 13 1.2040023744687869 0 168.0 1.2040023744687869 1
gene  1 2 13 -3.616833892988844 0 169.0 -3.616833892988844 1
gene  1 3 13 5.132004849848018 0 170.0 5.132004849848018 1
gene  1 4 13 -1.0181762373995835 0 171.0 -1.0181762373995835 1
gene  1 5 13 -0.924308381997263 0 172.0 -0.924308381997263 1
gene  1 6 13 -0.8301079373165487 0 173.0 -0.8301079373165487 1
gene  1 7 13 1.430313178321316 0 174.0 1.430313178321316 1
gene  1 14 13 0.6998010203816536 1 181.0 0.6998010203816536 1
gene  1 1 14 2.801764160150035 0 182.0 2.801764160150035 1
gene  1 2 14 -1.5787363542780422 0 183.0 -1.5787363542780422 1
gene  1 3 14 -7.606733318859039 0 184.0 -7.606733318859039 1
gene  1 13 14 -6.161160400828729 0 194.0 -6.161160400828729 1
gene  1 14 14 6.121631639829962 1 195.0 6.121631639829962 1
gene  1 7 14 5.5593491556301835 0 273.0 5.5593491556301835 1
gene  1 4 14 -3.217718158189041 0 283.0 -3.217718158189041 1
gene  1 5 14 -0.307158918578558 0 303.0 -0.307158918578558 1
gene  1 6 14 3.3340193427243947 0 307.0 3.3340193427243947 1
gene  1 3 49 0.2527474393390214 0 389.0 0.2527474393390214 1
gene  1 49 13 4.299022201648436 0 390.0 4.299022201648436 1
gene  1 5 49 -0.23410920504016408 0 403.0 -0.23410920504016408 1
gene  1 1 49 1.401030038256158 0 430.0 1.401030038256158 1
gene  1 7 49 0.2679132292608548 0 456.0 0.2679132292608548 1
gene  1 4 49 -3.8717920203355773 0 495.0 -3.8717920203355773 1
gene  1 6 73 -5.735613476730143 0 508.0 -5.735613476730143 1
gene  1 73 13 2.0377256287838765 0 509.0 2.0377256287838765 1
gene  1 6 81 -0.3698808506695156 0 542.0 -0.3698808506695156 1
gene  1 81 73 0.4297764814986546 0 543.0 0.4297764814986546 1
gene  1 81 49 -7.02986675999842 0 569.0 -7.02986675999842 1
gene  1 49 14 -4.221248778976369 0 610.0 -4.221248778976369 1
genomeend 11
genomestart  12
trait 1 1.8712665038090677 0.0 0.4289699328456915 1.1835456827051778 0.0 0.7294252873384013 0.0 0.0 
node 1 1 1 1
node 2 1 1 1
node 3 1 1 1
node 4 1 1 1
node 5 1 1 1
node 6 1 1 1
node 7 1 1 3
node 13 1 0 2
node 14 1 0 2
node 49 1 0 0
node 73 1 0 0
node 81 1 0 0
gene  1 1 13 0.1373535278082924 0 168.0 0.1373535278082924 1
gene  1 2 13 -3.140675341813893 0 169.0 -3.140675341813893 1
gene  1 3 13 -0.9791498392169523 0 170.0 -0.9791498392169523 1
gene  1 4 13 -0.3781991844783824 0 171.0 -0.3781991844783824 1
gene  1 5 13 -1.3750576191828845 0 172.0 -1.3750576191828845 1
gene  1 6 13 2.211182826479668 0 173.0 2.211182826479668 1
gene  1 7 13 0.4170485327762543 0 174.0 0.4170485327762543 1
gene  1 14 13 -1.0024072844787182 1 181.0 -1.0024072844787182 1
gene  1 1 14 0.6966247514698793 0 182.0 0.6966247514698793 1
gene  1 2 14 0.9780101408310937 0 183.0 0.9780101408310937 1
gene  1 3 14 -8.55426362558383 0 184.0 -8.55426362558383 1
gene  1 13 14 -1.9123466378266323 0 194.0 -1.9123466378266323 1
gene  1 14 14 5.364534335750049 1 195.0 5.364534335750049 1
gene  1 7 14 2.6069067587051262 0 273.0 2.6069067587051262 1
gene  1 4 14 -0.093828744013075 0 283.0 -0.093828744013075 1
gene  1 5 14 0.4715043039761034 0 303.0 0.4715043039761034 1
gene  1 6 14 3.2523170317725 0 307.0 3.2523170317725 1
gene  1 3 49 -0.183756343565454 0 389.0 -0.183756343565454 1
gene  1 49 13 3.9228445910826553 0 390.0 3.9228445910826553 1
gene  1 5 49 1.6679668146264965 0 403.0 1.6679668146264965 1
gene  1 1 49 -1.3031137576114125 0 430.0 -1.3031137576114125 1
gene  1 7 49 -3.7150218158529302 0 456.0 -3.7150218158529302 1
gene  1 4 49 -1.5559331848813462 0 495.0 -1.5559331848813462 1
gene  1 6 73 2.4404211152689834 0 508.0 2.4404211152689834 1
gene  1 73 13 -1.8794246252651243 0 509.0 -1.8794246252651243 1
gene  1 6 81 0.7128173122610287 0 542.0 0.7128173122610287 1
gene  1 81 73 -0.9932452044085971 0 543.0 -0.9932452044085971 1
gene  1 81 49 -8.057949160201225 0 569.0 -8.057949160201225 1
gene  1 49 14 -4.221248778976369 0 610.0 -4.221248778976369 1
genomeend 12
genomestart  13
trait 1 1.8712665038090677 0.0 0.4289699328456915 1.1835456827051778 0.0 0.7294252873384013 0.0 0.0 
node 1 1 1 1
node 2 1 1 1
node 3 1 1 1
node 4 1 1 1
node 5 1 1 1
node 6 1 1 1
node 7 1 1 3
node 13 1 0 2
node 14 1 0 2
node 49 1 0 0
node 73 1 0 0
node 81 1 0 0
gene  1 1 13 -2.262508548920708 0 168.0 -2.262508548920708 1
gene  1 2 13 -6.26253795800924 0 169.0 -6.26253795800924 1
gene  1 3 13 4.898595634920683 0 170.0 4.898595634920683 1
gene  1 4 13 -3.220365206305213 0 171.0 -3.220365206305213 1
gene  1 5 13 -4.048731829747391 0 172.0 -4.048731829747391 1
gene  1 6 13 0.19753562839016814 0 173.0 0.19753562839016814 1
gene  1 7 13 3.486130527533729 0 174.0 3.486130527533729 1
gene  1 14 13 -2.9210488969883235 1 181.0 -2.9210488969883235 1
gene  1 1 14 1.8772730637262973 0 182.0 1.8772730637262973 1
gene  1 2 14 -1.3608631772343958 0 183.0 -1.3608631772343958 1
gene  1 3 14 -11.02714748713072 0 184.0 -11.02714748713072 1
gene  1 13 14 -4.3612829910327235 0 194.0 -4.3612829910327235 1
gene  1 14 14 5.829748477796624 1 195.0 5.829748477796624 1
gene  1 7 14 4.994074720812189 0 273.0 4.994074720812189 1
gene  1 4 14 -2.0838630590224283 0 283.0 -2.0838630590224283 1
gene  1 5 14 -1.1657701637534386 0 303.0 -1.1657701637534386 1
gene  1 6 14 1.1357772615951482 0 307.0 1.1357772615951482 1
gene  1 3 49 -1.4413872288717258 0 389.0 -1.4413872288717258 1
gene  1 49 13 6.779449187887293 0 390.0 6.779449187887293 1
gene  1 5 49 -1.870646211350748 0 403.0 -1.870646211350748 1
gene  1 1 49 -1.5923851253825247 0 430.0 -1.5923851253825247 1
gene  1 7 49 -2.2025551276151267 0 456.0 -2.2025551276151267 1
gene  1 4 49 -2.980620487526889 0 495.0 -2.980620487526889 1
gene  1 6 73 -9.08012728311721 0 508.0 -9.08012728311721 1
gene  1 73 13 -0.6852823963435265 0 509.0 -0.6852823963435265 1
gene  1 6 81 1.1219254979164648 0 542.0 1.1219254979164648 1
gene  1 81 73 -1.3359795132068717 0 543.0 -1.3359795132068717 1
gene  1 81 49 1.655304647673494 0 569.0 1.655304647673494 1
gene  1 49 14 -6.336120835062702 0 610.0 -6.336120835062702 1
genomeend 13
genomestart  14
trait 1 0.0 0.7972318660819309 1.9692270263017169 0.19579356259357072 0.10522835245191364 0.1113794974477037 0.3883084111555485 0.0 
node 1 1 1 1
node 2 1 1 1
node 3 1 1 1
node 4 1 1 1
node 5 1 1 1
node 6 1 1 1
node 7 1 1 3
node 8 1 0 0
node 9 1 0 0
node 13 1 0 2
node 14 1 0 2
node 20 1 0 0
node 56 1 0 0
node 60 1 0 0
node 79 1 0 0
node 92 1 0 0
node 94 1 0 0
node 97 1 0 0
gene  1 1 8 1.155690133829038 0 98.0 1.155690133829038 1
gene  1 2 8 -0.6795721426438357 0 99.0 -0.6795721426438357 1
gene  1 3 8 1.7914680412382933 0 100.0 1.7914680412382933 1
gene  1 6 8 0.07947107025405215 0 103.0 0.07947107025405215 1
gene  1 8 8 -3.705114799122271 1 105.0 -3.705114799122271 1
gene  1 9 8 2.6011790409646904 1 106.0 2.6011790409646904 1
gene  1 13 8 2.6773524636520536 1 110.0 2.6773524636520536 1
gene  1 14 8 -3.316122298505424 1 111.0 -3.316122298505424 1
gene  1 1 9 -9.906925392407613 0 112.0 -9.906925392407613 1
gene  1 4 9 1.5061186622637166 0 115.0 1.5061186622637166 1
gene  1 5 9 -8.688139245652929 0 116.0 -8.688139245652929 1
gene  1 7 9 0.16108387901953503 0 118.0 0.16108387901953503 1
gene  1 9 9 10.86796770720262 1 120.0 10.86796770720262 1
gene  1 14 9 4.258649654914972 1 125.0 4.258649654914972 1
gene  1 2 13 -1.72471557995005 0 169.0 -1.72471557995005 1
gene  1 5 13 -0.776940096485484 0 172.0 -0.776940096485484 1
gene  1 8 13 0.21635404281746173 0 175.0 0.21635404281746173 1
gene  1 1 14 -1.130747019005223 0 182.0 -1.130747019005223 1
gene  1 2 14 5.397820320066429 0 183.0 5.397820320066429 1
gene  1 3 14 -1.6470376471975696 0 184.0 -1.6470376471975696 1
gene  1 6 14 1.503852054642784 0 187.0 1.503852054642784 1
gene  1 13 14 -0.3629223091921466 0 194.0 -0.3629223091921466 1
gene  1 14 14 -0.6103247265115195 1 195.0 -0.6103247265115195 1
gene  1 5 8 -10.314482892875382 0 202.0 -10.314482892875382 1
gene  1 4 13 2.0825914786572124 0 220.0 2.0825914786572124 1
gene  1 1 20 -3.42892106590317 0 231.0 -3.42892106590317 1
gene  1 20 14 -0.4913252090088598 0 232.0 -0.4913252090088598 1
gene  1 1 13 1.3343138223541091 0 329.0 1.3343138223541091 1
gene  1 13 20 -1.2295271312704688 0 337.0 -1.2295271312704688 1
gene  1 4 20 -13.459609514027223 0 339.0 -13.459609514027223 1
gene  1 9 8 -1.1083987206281112 0 404.0 -1.1083987206281112 1
gene  1 8 14 -2.3309985840992677 0 410.0 -2.3309985840992677 1
gene  1 5 56 0.13611842657144102 0 434.0 0.13611842657144102 1
gene  1 56 8 -0.03251966120817751 0 435.0 -0.03251966120817751 1
gene  1 2 9 -7.10914182859862 0 448.0 -7.10914182859862 1
gene  1 3 60 -0.7220435365828124 0 458.0 -0.7220435365828124 1
gene  1 60 8 -1.4812754780209696 0 459.0 -1.4812754780209696 1
gene  1 1 60 -4.061751760129302 0 479.0 -4.061751760129302 1
gene  1 7 56 4.963913995031149 0 520.0 4.963913995031149 1
gene  1 13 79 0.11936082719955554 0 537.0 0.11936082719955554 1
gene  1 79 20 -0.3134055117805903 0 538.0 -0.3134055117805903 1
gene  1 3 79 -3.3910330038446954 0 556.0 -3.3910330038446954 1
gene  1 5 92 2.931062764357186 0 575.0 2.931062764357186 1
gene  1 92 13 -13.968014418871041 0 576.0 -13.968014418871041 1
gene  1 14 94 3.6518482907254453 1 582.0 3.6518482907254453 1
gene  1 94 8 -2.8580449736406086 0 583.0 -2.8580449736406086 1
gene  1 13 97 3.4679076304904033 1 593.0 3.4679076304904033 1
gene  1 97 8 1.1288589979061283 0 594.0 1.1288589979061283 1
gene  1 9 56 1.0775063873729254 0 596.0 1.0775063873729254 1
gene  1 60 20 -4.072391817201251 0 603.0 -4.072391817201251 1
gene  1 6 97 0.6496871900589842 0 616.0 0.6496871900589842 1
gene  1 4 8 2.897160054786483 0 619.0 2.897160054786483 1
gene  1 1 92 -10.426158736087686 0 641.0 -10.426158736087686 1
genomeend 14
genomestart  15
trait 1 0.0 0.7972318660819309 1.9692270263017169 0.19579356259357072 0.10522835245191364 0.1113794974477037 0.3883084111555485 0.0 
node 1 1 1 1
node 2 1 1 1
node 3 1 1 1
node 4 1 1 1
node 5 1 1 1
node 6 1 1 1
node 7 1 1 3
node 8 1 0 0
node 9 1 0 0
node 13 1 0 2
node 14 1 0 2
node 20 1 0 0
node 56 1 0 0
node 60 1 0 0
node 79 1 0 0
node 92 1 0 0
node 94 1 0 0
node 97 1 0 0
gene  1 1 8 5.786852473006734 0 98.0 5.786852473006734 1
gene  1 2 8 -0.9909140697712584 0 99.0 -0.9909140697712584 1
gene  1 3 8 -2.458838854998467 0 100.0 -2.458838854998467 1
gene  1 6 8 -4.760389151030198 0 103.0 -4.760389151030198 1
gene  1 8 8 -3.989545437010901 1 105.0 -3.989545437010901 1
gene  1 9 8 -1.9797988439295007 1 106.0 -1.9797988439295007 1
gene  1 13 8 0.4858248696108274 1 110.0 0.4858248696108274 1
gene  1 14 8 0.0087482588500154 1 111.0 0.0087482588500154 1
gene  1 1 9 -1.8455656488978716 0 112.0 -1.8455656488978716 1
gene  1 4 9 2.816748108929744 0 115.0 2.816748108929744 1
gene  1 5 9 -6.448825097090108 0 116.0 -6.448825097090108 1
gene  1 7 9 -1.3802107625047941 0 118.0 -1.3802107625047941 1
gene  1 9 9 9.421061924697735 1 120.0 9.421061924697735 1
gene  1 14 9 5.903962846485738 1 125.0 5.903962846485738 1
gene  1 2 13 -0.4440092246857127 0 169.0 -0.4440092246857127 1
gene  1 5 13 0.09169611632291197 0 172.0 0.09169611632291197 1
gene  1 8 13 1.6045731155137881 0 175.0 1.6045731155137881 1
gene  1 1 14 -1.61330950781214 0 182.0 -1.61330950781214 1
gene  1 2 14 -1.237477934611032 0 183.0 -1.237477934611032 1
gene  1 3 14 0.6306613063798108 0 184.0 0.6306613063798108 1
gene  1 6 14 -1.7079353664429682 0 187.0 -1.7079353664429682 1
gene  1 13 14 -0.9491865639382158 0 194.0 -0.9491865639382158 1
gene  1 14 14 1.5747489702727637 1 195.0 1.5747489702727637 1
gene  1 5 8 -8.9556639490174 0 202.0 -8.9556639490174 1
gene  1 4 13 2.0876017103574576 0 220.0 2.0876017103574576 1
gene  1 1 20 -0.9815831051802084 0 231.0 -0.9815831051802084 1
gene  1 20 14 2.8042202308574993 0 232.0 2.8042202308574993 1
gene  1 1 13 -0.42684414090528394 0 329.0 -0.42684414090528394 1
gene  1 13 20 0.9224566960550276 0 337.0 0.9224566960550276 1
gene  1 4 20 -12.047727684672013 0 339.0 -12.047727684672013 1
gene  1 9 8 -0.20328821765927013 0 404.0 -0.20328821765927013 1
gene  1 8 14 6.754953598845411 0 410.0 6.754953598845411 1
gene  1 5 56 2.9841037509207986 0 434.0 2.9841037509207986 1
gene  1 56 8 1.5575517685785325 0 435.0 1.5575517685785325 1
gene  1 2 9 -5.313368667512461 0 448.0 -5.313368667512461 1
gene  1 3 60 4.8257904696330876 0 458.0 4.8257904696330876 1
gene  1 60 8 1.0136212551189825 0 459.0 1.0136212551189825 1
gene  1 1 60 -2.2652302642882507 0 479.0 -2.2652302642882507 1
gene  1 7 56 3.7750933633700523 0 520.0 3.7750933633700523 1
gene  1 13 79 0.06575684995097503 0 537.0 0.06575684995097503 1
gene  1 79 20 1.2547983801490457 0 538.0 1.2547983801490457 1
gene  1 3 79 1.5506313430445662 0 556.0 1.5506313430445662 1
gene  1 5 92 -1.5738359192907456 0 575.0 -1.5738359192907456 1
gene  1 92 13 -13.924060435795294 0 576.0 -13.924060435795294 1
gene  1 14 94 3.8267372203052767 1 582.0 3.8267372203052767 1
gene  1 94 8 -1.5366653430654458 0 583.0 -1.5366653430654458 1
gene  1 13 97 0.9353080914903673 1 593.0 0.9353080914903673 1
gene  1 97 8 0.8747114984821125 0 594.0 0.8747114984821125 1
gene  1 9 56 0.16029530692063054 0 596.0 0.16029530692063054 1
gene  1 60 20 -3.521503315158563 0 603.0 -3.521503315158563 1
gene  1 6 97 -2.579340616087233 0 616.0 -2.579340616087233 1
gene  1 4 8 2.652261101719608 0 619.0 2.652261101719608 1
gene  1 1 92 -8.279677284262831 0 641.0 -8.279677284262831 1
genomeend 15
genomestart  16
trait 1 0.0 0.7972318660819309 1.9692270263017169 0.19579356259357072 0.10522835245191364 0.1113794974477037 0.3883084111555485 0.0 
node 1 1 1 1
node 2 1 1 1
node 3 1 1 1
node 4 1 1 1
node 5 1 1 1
node 6 1 1 1
node 7 1 1 3
node 8 1 0 0
node 9 1 0 0
node 13 1 0 2
node 14 1 0 2
node 20 1 0 0
node 56 1 0 0
node 60 1 0 0
node 79 1 0 0
node 92 1 0 0
node 94 1 0 0
node 97 1 0 0
gene  1 1 8 2.714017788399996 0 98.0 2.714017788399996 1
gene  1 2 8 -0.9728043228902721 0 99.0 -0.9728043228902721 1
gene  1 3 8 -1.5243642625430827 0 100.0 -1.5243642625430827 1
gene  1 6 8 -4.484238261452164 0 103.0 -4.484238261452164 1
gene  1 8 8 -3.0810863252979206 1 105.0 -3.0810863252979206 1
gene  1 9 8 3.100875478086933 1 106.0 3.100875478086933 1
gene  1 13 8 4.619149474773178 1 110.0 4.619149474773178 1
gene  1 14 8 -0.6741488092177246 1 111.0 -0.6741488092177246 1
gene  1 1 9 -6.1206114448712885 0 112.0 -6.1206114448712885 1
gene  1 4 9 2.447334477875481 0 115.0 2.447334477875481 1
gene  1 5 9 -8.259768147529213 0 116.0 -8.259768147529213 1
gene  1 7 9 1.6823971323137665 0 118.0 1.6823971323137665 1
gene  1 9 9 12.136587512758151 1 120.0 12.136587512758151 1
gene  1 14 9 2.3538314547150545 1 125.0 2.3538314547150545 1
gene  1 2 13 0.8916912349439713 0 169.0 0.8916912349439713 1
gene  1 5 13 -0.2436361623982939 0 172.0 -0.2436361623982939 1
gene  1 8 13 1.0191670964483182 0 175.0 1.0191670964483182 1
gene  1 1 14 -2.6566787593133623 0 182.0 -2.6566787593133623 1
gene  1 2 14 7.059254227595801 0 183.0 7.059254227595801 1
gene  1 3 14 -2.5111095253076514 0 184.0 -2.5111095253076514 1
gene  1 6 14 -1.0669661866392068 0 187.0 -1.0669661866392068 1
gene  1 13 14 1.6766935685695363 0 194.0 1.6766935685695363 1
gene  1 14 14 0.7176182778248132 1 195.0 0.7176182778248132 1
gene  1 5 8 -8.236468289315104 0 202.0 -8.236468289315104 1
gene  1 4 13 3.120433179402509 0 220.0 3.120433179402509 1
gene  1 1 20 -2.197963785867592 0 231.0 -2.197963785867592 1
gene  1 20 14 0.5247750031101026 0 232.0 0.5247750031101026 1
gene  1 1 13 -2.8666690348557213 0 329.0 -2.8666690348557213 1
gene  1 13 20 -0.24306246386408964 0 337.0 -0.24306246386408964 1
gene  1 4 20 -13.013172020638697 0 339.0 -13.013172020638697 1
gene  1 9 8 -1.8961567709352236 0 404.0 -1.8961567709352236 1
gene  1 8 14 3.4695238052821917 0 410.0 3.4695238052821917 1
gene  1 5 56 -0.2156473280905915 0 434.0 -0.2156473280905915 1
gene  1 56 8 -3.681967433411816 0 435.0 -3.681967433411816 1
gene  1 2 9 -5.693846072145201 0 448.0 -5.693846072145201 1
gene  1 3 60 3.224204606961099 0 458.0 3.224204606961099 1
gene  1 60 8 1.7456814373320197 0 459.0 1.7456814373320197 1
gene  1 1 60 -5.062375610223479 0 479.0 -5.062375610223479 1
gene  1 7 56 1.551539468147896 0 520.0 1.551539468147896 1
gene  1 13 79 -0.0054315451367037415 0 537.0 -0.0054315451367037415 1
gene  1 79 20 -1.59506018510168 0 538.0 -1.59506018510168 1
gene  1 3 79 -0.29817154040275184 0 556.0 -0.29817154040275184 1
gene  1 5 92 2.509962865490351 0 575.0 2.509962865490351 1
gene  1 92 13 -16.280504695345286 0 576.0 -16.280504695345286 1
gene  1 14 94 3.737443426052693 1 582.0 3.737443426052693 1
gene  1 94 8 1.8349319537328865 0 583.0 1.8349319537328865 1
gene  1 13 97 1.9426986318763606 1 593.0 1.9426986318763606 1
gene  1 97 8 -0.6480572973026288 0 594.0 -0.6480572973026288 1
gene  1 9 56 2.082136459025835 0 596.0 2.082136459025835 1
gene  1 60 20 -1.8293280940597823 0 603.0 -1.8293280940597823 1
gene  1 6 97 0.13083076513355985 0 616.0 0.13083076513355985 1
gene  1 4 8 2.337763511028392 0 619.0 2.337763511028392 1
gene  1 1 92 -8.279677284262831 0 641.0 -8.279677284262831 1
genomeend 16
genomestart  17
trait 1 0.0 0.9380171225566565 2.946454114246018 0.0 0.23073292095274345 0.5916859962196944 0.008509650538832902 0.0 
node 1 1 1 1
node 2 1 1 1
node 3 1 1 1
node 4 1 1 1
node 5 1 1 1
node 6 1 1 1
node 7 1 1 3
node 13 1 0 2
node 14 1 0 2
node 45 1 0 0
node 71 1 0 0
node 89 1 0 0
gene  1 1 13 -4.516097999908972 0 168.0 -4.516097999908972 1
gene  1 2 13 2.863270692350489 0 169.0 2.863270692350489 1
gene  1 5 13 -1.7509610910692697 0 172.0 -1.7509610910692697 1
gene  1 6 13 3.0632752241655914 0 173.0 3.0632752241655914 1
gene  1 7 13 -3.3823423425880246 0 174.0 -3.3823423425880246 1
gene  1 3 14 10.147056445802747 0 184.0 10.147056445802747 1
gene  1 4 14 -6.038152615821161 0 185.0 -6.038152615821161 1
gene  1 7 14 4.900724876903045 0 188.0 4.900724876903045 1
gene  1 13 14 -2.6920201219687034 0 194.0 -2.6920201219687034 1
gene  1 14 14 1.4726401805556701 1 195.0 1.4726401805556701 1
gene  1 4 13 -3.919261253789918 0 235.0 -3.919261253789918 1
gene  1 1 14 10.56701584768609 0 242.0 10.56701584768609 1
gene  1 5 14 -1.704902420277974 0 319.0 -1.704902420277974 1
gene  1 1 45 -6.018783692658831 0 370.0 -6.018783692658831 1
gene  1 45 13 -7.194372975488534 0 371.0 -7.194372975488534 0
gene  1 4 45 -0.6761353452911125 0 497.0 -0.6761353452911125 1
gene  1 6 71 -4.776709615993396 0 502.0 -4.776709615993396 1
gene  1 71 13 -3.548957073934381 0 503.0 -3.548957073934381 1
gene  1 45 71 -1.4598765695602454 0 534.0 -1.4598765695602454 1
gene  1 3 13 0.14161603398248934 0 535.0 0.14161603398248934 1
gene  1 45 89 1.684594427891803 0 566.0 1.684594427891803 1
gene  1 89 13 1.7379534978854618 0 567.0 1.7379534978854618 1
genomeend 17
genomestart  18
trait 1 0.0 0.9380171225566565 2.946454114246018 0.0 0.23073292095274345 0.5916859962196944 0.008509650538832902 0.0 
node 1 1 1 1
node 2 1 1 1
node 3 1 1 1
node 4 1 1 1
node 5 1 1 1
node 6 1 1 1
node 7 1 1 3
node 13 1 0 2
node 14 1 0 2
node 45 1 0 0
node 71 1 0 0
node 89 1 0 0
gene  1 1 13 -6.316399875468954 0 168.0 -6.316399875468954 1
gene  1 2 13 5.947906670503381 0 169.0 5.947906670503381 1
gene  1 5 13 0.9028618218044286 0 172.0 0.9028618218044286 1
gene  1 6 13 3.755666478089275 0 173.0 3.755666478089275 1
gene  1 7 13 -1.3564428602812773 0 174.0 -1.3564428602812773 1
gene  1 3 14 9.437706743083337 0 184.0 9.437706743083337 1
gene  1 4 14 -7.621275379509578 0 185.0 -7.621275379509578 1
gene  1 7 14 4.896430948957977 0 188.0 4.896430948957977 1
gene  1 13 14 -2.745073165714871 0 194.0 -2.745073165714871 1
gene  1 14 14 3.627925669463848 1 195.0 3.627925669463848 1
gene  1 4 13 -2.537852539758973 0 235.0 -2.537852539758973 1
gene  1 1 14 8.997562233054342 0 242.0 8.997562233054342 1
gene  1 5 14 0.2982633400751891 0 319.0 0.2982633400751891 1
gene  1 1 45 -7.816721179325725 0 370.0 -7.816721179325725 1
gene  1 45 13 -11.325063616061696 0 371.0 -11.325063616061696 0
gene  1 4 45 -3.411225257959355 0 497.0 -3.411225257959355 1
gene  1 6 71 -8.148740525344085 0 502.0 -8.148740525344085 1
gene  1 71 13 0.005640414968166807 0 503.0 0.005640414968166807 1
gene  1 45 71 -2.344607118486697 0 534.0 -2.344607118486697 1
gene  1 3 13 0.8204509704108435 0 535.0 0.8204509704108435 1
gene  1 45 89 1.5878735735391052 0 566.0 1.5878735735391052 1
gene  1 89 13 -0.7934385635771473 0 567.0 -0.7934385635771473 1
genomeend 18
genomestart  19
trait 1 0.0 0.9380171225566565 2.946454114246018 0.0 0.23073292095274345 0.5916859962196944 0.008509650538832902 0.0 
node 1 1 1 1
node 2 1 1 1
node 3 1 1 1
node 4 1 1 1
node 5 1 1 1
node 6 1 1 1
node 7 1 1 3
node 13 1 0 2
node 14 1 0 2
node 45 1 0 0
node 71 1 0 0
node 89 1 0 0
gene  1 1 13 -5.919782137309168 0 168.0 -5.919782137309168 1
gene  1 2 13 3.471703609424703 0 169.0 3.471703609424703 1
gene  1 5 13 -0.9105815634501706 0 172.0 -0.9105815634501706 1
gene  1 6 13 2.9180091471408907 0 173.0 2.9180091471408907 1
gene  1 7 13 -1.53171749226387 0 174.0 -1.53171749226387 1
gene  1 3 14 7.905930671332984 0 184.0 7.905930671332984 1
gene  1 4 14 -5.167579502810482 0 185.0 -5.167579502810482 1
gene  1 7 14 4.198986384484939 0 188.0 4.198986384484939 1
gene  1 13 14 -3.256367682435999 0 194.0 -3.256367682435999 1
gene  1 14 14 3.025579918850286 1 195.0 3.025579918850286 1
gene  1 4 13 -3.6817851213083674 0 235.0 -3.6817851213083674 1
gene  1 1 14 8.106295678824193 0 242.0 8.106295678824193 1
gene  1 5 14 -0.49239667990483954 0 319.0 -0.49239667990483954 1
gene  1 1 45 -6.31910300450695 0 370.0 -6.31910300450695 1
gene  1 45 13 -9.127189346930306 0 371.0 -9.127189346930306 0
gene  1 4 45 -1.010143019249034 0 497.0 -1.010143019249034 1
gene  1 6 71 -6.448328813367957 0 502.0 -6.448328813367957 1
gene  1 71 13 -1.414022579707835 0 503.0 -1.414022579707835 1
gene  1 45 71 -1.4598765695602454 0 534.0 -1.4598765695602454 1
gene  1 3 13 0.14161603398248934 0 535.0 0.14161603398248934 1
gene  1 45 89 1.5016528214840075 0 566.0 1.5016528214840075 1
gene  1 89 13 -1.3724662633667557 0 567.0 -1.3724662633667557 1
gene  1 5 89 0.09814914982467005 0 654.0 0.09814914982467005 1
genomeend 19
