genomestart  0
trait 1 0.0 0.0 0.0 0.0 0.0 0.0 0.0 0.0 
node 1 1 1 1
node 2 1 1 1
node 3 1 1 1
node 4 1 1 1
node 5 1 1 1
node 6 1 1 1
node 7 1 1 3
node 13 1 0 2
node 14 1 0 2
node 18 1 0 0
node 19 1 0 0
gene  1 1 13 -2.6441452778556336 0 168.0 -2.6441452778556336 0
gene  1 2 13 2.082636796874276 0 169.0 2.082636796874276 1
gene  1 5 13 -1.052411877712744 0 172.0 -1.052411877712744 1
gene  1 6 13 -5.770788304949603 0 173.0 -5.770788304949603 1
gene  1 7 13 0.287886485513745 0 174.0 0.287886485513745 1
gene  1 14 13 1.3149481832474827 1 181.0 1.3149481832474827 1
gene  1 1 14 -3.4539382924725293 0 182.0 -3.4539382924725293 1
gene  1 2 14 3.1889276039674597 0 183.0 3.1889276039674597 1
gene  1 3 14 3.0056959526635723 0 184.0 3.0056959526635723 0
gene  1 4 14 -2.3825284794274015 0 185.0 -2.3825284794274015 1
gene  1 6 14 3.381193016725568 0 187.0 3.381193016725568 1
gene  1 7 14 -3.9854425144147365 0 188.0 -3.9854425144147365 1
gene  1 14 14 0.7720991419875695 1 195.0 0.7720991419875695 1
gene  1 1 18 1.0 0 221.0 0.0 1
gene  1 18 13 -2.6441452778556336 0 222.0 0.0 1
gene  1 4 13 -8.88455798743922 0 224.0 -8.88455798743922 1
gene  1 3 19 1.0 0 227.0 0.0 1
gene  1 19 14 3.0056959526635723 0 228.0 0.0 1
genomeend 0
genomestart  1
trait 1 0.0 0.0 0.09557991641577823 0.0 0.0 0.0 0.0 0.0 
node 1 1 1 1
node 2 1 1 1
node 3 1 1 1
node 4 1 1 1
node 5 1 1 1
node 6 1 1 1
node 7 1 1 3
node 13 1 0 2
node 14 1 0 2
gene  1 1 13 0.8838355864718839 0 168.0 0.8838355864718839 1
gene  1 3 13 -0.8186504559990773 0 170.0 -0.8186504559990773 1
gene  1 5 13 -2.168328328183378 0 172.0 -2.168328328183378 1
gene  1 6 13 -7.7472281127956135 0 173.0 -7.7472281127956135 1
gene  1 14 13 0.005572284583293952 1 181.0 0.005572284583293952 1
gene  1 1 14 5.497958395848866 0 182.0 5.497958395848866 1
gene  1 2 14 -0.8211467621670652 0 183.0 -0.8211467621670652 1
gene  1 4 14 -3.7972520894319435 0 185.0 -3.7972520894319435 1
gene  1 5 14 2.227638475390881 0 186.0 2.227638475390881 1
gene  1 6 14 1.6794891564374461 0 187.0 1.6794891564374461 1
gene  1 7 14 -0.48086911620724593 0 188.0 -0.48086911620724593 1
gene  1 13 14 0.7684054896888917 0 194.0 0.7684054896888917 1
gene  1 14 14 -3.6968719752409345 1 195.0 -3.6968719752409345 1
genomeend 1
genomestart  2
trait 1 0.0 0.0 0.09557991641577823 0.0 0.0 0.0 0.0 0.0 
node 1 1 1 1
node 2 1 1 1
node 3 1 1 1
node 4 1 1 1
node 5 1 1 1
node 6 1 1 1
node 7 1 1 3
node 13 1 0 2
node 14 1 0 2
gene  1 1 13 0.7435860289603116 0 168.0 0.7435860289603116 1
gene  1 3 13 -0.445133253186312 0 170.0 -0.445133253186312 1
gene  1 5 13 -2.168328328183378 0 172.0 -2.168328328183378 1
gene  1 6 13 -0.6848201387397063 0 173.0 -0.6848201387397063 1
gene  1 14 13 -0.22561832615798028 1 181.0 -0.22561832615798028 1
gene  1 1 14 1.1678642494079203 0 182.0 1.1678642494079203 1
gene  1 2 14 1.1198613746506982 0 183.0 1.1198613746506982 1
gene  1 4 14 -3.212923266861848 0 185.0 -3.212923266861848 1
gene  1 5 14 3.920298502334523 0 186.0 3.920298502334523 1
gene  1 6 14 -0.8724939780028254 0 187.0 -0.8724939780028254 1
gene  1 7 14 0.6332939374338816 0 188.0 0.6332939374338816 1
gene  1 13 14 5.549461394939087 0 194.0 5.549461394939087 1
gene  1 14 14 -6.143742686383609 1 195.0 -6.143742686383609 1
genomeend 2
genomestart  3
trait 1 0.2586656094953509 0.5885108907393293 0.0 0.0 0.0 0.8252480027595169 0.0 0.0 
node 1 1 1 1
node 2 1 1 1
node 3 1 1 1
node 4 1 1 1
node 5 1 1 1
node 6 1 1 1
node 7 1 1 3
node 13 1 0 2
node 14 1 0 2
gene  1 2 13 0.683050105031116 0 169.0 0.683050105031116 1
gene  1 3 13 -7.075306841653308 0 170.0 -7.075306841653308 1
gene  1 4 13 4.463620598532946 0 171.0 4.463620598532946 1
gene  1 6 13 6.407364544886375 0 173.0 6.407364544886375 1
gene  1 7 13 -0.035727456040687056 0 174.0 -0.035727456040687056 1
gene  1 13 13 -0.01274933471531653 1 180.0 -0.01274933471531653 1
gene  1 1 14 0.7964667510362544 0 182.0 0.7964667510362544 1
gene  1 2 14 1.5617809136550616 0 183.0 1.5617809136550616 1
gene  1 5 14 -1.760190187555394 0 186.0 -1.760190187555394 1
gene  1 6 14 1.5157541873397897 0 187.0 1.5157541873397897 1
gene  1 7 14 1.8885863400107183 0 188.0 1.8885863400107183 1
gene  1 13 14 1.540234261830556 0 194.0 1.540234261830556 1
gene  1 14 14 -1.9553747671111137 1 195.0 -1.9553747671111137 1
gene  1 4 14 0.19613518710047595 0 196.0 0.19613518710047595 1
gene  1 1 13 2.503769624873912 0 216.0 2.503769624873912 1
genomeend 3
genomestart  4
trait 1 0.7171367072362632 0.5885108907393293 0.0 0.0 0.0 0.8252480027595169 0.0 0.0 
node 1 1 1 1
node 2 1 1 1
node 3 1 1 1
node 4 1 1 1
node 5 1 1 1
node 6 1 1 1
node 7 1 1 3
node 13 1 0 2
node 14 1 0 2
gene  1 2 13 1.977132872222116 0 169.0 1.977132872222116 1
gene  1 3 13 -6.089375548525041 0 170.0 -6.089375548525041 1
gene  1 4 13 3.651820168061879 0 171.0 3.651820168061879 1
gene  1 6 13 5.69814800292084 0 173.0 5.69814800292084 1
gene  1 7 13 4.640956088469288 0 174.0 4.640956088469288 1
gene  1 13 13 -0.2416113519106527 1 180.0 -0.2416113519106527 1
gene  1 1 14 -5.35838263442431 0 182.0 -5.35838263442431 1
gene  1 2 14 -0.2710054325460649 0 183.0 -0.2710054325460649 1
gene  1 5 14 0.6408108032609272 0 186.0 0.6408108032609272 1
gene  1 6 14 3.3893147933926233 0 187.0 3.3893147933926233 1
gene  1 7 14 -2.1131411081797102 0 188.0 -2.1131411081797102 1
gene  1 13 14 5.056596689930776 0 194.0 5.056596689930776 1
gene  1 14 14 -1.3481114465194175 1 195.0 -1.3481114465194175 1
gene  1 4 14 2.033981271807866 0 196.0 2.033981271807866 1
gene  1 1 13 2.70654308626167 0 216.0 2.70654308626167 1
genomeend 4
genomestart  5
trait 1 0.12933280474767544 0.29425544536966464 0.08853489118479813 0.07766507438443143 0.0 0.41262400137975846 0.0 0.0 
node 1 1 1 1
node 2 1 1 1
node 3 1 1 1
node 4 1 1 1
node 5 1 1 1
node 6 1 1 1
node 7 1 1 3
node 13 1 0 2
node 14 1 0 2
gene  1 1 13 -0.5423843320257122 0 168.0 -0.5423843320257122 1
gene  1 4 13 1.4314712126541629 0 171.0 1.4314712126541629 1
gene  1 5 13 -1.6490528376092568 0 172.0 -1.6490528376092568 1
gene  1 7 13 2.3764326402892753 0 174.0 2.3764326402892753 1
gene  1 13 13 -0.9886532568249566 1 180.0 -0.9886532568249566 1
gene  1 2 14 0.7776530691838865 0 183.0 0.7776530691838865 1
gene  1 3 14 0.39454611838640696 0 184.0 0.39454611838640696 1
gene  1 6 14 2.2636469276630784 0 187.0 2.2636469276630784 1
gene  1 13 14 2.798665047711482 0 194.0 2.798665047711482 1
gene  1 14 14 -0.3318414253066422 1 195.0 -0.3318414253066422 1
gene  1 6 13 -1.41754149511716 0 205.0 -1.41754149511716 1
gene  1 5 14 -3.616212619951078 0 223.0 -3.616212619951078 1
gene  1 3 13 3.275849950699169 0 229.0 3.275849950699169 1
genomeend 5
genomestart  6
trait 1 1.0490503876793729 0.03166108780081611 0.0 0.8800951238994141 0.919598732340333 0.055111220103936875 0.36131295212581005 0.0 
node 1 1 1 1
node 2 1 1 1
node 3 1 1 1
node 4 1 1 1
node 5 1 1 1
node 6 1 1 1
node 7 1 1 3
node 8 1 0 0
node 13 1 0 2
node 14 1 0 2
gene  1 1 8 -2.495816864418498 0 98.0 -2.495816864418498 1
gene  1 2 8 -1.9467636235734473 0 99.0 -1.9467636235734473 1
gene  1 3 8 -2.0373393605330987 0 100.0 -2.0373393605330987 1
gene  1 4 8 5.595147530622235 0 101.0 5.595147530622235 1
gene  1 5 8 -1.005273152056509 0 102.0 -1.005273152056509 1
gene  1 6 8 0.2752617684952474 0 103.0 0.2752617684952474 1
gene  1 8 8 0.41371139014035874 1 105.0 0.41371139014035874 1
gene  1 13 8 0.29298181144724467 1 110.0 0.29298181144724467 1
gene  1 14 8 1.8427989376611564 1 111.0 1.8427989376611564 1
gene  1 3 13 0.11776465017014304 0 170.0 0.11776465017014304 1
gene  1 5 13 -2.102529412908472 0 172.0 -2.102529412908472 1
gene  1 7 13 -1.5794585176139058 0 174.0 -1.5794585176139058 1
gene  1 13 13 -2.52844156137473 1 180.0 -2.52844156137473 1
gene  1 2 14 2.150533953001496 0 183.0 2.150533953001496 1
gene  1 4 14 -0.9107184890532953 0 185.0 -0.9107184890532953 1
gene  1 6 14 0.14381520915897328 0 187.0 0.14381520915897328 1
gene  1 8 14 1.3872119700032595 0 189.0 1.3872119700032595 1
gene  1 13 14 4.820865143784183 0 194.0 4.820865143784183 1
gene  1 2 13 -0.8840737223596202 0 213.0 -0.8840737223596202 1
gene  1 4 13 9.552106245959651 0 230.0 9.552106245959651 1
genomeend 6
genomestart  7
trait 1 1.0490503876793729 0.03166108780081611 0.0 0.8800951238994141 0.919598732340333 0.055111220103936875 0.36131295212581005 0.0 
node 1 1 1 1
node 2 1 1 1
node 3 1 1 1
node 4 1 1 1
node 5 1 1 1
node 6 1 1 1
node 7 1 1 3
node 8 1 0 0
node 13 1 0 2
node 14 1 0 2
gene  1 1 8 -4.7880779868647725 0 98.0 -4.7880779868647725 1
gene  1 2 8 -1.0469146336132347 0 99.0 -1.0469146336132347 1
gene  1 3 8 -4.360284114519519 0 100.0 -4.360284114519519 1
gene  1 4 8 3.270263131727523 0 101.0 3.270263131727523 1
gene  1 5 8 -1.8782856686551286 0 102.0 -1.8782856686551286 1
gene  1 6 8 1.80256915187626 0 103.0 1.80256915187626 1
gene  1 8 8 -0.6806373623241478 1 105.0 -0.6806373623241478 1
gene  1 13 8 -1.5733067926470432 1 110.0 -1.5733067926470432 1
gene  1 14 8 -0.5736136036321358 1 111.0 -0.5736136036321358 1
gene  1 3 13 0.24500242072049133 0 170.0 0.24500242072049133 1
gene  1 5 13 -2.1220012632854015 0 172.0 -2.1220012632854015 1
gene  1 7 13 0.6894729627679843 0 174.0 0.6894729627679843 1
gene  1 13 13 -1.3616467111889774 1 180.0 -1.3616467111889774 1
gene  1 2 14 0.23259752049112503 0 183.0 0.23259752049112503 1
gene  1 4 14 -2.4050609355451895 0 185.0 -2.4050609355451895 1
gene  1 6 14 -0.683503477726036 0 187.0 -0.683503477726036 1
gene  1 8 14 2.010706115349464 0 189.0 2.010706115349464 1
gene  1 13 14 5.794362400487457 0 194.0 5.794362400487457 1
gene  1 2 13 -0.7778661712908892 0 213.0 -0.7778661712908892 1
genomeend 7
genomestart  8
trait 1 0.2900974490306444 0.02358956489045949 0.7383932761356284 0.0 0.5409680900513173 0.0 0.0 0.0 
node 1 1 1 1
node 2 1 1 1
node 3 1 1 1
node 4 1 1 1
node 5 1 1 1
node 6 1 1 1
node 7 1 1 3
node 8 1 0 0
node 9 1 0 0
node 10 1 0 0
node 13 1 0 2
node 14 1 0 2
gene  1 1 8 2.267585623456592 0 98.0 2.267585623456592 1
gene  1 3 8 -3.831106969795922 0 100.0 -3.831106969795922 1
gene  1 5 8 -9.148484015127377 0 102.0 -9.148484015127377 1
gene  1 6 8 1.0691237785021086 0 103.0 1.0691237785021086 1
gene  1 8 8 6.181170694606226 1 105.0 6.181170694606226 1
gene  1 1 9 0.9946077111544511 0 112.0 0.9946077111544511 1
gene  1 2 9 -0.8484438674416963 0 113.0 -0.8484438674416963 1
gene  1 3 9 1.5988582811127416 0 114.0 1.5988582811127416 1
gene  1 5 9 -1.2579895436925328 0 116.0 -1.2579895436925328 1
gene  1 7 9 3.451090522990476 0 118.0 3.451090522990476 1
gene  1 9 9 -2.5272959797431973 1 120.0 -2.5272959797431973 1
gene  1 10 9 -8.969961372399812 1 121.0 -8.969961372399812 1
gene  1 13 9 3.0953716715255415 1 124.0 3.0953716715255415 1
gene  1 2 10 1.7433851335155772 0 127.0 1.7433851335155772 1
gene  1 4 10 1.1683758544869736 0 129.0 1.1683758544869736 1
gene  1 5 10 -2.291849331384076 0 130.0 -2.291849331384076 1
gene  1 8 10 4.9636011827563795 0 133.0 4.9636011827563795 1
gene  1 9 10 1.8117307193721008 0 134.0 1.8117307193721008 1
gene  1 10 10 2.295648973459488 1 135.0 2.295648973459488 1
gene  1 13 10 -7.761503751882537 1 138.0 -7.761503751882537 1
gene  1 14 10 -1.9052719447889983 1 139.0 -1.9052719447889983 1
gene  1 2 13 11.114967011000285 0 169.0 11.114967011000285 1
gene  1 3 13 2.9641451466883795 0 170.0 2.9641451466883795 1
gene  1 6 13 -0.31353816777770077 0 173.0 -0.31353816777770077 1
gene  1 7 13 0.549835963773355 0 174.0 0.549835963773355 1
gene  1 9 13 3.400431148488059 0 176.0 3.400431148488059 1
gene  1 13 13 -1.1566165147689766 1 180.0 -1.1566165147689766 1
gene  1 14 13 -2.520335615585661 1 181.0 -2.520335615585661 1
gene  1 1 14 -5.852142104135272 0 182.0 -5.852142104135272 1
gene  1 3 14 2.2795882024000678 0 184.0 2.2795882024000678 1
gene  1 9 14 3.6667620957720497 0 190.0 3.6667620957720497 1
gene  1 10 14 2.7576775250709415 0 191.0 2.7576775250709415 1
gene  1 8 13 -0.5687492819158744 0 207.0 -0.5687492819158744 1
gene  1 1 10 0.8929688605133881 0 226.0 0.8929688605133881 1
genomeend 8
genomestart  9
trait 1 0.30953570504356986 0.0 0.01179544772583263 0.0 0.8254741105461121 0.0 0.0 0.0 
node 1 1 1 1
node 2 1 1 1
node 3 1 1 1
node 4 1 1 1
node 5 1 1 1
node 6 1 1 1
node 7 1 1 3
node 8 1 0 0
node 9 1 0 0
node 10 1 0 0
node 13 1 0 2
node 14 1 0 2
gene  1 1 8 -2.364998011021041 0 98.0 -2.364998011021041 1
gene  1 3 8 -3.831106969795922 0 100.0 -3.831106969795922 1
gene  1 5 8 -8.619295630243965 0 102.0 -8.619295630243965 1
gene  1 6 8 -1.1964814333217435 0 103.0 -1.1964814333217435 1
gene  1 8 8 4.812287368334589 1 105.0 4.812287368334589 1
gene  1 1 9 0.9384344329031631 0 112.0 0.9384344329031631 1
gene  1 2 9 0.8848300388786194 0 113.0 0.8848300388786194 1
gene  1 3 9 -4.906816350062742 0 114.0 -4.906816350062742 1
gene  1 5 9 -0.030989242710521392 0 116.0 -0.030989242710521392 1
gene  1 7 9 4.8663662362144775 0 118.0 4.8663662362144775 1
gene  1 9 9 -0.7122900403272414 1 120.0 -0.7122900403272414 1
gene  1 10 9 -6.88681919988065 1 121.0 -6.88681919988065 1
gene  1 13 9 4.637187375796508 1 124.0 4.637187375796508 1
gene  1 2 10 1.113687582379168 0 127.0 1.113687582379168 1
gene  1 4 10 1.4515976557335264 0 129.0 1.4515976557335264 1
gene  1 5 10 -2.680804390724264 0 130.0 -2.680804390724264 1
gene  1 8 10 3.653200517584029 0 133.0 3.653200517584029 1
gene  1 9 10 4.800302745120197 0 134.0 4.800302745120197 1
gene  1 10 10 3.3517657681658504 1 135.0 3.3517657681658504 1
gene  1 13 10 -6.079344167363732 1 138.0 -6.079344167363732 1
gene  1 14 10 -1.7226539726655639 1 139.0 -1.7226539726655639 1
gene  1 2 13 11.954897758835648 0 169.0 11.954897758835648 1
gene  1 3 13 3.7035493065149265 0 170.0 3.7035493065149265 1
gene  1 6 13 -2.865122540882208 0 173.0 -2.865122540882208 1
gene  1 7 13 5.674323747061042 0 174.0 5.674323747061042 1
gene  1 9 13 5.577766880376469 0 176.0 5.577766880376469 1
gene  1 13 13 -1.1758421677796624 1 180.0 -1.1758421677796624 1
gene  1 14 13 -3.5633198024593575 1 181.0 -3.5633198024593575 1
gene  1 1 14 -5.861704313516534 0 182.0 -5.861704313516534 1
gene  1 3 14 2.2795882024000678 0 184.0 2.2795882024000678 1
gene  1 9 14 4.236325873956531 0 190.0 4.236325873956531 1
gene  1 10 14 1.2039293868926983 0 191.0 1.2039293868926983 1
gene  1 8 13 -0.573635272922487 0 207.0 -0.573635272922487 1
gene  1 1 10 -6.723243683223158 0 226.0 -6.723243683223158 1
genomeend 9
genomestart  10
trait 1 0.0 0.21752476535502496 0.0 0.0 0.3565870268080499 0.0 0.0 0.0 
node 1 1 1 1
node 2 1 1 1
node 3 1 1 1
node 4 1 1 1
node 5 1 1 1
node 6 1 1 1
node 7 1 1 3
node 8 1 0 0
node 13 1 0 2
node 14 1 0 2
gene  1 1 8 4.723976162169998 0 98.0 4.723976162169998 1
gene  1 3 8 0.4623572850840641 0 100.0 0.4623572850840641 1
gene  1 4 8 -1.8696831058447294 0 101.0 -1.8696831058447294 1
gene  1 5 8 -4.9249956104199235 0 102.0 -4.9249956104199235 1
gene  1 6 8 0.2596804072447749 0 103.0 0.2596804072447749 1
gene  1 8 8 -4.708575783984669 1 105.0 -4.708575783984669 1
gene  1 1 13 -3.5293348782310012 0 168.0 -3.5293348782310012 1
gene  1 5 13 1.0215024630483756 0 172.0 1.0215024630483756 1
gene  1 13 13 -4.950846816190853 1 180.0 -4.950846816190853 1
gene  1 14 13 0.11176087780907207 1 181.0 0.11176087780907207 1
gene  1 2 14 5.2537605638725E-4 0 183.0 5.2537605638725E-4 1
gene  1 3 14 -1.9525616021587187 0 184.0 -1.9525616021587187 1
gene  1 5 14 2.435408335224092 0 186.0 2.435408335224092 1
gene  1 7 14 3.477744405811433 0 188.0 3.477744405811433 1
gene  1 8 14 -1.9681084513384866 0 189.0 -1.9681084513384866 1
gene  1 13 14 -1.1532702112024935 0 194.0 -1.1532702112024935 1
genomeend 10
genomestart  11
trait 1 0.0 0.21752476535502496 0.0 0.0 0.3565870268080499 0.0 0.0 0.0 
node 1 1 1 1
node 2 1 1 1
node 3 1 1 1
node 4 1 1 1
node 5 1 1 1
node 6 1 1 1
node 7 1 1 3
node 8 1 0 0
node 13 1 0 2
node 14 1 0 2
gene  1 1 8 7.871453697543855 0 98.0 7.871453697543855 1
gene  1 3 8 0.06515086726623576 0 100.0 0.06515086726623576 1
gene  1 4 8 0.7266532368115803 0 101.0 0.7266532368115803 1
gene  1 5 8 -4.868817035562318 0 102.0 -4.868817035562318 1
gene  1 6 8 -1.4043468350735464 0 103.0 -1.4043468350735464 1
gene  1 8 8 -1.281765104587462 1 105.0 -1.281765104587462 1
gene  1 1 13 -3.7943375444389886 0 168.0 -3.7943375444389886 1
gene  1 5 13 1.014907947250284 0 172.0 1.014907947250284 1
gene  1 13 13 -3.4677443436817224 1 180.0 -3.4677443436817224 1
gene  1 14 13 3.0087121229662985 1 181.0 3.0087121229662985 1
gene  1 2 14 1.6262313830492123 0 183.0 1.6262313830492123 1
gene  1 3 14 1.4676886446591935 0 184.0 1.4676886446591935 1
gene  1 5 14 2.1143262779145173 0 186.0 2.1143262779145173 1
gene  1 7 14 6.675910475110543 0 188.0 6.675910475110543 1
gene  1 8 14 -2.597310544976261 0 189.0 -2.597310544976261 1
gene  1 13 14 -2.573421234392189 0 194.0 -2.573421234392189 1
genomeend 11
genomestart  12
trait 1 0.0 0.0 0.0 0.0 0.0 0.0 0.0 0.0 
node 1 1 1 1
node 2 1 1 1
node 3 1 1 1
node 4 1 1 1
node 5 1 1 1
node 6 1 1 1
node 7 1 1 3
node 13 1 0 2
node 14 1 0 2
gene  1 1 13 2.120057006999506 0 168.0 2.120057006999506 1
gene  1 2 13 3.2400344278984807 0 169.0 3.2400344278984807 1
gene  1 3 13 -5.963006727071233 0 170.0 -5.963006727071233 1
gene  1 4 13 -0.5830945341773066 0 171.0 -0.5830945341773066 1
gene  1 5 13 -1.6694461711250246 0 172.0 -1.6694461711250246 1
gene  1 6 13 -2.4924434716370936 0 173.0 -2.4924434716370936 1
gene  1 7 13 0.5548422669366826 0 174.0 0.5548422669366826 1
gene  1 14 13 1.9690894566338373 1 181.0 1.9690894566338373 1
gene  1 1 14 12.969144901227288 0 182.0 12.969144901227288 1
gene  1 2 14 2.944078965439003 0 183.0 2.944078965439003 1
gene  1 3 14 4.139287379760055 0 184.0 4.139287379760055 1
gene  1 13 14 2.632241323585566 0 194.0 2.632241323585566 1
gene  1 14 14 -0.9430677194966502 1 195.0 -0.9430677194966502 1
genomeend 12
genomestart  13
trait 1 0.2032234050104359 0.0 0.0 0.0 0.4092548331044268 0.0 0.5384463152040307 0.0 
node 1 1 1 1
node 2 1 1 1
node 3 1 1 1
node 4 1 1 1
node 5 1 1 1
node 6 1 1 1
node 7 1 1 3
node 8 1 0 0
node 9 1 0 0
node 13 1 0 2
node 14 1 0 2
node 20 1 0 0
gene  1 1 8 0.3025839250652186 0 98.0 0.3025839250652186 1
gene  1 2 8 -1.4084594850385976 0 99.0 -1.4084594850385976 1
gene  1 3 8 2.031441148038111 0 100.0 2.031441148038111 1
gene  1 6 8 -5.376678203739464 0 103.0 -5.376678203739464 1
gene  1 8 8 4.0838246658217 1 105.0 4.0838246658217 1
gene  1 9 8 3.0096523803021986 1 106.0 3.0096523803021986 1
gene  1 13 8 -0.5733674283658929 1 110.0 -0.5733674283658929 1
gene  1 14 8 -2.4149227874608368 1 111.0 -2.4149227874608368 1
gene  1 1 9 -1.210615541757905 0 112.0 -1.210615541757905 1
gene  1 4 9 1.0526184643959757 0 115.0 1.0526184643959757 1
gene  1 5 9 1.8568356247081108 0 116.0 1.8568356247081108 1
gene  1 7 9 2.5020376479641775 0 118.0 2.5020376479641775 1
gene  1 9 9 -1.900552543166274 1 120.0 -1.900552543166274 1
gene  1 14 9 -1.870672638145623 1 125.0 -1.870672638145623 1
gene  1 2 13 -1.182349519625416 0 169.0 -1.182349519625416 1
gene  1 5 13 -2.5036779928255237 0 172.0 -2.5036779928255237 1
gene  1 8 13 0.35252908998888643 0 175.0 0.35252908998888643 1
gene  1 1 14 -0.6170309084459005 0 182.0 -0.6170309084459005 0
gene  1 2 14 10.214140815049946 0 183.0 10.214140815049946 1
gene  1 3 14 -6.0181490456464894 0 184.0 -6.0181490456464894 1
gene  1 6 14 0.6385715688779869 0 187.0 0.6385715688779869 1
gene  1 13 14 3.644232029297056 0 194.0 3.644232029297056 1
gene  1 14 14 -4.192381480544518 1 195.0 -4.192381480544518 1
gene  1 5 8 1.2829873296169256 0 202.0 1.2829873296169256 1
gene  1 4 13 -2.419895700019882 0 220.0 -2.419895700019882 1
gene  1 1 20 1.0 0 231.0 0.0 1
gene  1 20 14 -0.6170309084459005 0 232.0 0.0 1
genomeend 13
genomestart  14
trait 1 0.2032234050104359 0.0 0.0 0.0 0.4092548331044268 0.0 0.5384463152040307 0.0 
node 1 1 1 1
node 2 1 1 1
node 3 1 1 1
node 4 1 1 1
node 5 1 1 1
node 6 1 1 1
node 7 1 1 3
node 8 1 0 0
node 9 1 0 0
node 13 1 0 2
node 14 1 0 2
gene  1 1 8 -0.833569079075582 0 98.0 -0.833569079075582 1
gene  1 2 8 0.455103775876476 0 99.0 0.455103775876476 1
gene  1 3 8 2.432370476715472 0 100.0 2.432370476715472 1
gene  1 6 8 -6.377552447871114 0 103.0 -6.377552447871114 1
gene  1 8 8 2.8575474980568076 1 105.0 2.8575474980568076 1
gene  1 9 8 2.3624545117732083 1 106.0 2.3624545117732083 1
gene  1 13 8 1.844808936450992 1 110.0 1.844808936450992 1
gene  1 14 8 -0.8613207340484836 1 111.0 -0.8613207340484836 1
gene  1 1 9 -1.9822943094585606 0 112.0 -1.9822943094585606 1
gene  1 4 9 1.0620192155409631 0 115.0 1.0620192155409631 1
gene  1 5 9 0.5115661338366964 0 116.0 0.5115661338366964 1
gene  1 7 9 4.314720950406569 0 118.0 4.314720950406569 1
gene  1 9 9 0.5119261731142539 1 120.0 0.5119261731142539 1
gene  1 14 9 -3.437448405238112 1 125.0 -3.437448405238112 1
gene  1 2 13 -0.30655298823366683 0 169.0 -0.30655298823366683 1
gene  1 5 13 -2.905670992427211 0 172.0 -2.905670992427211 1
gene  1 8 13 -1.1727279797739776 0 175.0 -1.1727279797739776 1
gene  1 1 14 -2.357933511658207 0 182.0 -2.357933511658207 1
gene  1 2 14 11.887015235505723 0 183.0 11.887015235505723 1
gene  1 3 14 -8.100351602279481 0 184.0 -8.100351602279481 1
gene  1 6 14 1.7577685664686826 0 187.0 1.7577685664686826 1
gene  1 13 14 1.1598086770255742 0 194.0 1.1598086770255742 1
gene  1 14 14 0.6623279547536676 1 195.0 0.6623279547536676 1
gene  1 5 8 1.9593676541030602 0 202.0 1.9593676541030602 1
gene  1 4 13 -1.9391915098930212 0 220.0 -1.9391915098930212 1
genomeend 14
genomestart  15
trait 1 0.0 0.0 0.37602320177701687 0.0 0.0 0.0 0.0 0.42725376803424764 
node 1 1 1 1
node 2 1 1 1
node 3 1 1 1
node 4 1 1 1
node 5 1 1 1
node 6 1 1 1
node 7 1 1 3
node 13 1 0 2
node 14 1 0 2
node 17 1 0 0
gene  1 1 13 -1.7806233518132442 0 168.0 -1.7806233518132442 1
gene  1 2 13 -2.269315719233888 0 169.0 -2.269315719233888 1
gene  1 3 13 0.42933150868896686 0 170.0 0.42933150868896686 1
gene  1 4 13 0.7207314300990473 0 171.0 0.7207314300990473 1
gene  1 5 13 4.148372621914396 0 172.0 4.148372621914396 1
gene  1 6 13 -1.761713095183664 0 173.0 -1.761713095183664 1
gene  1 13 13 6.461063467874699 1 180.0 6.461063467874699 1
gene  1 14 13 1.705460883764352 1 181.0 1.705460883764352 1
gene  1 1 14 -3.812878946865109 0 182.0 -3.812878946865109 1
gene  1 4 14 -1.2111302876985621 0 185.0 -1.2111302876985621 1
gene  1 7 14 1.3909229348780048 0 188.0 1.3909229348780048 1
gene  1 2 14 1.5068164107603683 0 198.0 1.5068164107603683 1
gene  1 1 17 4.594368254431915 0 210.0 4.594368254431915 1
gene  1 17 13 0.7968648951164594 0 211.0 0.7968648951164594 1
gene  1 14 17 -8.193446203201121 0 214.0 -8.193446203201121 1
gene  1 6 17 5.802511132009857 0 215.0 5.802511132009857 1
genomeend 15
genomestart  16
trait 1 0.0 0.0 0.37602320177701687 0.0 0.0 0.0 0.0 0.42725376803424764 
node 1 1 1 1
node 2 1 1 1
node 3 1 1 1
node 4 1 1 1
node 5 1 1 1
node 6 1 1 1
node 7 1 1 3
node 13 1 0 2
node 14 1 0 2
node 17 1 0 0
gene  1 1 13 -0.2604340857943568 0 168.0 -0.2604340857943568 1
gene  1 2 13 0.1241553334541714 0 169.0 0.1241553334541714 1
gene  1 3 13 -1.2476783266598728 0 170.0 -1.2476783266598728 1
gene  1 4 13 -0.7916901401993874 0 171.0 -0.7916901401993874 1
gene  1 5 13 2.0393740581153 0 172.0 2.0393740581153 1
gene  1 6 13 -1.761713095183664 0 173.0 -1.761713095183664 1
gene  1 13 13 4.215117174620907 1 180.0 4.215117174620907 1
gene  1 14 13 -0.1901442221090488 1 181.0 -0.1901442221090488 1
gene  1 1 14 -1.9700502361325387 0 182.0 -1.9700502361325387 1
gene  1 4 14 0.5732122783309159 0 185.0 0.5732122783309159 1
gene  1 7 14 2.0996994461130365 0 188.0 2.0996994461130365 1
gene  1 2 14 -0.704153268482713 0 198.0 -0.704153268482713 1
gene  1 1 17 5.878518396427985 0 210.0 5.878518396427985 1
gene  1 17 13 -0.4191771302112106 0 211.0 -0.4191771302112106 1
gene  1 14 17 -8.315402059648713 0 214.0 -8.315402059648713 1
gene  1 6 17 7.6421771474557545 0 215.0 7.6421771474557545 1
genomeend 16
genomestart  17
trait 1 0.0 0.0 0.0 0.0 0.0 0.0 0.0 0.0 
node 1 1 1 1
node 2 1 1 1
node 3 1 1 1
node 4 1 1 1
node 5 1 1 1
node 6 1 1 1
node 7 1 1 3
node 8 1 0 0
node 13 1 0 2
node 14 1 0 2
gene  1 4 8 0.20968126087280436 0 101.0 0.20968126087280436 1
gene  1 5 8 1.843098201967305 0 102.0 1.843098201967305 1
gene  1 6 8 -0.982368532933699 0 103.0 -0.982368532933699 1
gene  1 14 8 -0.019394651784320482 1 111.0 -0.019394651784320482 1
gene  1 1 13 0.5243640350937285 0 168.0 0.5243640350937285 1
gene  1 2 13 2.4090427357630304 0 169.0 2.4090427357630304 1
gene  1 3 13 3.4098566853685988 0 170.0 3.4098566853685988 1
gene  1 5 13 3.147503525937598 0 172.0 3.147503525937598 1
gene  1 7 13 4.7211035280922395 0 174.0 4.7211035280922395 1
gene  1 14 13 1.2278405664472065 1 181.0 1.2278405664472065 1
gene  1 1 14 -3.965564394682921 0 182.0 -3.965564394682921 1
gene  1 2 14 -6.07437116914617 0 183.0 -6.07437116914617 1
gene  1 3 14 -2.161510003385305 0 184.0 -2.161510003385305 1
gene  1 4 14 -0.13024255068481072 0 185.0 -0.13024255068481072 1
gene  1 8 14 1.612413524436079 0 189.0 1.612413524436079 1
gene  1 14 14 -1.9530427776139 1 195.0 -1.9530427776139 1
gene  1 1 8 -3.9387250508203504 0 225.0 -3.9387250508203504 1
genomeend 17
genomestart  18
trait 1 0.0 0.0 0.0 0.0 0.0 0.0 0.0 0.0 
node 1 1 1 1
node 2 1 1 1
node 3 1 1 1
node 4 1 1 1
node 5 1 1 1
node 6 1 1 1
node 7 1 1 3
node 13 1 0 2
node 14 1 0 2
gene  1 1 13 0.13166070761238347 0 168.0 0.13166070761238347 1
gene  1 2 13 1.371671381784564 0 169.0 1.371671381784564 1
gene  1 5 13 1.3064770747658132 0 172.0 1.3064770747658132 1
gene  1 6 13 0.6530409115758913 0 173.0 0.6530409115758913 1
gene  1 7 13 0.07935699781105066 0 174.0 0.07935699781105066 1
gene  1 3 14 0.7355941470744642 0 184.0 0.7355941470744642 1
gene  1 4 14 4.445157543785547 0 185.0 4.445157543785547 1
gene  1 7 14 -8.109709771485129 0 188.0 -8.109709771485129 1
gene  1 13 14 2.072369811192278 0 194.0 2.072369811192278 1
gene  1 14 14 -1.108353246986241 1 195.0 -1.108353246986241 1
genomeend 18
genomestart  19
trait 1 0.12946202868106615 0.0 0.0 0.0 0.0 0.0 0.4843299786000519 0.0 
node 1 1 1 1
node 2 1 1 1
node 3 1 1 1
node 4 1 1 1
node 5 1 1 1
node 6 1 1 1
node 7 1 1 3
node 13 1 0 2
node 14 1 0 2
gene  1 1 13 0.13166070761238347 0 168.0 0.13166070761238347 1
gene  1 2 13 -0.876761638272574 0 169.0 -0.876761638272574 1
gene  1 5 13 2.2834003685990476 0 172.0 2.2834003685990476 1
gene  1 6 13 0.9679988517780156 0 173.0 0.9679988517780156 1
gene  1 7 13 -2.2642762268198044 0 174.0 -2.2642762268198044 1
gene  1 3 14 0.05786257816412821 0 184.0 0.05786257816412821 1
gene  1 4 14 1.3500948542085132 0 185.0 1.3500948542085132 1
gene  1 7 14 -10.21940479372911 0 188.0 -10.21940479372911 1
gene  1 13 14 1.0959124767511212 0 194.0 1.0959124767511212 1
gene  1 14 14 1.3248433228590417 1 195.0 1.3248433228590417 1
genomeend 19
