genomestart  0
trait 1 1.7151251452115233 1.1629682757719437 0.0 0.0 0.34861870450370325 0.18084195503611378 0.0 0.9093525967191587 
node 1 1 1 1
node 2 1 1 1
node 3 1 1 1
node 4 1 1 1
node 5 1 1 1
node 6 1 1 1
node 7 1 1 3
node 13 1 0 2
node 14 1 0 2
gene  1 1 13 -5.386428002150248 0 168.0 -5.386428002150248 1
gene  1 3 13 3.906537879359102 0 170.0 3.906537879359102 1
gene  1 5 13 2.399939363786423 0 172.0 2.399939363786423 1
gene  1 6 13 -0.1178117895102232 0 173.0 -0.1178117895102232 1
gene  1 14 13 -1.4714002002291084 1 181.0 -1.4714002002291084 1
gene  1 1 14 0.1986814076204897 0 182.0 0.1986814076204897 1
gene  1 2 14 -4.7181938579626355 0 183.0 -4.7181938579626355 1
gene  1 4 14 6.457825337300413 0 185.0 6.457825337300413 1
gene  1 5 14 -1.7889812138078987 0 186.0 -1.7889812138078987 1
gene  1 6 14 -10.180360637437214 0 187.0 -10.180360637437214 1
gene  1 7 14 2.8170719168137435 0 188.0 2.8170719168137435 1
gene  1 13 14 1.733617744684179 0 194.0 1.733617744684179 1
gene  1 14 14 -4.973543342582324 1 195.0 -4.973543342582324 1
gene  1 2 13 -5.209539164380394 0 261.0 -5.209539164380394 1
genomeend 0
genomestart  1
trait 1 0.4195349490326866 0.11996509262718169 0.11196815064335597 0.0 0.0 0.6942297431411419 1.1113032223074408 1.129602463927845 
node 1 1 1 1
node 2 1 1 1
node 3 1 1 1
node 4 1 1 1
node 5 1 1 1
node 6 1 1 1
node 7 1 1 3
node 13 1 0 2
node 14 1 0 2
gene  1 2 13 3.243780639850633 0 169.0 3.243780639850633 1
gene  1 3 13 -13.644281325862746 0 170.0 -13.644281325862746 1
gene  1 4 13 -2.353708739308077 0 171.0 -2.353708739308077 1
gene  1 6 13 1.5984434446185345 0 173.0 1.5984434446185345 1
gene  1 7 13 -4.64039555145852 0 174.0 -4.64039555145852 1
gene  1 13 13 2.414486795690919 1 180.0 2.414486795690919 1
gene  1 1 14 -6.1606814560240135 0 182.0 -6.1606814560240135 1
gene  1 2 14 8.067640694354179 0 183.0 8.067640694354179 1
gene  1 5 14 -0.8399201647133623 0 186.0 -0.8399201647133623 1
gene  1 6 14 3.842355496416302 0 187.0 3.842355496416302 1
gene  1 7 14 4.74254630957184 0 188.0 4.74254630957184 1
gene  1 13 14 -6.467560054932078 0 194.0 -6.467560054932078 1
gene  1 14 14 6.7596159070051165 1 195.0 6.7596159070051165 1
gene  1 4 14 1.5782507464120503 0 196.0 1.5782507464120503 1
gene  1 1 13 -0.4210566273406635 0 216.0 -0.4210566273406635 1
genomeend 1
genomestart  2
trait 1 0.4195349490326866 0.11996509262718169 0.11196815064335597 0.0 0.0 0.6942297431411419 1.1113032223074408 1.129602463927845 
node 1 1 1 1
node 2 1 1 1
node 3 1 1 1
node 4 1 1 1
node 5 1 1 1
node 6 1 1 1
node 7 1 1 3
node 13 1 0 2
node 14 1 0 2
gene  1 2 13 2.1807984997767136 0 169.0 2.1807984997767136 1
gene  1 3 13 -15.490008795983723 0 170.0 -15.490008795983723 1
gene  1 4 13 -0.8696343300456089 0 171.0 -0.8696343300456089 1
gene  1 6 13 -0.20919941917916862 0 173.0 -0.20919941917916862 1
gene  1 7 13 -2.3976963008147405 0 174.0 -2.3976963008147405 1
gene  1 13 13 1.883267880598073 1 180.0 1.883267880598073 1
gene  1 1 14 -4.570759738250896 0 182.0 -4.570759738250896 1
gene  1 2 14 7.615328740797623 0 183.0 7.615328740797623 1
gene  1 5 14 1.3536472202110246 0 186.0 1.3536472202110246 1
gene  1 6 14 5.812663686145269 0 187.0 5.812663686145269 1
gene  1 7 14 2.3165998426236087 0 188.0 2.3165998426236087 1
gene  1 13 14 -7.073110565237556 0 194.0 -7.073110565237556 1
gene  1 14 14 7.056576368890622 1 195.0 7.056576368890622 1
gene  1 4 14 2.6335724022604605 0 196.0 2.6335724022604605 1
gene  1 1 13 -0.4210566273406635 0 216.0 -0.4210566273406635 1
gene  1 3 14 -7.087325242749889 0 290.0 -7.087325242749889 1
genomeend 2
genomestart  3
trait 1 0.4195349490326866 0.11996509262718169 0.11196815064335597 0.0 0.0 0.6942297431411419 1.1113032223074408 1.129602463927845 
node 1 1 1 1
node 2 1 1 1
node 3 1 1 1
node 4 1 1 1
node 5 1 1 1
node 6 1 1 1
node 7 1 1 3
node 13 1 0 2
node 14 1 0 2
gene  1 2 13 2.776113646620573 0 169.0 2.776113646620573 1
gene  1 3 13 1.6026187090704331 0 170.0 1.6026187090704331 1
gene  1 4 13 -1.930793409263801 0 171.0 -1.930793409263801 1
gene  1 6 13 -0.39477309998745963 0 173.0 -0.39477309998745963 1
gene  1 7 13 -0.3556248921610514 0 174.0 -0.3556248921610514 1
gene  1 13 13 -2.362453067229297 1 180.0 -2.362453067229297 1
gene  1 1 14 -3.350738183703325 0 182.0 -3.350738183703325 1
gene  1 2 14 9.430376526894232 0 183.0 9.430376526894232 1
gene  1 5 14 -0.8770378064004136 0 186.0 -0.8770378064004136 1
gene  1 6 14 7.561992963985137 0 187.0 7.561992963985137 1
gene  1 7 14 2.3165998426236087 0 188.0 2.3165998426236087 1
gene  1 13 14 -7.166378499435073 0 194.0 -7.166378499435073 1
gene  1 14 14 0.19221225203124276 1 195.0 0.19221225203124276 1
gene  1 4 14 1.5385679306210227 0 196.0 1.5385679306210227 1
gene  1 1 13 1.332937849203221 0 216.0 1.332937849203221 1
genomeend 3
genomestart  4
trait 1 0.12933280474767544 0.29425544536966464 0.08853489118479813 0.07766507438443143 0.0 0.41262400137975846 0.0 0.0 
node 1 1 1 1
node 2 1 1 1
node 3 1 1 1
node 4 1 1 1
node 5 1 1 1
node 6 1 1 1
node 7 1 1 3
node 13 1 0 2
node 14 1 0 2
node 21 1 0 0
node 24 1 0 0
gene  1 1 13 3.245932659502343 0 168.0 3.245932659502343 0
gene  1 4 13 1.9757977983887027 0 171.0 1.9757977983887027 1
gene  1 5 13 -4.840849327626858 0 172.0 -4.840849327626858 1
gene  1 7 13 -1.3397924783178965 0 174.0 -1.3397924783178965 1
gene  1 13 13 -2.6622409810957857 1 180.0 -2.6622409810957857 1
gene  1 2 14 1.3563509046325495 0 183.0 1.3563509046325495 1
gene  1 3 14 -6.74064032647599 0 184.0 -6.74064032647599 1
gene  1 6 14 1.1922168202719012 0 187.0 1.1922168202719012 1
gene  1 13 14 -4.167813638313316 0 194.0 -4.167813638313316 1
gene  1 14 14 10.472678382162034 1 195.0 10.472678382162034 1
gene  1 6 13 1.026116023718434 0 205.0 1.026116023718434 1
gene  1 5 14 -4.1309431532501 0 223.0 -4.1309431532501 1
gene  1 3 13 13.852853608660633 0 229.0 13.852853608660633 1
gene  1 2 13 5.1784620519871485 0 233.0 5.1784620519871485 1
gene  1 1 21 4.223367921001149 0 238.0 4.223367921001149 1
gene  1 21 13 -4.353068066787569 0 239.0 -4.353068066787569 1
gene  1 5 21 2.6723750084085074 0 253.0 2.6723750084085074 1
gene  1 3 21 -3.180127108541021 0 270.0 -3.180127108541021 1
gene  1 1 24 0.7882509002283964 0 275.0 0.7882509002283964 1
gene  1 24 13 3.517050715878075 0 276.0 3.517050715878075 1
genomeend 4
genomestart  5
trait 1 0.12933280474767544 0.29425544536966464 0.08853489118479813 0.07766507438443143 0.0 0.41262400137975846 0.0 0.0 
node 1 1 1 1
node 2 1 1 1
node 3 1 1 1
node 4 1 1 1
node 5 1 1 1
node 6 1 1 1
node 7 1 1 3
node 13 1 0 2
node 14 1 0 2
node 21 1 0 0
node 24 1 0 0
gene  1 1 13 1.1123032393224346 0 168.0 1.1123032393224346 0
gene  1 4 13 1.1978297033281882 0 171.0 1.1978297033281882 1
gene  1 5 13 -4.899197745462921 0 172.0 -4.899197745462921 1
gene  1 7 13 -1.615866524530147 0 174.0 -1.615866524530147 1
gene  1 13 13 -3.2624499780469316 1 180.0 -3.2624499780469316 1
gene  1 2 14 1.3854557619745749 0 183.0 1.3854557619745749 1
gene  1 3 14 -6.372874420688708 0 184.0 -6.372874420688708 1
gene  1 6 14 0.5020931300904043 0 187.0 0.5020931300904043 1
gene  1 13 14 -4.918566060263981 0 194.0 -4.918566060263981 1
gene  1 14 14 10.978870588269785 1 195.0 10.978870588269785 1
gene  1 6 13 2.096631918946156 0 205.0 2.096631918946156 1
gene  1 5 14 -4.204509208548262 0 223.0 -4.204509208548262 1
gene  1 3 13 12.473423347164715 0 229.0 12.473423347164715 1
gene  1 2 13 5.599127831698002 0 233.0 5.599127831698002 1
gene  1 1 21 3.001915841556548 0 238.0 3.001915841556548 1
gene  1 21 13 -3.6828594225441025 0 239.0 -3.6828594225441025 1
gene  1 5 21 1.0908605124268533 0 253.0 1.0908605124268533 1
gene  1 3 21 -2.1789162879462802 0 270.0 -2.1789162879462802 1
gene  1 1 24 1.0910095167204592 0 275.0 1.0910095167204592 1
gene  1 24 13 4.403262069609082 0 276.0 4.403262069609082 1
genomeend 5
genomestart  6
trait 1 1.3984647206950989 1.1820041572981141 0.9127389028296539 1.2383225027221012 0.8876970332296057 0.0 0.9248899419731411 0.0 
node 1 1 1 1
node 2 1 1 1
node 3 1 1 1
node 4 1 1 1
node 5 1 1 1
node 6 1 1 1
node 7 1 1 3
node 8 1 0 0
node 13 1 0 2
node 14 1 0 2
gene  1 1 8 0.983987586656702 0 98.0 0.983987586656702 1
gene  1 2 8 -1.4181358653180753 0 99.0 -1.4181358653180753 1
gene  1 3 8 -4.2666823952254616 0 100.0 -4.2666823952254616 1
gene  1 4 8 3.3856461378670186 0 101.0 3.3856461378670186 1
gene  1 5 8 -5.128231037833654 0 102.0 -5.128231037833654 1
gene  1 6 8 1.3312921885197477 0 103.0 1.3312921885197477 1
gene  1 8 8 3.561442059706437 1 105.0 3.561442059706437 1
gene  1 13 8 2.2442602705475454 1 110.0 2.2442602705475454 1
gene  1 14 8 1.8791678230836666 1 111.0 1.8791678230836666 1
gene  1 3 13 0.06409857429635346 0 170.0 0.06409857429635346 1
gene  1 5 13 -0.7358349437644622 0 172.0 -0.7358349437644622 1
gene  1 7 13 -1.1840223049236274 0 174.0 -1.1840223049236274 1
gene  1 13 13 -1.0016453419476958 1 180.0 -1.0016453419476958 1
gene  1 2 14 3.6035272966628016 0 183.0 3.6035272966628016 1
gene  1 4 14 -1.840834302846825 0 185.0 -1.840834302846825 1
gene  1 6 14 -2.3482112743416863 0 187.0 -2.3482112743416863 1
gene  1 8 14 -0.8924365329280468 0 189.0 -0.8924365329280468 1
gene  1 13 14 2.0989222818693785 0 194.0 2.0989222818693785 1
gene  1 2 13 -4.126877775132233 0 213.0 -4.126877775132233 1
gene  1 4 13 6.912741521382671 0 230.0 6.912741521382671 1
gene  1 13 8 7.103484471514159 0 244.0 7.103484471514159 1
gene  1 7 14 -2.062968919049539 0 264.0 -2.062968919049539 1
genomeend 6
genomestart  7
trait 1 0.6013816486831691 1.1820041572981141 0.0 1.7517696786279573 1.3947101319955317 0.0 0.02194736910820827 0.0 
node 1 1 1 1
node 2 1 1 1
node 3 1 1 1
node 4 1 1 1
node 5 1 1 1
node 6 1 1 1
node 7 1 1 3
node 8 1 0 0
node 13 1 0 2
node 14 1 0 2
gene  1 1 8 2.7056054060005668 0 98.0 2.7056054060005668 1
gene  1 2 8 1.59348513242086 0 99.0 1.59348513242086 1
gene  1 3 8 -2.1082704466817903 0 100.0 -2.1082704466817903 1
gene  1 4 8 3.503704474824328 0 101.0 3.503704474824328 1
gene  1 5 8 -4.353717916782129 0 102.0 -4.353717916782129 1
gene  1 6 8 -3.946756055800863 0 103.0 -3.946756055800863 1
gene  1 8 8 3.7197481116370765 1 105.0 3.7197481116370765 1
gene  1 13 8 1.135636543733824 1 110.0 1.135636543733824 1
gene  1 14 8 1.5480134164928865 1 111.0 1.5480134164928865 1
gene  1 3 13 -3.4056929679646335 0 170.0 -3.4056929679646335 1
gene  1 5 13 -1.9535947949569747 0 172.0 -1.9535947949569747 1
gene  1 7 13 0.32490788919246505 0 174.0 0.32490788919246505 1
gene  1 13 13 2.1118447405132903 1 180.0 2.1118447405132903 1
gene  1 2 14 3.6035272966628016 0 183.0 3.6035272966628016 1
gene  1 4 14 -4.263235549922766 0 185.0 -4.263235549922766 1
gene  1 6 14 -2.603468117938614 0 187.0 -2.603468117938614 1
gene  1 8 14 0.387814726647433 0 189.0 0.387814726647433 1
gene  1 13 14 0.9310429234383207 0 194.0 0.9310429234383207 1
gene  1 2 13 -5.431882054656448 0 213.0 -5.431882054656448 1
gene  1 4 13 6.801394228451949 0 230.0 6.801394228451949 1
gene  1 13 8 5.06516443754351 0 244.0 5.06516443754351 1
gene  1 7 14 -0.5810863882207837 0 264.0 -0.5810863882207837 1
gene  1 1 14 9.528972165795382 0 292.0 9.528972165795382 1
genomeend 7
genomestart  8
trait 1 1.3449282699683267 0.0 0.6715679179718652 0.876858839596525 1.5174143118965362 0.3493210991972051 0.4130893652942357 0.0 
node 1 1 1 1
node 2 1 1 1
node 3 1 1 1
node 4 1 1 1
node 5 1 1 1
node 6 1 1 1
node 7 1 1 3
node 8 1 0 0
node 9 1 0 0
node 10 1 0 0
node 13 1 0 2
node 14 1 0 2
gene  1 1 8 0.8028005952428363 0 98.0 0.8028005952428363 1
gene  1 3 8 2.364049668524066 0 100.0 2.364049668524066 1
gene  1 5 8 4.075020769102397 0 102.0 4.075020769102397 1
gene  1 6 8 0.6044544963135989 0 103.0 0.6044544963135989 1
gene  1 8 8 5.634207946300002 1 105.0 5.634207946300002 1
gene  1 1 9 4.6981999468727 0 112.0 4.6981999468727 1
gene  1 2 9 -4.222599622664867 0 113.0 -4.222599622664867 1
gene  1 3 9 -1.6631391586451214 0 114.0 -1.6631391586451214 1
gene  1 5 9 1.8226590053623948 0 116.0 1.8226590053623948 1
gene  1 7 9 1.10687258225715 0 118.0 1.10687258225715 1
gene  1 9 9 -1.8077794092299426 1 120.0 -1.8077794092299426 1
gene  1 10 9 -4.249054234065166 1 121.0 -4.249054234065166 1
gene  1 13 9 8.4733609354651 1 124.0 8.4733609354651 1
gene  1 2 10 2.3774132526735396 0 127.0 2.3774132526735396 1
gene  1 4 10 -1.7412601625962532 0 129.0 -1.7412601625962532 1
gene  1 5 10 -2.119578313830917 0 130.0 -2.119578313830917 1
gene  1 8 10 0.7491345994360321 0 133.0 0.7491345994360321 1
gene  1 9 10 -2.166462732989107 0 134.0 -2.166462732989107 1
gene  1 10 10 0.5558516577725594 1 135.0 0.5558516577725594 1
gene  1 13 10 1.1252769679998813 1 138.0 1.1252769679998813 1
gene  1 14 10 -0.32712138737741764 1 139.0 -0.32712138737741764 1
gene  1 2 13 1.5747676123140029 0 169.0 1.5747676123140029 1
gene  1 3 13 -6.708166332204108 0 170.0 -6.708166332204108 1
gene  1 6 13 -1.6523985277221964 0 173.0 -1.6523985277221964 1
gene  1 7 13 0.7629128362816816 0 174.0 0.7629128362816816 1
gene  1 9 13 -2.1151984635338508 0 176.0 -2.1151984635338508 1
gene  1 13 13 -0.3685837053321057 1 180.0 -0.3685837053321057 1
gene  1 14 13 -4.318245501259462 1 181.0 -4.318245501259462 1
gene  1 1 14 0.19631873914083542 0 182.0 0.19631873914083542 1
gene  1 3 14 2.3791334446328203 0 184.0 2.3791334446328203 1
gene  1 9 14 -4.055043493008639 0 190.0 -4.055043493008639 1
gene  1 10 14 -3.2576723010820414 0 191.0 -3.2576723010820414 1
gene  1 8 13 -6.825400210306681 0 207.0 -6.825400210306681 1
gene  1 1 10 7.156685918579364 0 226.0 7.156685918579364 1
gene  1 6 14 -1.6814356350975825 0 234.0 -1.6814356350975825 1
genomeend 8
genomestart  9
trait 1 1.3449282699683267 0.0 0.6715679179718652 0.876858839596525 1.5174143118965362 0.3493210991972051 0.4130893652942357 0.0 
node 1 1 1 1
node 2 1 1 1
node 3 1 1 1
node 4 1 1 1
node 5 1 1 1
node 6 1 1 1
node 7 1 1 3
node 8 1 0 0
node 9 1 0 0
node 10 1 0 0
node 13 1 0 2
node 14 1 0 2
node 28 1 0 0
gene  1 1 8 -2.726673628949253 0 98.0 -2.726673628949253 1
gene  1 3 8 1.6842111271292997 0 100.0 1.6842111271292997 1
gene  1 5 8 4.075020769102397 0 102.0 4.075020769102397 1
gene  1 6 8 3.8257269463386447 0 103.0 3.8257269463386447 1
gene  1 8 8 3.1423169533808926 1 105.0 3.1423169533808926 0
gene  1 1 9 4.604197170902232 0 112.0 4.604197170902232 1
gene  1 2 9 -5.567229999669011 0 113.0 -5.567229999669011 1
gene  1 3 9 -2.2210044777481484 0 114.0 -2.2210044777481484 1
gene  1 5 9 2.452690018151201 0 116.0 2.452690018151201 1
gene  1 7 9 -0.009994814256543416 0 118.0 -0.009994814256543416 1
gene  1 9 9 -1.8077794092299426 1 120.0 -1.8077794092299426 1
gene  1 10 9 -2.0274164768581446 1 121.0 -2.0274164768581446 1
gene  1 13 9 6.479340263480978 1 124.0 6.479340263480978 1
gene  1 2 10 2.1238595898413326 0 127.0 2.1238595898413326 1
gene  1 4 10 -3.3225640589861882 0 129.0 -3.3225640589861882 1
gene  1 5 10 -3.6098444446584694 0 130.0 -3.6098444446584694 1
gene  1 8 10 0.7491345994360321 0 133.0 0.7491345994360321 1
gene  1 9 10 -1.2548686178230777 0 134.0 -1.2548686178230777 1
gene  1 10 10 0.5558516577725594 1 135.0 0.5558516577725594 1
gene  1 13 10 -1.1548720196655815 1 138.0 -1.1548720196655815 1
gene  1 14 10 0.17686020691377663 1 139.0 0.17686020691377663 1
gene  1 2 13 -0.8795918412571002 0 169.0 -0.8795918412571002 1
gene  1 3 13 -4.697165326191095 0 170.0 -4.697165326191095 1
gene  1 6 13 -1.5042960740913005 0 173.0 -1.5042960740913005 1
gene  1 7 13 -0.8886180380056957 0 174.0 -0.8886180380056957 1
gene  1 9 13 -2.162731310888524 0 176.0 -2.162731310888524 1
gene  1 13 13 -2.378211139363299 1 180.0 -2.378211139363299 1
gene  1 14 13 -2.530119016392689 1 181.0 -2.530119016392689 1
gene  1 1 14 2.3353228179771652 0 182.0 2.3353228179771652 1
gene  1 3 14 4.5678176518810965 0 184.0 4.5678176518810965 1
gene  1 9 14 -3.74736077972792 0 190.0 -3.74736077972792 1
gene  1 10 14 -1.3458168083638835 0 191.0 -1.3458168083638835 1
gene  1 8 13 -6.825400210306681 0 207.0 -6.825400210306681 1
gene  1 1 10 7.156685918579364 0 226.0 7.156685918579364 1
gene  1 6 14 -2.6159863217676493 0 234.0 -2.6159863217676493 1
gene  1 8 28 1.0 1 293.0 0.0 1
gene  1 28 8 3.1423169533808926 0 294.0 0.0 1
genomeend 9
genomestart  10
trait 1 1.3449282699683267 0.0 0.6715679179718652 0.876858839596525 1.5174143118965362 0.3493210991972051 0.4130893652942357 0.0 
node 1 1 1 1
node 2 1 1 1
node 3 1 1 1
node 4 1 1 1
node 5 1 1 1
node 6 1 1 1
node 7 1 1 3
node 8 1 0 0
node 9 1 0 0
node 10 1 0 0
node 13 1 0 2
node 14 1 0 2
gene  1 1 8 -4.754844766939998 0 98.0 -4.754844766939998 1
gene  1 3 8 1.3024696488777803 0 100.0 1.3024696488777803 1
gene  1 5 8 5.038726351047002 0 102.0 5.038726351047002 1
gene  1 6 8 5.226436847736582 0 103.0 5.226436847736582 1
gene  1 8 8 2.0727134931195588 1 105.0 2.0727134931195588 1
gene  1 1 9 1.2519589640846056 0 112.0 1.2519589640846056 1
gene  1 2 9 -7.737927034803999 0 113.0 -7.737927034803999 1
gene  1 3 9 0.610234614087273 0 114.0 0.610234614087273 1
gene  1 5 9 2.452690018151201 0 116.0 2.452690018151201 1
gene  1 7 9 -0.3499004171597653 0 118.0 -0.3499004171597653 1
gene  1 9 9 -0.48098962815781965 1 120.0 -0.48098962815781965 1
gene  1 10 9 -2.0274164768581446 1 121.0 -2.0274164768581446 1
gene  1 13 9 6.479340263480978 1 124.0 6.479340263480978 1
gene  1 2 10 0.9780547072119434 0 127.0 0.9780547072119434 1
gene  1 4 10 -1.3866052035415246 0 129.0 -1.3866052035415246 1
gene  1 5 10 -2.8011028596603404 0 130.0 -2.8011028596603404 1
gene  1 8 10 2.6340858704218633 0 133.0 2.6340858704218633 1
gene  1 9 10 -1.7766536258040706 0 134.0 -1.7766536258040706 1
gene  1 10 10 -2.0341657345294193 1 135.0 -2.0341657345294193 1
gene  1 13 10 -1.1548720196655815 1 138.0 -1.1548720196655815 1
gene  1 14 10 1.6657553037519375 1 139.0 1.6657553037519375 1
gene  1 2 13 -0.23335531868974468 0 169.0 -0.23335531868974468 1
gene  1 3 13 -4.697165326191095 0 170.0 -4.697165326191095 1
gene  1 6 13 0.08008983864453478 0 173.0 0.08008983864453478 1
gene  1 7 13 -1.8512240976451162 0 174.0 -1.8512240976451162 1
gene  1 9 13 -2.716407307989517 0 176.0 -2.716407307989517 1
gene  1 13 13 -2.150162610761916 1 180.0 -2.150162610761916 1
gene  1 14 13 -4.781341495878431 1 181.0 -4.781341495878431 1
gene  1 1 14 2.3353228179771652 0 182.0 2.3353228179771652 1
gene  1 3 14 4.5678176518810965 0 184.0 4.5678176518810965 1
gene  1 9 14 -2.5205796040379447 0 190.0 -2.5205796040379447 1
gene  1 10 14 1.6016310429283562 0 191.0 1.6016310429283562 1
gene  1 8 13 -6.825400210306681 0 207.0 -6.825400210306681 1
gene  1 1 10 8.454969133679555 0 226.0 8.454969133679555 1
gene  1 6 14 -3.032828404043878 0 234.0 -3.032828404043878 1
genomeend 10
genomestart  11
trait 1 0.0 0.0 0.4047372828381034 0.0 1.1905783516961135 0.0 0.0 0.6290818923229079 
node 1 1 1 1
node 2 1 1 1
node 3 1 1 1
node 4 1 1 1
node 5 1 1 1
node 6 1 1 1
node 7 1 1 3
node 8 1 0 0
node 13 1 0 2
node 14 1 0 2
node 22 1 0 0
node 25 1 0 0
gene  1 1 8 5.472060312667397 0 98.0 5.472060312667397 1
gene  1 3 8 -5.855488344143794 0 100.0 -5.855488344143794 1
gene  1 4 8 -4.816546403240055 0 101.0 -4.816546403240055 1
gene  1 5 8 0.6133893444608713 0 102.0 0.6133893444608713 1
gene  1 6 8 11.384807761591777 0 103.0 11.384807761591777 1
gene  1 8 8 -2.4883720594800987 1 105.0 -2.4883720594800987 1
gene  1 1 13 -2.814639225000171 0 168.0 -2.814639225000171 1
gene  1 5 13 -3.782490787731371 0 172.0 -3.782490787731371 1
gene  1 13 13 -5.248515330195534 1 180.0 -5.248515330195534 1
gene  1 14 13 -4.4028611104876845 1 181.0 -4.4028611104876845 1
gene  1 2 14 -2.812049860107667 0 183.0 -2.812049860107667 1
gene  1 3 14 -8.138086840611336 0 184.0 -8.138086840611336 1
gene  1 5 14 4.238314897532397 0 186.0 4.238314897532397 1
gene  1 7 14 -5.543142444615071 0 188.0 -5.543142444615071 1
gene  1 8 14 -6.27449324597411 0 189.0 -6.27449324597411 1
gene  1 13 14 1.5368326520683546 0 194.0 1.5368326520683546 1
gene  1 2 13 7.495468851127613 0 236.0 7.495468851127613 1
gene  1 8 22 -3.3374034149705816 0 240.0 -3.3374034149705816 1
gene  1 22 14 -0.5703466988454531 0 241.0 -0.5703466988454531 1
gene  1 1 22 -2.6110695009068805 0 245.0 -2.6110695009068805 1
gene  1 13 8 -0.42117448168340976 0 257.0 -0.42117448168340976 1
gene  1 5 22 -4.874141387861947 0 265.0 -4.874141387861947 1
gene  1 1 25 -2.4612436949144954 0 279.0 -2.4612436949144954 1
gene  1 25 8 -0.16357385649870054 0 280.0 -0.16357385649870054 1
genomeend 11
genomestart  12
trait 1 0.0 0.0 0.4047372828381034 0.0 1.1905783516961135 0.0 0.0 0.6290818923229079 
node 1 1 1 1
node 2 1 1 1
node 3 1 1 1
node 4 1 1 1
node 5 1 1 1
node 6 1 1 1
node 7 1 1 3
node 8 1 0 0
node 13 1 0 2
node 14 1 0 2
node 22 1 0 0
node 25 1 0 0
gene  1 1 8 1.4429569010659433 0 98.0 1.4429569010659433 1
gene  1 3 8 -3.7883263636171387 0 100.0 -3.7883263636171387 1
gene  1 4 8 -7.384543599097466 0 101.0 -7.384543599097466 1
gene  1 5 8 -2.553677917095068 0 102.0 -2.553677917095068 1
gene  1 6 8 8.349169058042875 0 103.0 8.349169058042875 1
gene  1 8 8 -5.106170158356732 1 105.0 -5.106170158356732 1
gene  1 1 13 -4.306830798479217 0 168.0 -4.306830798479217 1
gene  1 5 13 0.5814410903357674 0 172.0 0.5814410903357674 1
gene  1 13 13 -1.3878986569032516 1 180.0 -1.3878986569032516 1
gene  1 14 13 -4.698477169299601 1 181.0 -4.698477169299601 1
gene  1 2 14 -0.09858786925374352 0 183.0 -0.09858786925374352 1
gene  1 3 14 -8.291814590869997 0 184.0 -8.291814590869997 1
gene  1 5 14 4.807466357663849 0 186.0 4.807466357663849 1
gene  1 7 14 -3.80891091566084 0 188.0 -3.80891091566084 1
gene  1 8 14 -6.975296099811186 0 189.0 -6.975296099811186 1
gene  1 13 14 1.2472162171987458 0 194.0 1.2472162171987458 1
gene  1 2 13 8.897132063991819 0 236.0 8.897132063991819 1
gene  1 8 22 -2.040505331658173 0 240.0 -2.040505331658173 1
gene  1 22 14 -1.512991749740667 0 241.0 -1.512991749740667 1
gene  1 1 22 -2.538027428115257 0 245.0 -2.538027428115257 1
gene  1 13 8 0.43016034415983384 0 257.0 0.43016034415983384 1
gene  1 5 22 -3.1314208644178727 0 265.0 -3.1314208644178727 1
gene  1 1 25 -0.5867812805197619 0 279.0 -0.5867812805197619 1
gene  1 25 8 -2.48849405749515 0 280.0 -2.48849405749515 1
genomeend 12
genomestart  13
trait 1 0.0 0.0 0.8819938403457324 0.0 0.3524698665546644 0.3073711629624263 0.25417113514219947 0.0 
node 1 1 1 1
node 2 1 1 1
node 3 1 1 1
node 4 1 1 1
node 5 1 1 1
node 6 1 1 1
node 7 1 1 3
node 13 1 0 2
node 14 1 0 2
gene  1 1 13 5.15314834289572 0 168.0 5.15314834289572 1
gene  1 2 13 -3.2309305839562086 0 169.0 -3.2309305839562086 1
gene  1 3 13 1.2928145269635924 0 170.0 1.2928145269635924 1
gene  1 4 13 5.287284044617399 0 171.0 5.287284044617399 1
gene  1 5 13 2.7379606370364753 0 172.0 2.7379606370364753 1
gene  1 6 13 3.1491759506489916 0 173.0 3.1491759506489916 1
gene  1 7 13 0.7032623354604979 0 174.0 0.7032623354604979 1
gene  1 14 13 2.4076129040152696 1 181.0 2.4076129040152696 1
gene  1 1 14 4.944017106357363 0 182.0 4.944017106357363 1
gene  1 2 14 -0.3752828151407303 0 183.0 -0.3752828151407303 1
gene  1 3 14 2.971167377445891 0 184.0 2.971167377445891 1
gene  1 13 14 3.3368321177988856 0 194.0 3.3368321177988856 1
gene  1 14 14 -2.6208781684671303 1 195.0 -2.6208781684671303 1
gene  1 7 14 -1.458137904046712 0 273.0 -1.458137904046712 1
gene  1 4 14 -2.1951914547963742 0 283.0 -2.1951914547963742 1
genomeend 13
genomestart  14
trait 1 0.0 0.0 0.8819938403457324 0.0 0.3524698665546644 0.3073711629624263 0.25417113514219947 0.0 
node 1 1 1 1
node 2 1 1 1
node 3 1 1 1
node 4 1 1 1
node 5 1 1 1
node 6 1 1 1
node 7 1 1 3
node 13 1 0 2
node 14 1 0 2
gene  1 1 13 5.930686428630084 0 168.0 5.930686428630084 1
gene  1 2 13 -2.5389256379830702 0 169.0 -2.5389256379830702 1
gene  1 3 13 -0.4061583257503347 0 170.0 -0.4061583257503347 1
gene  1 4 13 5.457512396168393 0 171.0 5.457512396168393 1
gene  1 5 13 1.1407058168172965 0 172.0 1.1407058168172965 1
gene  1 6 13 1.7222400191380425 0 173.0 1.7222400191380425 1
gene  1 7 13 -1.269955063412713 0 174.0 -1.269955063412713 1
gene  1 14 13 -0.7106694027838895 1 181.0 -0.7106694027838895 1
gene  1 1 14 -0.5642841323625453 0 182.0 -0.5642841323625453 1
gene  1 2 14 -1.4115786608880434 0 183.0 -1.4115786608880434 1
gene  1 3 14 4.51083360074414 0 184.0 4.51083360074414 1
gene  1 13 14 4.543153495927243 0 194.0 4.543153495927243 1
gene  1 14 14 -3.0498544739974793 1 195.0 -3.0498544739974793 1
gene  1 7 14 -1.6503540315353145 0 273.0 -1.6503540315353145 1
gene  1 4 14 -1.6000544472326985 0 283.0 -1.6000544472326985 1
genomeend 14
genomestart  15
trait 1 0.0 0.0 0.8819938403457324 0.0 0.3524698665546644 0.3073711629624263 0.25417113514219947 0.0 
node 1 1 1 1
node 2 1 1 1
node 3 1 1 1
node 4 1 1 1
node 5 1 1 1
node 6 1 1 1
node 7 1 1 3
node 13 1 0 2
node 14 1 0 2
gene  1 1 13 2.5329387574100517 0 168.0 2.5329387574100517 1
gene  1 2 13 -3.9150425030577733 0 169.0 -3.9150425030577733 1
gene  1 3 13 1.8646237219280786 0 170.0 1.8646237219280786 1
gene  1 4 13 1.9587741977756572 0 171.0 1.9587741977756572 1
gene  1 5 13 -0.6096533381144096 0 172.0 -0.6096533381144096 1
gene  1 6 13 3.9687381847339918 0 173.0 3.9687381847339918 1
gene  1 7 13 0.24069058759153977 0 174.0 0.24069058759153977 1
gene  1 14 13 2.168167703767681 1 181.0 2.168167703767681 1
gene  1 1 14 6.515322572055376 0 182.0 6.515322572055376 1
gene  1 2 14 -3.7755990205538916 0 183.0 -3.7755990205538916 1
gene  1 3 14 3.4575313880772955 0 184.0 3.4575313880772955 1
gene  1 13 14 0.6005086804474726 0 194.0 0.6005086804474726 1
gene  1 14 14 -4.22069102723197 1 195.0 -4.22069102723197 1
gene  1 7 14 -1.6503540315353145 0 273.0 -1.6503540315353145 1
gene  1 4 14 -2.2780455037828764 0 283.0 -2.2780455037828764 1
genomeend 15
genomestart  16
trait 1 0.731715373568969 0.5319433208524987 0.8875428902212121 1.0172554146688002 0.2545070174269727 0.6799681748259421 0.0 0.0 
node 1 1 1 1
node 2 1 1 1
node 3 1 1 1
node 4 1 1 1
node 5 1 1 1
node 6 1 1 1
node 7 1 1 3
node 8 1 0 0
node 9 1 0 0
node 13 1 0 2
node 14 1 0 2
node 20 1 0 0
gene  1 1 8 -6.354380353559499 0 98.0 -6.354380353559499 1
gene  1 2 8 3.272757942761475 0 99.0 3.272757942761475 1
gene  1 3 8 0.016922246599669233 0 100.0 0.016922246599669233 1
gene  1 6 8 -1.4234377951601629 0 103.0 -1.4234377951601629 1
gene  1 8 8 2.1357979823128947 1 105.0 2.1357979823128947 1
gene  1 9 8 2.704049377791498 1 106.0 2.704049377791498 1
gene  1 13 8 1.0262364277158569 1 110.0 1.0262364277158569 1
gene  1 14 8 -1.5627039834201177 1 111.0 -1.5627039834201177 1
gene  1 1 9 7.198210695290406 0 112.0 7.198210695290406 1
gene  1 4 9 -2.0310377371144552 0 115.0 -2.0310377371144552 1
gene  1 5 9 -0.14025873553187918 0 116.0 -0.14025873553187918 1
gene  1 7 9 -9.903315186505424 0 118.0 -9.903315186505424 1
gene  1 9 9 2.521990497970754 1 120.0 2.521990497970754 1
gene  1 14 9 -0.5339420430727809 1 125.0 -0.5339420430727809 1
gene  1 2 13 -10.186048568600262 0 169.0 -10.186048568600262 1
gene  1 5 13 0.4415418768084154 0 172.0 0.4415418768084154 1
gene  1 8 13 3.926225187920524 0 175.0 3.926225187920524 1
gene  1 1 14 -1.250446957930246 0 182.0 -1.250446957930246 0
gene  1 2 14 14.01917081618536 0 183.0 14.01917081618536 1
gene  1 3 14 -5.1314194806002895 0 184.0 -5.1314194806002895 1
gene  1 6 14 8.633944248193524 0 187.0 8.633944248193524 1
gene  1 13 14 2.1331294878246965 0 194.0 2.1331294878246965 1
gene  1 14 14 -6.906813540022479 1 195.0 -6.906813540022479 1
gene  1 5 8 -0.9296147506603238 0 202.0 -0.9296147506603238 1
gene  1 4 13 6.113701654502202 0 220.0 6.113701654502202 1
gene  1 1 20 -2.268180188635285 0 231.0 -2.268180188635285 1
gene  1 20 14 0.3208080007493501 0 232.0 0.3208080007493501 1
genomeend 16
genomestart  17
trait 1 0.0 0.8507286365631731 0.8412243628926098 0.8164647912856297 0.6061681788876561 0.0 0.0 0.07895419735974474 
node 1 1 1 1
node 2 1 1 1
node 3 1 1 1
node 4 1 1 1
node 5 1 1 1
node 6 1 1 1
node 7 1 1 3
node 13 1 0 2
node 14 1 0 2
gene  1 1 13 0.6716922130205943 0 168.0 0.6716922130205943 1
gene  1 2 13 0.16735848432904743 0 169.0 0.16735848432904743 1
gene  1 5 13 -1.614280984944351 0 172.0 -1.614280984944351 1
gene  1 6 13 -5.873442734072561 0 173.0 -5.873442734072561 1
gene  1 7 13 -0.6281227394857669 0 174.0 -0.6281227394857669 1
gene  1 3 14 0.8677259525817003 0 184.0 0.8677259525817003 1
gene  1 4 14 -2.232375885393225 0 185.0 -2.232375885393225 1
gene  1 7 14 -5.932208056812415 0 188.0 -5.932208056812415 1
gene  1 13 14 0.08752125563996471 0 194.0 0.08752125563996471 1
gene  1 14 14 0.03604809706244039 1 195.0 0.03604809706244039 1
gene  1 4 13 -0.6335026282741474 0 235.0 -0.6335026282741474 1
gene  1 1 14 2.749319581828676 0 242.0 2.749319581828676 1
gene  1 6 14 2.9356524356804203 0 291.0 2.9356524356804203 1
genomeend 17
genomestart  18
trait 1 0.0 0.8507286365631731 0.8412243628926098 0.8164647912856297 0.6061681788876561 0.0 0.0 0.07895419735974474 
node 1 1 1 1
node 2 1 1 1
node 3 1 1 1
node 4 1 1 1
node 5 1 1 1
node 6 1 1 1
node 7 1 1 3
node 13 1 0 2
node 14 1 0 2
gene  1 1 13 -0.5157659651038143 0 168.0 -0.5157659651038143 1
gene  1 2 13 -0.7349533549800946 0 169.0 -0.7349533549800946 1
gene  1 5 13 -2.157402763758224 0 172.0 -2.157402763758224 1
gene  1 6 13 -2.0023267232311843 0 173.0 -2.0023267232311843 1
gene  1 7 13 -2.644079876909575 0 174.0 -2.644079876909575 1
gene  1 3 14 0.19029446302483127 0 184.0 0.19029446302483127 1
gene  1 4 14 -2.232375885393225 0 185.0 -2.232375885393225 1
gene  1 7 14 -5.932208056812415 0 188.0 -5.932208056812415 1
gene  1 13 14 0.9899613937129024 0 194.0 0.9899613937129024 1
gene  1 14 14 -0.42790761713369635 1 195.0 -0.42790761713369635 1
gene  1 4 13 -0.3358140015675448 0 235.0 -0.3358140015675448 1
gene  1 1 14 4.215669878332168 0 242.0 4.215669878332168 1
genomeend 18
genomestart  19
trait 1 0.0 0.8507286365631731 0.8412243628926098 0.8164647912856297 0.6061681788876561 0.0 0.0 0.07895419735974474 
node 1 1 1 1
node 2 1 1 1
node 3 1 1 1
node 4 1 1 1
node 5 1 1 1
node 6 1 1 1
node 7 1 1 3
node 13 1 0 2
node 14 1 0 2
gene  1 1 13 0.9304392025458328 0 168.0 0.9304392025458328 1
gene  1 2 13 -1.2053169642868153 0 169.0 -1.2053169642868153 1
gene  1 5 13 -0.9578976080882697 0 172.0 -0.9578976080882697 1
gene  1 6 13 -5.873442734072561 0 173.0 -5.873442734072561 1
gene  1 7 13 2.4849131249981715 0 174.0 2.4849131249981715 1
gene  1 3 14 -1.2059888214375576 0 184.0 -1.2059888214375576 1
gene  1 4 14 -1.6861706653564126 0 185.0 -1.6861706653564126 1
gene  1 7 14 0.7753364309969903 0 188.0 0.7753364309969903 1
gene  1 13 14 0.9976735070818356 0 194.0 0.9976735070818356 1
gene  1 14 14 -2.1383365103216767 1 195.0 -2.1383365103216767 1
gene  1 4 13 1.2599551243679348 0 235.0 1.2599551243679348 1
gene  1 1 14 -1.3429612677971643 0 242.0 -1.3429612677971643 1
genomeend 19
