genomestart  0
trait 1 0.12236385032328645 0.11996509262718169 0.0 1.2348572107762614 0.0 1.3168578850843018 1.0590140864502917 1.7905313975538821 
node 1 1 1 1
node 2 1 1 1
node 3 1 1 1
node 4 1 1 1
node 5 1 1 1
node 6 1 1 1
node 7 1 1 3
node 13 1 0 2
node 14 1 0 2
node 33 1 0 0
node 48 1 0 0
gene  1 2 13 1.4919017424471837 0 169.0 1.4919017424471837 1
gene  1 3 13 0.7391536016805222 0 170.0 0.7391536016805222 1
gene  1 4 13 1.9172629424091796 0 171.0 1.9172629424091796 1
gene  1 6 13 -2.209800076749199 0 173.0 -2.209800076749199 1
gene  1 7 13 -0.5168166188533685 0 174.0 -0.5168166188533685 1
gene  1 13 13 2.1574375521468445 1 180.0 2.1574375521468445 1
gene  1 1 14 -1.1019423530179862 0 182.0 -1.1019423530179862 1
gene  1 2 14 3.1767395266774336 0 183.0 3.1767395266774336 1
gene  1 5 14 -1.980552907029594 0 186.0 -1.980552907029594 1
gene  1 6 14 3.4993637202558716 0 187.0 3.4993637202558716 1
gene  1 7 14 4.149935889455254 0 188.0 4.149935889455254 1
gene  1 13 14 -0.8475531768877814 0 194.0 -0.8475531768877814 1
gene  1 14 14 -0.16078893388932175 1 195.0 -0.16078893388932175 0
gene  1 4 14 -0.9200776732903153 0 196.0 -0.9200776732903153 1
gene  1 1 13 -0.8745383441097629 0 216.0 -0.8745383441097629 1
gene  1 1 33 4.7790453658376535 0 313.0 4.7790453658376535 1
gene  1 33 14 -2.333086129242556 0 314.0 -2.333086129242556 1
gene  1 14 48 -0.24087430803921028 1 379.0 -0.24087430803921028 1
gene  1 48 14 -2.888401259397661 0 380.0 -2.888401259397661 1
gene  1 48 33 5.098968677991302 0 381.0 5.098968677991302 1
gene  1 4 33 -2.718011877605112 0 384.0 -2.718011877605112 1
genomeend 0
genomestart  1
trait 1 0.12236385032328645 0.11996509262718169 0.0 1.2348572107762614 0.0 1.3168578850843018 1.0590140864502917 1.7905313975538821 
node 1 1 1 1
node 2 1 1 1
node 3 1 1 1
node 4 1 1 1
node 5 1 1 1
node 6 1 1 1
node 7 1 1 3
node 13 1 0 2
node 14 1 0 2
node 33 1 0 0
node 48 1 0 0
gene  1 2 13 1.4919017424471837 0 169.0 1.4919017424471837 1
gene  1 3 13 -0.4681404477526798 0 170.0 -0.4681404477526798 1
gene  1 4 13 1.9172629424091796 0 171.0 1.9172629424091796 1
gene  1 6 13 -1.1211131684959201 0 173.0 -1.1211131684959201 1
gene  1 7 13 -0.016476736741857456 0 174.0 -0.016476736741857456 1
gene  1 13 13 0.18613684404509745 1 180.0 0.18613684404509745 1
gene  1 1 14 -2.3946732855564674 0 182.0 -2.3946732855564674 1
gene  1 2 14 1.0416679721420539 0 183.0 1.0416679721420539 1
gene  1 5 14 2.3125612673773186 0 186.0 2.3125612673773186 1
gene  1 6 14 3.4993637202558716 0 187.0 3.4993637202558716 1
gene  1 7 14 2.692824753400201 0 188.0 2.692824753400201 1
gene  1 13 14 -1.427463274943932 0 194.0 -1.427463274943932 1
gene  1 14 14 1.6081455358461003 1 195.0 1.6081455358461003 0
gene  1 4 14 -1.0426223804659611 0 196.0 -1.0426223804659611 1
gene  1 1 13 -0.8745383441097629 0 216.0 -0.8745383441097629 1
gene  1 1 33 5.560054220969197 0 313.0 5.560054220969197 1
gene  1 33 14 -1.9229665999384775 0 314.0 -1.9229665999384775 1
gene  1 14 48 -1.0611295464069528 1 379.0 -1.0611295464069528 1
gene  1 48 14 -1.3958473234049338 0 380.0 -1.3958473234049338 1
gene  1 48 33 5.098968677991302 0 381.0 5.098968677991302 1
gene  1 4 33 -1.034741446124229 0 384.0 -1.034741446124229 1
genomeend 1
genomestart  2
trait 1 0.3582596345510627 0.4388362906987652 0.8146270411081855 0.07766507438443143 1.4245148672763681 0.41262400137975846 0.0 0.9297218018584019 
node 1 1 1 1
node 2 1 1 1
node 3 1 1 1
node 4 1 1 1
node 5 1 1 1
node 6 1 1 1
node 7 1 1 3
node 13 1 0 2
node 14 1 0 2
node 21 1 0 0
node 24 1 0 0
node 34 1 0 0
gene  1 1 13 -4.9044207406404725 0 168.0 -4.9044207406404725 1
gene  1 4 13 4.964448610900671 0 171.0 4.964448610900671 1
gene  1 5 13 7.430826306818121 0 172.0 7.430826306818121 1
gene  1 7 13 0.3349671294585854 0 174.0 0.3349671294585854 1
gene  1 13 13 -2.497732355696729 1 180.0 -2.497732355696729 1
gene  1 2 14 -0.9860353334913816 0 183.0 -0.9860353334913816 1
gene  1 3 14 4.259977831547507 0 184.0 4.259977831547507 0
gene  1 6 14 6.212743388634461 0 187.0 6.212743388634461 1
gene  1 13 14 -4.818227957026144 0 194.0 -4.818227957026144 1
gene  1 14 14 -0.25618527735186974 1 195.0 -0.25618527735186974 1
gene  1 6 13 -5.926712370184154 0 205.0 -5.926712370184154 1
gene  1 5 14 4.9219920153478425 0 223.0 4.9219920153478425 1
gene  1 3 13 -1.329331531061836 0 229.0 -1.329331531061836 1
gene  1 2 13 -3.628600218362086 0 233.0 -3.628600218362086 1
gene  1 1 21 -3.3072200459274614 0 238.0 -3.3072200459274614 1
gene  1 21 13 0.8212243004505992 0 239.0 0.8212243004505992 1
gene  1 5 21 5.371680490438656 0 253.0 5.371680490438656 1
gene  1 3 21 -13.430213899517803 0 270.0 -13.430213899517803 1
gene  1 1 24 3.0175560987201084 0 275.0 3.0175560987201084 1
gene  1 24 13 1.3698140494819617 0 276.0 1.3698140494819617 1
gene  1 3 34 -1.7970236519195262 0 315.0 -1.7970236519195262 1
gene  1 34 14 1.5750334946713593 0 316.0 1.5750334946713593 1
gene  1 3 24 0.8216844066055009 0 324.0 0.8216844066055009 1
gene  1 2 21 2.335243847274577 0 350.0 2.335243847274577 1
gene  1 34 13 3.603742803404043 0 355.0 3.603742803404043 1
gene  1 1 34 -1.38677938926272 0 361.0 -1.38677938926272 1
gene  1 7 14 7.521192215672827 0 388.0 7.521192215672827 1
genomeend 2
genomestart  3
trait 1 0.3582596345510627 0.4388362906987652 0.8146270411081855 0.07766507438443143 1.4245148672763681 0.41262400137975846 0.0 0.9297218018584019 
node 1 1 1 1
node 2 1 1 1
node 3 1 1 1
node 4 1 1 1
node 5 1 1 1
node 6 1 1 1
node 7 1 1 3
node 13 1 0 2
node 14 1 0 2
node 21 1 0 0
node 24 1 0 0
node 34 1 0 0
gene  1 1 13 -4.47184722676938 0 168.0 -4.47184722676938 1
gene  1 4 13 6.8941105830312885 0 171.0 6.8941105830312885 1
gene  1 5 13 8.925593979139487 0 172.0 8.925593979139487 1
gene  1 7 13 1.0459280291381425 0 174.0 1.0459280291381425 1
gene  1 13 13 -1.9036785458528334 1 180.0 -1.9036785458528334 1
gene  1 2 14 -0.9860353334913816 0 183.0 -0.9860353334913816 1
gene  1 3 14 6.372961492957751 0 184.0 6.372961492957751 0
gene  1 6 14 2.466289005480606 0 187.0 2.466289005480606 1
gene  1 13 14 -2.8439494967711436 0 194.0 -2.8439494967711436 1
gene  1 14 14 -2.114186569788106 1 195.0 -2.114186569788106 1
gene  1 6 13 -6.362665022393324 0 205.0 -6.362665022393324 1
gene  1 5 14 -1.8205161904725897 0 223.0 -1.8205161904725897 1
gene  1 3 13 -3.6525496929202426 0 229.0 -3.6525496929202426 1
gene  1 2 13 -2.2387506712379874 0 233.0 -2.2387506712379874 1
gene  1 1 21 0.6059463485682495 0 238.0 0.6059463485682495 1
gene  1 21 13 2.256944284018039 0 239.0 2.256944284018039 1
gene  1 5 21 5.371680490438656 0 253.0 5.371680490438656 1
gene  1 3 21 -13.193563765600535 0 270.0 -13.193563765600535 1
gene  1 1 24 5.141056941208065 0 275.0 5.141056941208065 1
gene  1 24 13 -0.31775324087738366 0 276.0 -0.31775324087738366 1
gene  1 3 34 -0.04762182023200978 0 315.0 -0.04762182023200978 1
gene  1 34 14 1.8572571694690088 0 316.0 1.8572571694690088 1
gene  1 3 24 1.548512162042627 0 324.0 1.548512162042627 1
gene  1 2 21 0.07299455694932844 0 350.0 0.07299455694932844 1
gene  1 34 13 4.555001257413217 0 355.0 4.555001257413217 1
gene  1 1 34 -2.0440413013766205 0 361.0 -2.0440413013766205 1
genomeend 3
genomestart  4
trait 1 2.8264831974358327 1.038817852750874 0.43173212214279244 1.2383225027221012 1.329334485592839 0.0 0.6456726887502329 1.0929932745483306 
node 1 1 1 1
node 2 1 1 1
node 3 1 1 1
node 4 1 1 1
node 5 1 1 1
node 6 1 1 1
node 7 1 1 3
node 8 1 0 0
node 13 1 0 2
node 14 1 0 2
node 39 1 0 0
node 42 1 0 0
gene  1 1 8 0.4145083110506731 0 98.0 0.4145083110506731 1
gene  1 2 8 -1.9714003666855655 0 99.0 -1.9714003666855655 1
gene  1 3 8 -1.052364022181865 0 100.0 -1.052364022181865 1
gene  1 4 8 2.2127427243410303 0 101.0 2.2127427243410303 1
gene  1 5 8 -1.2918798666226827 0 102.0 -1.2918798666226827 1
gene  1 6 8 -0.34493945975496443 0 103.0 -0.34493945975496443 1
gene  1 8 8 -0.04574533707322015 1 105.0 -0.04574533707322015 1
gene  1 13 8 -0.5927645782840257 1 110.0 -0.5927645782840257 1
gene  1 14 8 -0.9322600697422884 1 111.0 -0.9322600697422884 1
gene  1 3 13 0.4083333106363926 0 170.0 0.4083333106363926 1
gene  1 5 13 2.744462470610166 0 172.0 2.744462470610166 1
gene  1 7 13 0.47251954103009464 0 174.0 0.47251954103009464 1
gene  1 13 13 -2.4490894721990926 1 180.0 -2.4490894721990926 1
gene  1 2 14 5.589689917112165 0 183.0 5.589689917112165 1
gene  1 4 14 -5.911774170123378 0 185.0 -5.911774170123378 1
gene  1 6 14 -1.0981847898213808 0 187.0 -1.0981847898213808 1
gene  1 8 14 1.8168221405308196 0 189.0 1.8168221405308196 1
gene  1 13 14 1.1793436965438044 0 194.0 1.1793436965438044 1
gene  1 2 13 -12.29772842492778 0 213.0 -12.29772842492778 1
gene  1 4 13 1.3267388957112987 0 230.0 1.3267388957112987 1
gene  1 13 8 -3.7875868075635726 0 244.0 -3.7875868075635726 0
gene  1 7 14 0.8471216276415143 0 264.0 0.8471216276415143 1
gene  1 1 14 -1.0596459764296895 0 299.0 -1.0596459764296895 1
gene  1 5 14 2.5344748240751938 0 310.0 2.5344748240751938 1
gene  1 1 13 -5.641656212375132 0 311.0 -5.641656212375132 1
gene  1 13 39 -1.5904916292740625 0 344.0 -1.5904916292740625 1
gene  1 39 8 0.14194407768900658 0 345.0 0.14194407768900658 1
gene  1 6 13 -2.6412545999308277 0 348.0 -2.6412545999308277 1
gene  1 2 42 0.9601100362635642 0 359.0 0.9601100362635642 1
gene  1 42 14 -1.623412713710557 0 360.0 -1.623412713710557 1
gene  1 13 42 1.8709379292497808 0 366.0 1.8709379292497808 1
genomeend 4
genomestart  5
trait 1 2.3156897472124616 1.038817852750874 0.43173212214279244 1.2383225027221012 0.8876970332296057 0.0 1.118561686491879 0.2231066753882277 
node 1 1 1 1
node 2 1 1 1
node 3 1 1 1
node 4 1 1 1
node 5 1 1 1
node 6 1 1 1
node 7 1 1 3
node 8 1 0 0
node 13 1 0 2
node 14 1 0 2
node 39 1 0 0
node 42 1 0 0
gene  1 1 8 1.31100317214368 0 98.0 1.31100317214368 1
gene  1 2 8 -1.6412285127769641 0 99.0 -1.6412285127769641 1
gene  1 3 8 -1.7046606784427987 0 100.0 -1.7046606784427987 1
gene  1 4 8 1.7685588905678926 0 101.0 1.7685588905678926 1
gene  1 5 8 -1.1140732719112547 0 102.0 -1.1140732719112547 1
gene  1 6 8 0.31322265921119224 0 103.0 0.31322265921119224 1
gene  1 8 8 2.1600896056696444 1 105.0 2.1600896056696444 1
gene  1 13 8 8.429524262819822 1 110.0 8.429524262819822 1
gene  1 14 8 1.2556423564102754 1 111.0 1.2556423564102754 1
gene  1 3 13 1.7374047213283377 0 170.0 1.7374047213283377 1
gene  1 5 13 6.3333456646327315 0 172.0 6.3333456646327315 1
gene  1 7 13 -3.7736532875667423 0 174.0 -3.7736532875667423 1
gene  1 13 13 -2.8031334808569643 1 180.0 -2.8031334808569643 1
gene  1 2 14 3.177776737878652 0 183.0 3.177776737878652 1
gene  1 4 14 -5.150948170191713 0 185.0 -5.150948170191713 1
gene  1 6 14 -0.3673061111893723 0 187.0 -0.3673061111893723 1
gene  1 8 14 -2.9198017083435275 0 189.0 -2.9198017083435275 1
gene  1 13 14 0.9528611562524503 0 194.0 0.9528611562524503 1
gene  1 2 13 -12.155348100593669 0 213.0 -12.155348100593669 1
gene  1 4 13 -0.4283284514523982 0 230.0 -0.4283284514523982 1
gene  1 13 8 -3.2206358665058508 0 244.0 -3.2206358665058508 0
gene  1 7 14 1.4059252943677878 0 264.0 1.4059252943677878 1
gene  1 1 14 -1.2694389260999852 0 299.0 -1.2694389260999852 1
gene  1 5 14 2.7383511805752523 0 310.0 2.7383511805752523 1
gene  1 1 13 -7.847605669989961 0 311.0 -7.847605669989961 1
gene  1 13 39 0.8140502734189314 0 344.0 0.8140502734189314 1
gene  1 39 8 1.985978563931678 0 345.0 1.985978563931678 1
gene  1 6 13 -2.1940368801476398 0 348.0 -2.1940368801476398 1
gene  1 2 42 0.7878764200378563 0 359.0 0.7878764200378563 1
gene  1 42 14 -0.21254516957203995 0 360.0 -0.21254516957203995 1
gene  1 13 42 -0.12729705899763133 0 366.0 -0.12729705899763133 1
genomeend 5
genomestart  6
trait 1 2.3156897472124616 1.038817852750874 0.43173212214279244 1.2383225027221012 0.8876970332296057 0.0 1.118561686491879 0.2231066753882277 
node 1 1 1 1
node 2 1 1 1
node 3 1 1 1
node 4 1 1 1
node 5 1 1 1
node 6 1 1 1
node 7 1 1 3
node 8 1 0 0
node 13 1 0 2
node 14 1 0 2
node 39 1 0 0
node 42 1 0 0
gene  1 1 8 0.5810283205478145 0 98.0 0.5810283205478145 1
gene  1 2 8 -1.5183641764390376 0 99.0 -1.5183641764390376 1
gene  1 3 8 -1.3557939377216464 0 100.0 -1.3557939377216464 1
gene  1 4 8 4.188587727359159 0 101.0 4.188587727359159 1
gene  1 5 8 -2.601070333515659 0 102.0 -2.601070333515659 1
gene  1 6 8 -0.10046074436044439 0 103.0 -0.10046074436044439 1
gene  1 8 8 2.521798207948303 1 105.0 2.521798207948303 1
gene  1 13 8 5.9269656090573 1 110.0 5.9269656090573 1
gene  1 14 8 -2.756992007939206 1 111.0 -2.756992007939206 1
gene  1 3 13 0.6302499237618016 0 170.0 0.6302499237618016 1
gene  1 5 13 4.222301818668126 0 172.0 4.222301818668126 1
gene  1 7 13 -1.6488012883707501 0 174.0 -1.6488012883707501 1
gene  1 13 13 -0.7979064271730583 1 180.0 -0.7979064271730583 1
gene  1 2 14 1.3108842214652026 0 183.0 1.3108842214652026 1
gene  1 4 14 -7.517242877580543 0 185.0 -7.517242877580543 1
gene  1 6 14 -0.13888147914657933 0 187.0 -0.13888147914657933 1
gene  1 8 14 -0.04394060995382443 0 189.0 -0.04394060995382443 1
gene  1 13 14 -2.743942800679784 0 194.0 -2.743942800679784 1
gene  1 2 13 -14.287982128582025 0 213.0 -14.287982128582025 1
gene  1 4 13 -0.746027220360997 0 230.0 -0.746027220360997 1
gene  1 13 8 -6.068403299569065 0 244.0 -6.068403299569065 0
gene  1 7 14 -1.0583785232590985 0 264.0 -1.0583785232590985 1
gene  1 1 14 -0.23082125017344463 0 299.0 -0.23082125017344463 1
gene  1 5 14 1.6771079378468632 0 310.0 1.6771079378468632 1
gene  1 1 13 -3.1619291097491518 0 311.0 -3.1619291097491518 1
gene  1 13 39 0.1454442487372083 0 344.0 0.1454442487372083 1
gene  1 39 8 0.04595857782306867 0 345.0 0.04595857782306867 1
gene  1 6 13 0.04711748236323399 0 348.0 0.04711748236323399 1
gene  1 2 42 1.1358556502161656 0 359.0 1.1358556502161656 1
gene  1 42 14 -0.16978143025351888 0 360.0 -0.16978143025351888 1
gene  1 13 42 -1.6257428894757264 0 366.0 -1.6257428894757264 1
genomeend 6
genomestart  7
trait 1 2.225061889405073 0.0 0.0 1.3327232120186472 1.3979750278133554 1.0698224637072022 0.8935183821927635 0.7324056448032895 
node 1 1 1 1
node 2 1 1 1
node 3 1 1 1
node 4 1 1 1
node 5 1 1 1
node 6 1 1 1
node 7 1 1 3
node 8 1 0 0
node 9 1 0 0
node 10 1 0 0
node 13 1 0 2
node 14 1 0 2
node 28 1 0 0
node 41 1 0 0
node 43 1 0 0
node 47 1 0 0
gene  1 1 8 -0.22435374870925084 0 98.0 -0.22435374870925084 1
gene  1 3 8 0.9990097328097243 0 100.0 0.9990097328097243 1
gene  1 5 8 2.1978102357234466 0 102.0 2.1978102357234466 1
gene  1 6 8 4.1937764247665745 0 103.0 4.1937764247665745 1
gene  1 8 8 -0.5161529708696719 1 105.0 -0.5161529708696719 0
gene  1 1 9 0.18829486002762996 0 112.0 0.18829486002762996 1
gene  1 2 9 2.6095288803187673 0 113.0 2.6095288803187673 1
gene  1 3 9 -2.4602144304489375 0 114.0 -2.4602144304489375 1
gene  1 5 9 -3.457916040662722 0 116.0 -3.457916040662722 0
gene  1 7 9 5.834171848732266 0 118.0 5.834171848732266 1
gene  1 9 9 6.790779958639565 1 120.0 6.790779958639565 1
gene  1 10 9 -0.724711951787246 1 121.0 -0.724711951787246 1
gene  1 13 9 7.551316971136296 1 124.0 7.551316971136296 1
gene  1 2 10 -1.7728728550475918 0 127.0 -1.7728728550475918 1
gene  1 4 10 -7.976430729051584 0 129.0 -7.976430729051584 1
gene  1 5 10 -4.790983230548488 0 130.0 -4.790983230548488 1
gene  1 8 10 7.168751820921589 0 133.0 7.168751820921589 1
gene  1 9 10 -6.889423580512344 0 134.0 -6.889423580512344 1
gene  1 10 10 3.6661293256298455 1 135.0 3.6661293256298455 1
gene  1 13 10 3.2756686567096382 1 138.0 3.2756686567096382 1
gene  1 14 10 0.401359961756918 1 139.0 0.401359961756918 1
gene  1 2 13 -9.068570362827206 0 169.0 -9.068570362827206 1
gene  1 3 13 -5.759447835947767 0 170.0 -5.759447835947767 1
gene  1 6 13 -6.857863911073249 0 173.0 -6.857863911073249 1
gene  1 7 13 -0.042999734738598416 0 174.0 -0.042999734738598416 1
gene  1 9 13 -0.9361634770196638 0 176.0 -0.9361634770196638 1
gene  1 13 13 0.8444493873359018 1 180.0 0.8444493873359018 1
gene  1 14 13 9.507122850032967 1 181.0 9.507122850032967 1
gene  1 1 14 6.293787049267491 0 182.0 6.293787049267491 1
gene  1 3 14 5.211185130631742 0 184.0 5.211185130631742 1
gene  1 9 14 7.344652407699487 0 190.0 7.344652407699487 1
gene  1 10 14 -5.0257074490632725 0 191.0 -5.0257074490632725 1
gene  1 8 13 -0.9750314106047535 0 207.0 -0.9750314106047535 1
gene  1 1 10 -3.2626254683774834 0 226.0 -3.2626254683774834 1
gene  1 6 14 4.674351136342931 0 234.0 4.674351136342931 1
gene  1 8 28 -3.9067213192660115 1 293.0 -3.9067213192660115 1
gene  1 28 8 -1.9798266508581264 0 294.0 -1.9798266508581264 1
gene  1 8 9 -2.7046285303475806 0 328.0 -2.7046285303475806 1
gene  1 8 41 -1.70296339442115 1 357.0 -1.70296339442115 1
gene  1 41 8 0.29495783725716385 0 358.0 0.29495783725716385 1
gene  1 14 43 0.6147683523025529 1 364.0 0.6147683523025529 1
gene  1 43 10 1.4747468046939565 0 365.0 1.4747468046939565 1
gene  1 5 47 0.9048840686239406 0 375.0 0.9048840686239406 1
gene  1 47 9 -1.13609774954806 0 376.0 -1.13609774954806 1
gene  1 41 14 4.214856727289655 0 387.0 4.214856727289655 1
genomeend 7
genomestart  8
trait 1 2.225061889405073 0.0 0.0 1.3327232120186472 1.3979750278133554 1.0698224637072022 0.8935183821927635 0.7324056448032895 
node 1 1 1 1
node 2 1 1 1
node 3 1 1 1
node 4 1 1 1
node 5 1 1 1
node 6 1 1 1
node 7 1 1 3
node 8 1 0 0
node 9 1 0 0
node 10 1 0 0
node 13 1 0 2
node 14 1 0 2
node 28 1 0 0
node 41 1 0 0
node 43 1 0 0
node 47 1 0 0
gene  1 1 8 -1.530824425312847 0 98.0 -1.530824425312847 1
gene  1 3 8 0.5642313168243169 0 100.0 0.5642313168243169 1
gene  1 5 8 4.389892940355656 0 102.0 4.389892940355656 1
gene  1 6 8 3.940618692293065 0 103.0 3.940618692293065 1
gene  1 8 8 -0.4458154583775801 1 105.0 -0.4458154583775801 0
gene  1 1 9 -2.2829391376306067 0 112.0 -2.2829391376306067 1
gene  1 2 9 1.7768617645016773 0 113.0 1.7768617645016773 1
gene  1 3 9 -3.8172061505114008 0 114.0 -3.8172061505114008 1
gene  1 5 9 -3.46532285812922 0 116.0 -3.46532285812922 0
gene  1 7 9 4.933581821555124 0 118.0 4.933581821555124 1
gene  1 9 9 8.831402991115981 1 120.0 8.831402991115981 1
gene  1 10 9 1.4316350713195947 1 121.0 1.4316350713195947 1
gene  1 13 9 5.425202528399895 1 124.0 5.425202528399895 1
gene  1 2 10 -3.7964636125157893 0 127.0 -3.7964636125157893 1
gene  1 4 10 -9.211181644462279 0 129.0 -9.211181644462279 1
gene  1 5 10 -4.637372351661299 0 130.0 -4.637372351661299 1
gene  1 8 10 4.703999239753289 0 133.0 4.703999239753289 1
gene  1 9 10 -5.651657310421633 0 134.0 -5.651657310421633 1
gene  1 10 10 3.3275538160065494 1 135.0 3.3275538160065494 1
gene  1 13 10 3.986722162491123 1 138.0 3.986722162491123 1
gene  1 14 10 1.8097200030097556 1 139.0 1.8097200030097556 1
gene  1 2 13 -10.957664752667371 0 169.0 -10.957664752667371 1
gene  1 3 13 -4.912965924122842 0 170.0 -4.912965924122842 1
gene  1 6 13 -4.445553141154207 0 173.0 -4.445553141154207 1
gene  1 7 13 -1.3155492056944258 0 174.0 -1.3155492056944258 1
gene  1 9 13 0.06939525502000787 0 176.0 0.06939525502000787 1
gene  1 13 13 1.171329502956365 1 180.0 1.171329502956365 1
gene  1 14 13 10.086390796956339 1 181.0 10.086390796956339 1
gene  1 1 14 5.740552608581702 0 182.0 5.740552608581702 1
gene  1 3 14 2.843539693357032 0 184.0 2.843539693357032 1
gene  1 9 14 7.681880141530139 0 190.0 7.681880141530139 1
gene  1 10 14 -6.8344628879632285 0 191.0 -6.8344628879632285 1
gene  1 8 13 0.6015363869372146 0 207.0 0.6015363869372146 1
gene  1 1 10 -0.8092819820614179 0 226.0 -0.8092819820614179 1
gene  1 6 14 6.466505468609846 0 234.0 6.466505468609846 1
gene  1 8 28 -2.2871323378900437 1 293.0 -2.2871323378900437 1
gene  1 28 8 -2.0499829962741654 0 294.0 -2.0499829962741654 1
gene  1 8 9 -1.3076400806821162 0 328.0 -1.3076400806821162 1
gene  1 8 41 1.8473312428030395 1 357.0 1.8473312428030395 1
gene  1 41 8 2.4947857334242776 0 358.0 2.4947857334242776 1
gene  1 14 43 -1.1930265992284959 1 364.0 -1.1930265992284959 1
gene  1 43 10 -2.0990324286888455 0 365.0 -2.0990324286888455 1
gene  1 5 47 2.0214247834176904 0 375.0 2.0214247834176904 1
gene  1 47 9 -0.6726291379535989 0 376.0 -0.6726291379535989 1
genomeend 8
genomestart  9
trait 1 1.6901153670336626 0.8787973532685672 0.0 1.3327232120186472 1.3979750278133554 2.006299266332856 0.361964232317713 1.6091155035669884 
node 1 1 1 1
node 2 1 1 1
node 3 1 1 1
node 4 1 1 1
node 5 1 1 1
node 6 1 1 1
node 7 1 1 3
node 8 1 0 0
node 9 1 0 0
node 10 1 0 0
node 13 1 0 2
node 14 1 0 2
node 28 1 0 0
node 41 1 0 0
node 43 1 0 0
node 47 1 0 0
gene  1 1 8 0.12878584247173896 0 98.0 0.12878584247173896 1
gene  1 3 8 1.6418372940030155 0 100.0 1.6418372940030155 1
gene  1 5 8 -0.09249727552911446 0 102.0 -0.09249727552911446 1
gene  1 6 8 3.3874761532774897 0 103.0 3.3874761532774897 1
gene  1 8 8 1.7484241348920675 1 105.0 1.7484241348920675 0
gene  1 1 9 1.6820622381922483 0 112.0 1.6820622381922483 1
gene  1 2 9 0.2224698639094118 0 113.0 0.2224698639094118 1
gene  1 3 9 -2.8345908259438315 0 114.0 -2.8345908259438315 1
gene  1 5 9 -1.3284058714031581 0 116.0 -1.3284058714031581 1
gene  1 7 9 3.9211275012376117 0 118.0 3.9211275012376117 1
gene  1 9 9 6.961697376251068 1 120.0 6.961697376251068 1
gene  1 10 9 -2.1610818567086607 1 121.0 -2.1610818567086607 1
gene  1 13 9 9.223269635334121 1 124.0 9.223269635334121 1
gene  1 2 10 -1.9422202386055913 0 127.0 -1.9422202386055913 1
gene  1 4 10 -7.856938583308798 0 129.0 -7.856938583308798 1
gene  1 5 10 -7.129527441841434 0 130.0 -7.129527441841434 1
gene  1 8 10 7.641257523214356 0 133.0 7.641257523214356 1
gene  1 9 10 -5.275379743439258 0 134.0 -5.275379743439258 1
gene  1 10 10 4.485287518640465 1 135.0 4.485287518640465 1
gene  1 13 10 4.382143757712541 1 138.0 4.382143757712541 1
gene  1 14 10 -1.578945101648769 1 139.0 -1.578945101648769 1
gene  1 2 13 -8.662460059199281 0 169.0 -8.662460059199281 1
gene  1 3 13 -7.2904574040745045 0 170.0 -7.2904574040745045 1
gene  1 6 13 -5.917109275843576 0 173.0 -5.917109275843576 1
gene  1 7 13 0.9895020614648471 0 174.0 0.9895020614648471 1
gene  1 9 13 -1.3771828845177951 0 176.0 -1.3771828845177951 1
gene  1 13 13 2.8221125246081917 1 180.0 2.8221125246081917 1
gene  1 14 13 11.05257103537822 1 181.0 11.05257103537822 1
gene  1 1 14 4.12306510421107 0 182.0 4.12306510421107 1
gene  1 3 14 5.470394102113217 0 184.0 5.470394102113217 1
gene  1 9 14 6.825172471923082 0 190.0 6.825172471923082 1
gene  1 10 14 -6.852208098542659 0 191.0 -6.852208098542659 1
gene  1 8 13 0.1482281224986175 0 207.0 0.1482281224986175 1
gene  1 1 10 -2.5161826414186175 0 226.0 -2.5161826414186175 1
gene  1 6 14 2.27647795722187 0 234.0 2.27647795722187 1
gene  1 8 28 -2.1104945382492017 1 293.0 -2.1104945382492017 1
gene  1 28 8 -1.9798266508581264 0 294.0 -1.9798266508581264 1
gene  1 8 9 -3.293874656310897 0 328.0 -3.293874656310897 1
gene  1 8 41 -1.70296339442115 1 357.0 -1.70296339442115 1
gene  1 41 8 -1.7645343465505756 0 358.0 -1.7645343465505756 1
gene  1 14 43 -1.1175157822709163 1 364.0 -1.1175157822709163 1
gene  1 43 10 -0.06517596148168625 0 365.0 -0.06517596148168625 1
gene  1 5 47 -0.7188426355091322 0 375.0 -0.7188426355091322 1
gene  1 47 9 -2.293920831356346 0 376.0 -2.293920831356346 1
genomeend 9
genomestart  10
trait 1 0.0 0.507208509242693 0.0 1.336083291708453 2.3145837249829695 0.0 0.0 0.868067118942248 
node 1 1 1 1
node 2 1 1 1
node 3 1 1 1
node 4 1 1 1
node 5 1 1 1
node 6 1 1 1
node 7 1 1 3
node 8 1 0 0
node 13 1 0 2
node 14 1 0 2
node 22 1 0 0
node 25 1 0 0
node 29 1 0 0
gene  1 1 8 -1.08806382343516 0 98.0 -1.08806382343516 1
gene  1 3 8 -1.4350532779632947 0 100.0 -1.4350532779632947 1
gene  1 4 8 -1.144819326166685 0 101.0 -1.144819326166685 1
gene  1 5 8 1.600840584718739 0 102.0 1.600840584718739 1
gene  1 6 8 -4.28377943272163 0 103.0 -4.28377943272163 1
gene  1 8 8 -2.824061103321485 1 105.0 -2.824061103321485 1
gene  1 1 13 2.4457565894425137 0 168.0 2.4457565894425137 1
gene  1 5 13 0.9634687627899547 0 172.0 0.9634687627899547 1
gene  1 13 13 -0.775914004369394 1 180.0 -0.775914004369394 1
gene  1 14 13 2.0471550908042375 1 181.0 2.0471550908042375 1
gene  1 2 14 -2.647489745146247 0 183.0 -2.647489745146247 1
gene  1 3 14 2.322800060261989 0 184.0 2.322800060261989 1
gene  1 5 14 -0.46921289053120097 0 186.0 -0.46921289053120097 1
gene  1 7 14 4.399065179740122 0 188.0 4.399065179740122 1
gene  1 8 14 -1.1104471385011343 0 189.0 -1.1104471385011343 1
gene  1 13 14 -1.0773448912517267 0 194.0 -1.0773448912517267 1
gene  1 2 13 18.2585895585134 0 236.0 18.2585895585134 1
gene  1 8 22 0.9078238465920947 0 240.0 0.9078238465920947 1
gene  1 22 14 -2.136088544163564 0 241.0 -2.136088544163564 1
gene  1 1 22 2.0595820501677693 0 245.0 2.0595820501677693 1
gene  1 13 8 -0.4254015597013927 0 257.0 -0.4254015597013927 1
gene  1 5 22 -1.8881271405658735 0 265.0 -1.8881271405658735 1
gene  1 1 25 -5.86576118070344 0 279.0 -5.86576118070344 1
gene  1 25 8 3.705935935104059 0 280.0 3.705935935104059 1
gene  1 8 29 -1.3419055113832068 0 297.0 -1.3419055113832068 1
gene  1 29 14 -1.209035260905926 0 298.0 -1.209035260905926 1
gene  1 1 14 -1.3315741221542412 0 312.0 -1.3315741221542412 1
gene  1 2 29 2.295383510664886 0 330.0 2.295383510664886 1
gene  1 5 25 0.2473008703061233 0 343.0 0.2473008703061233 1
gene  1 6 29 -5.415532826654424 0 386.0 -5.415532826654424 1
genomeend 10
genomestart  11
trait 1 0.0 0.507208509242693 0.0 1.336083291708453 2.3145837249829695 0.0 0.0 0.868067118942248 
node 1 1 1 1
node 2 1 1 1
node 3 1 1 1
node 4 1 1 1
node 5 1 1 1
node 6 1 1 1
node 7 1 1 3
node 8 1 0 0
node 13 1 0 2
node 14 1 0 2
node 22 1 0 0
node 25 1 0 0
node 29 1 0 0
gene  1 1 8 0.07935853095089485 0 98.0 0.07935853095089485 1
gene  1 3 8 -3.195979956354706 0 100.0 -3.195979956354706 1
gene  1 4 8 -3.277951128429221 0 101.0 -3.277951128429221 1
gene  1 5 8 3.1524350046307643 0 102.0 3.1524350046307643 1
gene  1 6 8 -4.499045719696357 0 103.0 -4.499045719696357 1
gene  1 8 8 -5.870033158832303 1 105.0 -5.870033158832303 1
gene  1 1 13 0.2718314332812346 0 168.0 0.2718314332812346 1
gene  1 5 13 2.5750185000770296 0 172.0 2.5750185000770296 1
gene  1 13 13 1.3562300759301917 1 180.0 1.3562300759301917 1
gene  1 14 13 -0.5869659316503564 1 181.0 -0.5869659316503564 1
gene  1 2 14 -4.307123691213563 0 183.0 -4.307123691213563 1
gene  1 3 14 5.186806797643012 0 184.0 5.186806797643012 1
gene  1 5 14 5.694333472917748 0 186.0 5.694333472917748 1
gene  1 7 14 1.3247933185811145 0 188.0 1.3247933185811145 1
gene  1 8 14 0.5120704555811164 0 189.0 0.5120704555811164 1
gene  1 13 14 -3.0232964535161786 0 194.0 -3.0232964535161786 1
gene  1 2 13 22.61515298949393 0 236.0 22.61515298949393 1
gene  1 8 22 1.0750823385774813 0 240.0 1.0750823385774813 1
gene  1 22 14 -1.3298863279161197 0 241.0 -1.3298863279161197 1
gene  1 1 22 3.065633565170793 0 245.0 3.065633565170793 1
gene  1 13 8 -1.2506684165970925 0 257.0 -1.2506684165970925 1
gene  1 5 22 -2.0338941627825795 0 265.0 -2.0338941627825795 1
gene  1 1 25 -2.7790538714101 0 279.0 -2.7790538714101 1
gene  1 25 8 3.353619015703876 0 280.0 3.353619015703876 1
gene  1 8 29 2.6389130617060452 0 297.0 2.6389130617060452 1
gene  1 29 14 -1.3461357557568576 0 298.0 -1.3461357557568576 1
gene  1 1 14 -0.41641291035972827 0 312.0 -0.41641291035972827 1
gene  1 2 29 3.6888994242808817 0 330.0 3.6888994242808817 1
gene  1 5 25 -0.3967168440060554 0 343.0 -0.3967168440060554 1
gene  1 6 29 -6.145957400487984 0 386.0 -6.145957400487984 1
genomeend 11
genomestart  12
trait 1 0.0 0.0 0.0697072373684462 0.0 0.0 1.2871131578344006 1.106386715936813 0.0 
node 1 1 1 1
node 2 1 1 1
node 3 1 1 1
node 4 1 1 1
node 5 1 1 1
node 6 1 1 1
node 7 1 1 3
node 13 1 0 2
node 14 1 0 2
node 49 1 0 0
gene  1 1 13 0.19455745835390026 0 168.0 0.19455745835390026 1
gene  1 2 13 8.259445837661916 0 169.0 8.259445837661916 1
gene  1 3 13 -1.6105566588050633 0 170.0 -1.6105566588050633 0
gene  1 4 13 3.900613055930643 0 171.0 3.900613055930643 1
gene  1 5 13 2.611880154571937 0 172.0 2.611880154571937 1
gene  1 6 13 -4.615375495670081 0 173.0 -4.615375495670081 1
gene  1 7 13 0.8326146061074038 0 174.0 0.8326146061074038 1
gene  1 14 13 -1.033507265209293 1 181.0 -1.033507265209293 1
gene  1 1 14 -2.5115327880286396 0 182.0 -2.5115327880286396 1
gene  1 2 14 2.5555734267214723 0 183.0 2.5555734267214723 1
gene  1 3 14 -9.105871587115649 0 184.0 -9.105871587115649 1
gene  1 13 14 -1.179442636407391 0 194.0 -1.179442636407391 1
gene  1 14 14 -0.8692199805163514 1 195.0 -0.8692199805163514 1
gene  1 7 14 0.38085377317900404 0 273.0 0.38085377317900404 1
gene  1 4 14 1.689892111014841 0 283.0 1.689892111014841 1
gene  1 5 14 -1.5891683967574681 0 303.0 -1.5891683967574681 1
gene  1 6 14 1.6474891169803128 0 307.0 1.6474891169803128 1
gene  1 3 49 1.0 0 389.0 0.0 1
gene  1 49 13 -1.6105566588050633 0 390.0 0.0 1
genomeend 12
genomestart  13
trait 1 0.0 0.0 0.0697072373684462 0.0 0.0 1.2871131578344006 2.025314396825177 0.0 
node 1 1 1 1
node 2 1 1 1
node 3 1 1 1
node 4 1 1 1
node 5 1 1 1
node 6 1 1 1
node 7 1 1 3
node 13 1 0 2
node 14 1 0 2
gene  1 1 13 0.19455745835390026 0 168.0 0.19455745835390026 1
gene  1 2 13 8.259445837661916 0 169.0 8.259445837661916 1
gene  1 3 13 -1.6105566588050633 0 170.0 -1.6105566588050633 1
gene  1 4 13 3.900613055930643 0 171.0 3.900613055930643 1
gene  1 5 13 2.611880154571937 0 172.0 2.611880154571937 1
gene  1 6 13 -4.615375495670081 0 173.0 -4.615375495670081 1
gene  1 7 13 0.8326146061074038 0 174.0 0.8326146061074038 1
gene  1 14 13 -1.033507265209293 1 181.0 -1.033507265209293 1
gene  1 1 14 -2.5115327880286396 0 182.0 -2.5115327880286396 1
gene  1 2 14 2.5555734267214723 0 183.0 2.5555734267214723 1
gene  1 3 14 -9.105871587115649 0 184.0 -9.105871587115649 1
gene  1 13 14 -1.179442636407391 0 194.0 -1.179442636407391 1
gene  1 14 14 -0.8692199805163514 1 195.0 -0.8692199805163514 1
gene  1 7 14 0.38085377317900404 0 273.0 0.38085377317900404 1
gene  1 4 14 1.689892111014841 0 283.0 1.689892111014841 1
gene  1 5 14 -1.5891683967574681 0 303.0 -1.5891683967574681 1
gene  1 6 14 1.6474891169803128 0 307.0 1.6474891169803128 1
genomeend 13
genomestart  14
trait 1 0.731715373568969 0.5319433208524987 0.8875428902212121 1.0172554146688002 0.2545070174269727 0.6799681748259421 0.0 0.0 
node 1 1 1 1
node 2 1 1 1
node 3 1 1 1
node 4 1 1 1
node 5 1 1 1
node 6 1 1 1
node 7 1 1 3
node 8 1 0 0
node 9 1 0 0
node 13 1 0 2
node 14 1 0 2
node 20 1 0 0
gene  1 1 8 -2.91907627821835 0 98.0 -2.91907627821835 1
gene  1 2 8 -1.5697509642680798 0 99.0 -1.5697509642680798 1
gene  1 3 8 0.6103399997358385 0 100.0 0.6103399997358385 1
gene  1 6 8 0.7627730039078502 0 103.0 0.7627730039078502 1
gene  1 8 8 1.8968629869558298 1 105.0 1.8968629869558298 1
gene  1 9 8 -1.3464660934757915 1 106.0 -1.3464660934757915 1
gene  1 13 8 2.3852703173507264 1 110.0 2.3852703173507264 1
gene  1 14 8 -2.0449399179702756 1 111.0 -2.0449399179702756 1
gene  1 1 9 0.3885393244879065 0 112.0 0.3885393244879065 1
gene  1 4 9 -0.6550634494625934 0 115.0 -0.6550634494625934 1
gene  1 5 9 4.51882229825086 0 116.0 4.51882229825086 1
gene  1 7 9 0.7880662966856666 0 118.0 0.7880662966856666 1
gene  1 9 9 -7.126486872856264 1 120.0 -7.126486872856264 1
gene  1 14 9 -9.171101707144507 1 125.0 -9.171101707144507 1
gene  1 2 13 -11.05652210240981 0 169.0 -11.05652210240981 1
gene  1 5 13 3.3987345580544126 0 172.0 3.3987345580544126 1
gene  1 8 13 3.051715594489324 0 175.0 3.051715594489324 1
gene  1 1 14 6.532977114433008 0 182.0 6.532977114433008 1
gene  1 2 14 1.934938575953424 0 183.0 1.934938575953424 1
gene  1 3 14 -0.03284645423713467 0 184.0 -0.03284645423713467 1
gene  1 6 14 -1.0688527474495957 0 187.0 -1.0688527474495957 1
gene  1 13 14 -0.8335909833526609 0 194.0 -0.8335909833526609 1
gene  1 14 14 1.5021859486581688 1 195.0 1.5021859486581688 1
gene  1 5 8 -1.2220152368977568 0 202.0 -1.2220152368977568 1
gene  1 4 13 0.5684774342503895 0 220.0 0.5684774342503895 1
gene  1 1 20 -0.5258262406867986 0 231.0 -0.5258262406867986 1
gene  1 20 14 2.7511562565958054 0 232.0 2.7511562565958054 1
gene  1 1 13 -0.27832791475285334 0 329.0 -0.27832791475285334 1
gene  1 13 20 -0.37291478561889757 0 337.0 -0.37291478561889757 1
gene  1 4 20 -1.7224097442447786 0 339.0 -1.7224097442447786 1
genomeend 14
genomestart  15
trait 1 0.6163262540648459 0.5319433208524987 0.9040399707305292 0.6254557498222479 0.45451367688318467 0.6799681748259421 0.0 0.0 
node 1 1 1 1
node 2 1 1 1
node 3 1 1 1
node 4 1 1 1
node 5 1 1 1
node 6 1 1 1
node 7 1 1 3
node 8 1 0 0
node 9 1 0 0
node 13 1 0 2
node 14 1 0 2
node 20 1 0 0
gene  1 1 8 -4.202358603831537 0 98.0 -4.202358603831537 1
gene  1 2 8 7.689146639554032 0 99.0 7.689146639554032 1
gene  1 3 8 13.572360817365375 0 100.0 13.572360817365375 1
gene  1 6 8 0.7627730039078502 0 103.0 0.7627730039078502 1
gene  1 8 8 -0.3054407395531551 1 105.0 -0.3054407395531551 1
gene  1 9 8 1.9032823742853138 1 106.0 1.9032823742853138 1
gene  1 13 8 1.6489725155054518 1 110.0 1.6489725155054518 1
gene  1 14 8 -3.5067222441756023 1 111.0 -3.5067222441756023 1
gene  1 1 9 1.7873385856326354 0 112.0 1.7873385856326354 1
gene  1 4 9 2.4628584845482875 0 115.0 2.4628584845482875 1
gene  1 5 9 4.51882229825086 0 116.0 4.51882229825086 1
gene  1 7 9 0.5217041037685014 0 118.0 0.5217041037685014 1
gene  1 9 9 -7.881608949700535 1 120.0 -7.881608949700535 1
gene  1 14 9 -9.133943144557154 1 125.0 -9.133943144557154 1
gene  1 2 13 -8.79744387159959 0 169.0 -8.79744387159959 1
gene  1 5 13 5.518254713228816 0 172.0 5.518254713228816 1
gene  1 8 13 2.0805866957832992 0 175.0 2.0805866957832992 1
gene  1 1 14 6.532977114433008 0 182.0 6.532977114433008 1
gene  1 2 14 4.24904826822913 0 183.0 4.24904826822913 1
gene  1 3 14 -0.3880776106667939 0 184.0 -0.3880776106667939 1
gene  1 6 14 -3.2115745170448022 0 187.0 -3.2115745170448022 1
gene  1 13 14 1.1318520495677695 0 194.0 1.1318520495677695 1
gene  1 14 14 1.5021859486581688 1 195.0 1.5021859486581688 1
gene  1 5 8 -1.2220152368977568 0 202.0 -1.2220152368977568 1
gene  1 4 13 3.0063748240620853 0 220.0 3.0063748240620853 1
gene  1 1 20 -1.7886337958888556 0 231.0 -1.7886337958888556 1
gene  1 20 14 3.2344161664650963 0 232.0 3.2344161664650963 1
gene  1 1 13 0.4034692032426554 0 329.0 0.4034692032426554 1
gene  1 13 20 -0.8092966394843943 0 337.0 -0.8092966394843943 1
gene  1 4 20 -0.6067715819201214 0 339.0 -0.6067715819201214 1
genomeend 15
genomestart  16
trait 1 0.731715373568969 0.5319433208524987 0.8875428902212121 1.0172554146688002 0.2545070174269727 0.6799681748259421 0.0 0.0 
node 1 1 1 1
node 2 1 1 1
node 3 1 1 1
node 4 1 1 1
node 5 1 1 1
node 6 1 1 1
node 7 1 1 3
node 8 1 0 0
node 9 1 0 0
node 13 1 0 2
node 14 1 0 2
node 20 1 0 0
gene  1 1 8 -6.290550668132209 0 98.0 -6.290550668132209 1
gene  1 2 8 5.330007536623995 0 99.0 5.330007536623995 1
gene  1 3 8 11.108466229847544 0 100.0 11.108466229847544 1
gene  1 6 8 -0.9838121983340067 0 103.0 -0.9838121983340067 1
gene  1 8 8 1.8125849350718148 1 105.0 1.8125849350718148 1
gene  1 9 8 1.6324844781369159 1 106.0 1.6324844781369159 1
gene  1 13 8 3.7843641681462867 1 110.0 3.7843641681462867 1
gene  1 14 8 -1.229512819190886 1 111.0 -1.229512819190886 1
gene  1 1 9 1.157126240654951 0 112.0 1.157126240654951 1
gene  1 4 9 0.2116551134264748 0 115.0 0.2116551134264748 1
gene  1 5 9 3.8140552272464845 0 116.0 3.8140552272464845 1
gene  1 7 9 -0.45098677383149044 0 118.0 -0.45098677383149044 1
gene  1 9 9 -9.687118307539931 1 120.0 -9.687118307539931 1
gene  1 14 9 -7.796134094676096 1 125.0 -7.796134094676096 1
gene  1 2 13 -8.235752336149572 0 169.0 -8.235752336149572 1
gene  1 5 13 7.279265573609013 0 172.0 7.279265573609013 1
gene  1 8 13 1.0820175952181743 0 175.0 1.0820175952181743 1
gene  1 1 14 4.718683223676631 0 182.0 4.718683223676631 1
gene  1 2 14 2.315921987910882 0 183.0 2.315921987910882 1
gene  1 3 14 0.1027226649937431 0 184.0 0.1027226649937431 1
gene  1 6 14 -1.7748665659014768 0 187.0 -1.7748665659014768 1
gene  1 13 14 0.9322134361671134 0 194.0 0.9322134361671134 1
gene  1 14 14 2.9976961270070284 1 195.0 2.9976961270070284 1
gene  1 5 8 -1.9780901408339862 0 202.0 -1.9780901408339862 1
gene  1 4 13 4.7006733823566735 0 220.0 4.7006733823566735 1
gene  1 1 20 -0.7329241534978972 0 231.0 -0.7329241534978972 1
gene  1 20 14 4.823638051618877 0 232.0 4.823638051618877 1
gene  1 1 13 2.569557922323091 0 329.0 2.569557922323091 1
gene  1 13 20 0.5345545544416734 0 337.0 0.5345545544416734 1
gene  1 4 20 -1.2876194874407563 0 339.0 -1.2876194874407563 1
genomeend 16
genomestart  17
trait 1 0.0 0.09622031338671999 1.6981216406750186 0.11493069212669116 2.0164780324458444 0.11622129576560403 0.0 0.07895419735974474 
node 1 1 1 1
node 2 1 1 1
node 3 1 1 1
node 4 1 1 1
node 5 1 1 1
node 6 1 1 1
node 7 1 1 3
node 13 1 0 2
node 14 1 0 2
node 45 1 0 0
gene  1 1 13 -1.9867217446783156 0 168.0 -1.9867217446783156 0
gene  1 2 13 0.3634601715231425 0 169.0 0.3634601715231425 1
gene  1 5 13 1.3065893558659 0 172.0 1.3065893558659 1
gene  1 6 13 -3.4349807301511244 0 173.0 -3.4349807301511244 1
gene  1 7 13 -4.164433711505708 0 174.0 -4.164433711505708 1
gene  1 3 14 0.34632951269371004 0 184.0 0.34632951269371004 1
gene  1 4 14 1.287451519148202 0 185.0 1.287451519148202 1
gene  1 7 14 -3.3929912539588725 0 188.0 -3.3929912539588725 1
gene  1 13 14 -3.5307199185913016 0 194.0 -3.5307199185913016 1
gene  1 14 14 0.6890064665173257 1 195.0 0.6890064665173257 1
gene  1 4 13 3.216882405385125 0 235.0 3.216882405385125 1
gene  1 1 14 0.862711796267312 0 242.0 0.862711796267312 1
gene  1 5 14 -0.24221388866865112 0 319.0 -0.24221388866865112 1
gene  1 1 45 -1.1393280463015305 0 370.0 -1.1393280463015305 1
gene  1 45 13 1.1464391618598306 0 371.0 1.1464391618598306 1
genomeend 17
genomestart  18
trait 1 0.0 0.09622031338671999 1.6981216406750186 0.11493069212669116 2.0164780324458444 0.11622129576560403 0.0 0.07895419735974474 
node 1 1 1 1
node 2 1 1 1
node 3 1 1 1
node 4 1 1 1
node 5 1 1 1
node 6 1 1 1
node 7 1 1 3
node 13 1 0 2
node 14 1 0 2
node 45 1 0 0
gene  1 1 13 0.3157511987280795 0 168.0 0.3157511987280795 0
gene  1 2 13 -0.9947637084884522 0 169.0 -0.9947637084884522 1
gene  1 5 13 0.0214391169407821 0 172.0 0.0214391169407821 1
gene  1 6 13 -2.611098499303817 0 173.0 -2.611098499303817 1
gene  1 7 13 -1.728423549608602 0 174.0 -1.728423549608602 1
gene  1 3 14 -3.6219452321868673 0 184.0 -3.6219452321868673 1
gene  1 4 14 0.5397746634907088 0 185.0 0.5397746634907088 1
gene  1 7 14 -4.209557248119933 0 188.0 -4.209557248119933 1
gene  1 13 14 -0.7393197392436244 0 194.0 -0.7393197392436244 1
gene  1 14 14 2.9740334259456853 1 195.0 2.9740334259456853 1
gene  1 4 13 6.305643770941086 0 235.0 6.305643770941086 1
gene  1 1 14 -0.8256251248966848 0 242.0 -0.8256251248966848 1
gene  1 5 14 -0.19405478550620803 0 319.0 -0.19405478550620803 1
gene  1 1 45 -2.321520734231762 0 370.0 -2.321520734231762 1
gene  1 45 13 1.1464391618598306 0 371.0 1.1464391618598306 1
genomeend 18
genomestart  19
trait 1 0.0 0.09622031338671999 1.6981216406750186 0.11493069212669116 2.0164780324458444 0.11622129576560403 0.0 0.07895419735974474 
node 1 1 1 1
node 2 1 1 1
node 3 1 1 1
node 4 1 1 1
node 5 1 1 1
node 6 1 1 1
node 7 1 1 3
node 13 1 0 2
node 14 1 0 2
node 45 1 0 0
gene  1 1 13 -1.7878266257041284 0 168.0 -1.7878266257041284 0
gene  1 2 13 1.4760024752638203 0 169.0 1.4760024752638203 1
gene  1 5 13 -2.977105528156118 0 172.0 -2.977105528156118 1
gene  1 6 13 -5.9453634657131404 0 173.0 -5.9453634657131404 1
gene  1 7 13 -0.44464219152346107 0 174.0 -0.44464219152346107 1
gene  1 3 14 -3.5219242305888905 0 184.0 -3.5219242305888905 1
gene  1 4 14 -0.7375054344997318 0 185.0 -0.7375054344997318 1
gene  1 7 14 -3.9879677237649465 0 188.0 -3.9879677237649465 1
gene  1 13 14 0.21082036035647933 0 194.0 0.21082036035647933 1
gene  1 14 14 2.0401772937593434 1 195.0 2.0401772937593434 1
gene  1 4 13 6.834456726337828 0 235.0 6.834456726337828 1
gene  1 1 14 -0.21182400688432113 0 242.0 -0.21182400688432113 1
gene  1 5 14 -2.309287370863391 0 319.0 -2.309287370863391 1
gene  1 1 45 -1.4296840868838627 0 370.0 -1.4296840868838627 1
gene  1 45 13 1.1464391618598306 0 371.0 1.1464391618598306 1
genomeend 19
