genomestart  0
trait 1 0.12236385032328645 0.11996509262718169 0.0 1.2348572107762614 0.0 1.3168578850843018 1.0590140864502917 1.7905313975538821 
node 1 1 1 1
node 2 1 1 1
node 3 1 1 1
node 4 1 1 1
node 5 1 1 1
node 6 1 1 1
node 7 1 1 3
node 13 1 0 2
node 14 1 0 2
node 33 1 0 0
node 48 1 0 0
node 55 1 0 0
node 61 1 0 0
gene  1 2 13 2.3311680473072403 0 169.0 2.3311680473072403 1
gene  1 3 13 0.11684173245517321 0 170.0 0.11684173245517321 1
gene  1 4 13 4.2800147400605475 0 171.0 4.2800147400605475 1
gene  1 6 13 5.234734123090306 0 173.0 5.234734123090306 1
gene  1 7 13 -2.4678034515478835 0 174.0 -2.4678034515478835 1
gene  1 13 13 -0.9629746571825484 1 180.0 -0.9629746571825484 1
gene  1 1 14 0.3386110475621146 0 182.0 0.3386110475621146 1
gene  1 2 14 0.15063960678719096 0 183.0 0.15063960678719096 1
gene  1 5 14 -1.008836652053057 0 186.0 -1.008836652053057 1
gene  1 6 14 -0.5844425958896347 0 187.0 -0.5844425958896347 1
gene  1 7 14 -0.29861923041612254 0 188.0 -0.29861923041612254 1
gene  1 13 14 7.351264945092169 0 194.0 7.351264945092169 1
gene  1 14 14 4.845037469644111 1 195.0 4.845037469644111 1
gene  1 4 14 -1.95610906208411 0 196.0 -1.95610906208411 1
gene  1 1 13 -7.266179894496076 0 216.0 -7.266179894496076 1
gene  1 1 33 -1.1653076148744224 0 313.0 -1.1653076148744224 1
gene  1 33 14 -2.0823616749174696 0 314.0 -2.0823616749174696 1
gene  1 14 48 -1.2547217756031686 1 379.0 -1.2547217756031686 1
gene  1 48 14 -1.9664475609924759 0 380.0 -1.9664475609924759 1
gene  1 48 33 1.7657136646461447 0 381.0 1.7657136646461447 1
gene  1 4 33 0.14455950375726423 0 384.0 0.14455950375726423 1
gene  1 13 55 2.459578081587554 0 407.0 2.459578081587554 1
gene  1 55 14 2.4414894778141427 0 408.0 2.4414894778141427 1
gene  1 2 33 -6.378289707144405 0 425.0 -6.378289707144405 1
gene  1 13 33 2.1002010280844283 0 427.0 2.1002010280844283 1
gene  1 5 13 4.528952294771675 0 436.0 4.528952294771675 1
gene  1 7 33 3.3571697183061704 0 465.0 3.3571697183061704 1
gene  1 2 61 -1.743625509634867 0 466.0 -1.743625509634867 1
gene  1 61 33 0.6047172816167399 0 467.0 0.6047172816167399 1
genomeend 0
genomestart  1
trait 1 0.26937214532678067 0.0 1.896310652799719 1.0664206773141058 1.8651080668398228 0.9057529697611906 1.2186392275033897 1.6429921308966946 
node 1 1 1 1
node 2 1 1 1
node 3 1 1 1
node 4 1 1 1
node 5 1 1 1
node 6 1 1 1
node 7 1 1 3
node 13 1 0 2
node 14 1 0 2
node 21 1 0 0
node 24 1 0 0
node 34 1 0 0
node 67 1 0 0
node 72 1 0 0
node 78 1 0 0
gene  1 1 13 0.6096545585558082 0 168.0 0.6096545585558082 0
gene  1 4 13 4.348559452044613 0 171.0 4.348559452044613 1
gene  1 5 13 -4.4944632437634215 0 172.0 -4.4944632437634215 1
gene  1 7 13 -2.800774927989841 0 174.0 -2.800774927989841 1
gene  1 13 13 -1.9631293400268017 1 180.0 -1.9631293400268017 1
gene  1 2 14 2.3341102954748147 0 183.0 2.3341102954748147 1
gene  1 3 14 -3.4645473319249303 0 184.0 -3.4645473319249303 1
gene  1 6 14 -2.717221801111044 0 187.0 -2.717221801111044 1
gene  1 13 14 0.36930579691544385 0 194.0 0.36930579691544385 1
gene  1 14 14 1.261031565992099 1 195.0 1.261031565992099 1
gene  1 6 13 1.9430865427484973 0 205.0 1.9430865427484973 1
gene  1 5 14 0.5635244696956663 0 223.0 0.5635244696956663 1
gene  1 3 13 -2.6315635408700926 0 229.0 -2.6315635408700926 1
gene  1 2 13 1.9449135230409538 0 233.0 1.9449135230409538 1
gene  1 1 21 4.110747621119521 0 238.0 4.110747621119521 1
gene  1 21 13 1.6059824813333963 0 239.0 1.6059824813333963 1
gene  1 5 21 -0.10559348272161073 0 253.0 -0.10559348272161073 1
gene  1 3 21 3.079561351504907 0 270.0 3.079561351504907 1
gene  1 1 24 3.0116970059384816 0 275.0 3.0116970059384816 1
gene  1 24 13 -2.580403854183065 0 276.0 -2.580403854183065 1
gene  1 3 34 4.356871890511856 0 315.0 4.356871890511856 1
gene  1 34 14 1.7552745692926228 0 316.0 1.7552745692926228 0
gene  1 3 24 1.9246065173265192 0 324.0 1.9246065173265192 1
gene  1 2 21 -0.019471739890823736 0 350.0 -0.019471739890823736 1
gene  1 34 13 2.6737643992696087 0 355.0 2.6737643992696087 1
gene  1 1 34 -5.850444209605211 0 361.0 -5.850444209605211 1
gene  1 7 14 1.7093970003533974 0 388.0 1.7093970003533974 1
gene  1 24 14 4.667337024079051 0 468.0 4.667337024079051 1
gene  1 34 67 0.6233843761916055 0 491.0 0.6233843761916055 1
gene  1 67 14 0.12680727284170668 0 492.0 0.12680727284170668 1
gene  1 1 72 1.9227849191486883 0 505.0 1.9227849191486883 0
gene  1 72 13 2.89475905205253 0 506.0 2.89475905205253 1
gene  1 1 78 1.564247585829055 0 530.0 1.564247585829055 1
gene  1 78 72 1.9227849191486883 0 531.0 1.9227849191486883 1
genomeend 1
genomestart  2
trait 1 0.26937214532678067 0.0 1.896310652799719 0.1335307135438477 1.4996758457563444 1.6042023185733623 1.2186392275033897 1.6429921308966946 
node 1 1 1 1
node 2 1 1 1
node 3 1 1 1
node 4 1 1 1
node 5 1 1 1
node 6 1 1 1
node 7 1 1 3
node 13 1 0 2
node 14 1 0 2
node 21 1 0 0
node 24 1 0 0
node 34 1 0 0
node 67 1 0 0
node 72 1 0 0
node 78 1 0 0
gene  1 1 13 0.934585768994574 0 168.0 0.934585768994574 0
gene  1 4 13 6.91270199558062 0 171.0 6.91270199558062 1
gene  1 5 13 -6.298815715907093 0 172.0 -6.298815715907093 1
gene  1 7 13 -2.473491247704213 0 174.0 -2.473491247704213 1
gene  1 13 13 -2.8912400024562723 1 180.0 -2.8912400024562723 1
gene  1 2 14 -2.101184242535444 0 183.0 -2.101184242535444 1
gene  1 3 14 -1.247654397536859 0 184.0 -1.247654397536859 1
gene  1 6 14 0.08883050083258337 0 187.0 0.08883050083258337 1
gene  1 13 14 0.16093399525952634 0 194.0 0.16093399525952634 1
gene  1 14 14 3.3963697600087976 1 195.0 3.3963697600087976 1
gene  1 6 13 0.6283463872187356 0 205.0 0.6283463872187356 1
gene  1 5 14 1.4026656049912027 0 223.0 1.4026656049912027 1
gene  1 3 13 -0.6813466550780927 0 229.0 -0.6813466550780927 1
gene  1 2 13 1.467749967193456 0 233.0 1.467749967193456 1
gene  1 1 21 3.9328022886274043 0 238.0 3.9328022886274043 1
gene  1 21 13 3.160698177432407 0 239.0 3.160698177432407 1
gene  1 5 21 -1.487918488859898 0 253.0 -1.487918488859898 1
gene  1 3 21 1.0490535765867672 0 270.0 1.0490535765867672 1
gene  1 1 24 0.5791723768837664 0 275.0 0.5791723768837664 1
gene  1 24 13 0.6575949037407458 0 276.0 0.6575949037407458 1
gene  1 3 34 2.2446758561559577 0 315.0 2.2446758561559577 1
gene  1 34 14 0.4501987254582731 0 316.0 0.4501987254582731 0
gene  1 3 24 -0.8434765418457479 0 324.0 -0.8434765418457479 1
gene  1 2 21 3.379374067304217 0 350.0 3.379374067304217 1
gene  1 34 13 3.8950577257507897 0 355.0 3.8950577257507897 1
gene  1 1 34 -3.4154519737312437 0 361.0 -3.4154519737312437 1
gene  1 7 14 4.719875285241421 0 388.0 4.719875285241421 1
gene  1 24 14 0.8765912591906705 0 468.0 0.8765912591906705 1
gene  1 34 67 -1.5845187980232427 0 491.0 -1.5845187980232427 1
gene  1 67 14 -1.947609087703792 0 492.0 -1.947609087703792 1
gene  1 1 72 -1.1371985366986208 0 505.0 -1.1371985366986208 0
gene  1 72 13 1.3697700141686096 0 506.0 1.3697700141686096 1
gene  1 1 78 1.0 0 530.0 1.0 1
gene  1 78 72 0.8101256376645343 0 531.0 0.8101256376645343 1
genomeend 2
genomestart  3
trait 1 0.26937214532678067 0.0 1.896310652799719 0.1335307135438477 1.4996758457563444 1.6042023185733623 1.2186392275033897 1.6429921308966946 
node 1 1 1 1
node 2 1 1 1
node 3 1 1 1
node 4 1 1 1
node 5 1 1 1
node 6 1 1 1
node 7 1 1 3
node 13 1 0 2
node 14 1 0 2
node 21 1 0 0
node 24 1 0 0
node 34 1 0 0
node 67 1 0 0
node 72 1 0 0
node 78 1 0 0
gene  1 1 13 4.525595135613966 0 168.0 4.525595135613966 0
gene  1 4 13 1.4376122396858217 0 171.0 1.4376122396858217 1
gene  1 5 13 -1.746529872337799 0 172.0 -1.746529872337799 1
gene  1 7 13 -3.3928733285562016 0 174.0 -3.3928733285562016 1
gene  1 13 13 -4.71112182587331 1 180.0 -4.71112182587331 1
gene  1 2 14 -1.533624580654718 0 183.0 -1.533624580654718 1
gene  1 3 14 -3.183483671457723 0 184.0 -3.183483671457723 1
gene  1 6 14 -2.1440082867274857 0 187.0 -2.1440082867274857 1
gene  1 13 14 0.2684665231742303 0 194.0 0.2684665231742303 1
gene  1 14 14 0.47446670405260005 1 195.0 0.47446670405260005 1
gene  1 6 13 0.22461951867101232 0 205.0 0.22461951867101232 1
gene  1 5 14 -0.17596165515647966 0 223.0 -0.17596165515647966 1
gene  1 3 13 0.34870253949695384 0 229.0 0.34870253949695384 1
gene  1 2 13 0.8817602510486411 0 233.0 0.8817602510486411 1
gene  1 1 21 1.5611788548063474 0 238.0 1.5611788548063474 1
gene  1 21 13 0.8599645373782625 0 239.0 0.8599645373782625 1
gene  1 5 21 -2.510714947689878 0 253.0 -2.510714947689878 1
gene  1 3 21 2.3321355637688517 0 270.0 2.3321355637688517 1
gene  1 1 24 -1.2029311846611495 0 275.0 -1.2029311846611495 1
gene  1 24 13 -0.14749080945373638 0 276.0 -0.14749080945373638 1
gene  1 3 34 4.217227662328133 0 315.0 4.217227662328133 1
gene  1 34 14 -1.3835896345031193 0 316.0 -1.3835896345031193 1
gene  1 3 24 -2.4512991177787646 0 324.0 -2.4512991177787646 1
gene  1 2 21 1.4060506305142741 0 350.0 1.4060506305142741 1
gene  1 34 13 5.78150174736897 0 355.0 5.78150174736897 1
gene  1 1 34 -1.267085649693919 0 361.0 -1.267085649693919 1
gene  1 7 14 2.1355087639075303 0 388.0 2.1355087639075303 1
gene  1 24 14 0.6585993605497318 0 468.0 0.6585993605497318 1
gene  1 34 67 -1.783670768897569 0 491.0 -1.783670768897569 1
gene  1 67 14 -0.3937566291530845 0 492.0 -0.3937566291530845 1
gene  1 1 72 0.6379374672952689 0 505.0 0.6379374672952689 0
gene  1 72 13 -0.7857011395417166 0 506.0 -0.7857011395417166 1
gene  1 1 78 0.04345013198788661 0 530.0 0.04345013198788661 1
gene  1 78 72 2.3648633083832107 0 531.0 2.3648633083832107 1
genomeend 3
genomestart  4
trait 1 0.990764809340612 0.11168036512555457 0.0 2.5667145009496477 0.4651853155222945 0.0 0.027339901520710974 0.8024602724468012 
node 1 1 1 1
node 2 1 1 1
node 3 1 1 1
node 4 1 1 1
node 5 1 1 1
node 6 1 1 1
node 7 1 1 3
node 8 1 0 0
node 13 1 0 2
node 14 1 0 2
node 39 1 0 0
node 42 1 0 0
node 51 1 0 0
node 68 1 0 0
node 77 1 0 0
gene  1 1 8 -1.2525930547742439 0 98.0 -1.2525930547742439 1
gene  1 2 8 1.6787156571851614 0 99.0 1.6787156571851614 1
gene  1 3 8 2.085808419513537 0 100.0 2.085808419513537 1
gene  1 4 8 8.039716889263909 0 101.0 8.039716889263909 1
gene  1 5 8 1.5536768575434647 0 102.0 1.5536768575434647 1
gene  1 6 8 2.2747470260569282 0 103.0 2.2747470260569282 1
gene  1 8 8 4.920488265419301 1 105.0 4.920488265419301 1
gene  1 13 8 -1.6779163247307303 1 110.0 -1.6779163247307303 1
gene  1 14 8 15.188189128159742 1 111.0 15.188189128159742 1
gene  1 3 13 12.618977130648128 0 170.0 12.618977130648128 1
gene  1 5 13 -0.6136852003916002 0 172.0 -0.6136852003916002 1
gene  1 7 13 2.073953058183055 0 174.0 2.073953058183055 1
gene  1 13 13 -5.627517287249416 1 180.0 -5.627517287249416 1
gene  1 2 14 -1.2128377617375687 0 183.0 -1.2128377617375687 1
gene  1 4 14 3.130910076020356 0 185.0 3.130910076020356 1
gene  1 6 14 3.1293929017343434 0 187.0 3.1293929017343434 1
gene  1 8 14 -1.1919352185157777 0 189.0 -1.1919352185157777 1
gene  1 13 14 -1.2718033369565818 0 194.0 -1.2718033369565818 1
gene  1 2 13 -0.1800398381492263 0 213.0 -0.1800398381492263 1
gene  1 4 13 -0.3692217877123566 0 230.0 -0.3692217877123566 1
gene  1 13 8 -0.8185264520283164 0 244.0 -0.8185264520283164 1
gene  1 7 14 -0.8793077826675124 0 264.0 -0.8793077826675124 1
gene  1 1 14 -3.3343248278440396 0 299.0 -3.3343248278440396 1
gene  1 5 14 -0.3512665589652716 0 310.0 -0.3512665589652716 1
gene  1 1 13 0.5666577957039743 0 311.0 0.5666577957039743 1
gene  1 13 39 0.6172436467836617 0 344.0 0.6172436467836617 1
gene  1 39 8 -3.2885555137268514 0 345.0 -3.2885555137268514 0
gene  1 6 13 3.866422699098574 0 348.0 3.866422699098574 1
gene  1 2 42 4.070921667436306 0 359.0 4.070921667436306 1
gene  1 42 14 1.855003019575599 0 360.0 1.855003019575599 1
gene  1 13 42 -0.6949520924982397 0 366.0 -0.6949520924982397 1
gene  1 5 51 1.1022980387452574 0 396.0 1.1022980387452574 1
gene  1 51 14 0.09803761850461035 0 397.0 0.09803761850461035 1
gene  1 6 42 1.2283345925895475 0 423.0 1.2283345925895475 1
gene  1 39 42 -5.954297863887234 0 426.0 -5.954297863887234 1
gene  1 51 13 -1.4396672393699999 0 475.0 -1.4396672393699999 1
gene  1 39 14 2.445458304830321 0 476.0 2.445458304830321 1
gene  1 5 39 1.1998062446504165 0 485.0 1.1998062446504165 1
gene  1 5 68 -2.168598792191317 0 493.0 -2.168598792191317 1
gene  1 68 39 -2.8491207130705183 0 494.0 -2.8491207130705183 1
gene  1 4 51 0.7374167121112805 0 514.0 0.7374167121112805 1
gene  1 39 77 3.4787974339068866 0 528.0 3.4787974339068866 1
gene  1 77 8 -0.9346469627460818 0 529.0 -0.9346469627460818 1
genomeend 4
genomestart  5
trait 1 0.990764809340612 0.11168036512555457 0.0 2.5667145009496477 0.4651853155222945 0.0 0.027339901520710974 0.8024602724468012 
node 1 1 1 1
node 2 1 1 1
node 3 1 1 1
node 4 1 1 1
node 5 1 1 1
node 6 1 1 1
node 7 1 1 3
node 8 1 0 0
node 13 1 0 2
node 14 1 0 2
node 39 1 0 0
node 42 1 0 0
node 51 1 0 0
node 68 1 0 0
node 77 1 0 0
gene  1 1 8 2.3651276965079235 0 98.0 2.3651276965079235 1
gene  1 2 8 -0.9823465773948781 0 99.0 -0.9823465773948781 1
gene  1 3 8 -0.717390670506994 0 100.0 -0.717390670506994 1
gene  1 4 8 6.419617848737157 0 101.0 6.419617848737157 1
gene  1 5 8 2.8980184359646897 0 102.0 2.8980184359646897 1
gene  1 6 8 2.266663230250893 0 103.0 2.266663230250893 1
gene  1 8 8 3.005050340304404 1 105.0 3.005050340304404 1
gene  1 13 8 -1.8204545420638505 1 110.0 -1.8204545420638505 1
gene  1 14 8 17.05496807945957 1 111.0 17.05496807945957 1
gene  1 3 13 -1.8380840178709774 0 170.0 -1.8380840178709774 1
gene  1 5 13 0.7468978744608057 0 172.0 0.7468978744608057 1
gene  1 7 13 -0.06308253101947137 0 174.0 -0.06308253101947137 1
gene  1 13 13 -3.130552068062198 1 180.0 -3.130552068062198 1
gene  1 2 14 0.304356776511165 0 183.0 0.304356776511165 1
gene  1 4 14 2.8657331917024367 0 185.0 2.8657331917024367 1
gene  1 6 14 2.6787623751454896 0 187.0 2.6787623751454896 1
gene  1 8 14 0.8182010025429844 0 189.0 0.8182010025429844 1
gene  1 13 14 -2.4843480654444887 0 194.0 -2.4843480654444887 1
gene  1 2 13 -8.082875518629962 0 213.0 -8.082875518629962 1
gene  1 4 13 1.0486827382741448 0 230.0 1.0486827382741448 1
gene  1 13 8 -2.1051020385904566 0 244.0 -2.1051020385904566 1
gene  1 7 14 2.419367809704611 0 264.0 2.419367809704611 1
gene  1 1 14 -5.690830889817702 0 299.0 -5.690830889817702 1
gene  1 5 14 -1.3919038545247417 0 310.0 -1.3919038545247417 1
gene  1 1 13 1.4288703120641628 0 311.0 1.4288703120641628 1
gene  1 13 39 1.3078724766926384 0 344.0 1.3078724766926384 1
gene  1 39 8 -5.640463252466867 0 345.0 -5.640463252466867 0
gene  1 6 13 -0.3359625060854726 0 348.0 -0.3359625060854726 1
gene  1 2 42 3.6025049183976092 0 359.0 3.6025049183976092 1
gene  1 42 14 4.249642477880141 0 360.0 4.249642477880141 1
gene  1 13 42 -1.2958651073823553 0 366.0 -1.2958651073823553 1
gene  1 5 51 0.07556106866276413 0 396.0 0.07556106866276413 1
gene  1 51 14 1.144525542733029 0 397.0 1.144525542733029 1
gene  1 6 42 2.414547214106382 0 423.0 2.414547214106382 1
gene  1 39 42 -4.5586253462260125 0 426.0 -4.5586253462260125 1
gene  1 51 13 -0.22652371522843984 0 475.0 -0.22652371522843984 1
gene  1 39 14 -5.127657658378026 0 476.0 -5.127657658378026 1
gene  1 5 39 4.401229969531016 0 485.0 4.401229969531016 1
gene  1 5 68 -3.739095483544612 0 493.0 -3.739095483544612 1
gene  1 68 39 -2.3611220737251823 0 494.0 -2.3611220737251823 1
gene  1 4 51 1.806507787429693 0 514.0 1.806507787429693 1
gene  1 39 77 0.8910255693632954 0 528.0 0.8910255693632954 1
gene  1 77 8 -0.45135943400072387 0 529.0 -0.45135943400072387 1
genomeend 5
genomestart  6
trait 1 0.990764809340612 0.11168036512555457 0.0 2.5667145009496477 0.4651853155222945 0.0 0.027339901520710974 0.8024602724468012 
node 1 1 1 1
node 2 1 1 1
node 3 1 1 1
node 4 1 1 1
node 5 1 1 1
node 6 1 1 1
node 7 1 1 3
node 8 1 0 0
node 13 1 0 2
node 14 1 0 2
node 39 1 0 0
node 42 1 0 0
node 51 1 0 0
node 68 1 0 0
node 77 1 0 0
gene  1 1 8 -1.476742546839458 0 98.0 -1.476742546839458 1
gene  1 2 8 0.6366226473290959 0 99.0 0.6366226473290959 1
gene  1 3 8 1.79523172983215 0 100.0 1.79523172983215 1
gene  1 4 8 7.50950714830916 0 101.0 7.50950714830916 1
gene  1 5 8 0.11186951986860011 0 102.0 0.11186951986860011 1
gene  1 6 8 4.101928227168089 0 103.0 4.101928227168089 1
gene  1 8 8 4.825431148107851 1 105.0 4.825431148107851 1
gene  1 13 8 -2.530754258197831 1 110.0 -2.530754258197831 1
gene  1 14 8 17.138786220470987 1 111.0 17.138786220470987 1
gene  1 3 13 14.000416866317241 0 170.0 14.000416866317241 1
gene  1 5 13 -0.9925271812968084 0 172.0 -0.9925271812968084 1
gene  1 7 13 -2.1123836716288924 0 174.0 -2.1123836716288924 1
gene  1 13 13 -1.868121080852517 1 180.0 -1.868121080852517 1
gene  1 2 14 0.9756019433649841 0 183.0 0.9756019433649841 1
gene  1 4 14 4.283735034537788 0 185.0 4.283735034537788 1
gene  1 6 14 5.453801909883328 0 187.0 5.453801909883328 1
gene  1 8 14 1.2864763114665467 0 189.0 1.2864763114665467 1
gene  1 13 14 0.9116210921368666 0 194.0 0.9116210921368666 1
gene  1 2 13 -9.38848349908657 0 213.0 -9.38848349908657 1
gene  1 4 13 -0.6827823795301048 0 230.0 -0.6827823795301048 1
gene  1 13 8 -0.7902166232386523 0 244.0 -0.7902166232386523 1
gene  1 7 14 -0.09338162428997732 0 264.0 -0.09338162428997732 1
gene  1 1 14 -4.689645527266032 0 299.0 -4.689645527266032 1
gene  1 5 14 -3.1119107966159545 0 310.0 -3.1119107966159545 1
gene  1 1 13 -0.8668136994245867 0 311.0 -0.8668136994245867 1
gene  1 13 39 4.413657367782771 0 344.0 4.413657367782771 1
gene  1 39 8 -4.6657687072579925 0 345.0 -4.6657687072579925 0
gene  1 6 13 2.302359695265542 0 348.0 2.302359695265542 1
gene  1 2 42 -0.13730690836215498 0 359.0 -0.13730690836215498 1
gene  1 42 14 -0.5017740604751759 0 360.0 -0.5017740604751759 1
gene  1 13 42 1.9043366564304598 0 366.0 1.9043366564304598 1
gene  1 5 51 2.6379803677889213 0 396.0 2.6379803677889213 1
gene  1 51 14 1.8679410544779493 0 397.0 1.8679410544779493 1
gene  1 6 42 0.33617308471432894 0 423.0 0.33617308471432894 1
gene  1 39 42 -3.3864712895705398 0 426.0 -3.3864712895705398 1
gene  1 51 13 -0.22652371522843984 0 475.0 -0.22652371522843984 1
gene  1 39 14 1.857662441566022 0 476.0 1.857662441566022 1
gene  1 5 39 5.569464887831602 0 485.0 5.569464887831602 1
gene  1 5 68 -1.848026724579292 0 493.0 -1.848026724579292 1
gene  1 68 39 -2.8828889528522077 0 494.0 -2.8828889528522077 1
gene  1 4 51 1.5341617178325575 0 514.0 1.5341617178325575 1
gene  1 39 77 2.5896129684059463 0 528.0 2.5896129684059463 1
gene  1 77 8 -2.5692001976641325 0 529.0 -2.5692001976641325 1
genomeend 6
genomestart  7
trait 1 2.732431393943948 0.0 0.0 0.798512545900133 0.9382603138953756 0.0 1.9280392103089152 0.8152719799274877 
node 1 1 1 1
node 2 1 1 1
node 3 1 1 1
node 4 1 1 1
node 5 1 1 1
node 6 1 1 1
node 7 1 1 3
node 8 1 0 0
node 9 1 0 0
node 10 1 0 0
node 13 1 0 2
node 14 1 0 2
node 28 1 0 0
node 41 1 0 0
node 43 1 0 0
node 47 1 0 0
node 62 1 0 0
gene  1 1 8 -0.7947744852628884 0 98.0 -0.7947744852628884 1
gene  1 3 8 -2.754198397242993 0 100.0 -2.754198397242993 1
gene  1 5 8 -4.417565903626331 0 102.0 -4.417565903626331 1
gene  1 6 8 -4.311448439954051 0 103.0 -4.311448439954051 1
gene  1 8 8 0.8278780666728447 1 105.0 0.8278780666728447 1
gene  1 1 9 0.904494619839444 0 112.0 0.904494619839444 1
gene  1 2 9 3.490434722059258 0 113.0 3.490434722059258 1
gene  1 3 9 4.459487886826503 0 114.0 4.459487886826503 1
gene  1 5 9 3.1979031022522504 0 116.0 3.1979031022522504 1
gene  1 7 9 -0.12342101551842455 0 118.0 -0.12342101551842455 1
gene  1 9 9 1.749796411834192 1 120.0 1.749796411834192 1
gene  1 10 9 7.620040630267885 1 121.0 7.620040630267885 1
gene  1 13 9 2.8935201375306527 1 124.0 2.8935201375306527 1
gene  1 2 10 -2.7497407543601025 0 127.0 -2.7497407543601025 1
gene  1 4 10 0.8272324062440966 0 129.0 0.8272324062440966 1
gene  1 5 10 -1.637526551698822 0 130.0 -1.637526551698822 1
gene  1 8 10 0.6083323615129388 0 133.0 0.6083323615129388 1
gene  1 9 10 10.005533902253665 0 134.0 10.005533902253665 1
gene  1 10 10 -1.3337733272634167 1 135.0 -1.3337733272634167 1
gene  1 13 10 2.5051072295085803 1 138.0 2.5051072295085803 1
gene  1 14 10 -4.886388306661068 1 139.0 -4.886388306661068 1
gene  1 2 13 6.960799934945642 0 169.0 6.960799934945642 1
gene  1 3 13 4.11998459313768 0 170.0 4.11998459313768 1
gene  1 6 13 8.39776064863774 0 173.0 8.39776064863774 1
gene  1 7 13 4.844048612053692 0 174.0 4.844048612053692 1
gene  1 9 13 4.179932276525009 0 176.0 4.179932276525009 1
gene  1 13 13 -1.7086623379425978 1 180.0 -1.7086623379425978 1
gene  1 14 13 10.278928469980466 1 181.0 10.278928469980466 1
gene  1 1 14 0.32421418460047663 0 182.0 0.32421418460047663 1
gene  1 3 14 -1.842269493770938 0 184.0 -1.842269493770938 1
gene  1 9 14 -6.138228338201014 0 190.0 -6.138228338201014 1
gene  1 10 14 -1.6381043121222594 0 191.0 -1.6381043121222594 1
gene  1 8 13 0.5974784897033747 0 207.0 0.5974784897033747 1
gene  1 1 10 -1.0064379277526907 0 226.0 -1.0064379277526907 1
gene  1 6 14 -2.5934050706307437 0 234.0 -2.5934050706307437 1
gene  1 8 28 -1.0938603738496246 1 293.0 -1.0938603738496246 1
gene  1 28 8 0.829949075374893 0 294.0 0.829949075374893 1
gene  1 8 9 -0.06803722377744803 0 328.0 -0.06803722377744803 1
gene  1 8 41 -3.648570479044788 1 357.0 -3.648570479044788 1
gene  1 41 8 -0.017350551157381267 0 358.0 -0.017350551157381267 1
gene  1 14 43 -2.870546329716877 1 364.0 -2.870546329716877 1
gene  1 43 10 3.823258076013076 0 365.0 3.823258076013076 1
gene  1 5 47 6.26370240714824 0 375.0 6.26370240714824 1
gene  1 47 9 0.6199913390617415 0 376.0 0.6199913390617415 1
gene  1 41 14 -1.494858246575814 0 387.0 -1.494858246575814 1
gene  1 4 28 1.8018014192464158 0 419.0 1.8018014192464158 1
gene  1 2 28 -0.21549325826637877 0 429.0 -0.21549325826637877 1
gene  1 1 62 -1.5315264499775847 0 470.0 -1.5315264499775847 1
gene  1 62 9 -1.110135734626419 0 471.0 -1.110135734626419 1
gene  1 8 14 1.3333036615206229 0 484.0 1.3333036615206229 1
gene  1 1 13 -2.129899665672015 0 489.0 -2.129899665672015 1
gene  1 28 10 -0.09138926125846725 0 510.0 -0.09138926125846725 1
gene  1 2 41 0.4587088973730151 0 515.0 0.4587088973730151 1
genomeend 7
genomestart  8
trait 1 2.253994928933568 0.0 0.0 0.798512545900133 0.2898005201194952 0.0 2.6156687235425777 0.8152719799274877 
node 1 1 1 1
node 2 1 1 1
node 3 1 1 1
node 4 1 1 1
node 5 1 1 1
node 6 1 1 1
node 7 1 1 3
node 8 1 0 0
node 9 1 0 0
node 10 1 0 0
node 13 1 0 2
node 14 1 0 2
node 28 1 0 0
node 41 1 0 0
node 43 1 0 0
node 47 1 0 0
node 62 1 0 0
gene  1 1 8 2.1623261480995035 0 98.0 2.1623261480995035 1
gene  1 3 8 -0.34481970545905827 0 100.0 -0.34481970545905827 1
gene  1 5 8 -3.1083131251197944 0 102.0 -3.1083131251197944 1
gene  1 6 8 -1.5219914334240494 0 103.0 -1.5219914334240494 1
gene  1 8 8 -2.7507571820324053 1 105.0 -2.7507571820324053 1
gene  1 1 9 0.2461168101881936 0 112.0 0.2461168101881936 1
gene  1 2 9 1.6167378529631378 0 113.0 1.6167378529631378 1
gene  1 3 9 8.516416013354648 0 114.0 8.516416013354648 1
gene  1 5 9 1.4874945780142577 0 116.0 1.4874945780142577 1
gene  1 7 9 -0.8841635523397404 0 118.0 -0.8841635523397404 1
gene  1 9 9 3.64813877285733 1 120.0 3.64813877285733 1
gene  1 10 9 5.788819252406723 1 121.0 5.788819252406723 1
gene  1 13 9 5.225566766823006 1 124.0 5.225566766823006 1
gene  1 2 10 -2.4445131912446088 0 127.0 -2.4445131912446088 1
gene  1 4 10 -0.17501595355688915 0 129.0 -0.17501595355688915 1
gene  1 5 10 1.2261469270981566 0 130.0 1.2261469270981566 1
gene  1 8 10 -1.2048315409162274 0 133.0 -1.2048315409162274 1
gene  1 9 10 7.295616450254273 0 134.0 7.295616450254273 1
gene  1 10 10 2.1936837439496575 1 135.0 2.1936837439496575 1
gene  1 13 10 1.57470220994307 1 138.0 1.57470220994307 1
gene  1 14 10 -0.1081226315920163 1 139.0 -0.1081226315920163 1
gene  1 2 13 5.540205008525315 0 169.0 5.540205008525315 1
gene  1 3 13 -0.1813669075893194 0 170.0 -0.1813669075893194 1
gene  1 6 13 9.021699664531292 0 173.0 9.021699664531292 1
gene  1 7 13 5.367460390335811 0 174.0 5.367460390335811 1
gene  1 9 13 3.586866715758142 0 176.0 3.586866715758142 1
gene  1 13 13 -1.0990834821830178 1 180.0 -1.0990834821830178 1
gene  1 14 13 6.808150977731534 1 181.0 6.808150977731534 1
gene  1 1 14 -0.9315379000136405 0 182.0 -0.9315379000136405 1
gene  1 3 14 0.17161270540392115 0 184.0 0.17161270540392115 1
gene  1 9 14 -6.910417799633719 0 190.0 -6.910417799633719 1
gene  1 10 14 0.09615974592827992 0 191.0 0.09615974592827992 1
gene  1 8 13 3.644732143905294 0 207.0 3.644732143905294 1
gene  1 1 10 0.3183970966400069 0 226.0 0.3183970966400069 1
gene  1 6 14 0.5046545397574485 0 234.0 0.5046545397574485 1
gene  1 8 28 -0.7721083376268478 1 293.0 -0.7721083376268478 1
gene  1 28 8 2.273732410220694 0 294.0 2.273732410220694 1
gene  1 8 9 2.2024406333219773 0 328.0 2.2024406333219773 1
gene  1 8 41 0.5098459452528687 1 357.0 0.5098459452528687 1
gene  1 41 8 3.6971854074985337 0 358.0 3.6971854074985337 1
gene  1 14 43 -5.124117039420199 1 364.0 -5.124117039420199 1
gene  1 43 10 4.523544025414224 0 365.0 4.523544025414224 1
gene  1 5 47 4.786567459506564 0 375.0 4.786567459506564 1
gene  1 47 9 -3.392112288441454 0 376.0 -3.392112288441454 1
gene  1 41 14 1.8193122061580178 0 387.0 1.8193122061580178 1
gene  1 4 28 4.578266161224921 0 419.0 4.578266161224921 1
gene  1 2 28 -1.078376720845329 0 429.0 -1.078376720845329 1
gene  1 1 62 -1.5315264499775847 0 470.0 -1.5315264499775847 1
gene  1 62 9 1.6734862120693292 0 471.0 1.6734862120693292 1
gene  1 8 14 1.3333036615206229 0 484.0 1.3333036615206229 1
gene  1 1 13 -3.250170418378024 0 489.0 -3.250170418378024 1
gene  1 28 10 0.5355207252748801 0 510.0 0.5355207252748801 1
gene  1 2 41 2.3520104005144375 0 515.0 2.3520104005144375 1
genomeend 8
genomestart  9
trait 1 2.732431393943948 0.0 0.0 0.798512545900133 0.9382603138953756 0.0 1.9280392103089152 0.8152719799274877 
node 1 1 1 1
node 2 1 1 1
node 3 1 1 1
node 4 1 1 1
node 5 1 1 1
node 6 1 1 1
node 7 1 1 3
node 8 1 0 0
node 9 1 0 0
node 10 1 0 0
node 13 1 0 2
node 14 1 0 2
node 28 1 0 0
node 41 1 0 0
node 43 1 0 0
node 47 1 0 0
node 62 1 0 0
gene  1 1 8 3.61401769117714 0 98.0 3.61401769117714 1
gene  1 3 8 -1.251509839824391 0 100.0 -1.251509839824391 1
gene  1 5 8 -4.729877036180877 0 102.0 -4.729877036180877 1
gene  1 6 8 -1.0283608672067888 0 103.0 -1.0283608672067888 1
gene  1 8 8 -1.0712706362537805 1 105.0 -1.0712706362537805 1
gene  1 1 9 0.5242813735247376 0 112.0 0.5242813735247376 1
gene  1 2 9 3.196936360285703 0 113.0 3.196936360285703 1
gene  1 3 9 6.167874692262697 0 114.0 6.167874692262697 1
gene  1 5 9 0.2792263368304275 0 116.0 0.2792263368304275 1
gene  1 7 9 0.3594596391871434 0 118.0 0.3594596391871434 1
gene  1 9 9 3.0529772883264803 1 120.0 3.0529772883264803 1
gene  1 10 9 7.4069289085326835 1 121.0 7.4069289085326835 1
gene  1 13 9 0.9205873557770106 1 124.0 0.9205873557770106 1
gene  1 2 10 -0.9435607288731747 0 127.0 -0.9435607288731747 1
gene  1 4 10 0.8412010953705962 0 129.0 0.8412010953705962 1
gene  1 5 10 0.2840436464067604 0 130.0 0.2840436464067604 1
gene  1 8 10 1.4424994235324482 0 133.0 1.4424994235324482 1
gene  1 9 10 8.018263622550169 0 134.0 8.018263622550169 1
gene  1 10 10 3.373594032229915 1 135.0 3.373594032229915 1
gene  1 13 10 3.392587781664075 1 138.0 3.392587781664075 1
gene  1 14 10 -3.244507149161174 1 139.0 -3.244507149161174 1
gene  1 2 13 4.689067719690408 0 169.0 4.689067719690408 1
gene  1 3 13 1.3633676175323017 0 170.0 1.3633676175323017 1
gene  1 6 13 6.733689758841888 0 173.0 6.733689758841888 1
gene  1 7 13 8.606120672713025 0 174.0 8.606120672713025 1
gene  1 9 13 5.116888714387015 0 176.0 5.116888714387015 1
gene  1 13 13 -3.20429570074022 1 180.0 -3.20429570074022 1
gene  1 14 13 1.802781852084512 1 181.0 1.802781852084512 1
gene  1 1 14 2.5520492315629557 0 182.0 2.5520492315629557 1
gene  1 3 14 -0.1789598842720277 0 184.0 -0.1789598842720277 1
gene  1 9 14 -9.068277245900953 0 190.0 -9.068277245900953 1
gene  1 10 14 -2.2357451161463224 0 191.0 -2.2357451161463224 1
gene  1 8 13 0.22891052692272207 0 207.0 0.22891052692272207 1
gene  1 1 10 -1.125118642144919 0 226.0 -1.125118642144919 1
gene  1 6 14 -1.38614960290651 0 234.0 -1.38614960290651 1
gene  1 8 28 1.2643231720530297 1 293.0 1.2643231720530297 1
gene  1 28 8 -1.7714894644227042 0 294.0 -1.7714894644227042 1
gene  1 8 9 0.6954316836971244 0 328.0 0.6954316836971244 1
gene  1 8 41 -1.5469961925912914 1 357.0 -1.5469961925912914 1
gene  1 41 8 0.2501370944949505 0 358.0 0.2501370944949505 1
gene  1 14 43 -4.10606951429218 1 364.0 -4.10606951429218 1
gene  1 43 10 4.6082108957301156 0 365.0 4.6082108957301156 1
gene  1 5 47 4.867993161901738 0 375.0 4.867993161901738 1
gene  1 47 9 -3.7778702009074108 0 376.0 -3.7778702009074108 1
gene  1 41 14 1.8135885811423038 0 387.0 1.8135885811423038 1
gene  1 4 28 2.02850968045699 0 419.0 2.02850968045699 1
gene  1 2 28 -1.078376720845329 0 429.0 -1.078376720845329 1
gene  1 1 62 2.179074677618353 0 470.0 2.179074677618353 1
gene  1 62 9 4.1488067308315095 0 471.0 4.1488067308315095 1
gene  1 8 14 3.249932739368796 0 484.0 3.249932739368796 1
gene  1 1 13 -3.9960576010318474 0 489.0 -3.9960576010318474 1
gene  1 28 10 0.7122812543128023 0 510.0 0.7122812543128023 1
gene  1 2 41 2.900882704949447 0 515.0 2.900882704949447 1
genomeend 9
genomestart  10
trait 1 0.0 0.0 0.18016573799761848 0.007880455156273225 3.0347432330657154 0.45322605837968266 0.9983210840752836 0.868067118942248 
node 1 1 1 1
node 2 1 1 1
node 3 1 1 1
node 4 1 1 1
node 5 1 1 1
node 6 1 1 1
node 7 1 1 3
node 8 1 0 0
node 13 1 0 2
node 14 1 0 2
node 22 1 0 0
node 25 1 0 0
node 29 1 0 0
node 57 1 0 0
node 65 1 0 0
node 76 1 0 0
gene  1 1 8 5.90155776887189 0 98.0 5.90155776887189 1
gene  1 3 8 -4.264311519636779 0 100.0 -4.264311519636779 1
gene  1 4 8 -3.4578052367794143 0 101.0 -3.4578052367794143 1
gene  1 5 8 -0.2685990485044648 0 102.0 -0.2685990485044648 1
gene  1 6 8 1.7328541915361 0 103.0 1.7328541915361 1
gene  1 8 8 6.161750452673104 1 105.0 6.161750452673104 1
gene  1 1 13 -2.8117604619945746 0 168.0 -2.8117604619945746 1
gene  1 5 13 0.3617523207129294 0 172.0 0.3617523207129294 1
gene  1 13 13 -0.0807846336735083 1 180.0 -0.0807846336735083 1
gene  1 14 13 -1.0201516634987062 1 181.0 -1.0201516634987062 1
gene  1 2 14 2.8660289213845096 0 183.0 2.8660289213845096 1
gene  1 3 14 2.67684993468826 0 184.0 2.67684993468826 1
gene  1 5 14 0.8150817185411732 0 186.0 0.8150817185411732 1
gene  1 7 14 -4.517267843597692 0 188.0 -4.517267843597692 1
gene  1 8 14 0.229337155643613 0 189.0 0.229337155643613 1
gene  1 13 14 -0.2764913145518193 0 194.0 -0.2764913145518193 1
gene  1 2 13 -0.35888804507284955 0 236.0 -0.35888804507284955 1
gene  1 8 22 -1.1186573311718975 0 240.0 -1.1186573311718975 0
gene  1 22 14 -0.23802391175835902 0 241.0 -0.23802391175835902 1
gene  1 1 22 -1.6612379718436148 0 245.0 -1.6612379718436148 1
gene  1 13 8 -2.2104732551752884 0 257.0 -2.2104732551752884 1
gene  1 5 22 2.593781548731484 0 265.0 2.593781548731484 1
gene  1 1 25 -2.3131797048246208 0 279.0 -2.3131797048246208 1
gene  1 25 8 -1.2295635427032767 0 280.0 -1.2295635427032767 1
gene  1 8 29 -3.737424624337441 0 297.0 -3.737424624337441 1
gene  1 29 14 -3.8265008520294157 0 298.0 -3.8265008520294157 1
gene  1 1 14 2.0823097744871193 0 312.0 2.0823097744871193 1
gene  1 2 29 0.592875691710423 0 330.0 0.592875691710423 1
gene  1 5 25 3.71739289099558 0 343.0 3.71739289099558 1
gene  1 6 29 -1.7712229457221937 0 386.0 -1.7712229457221937 1
gene  1 22 29 -1.5249102511081087 0 416.0 -1.5249102511081087 1
gene  1 4 14 3.490859915008493 0 424.0 3.490859915008493 1
gene  1 4 29 1.9984736665260732 0 432.0 1.9984736665260732 1
gene  1 8 57 4.648326240108667 0 437.0 4.648326240108667 1
gene  1 57 14 3.4136358671569513 0 438.0 3.4136358671569513 1
gene  1 3 22 0.10454133211618921 0 440.0 0.10454133211618921 1
gene  1 2 25 6.0162694821985285 0 455.0 6.0162694821985285 1
gene  1 1 65 -0.9646151240920846 0 481.0 -0.9646151240920846 1
gene  1 65 25 -1.4632063940174311 0 482.0 -1.4632063940174311 1
gene  1 8 76 -1.7416351439528335 0 525.0 -1.7416351439528335 1
gene  1 76 22 -0.7620913289269708 0 526.0 -0.7620913289269708 1
genomeend 10
genomestart  11
trait 1 0.0 0.0 0.18016573799761848 0.007880455156273225 3.0347432330657154 0.45322605837968266 0.9983210840752836 0.868067118942248 
node 1 1 1 1
node 2 1 1 1
node 3 1 1 1
node 4 1 1 1
node 5 1 1 1
node 6 1 1 1
node 7 1 1 3
node 8 1 0 0
node 13 1 0 2
node 14 1 0 2
node 22 1 0 0
node 25 1 0 0
node 29 1 0 0
node 57 1 0 0
node 65 1 0 0
node 76 1 0 0
gene  1 1 8 6.5554625672331905 0 98.0 6.5554625672331905 1
gene  1 3 8 -2.9645813189135968 0 100.0 -2.9645813189135968 1
gene  1 4 8 -3.4691871053900303 0 101.0 -3.4691871053900303 1
gene  1 5 8 0.6317834013474405 0 102.0 0.6317834013474405 1
gene  1 6 8 -0.33079791164936134 0 103.0 -0.33079791164936134 1
gene  1 8 8 6.17777210066491 1 105.0 6.17777210066491 1
gene  1 1 13 -1.8091661003248471 0 168.0 -1.8091661003248471 1
gene  1 5 13 -1.8402548693960676 0 172.0 -1.8402548693960676 1
gene  1 13 13 -0.27537823526970434 1 180.0 -0.27537823526970434 1
gene  1 14 13 0.3111790530020658 1 181.0 0.3111790530020658 1
gene  1 2 14 1.8994509588279347 0 183.0 1.8994509588279347 1
gene  1 3 14 1.9935563050897398 0 184.0 1.9935563050897398 1
gene  1 5 14 2.418999351138057 0 186.0 2.418999351138057 1
gene  1 7 14 -2.685818020008924 0 188.0 -2.685818020008924 1
gene  1 8 14 -1.6984269529359592 0 189.0 -1.6984269529359592 1
gene  1 13 14 0.9357172556807858 0 194.0 0.9357172556807858 1
gene  1 2 13 1.4292869615477621 0 236.0 1.4292869615477621 1
gene  1 8 22 -1.7086885055378411 0 240.0 -1.7086885055378411 1
gene  1 22 14 0.5632764991838677 0 241.0 0.5632764991838677 1
gene  1 1 22 -2.0559083333038246 0 245.0 -2.0559083333038246 1
gene  1 13 8 0.1384078276900138 0 257.0 0.1384078276900138 1
gene  1 5 22 4.251820867283525 0 265.0 4.251820867283525 1
gene  1 1 25 -1.106238748568468 0 279.0 -1.106238748568468 1
gene  1 25 8 0.4899733768642227 0 280.0 0.4899733768642227 1
gene  1 8 29 -3.2037098860931237 0 297.0 -3.2037098860931237 1
gene  1 29 14 -2.149816292781455 0 298.0 -2.149816292781455 1
gene  1 1 14 1.2215759149234562 0 312.0 1.2215759149234562 1
gene  1 2 29 -0.8412272067442157 0 330.0 -0.8412272067442157 1
gene  1 5 25 4.928007927311226 0 343.0 4.928007927311226 1
gene  1 6 29 -0.9758313641669165 0 386.0 -0.9758313641669165 1
gene  1 22 29 0.23855757188625182 0 416.0 0.23855757188625182 1
gene  1 4 14 1.5103233992024787 0 424.0 1.5103233992024787 1
gene  1 4 29 2.001976937936801 0 432.0 2.001976937936801 1
gene  1 8 57 4.648326240108667 0 437.0 4.648326240108667 1
gene  1 57 14 2.405117718032932 0 438.0 2.405117718032932 1
gene  1 3 22 -1.919497826832253 0 440.0 -1.919497826832253 1
gene  1 2 25 6.0162694821985285 0 455.0 6.0162694821985285 1
gene  1 1 65 0.5220807844652635 0 481.0 0.5220807844652635 1
gene  1 65 25 -1.4632063940174311 0 482.0 -1.4632063940174311 1
gene  1 8 76 -1.7416351439528335 0 525.0 -1.7416351439528335 1
gene  1 76 22 -0.7620913289269708 0 526.0 -0.7620913289269708 1
genomeend 11
genomestart  12
trait 1 1.9492969961009945 0.0 0.4289699328456915 1.1835456827051778 0.0 0.7294252873384013 0.042201429445747896 0.0 
node 1 1 1 1
node 2 1 1 1
node 3 1 1 1
node 4 1 1 1
node 5 1 1 1
node 6 1 1 1
node 7 1 1 3
node 13 1 0 2
node 14 1 0 2
node 49 1 0 0
node 73 1 0 0
gene  1 1 13 -3.5989891180037783 0 168.0 -3.5989891180037783 1
gene  1 2 13 6.1218790256898625 0 169.0 6.1218790256898625 1
gene  1 3 13 0.17956761584534497 0 170.0 0.17956761584534497 1
gene  1 4 13 0.810810104350595 0 171.0 0.810810104350595 1
gene  1 5 13 -1.103718454240378 0 172.0 -1.103718454240378 1
gene  1 6 13 -1.5745669747052717 0 173.0 -1.5745669747052717 1
gene  1 7 13 0.624170762898183 0 174.0 0.624170762898183 1
gene  1 14 13 -2.5255393087388356 1 181.0 -2.5255393087388356 1
gene  1 1 14 0.2250675858239215 0 182.0 0.2250675858239215 1
gene  1 2 14 0.3146473922214579 0 183.0 0.3146473922214579 1
gene  1 3 14 3.3676125870588063 0 184.0 3.3676125870588063 1
gene  1 13 14 0.6884353497478732 0 194.0 0.6884353497478732 1
gene  1 14 14 -0.8672337143449942 1 195.0 -0.8672337143449942 1
gene  1 7 14 2.063145513555439 0 273.0 2.063145513555439 1
gene  1 4 14 1.2970258534022854 0 283.0 1.2970258534022854 1
gene  1 5 14 -1.7619636343562748 0 303.0 -1.7619636343562748 1
gene  1 6 14 -1.2503181960747352 0 307.0 -1.2503181960747352 1
gene  1 3 49 -0.6065135984950976 0 389.0 -0.6065135984950976 1
gene  1 49 13 -0.8666393429465169 0 390.0 -0.8666393429465169 1
gene  1 5 49 1.0457802601430088 0 403.0 1.0457802601430088 1
gene  1 1 49 -6.672222886317099 0 430.0 -6.672222886317099 1
gene  1 7 49 6.177728631658467 0 456.0 6.177728631658467 1
gene  1 4 49 -3.092864630217549 0 495.0 -3.092864630217549 1
gene  1 6 73 4.190668493442806 0 508.0 4.190668493442806 1
gene  1 73 13 -0.9590112591656035 0 509.0 -0.9590112591656035 1
genomeend 12
genomestart  13
trait 1 1.9492969961009945 0.0 0.4289699328456915 1.1835456827051778 0.0 0.7294252873384013 0.042201429445747896 0.0 
node 1 1 1 1
node 2 1 1 1
node 3 1 1 1
node 4 1 1 1
node 5 1 1 1
node 6 1 1 1
node 7 1 1 3
node 13 1 0 2
node 14 1 0 2
node 49 1 0 0
node 73 1 0 0
gene  1 1 13 2.183658691299191 0 168.0 2.183658691299191 1
gene  1 2 13 6.1218790256898625 0 169.0 6.1218790256898625 1
gene  1 3 13 1.2073774929624745 0 170.0 1.2073774929624745 1
gene  1 4 13 1.1021231884353289 0 171.0 1.1021231884353289 1
gene  1 5 13 0.9690627401240972 0 172.0 0.9690627401240972 1
gene  1 6 13 -2.1002295433507583 0 173.0 -2.1002295433507583 1
gene  1 7 13 -0.9554674898550006 0 174.0 -0.9554674898550006 1
gene  1 14 13 -0.981810817952391 1 181.0 -0.981810817952391 1
gene  1 1 14 -2.179930037371114 0 182.0 -2.179930037371114 1
gene  1 2 14 1.8958479219185655 0 183.0 1.8958479219185655 1
gene  1 3 14 2.8329730894279304 0 184.0 2.8329730894279304 1
gene  1 13 14 2.827040139926317 0 194.0 2.827040139926317 1
gene  1 14 14 0.21591156290623958 1 195.0 0.21591156290623958 1
gene  1 7 14 1.560966825579855 0 273.0 1.560966825579855 1
gene  1 4 14 0.040615476437706466 0 283.0 0.040615476437706466 1
gene  1 5 14 -2.5763059692496286 0 303.0 -2.5763059692496286 1
gene  1 6 14 -1.9230803847940654 0 307.0 -1.9230803847940654 1
gene  1 3 49 1.7244080229578733 0 389.0 1.7244080229578733 1
gene  1 49 13 -1.309098134501663 0 390.0 -1.309098134501663 1
gene  1 5 49 3.431230888309849 0 403.0 3.431230888309849 1
gene  1 1 49 1.8470888459631185 0 430.0 1.8470888459631185 1
gene  1 7 49 5.769173150487757 0 456.0 5.769173150487757 1
gene  1 4 49 -2.879790795520417 0 495.0 -2.879790795520417 1
gene  1 6 73 2.07277013913954 0 508.0 2.07277013913954 1
gene  1 73 13 -0.9590112591656035 0 509.0 -0.9590112591656035 1
genomeend 13
genomestart  14
trait 1 0.04702751910613956 0.5319433208524987 0.8875428902212121 1.1036226464327767 0.10522835245191364 0.39032959932087685 0.0 0.0 
node 1 1 1 1
node 2 1 1 1
node 3 1 1 1
node 4 1 1 1
node 5 1 1 1
node 6 1 1 1
node 7 1 1 3
node 8 1 0 0
node 9 1 0 0
node 13 1 0 2
node 14 1 0 2
node 20 1 0 0
node 56 1 0 0
node 60 1 0 0
node 79 1 0 0
gene  1 1 8 0.8410671125813396 0 98.0 0.8410671125813396 1
gene  1 2 8 -0.4788671623458407 0 99.0 -0.4788671623458407 1
gene  1 3 8 1.260692449032196 0 100.0 1.260692449032196 1
gene  1 6 8 -9.51701622476845 0 103.0 -9.51701622476845 1
gene  1 8 8 -2.174175623331051 1 105.0 -2.174175623331051 1
gene  1 9 8 -5.201353735043114 1 106.0 -5.201353735043114 1
gene  1 13 8 -4.020066214243478 1 110.0 -4.020066214243478 1
gene  1 14 8 0.25925294996040377 1 111.0 0.25925294996040377 1
gene  1 1 9 2.468901289116575 0 112.0 2.468901289116575 1
gene  1 4 9 -3.57948804965677 0 115.0 -3.57948804965677 1
gene  1 5 9 0.16791534363817884 0 116.0 0.16791534363817884 1
gene  1 7 9 5.1372194564336775 0 118.0 5.1372194564336775 1
gene  1 9 9 -1.277969012536573 1 120.0 -1.277969012536573 1
gene  1 14 9 -1.795475617402417 1 125.0 -1.795475617402417 1
gene  1 2 13 1.3186265447334407 0 169.0 1.3186265447334407 1
gene  1 5 13 1.128974269870668 0 172.0 1.128974269870668 1
gene  1 8 13 2.8888544514199634 0 175.0 2.8888544514199634 1
gene  1 1 14 -1.9738367489283288 0 182.0 -1.9738367489283288 1
gene  1 2 14 8.2793558660969 0 183.0 8.2793558660969 1
gene  1 3 14 0.9571354412415718 0 184.0 0.9571354412415718 1
gene  1 6 14 0.35072243974898276 0 187.0 0.35072243974898276 1
gene  1 13 14 3.1715487156628233 0 194.0 3.1715487156628233 1
gene  1 14 14 3.9334514273594885 1 195.0 3.9334514273594885 1
gene  1 5 8 -0.2559863041596058 0 202.0 -0.2559863041596058 1
gene  1 4 13 -3.5761816820808496 0 220.0 -3.5761816820808496 1
gene  1 1 20 -1.8577981763993225 0 231.0 -1.8577981763993225 1
gene  1 20 14 4.797962641070502 0 232.0 4.797962641070502 1
gene  1 1 13 -2.508127886949019 0 329.0 -2.508127886949019 1
gene  1 13 20 2.9804574584909793 0 337.0 2.9804574584909793 0
gene  1 4 20 1.5271444546896553 0 339.0 1.5271444546896553 1
gene  1 9 8 -1.4225460302793809 0 404.0 -1.4225460302793809 1
gene  1 8 14 -0.5042835695616019 0 410.0 -0.5042835695616019 1
gene  1 5 56 0.3546103416485551 0 434.0 0.3546103416485551 1
gene  1 56 8 -2.3136131446530657 0 435.0 -2.3136131446530657 1
gene  1 2 9 -0.8713141826604787 0 448.0 -0.8713141826604787 1
gene  1 3 60 0.8707997133538881 0 458.0 0.8707997133538881 1
gene  1 60 8 -1.7933600152799878 0 459.0 -1.7933600152799878 1
gene  1 1 60 3.6897941581651152 0 479.0 3.6897941581651152 1
gene  1 7 56 -4.993847003734361 0 520.0 -4.993847003734361 1
gene  1 13 79 1.0 0 537.0 0.0 1
gene  1 79 20 2.9804574584909793 0 538.0 0.0 1
genomeend 14
genomestart  15
trait 1 0.04702751910613956 0.0 0.8875428902212121 1.1036226464327767 0.1979243287648812 0.5151127907424252 0.0 0.0 
node 1 1 1 1
node 2 1 1 1
node 3 1 1 1
node 4 1 1 1
node 5 1 1 1
node 6 1 1 1
node 7 1 1 3
node 8 1 0 0
node 9 1 0 0
node 13 1 0 2
node 14 1 0 2
node 20 1 0 0
node 56 1 0 0
node 60 1 0 0
gene  1 1 8 2.9152329233569976 0 98.0 2.9152329233569976 1
gene  1 2 8 -1.466056781483719 0 99.0 -1.466056781483719 1
gene  1 3 8 3.056590212792842 0 100.0 3.056590212792842 1
gene  1 6 8 -10.584576264777036 0 103.0 -10.584576264777036 1
gene  1 8 8 -3.6243936062329114 1 105.0 -3.6243936062329114 1
gene  1 9 8 -6.861904773591304 1 106.0 -6.861904773591304 1
gene  1 13 8 -2.250198344428982 1 110.0 -2.250198344428982 1
gene  1 14 8 -0.5068318951669859 1 111.0 -0.5068318951669859 1
gene  1 1 9 3.1454262000229427 0 112.0 3.1454262000229427 1
gene  1 4 9 -2.6384630525791013 0 115.0 -2.6384630525791013 1
gene  1 5 9 0.5408454581174953 0 116.0 0.5408454581174953 1
gene  1 7 9 3.6925059006158856 0 118.0 3.6925059006158856 1
gene  1 9 9 -0.2764611729972921 1 120.0 -0.2764611729972921 1
gene  1 14 9 -2.517547512076201 1 125.0 -2.517547512076201 1
gene  1 2 13 1.4585068116114739 0 169.0 1.4585068116114739 1
gene  1 5 13 -0.7566096429324065 0 172.0 -0.7566096429324065 1
gene  1 8 13 4.352749595345072 0 175.0 4.352749595345072 1
gene  1 1 14 -3.6587547840214922 0 182.0 -3.6587547840214922 1
gene  1 2 14 10.197810307912805 0 183.0 10.197810307912805 1
gene  1 3 14 0.014876576996284196 0 184.0 0.014876576996284196 1
gene  1 6 14 -0.8052253851145543 0 187.0 -0.8052253851145543 1
gene  1 13 14 1.0624456043156854 0 194.0 1.0624456043156854 1
gene  1 14 14 5.176092926322451 1 195.0 5.176092926322451 1
gene  1 5 8 1.4408968503739572 0 202.0 1.4408968503739572 1
gene  1 4 13 -1.4488336322286712 0 220.0 -1.4488336322286712 1
gene  1 1 20 0.5831223629063103 0 231.0 0.5831223629063103 1
gene  1 20 14 2.9216958751302773 0 232.0 2.9216958751302773 1
gene  1 1 13 -3.295396712614315 0 329.0 -3.295396712614315 1
gene  1 13 20 4.159800304733914 0 337.0 4.159800304733914 1
gene  1 4 20 0.3971940560147196 0 339.0 0.3971940560147196 1
gene  1 9 8 -3.647511281337935 0 404.0 -3.647511281337935 1
gene  1 8 14 0.8055281440857402 0 410.0 0.8055281440857402 1
gene  1 5 56 0.3546103416485551 0 434.0 0.3546103416485551 1
gene  1 56 8 -2.3136131446530657 0 435.0 -2.3136131446530657 1
gene  1 2 9 -2.6753840885743134 0 448.0 -2.6753840885743134 1
gene  1 3 60 -1.6282705415462375 0 458.0 -1.6282705415462375 1
gene  1 60 8 -3.5735121778450596 0 459.0 -3.5735121778450596 1
gene  1 1 60 3.6897941581651152 0 479.0 3.6897941581651152 1
gene  1 7 56 -5.5815703464616355 0 520.0 -5.5815703464616355 1
genomeend 15
genomestart  16
trait 1 0.04702751910613956 0.5319433208524987 0.8875428902212121 1.1036226464327767 0.10522835245191364 0.39032959932087685 0.0 0.0 
node 1 1 1 1
node 2 1 1 1
node 3 1 1 1
node 4 1 1 1
node 5 1 1 1
node 6 1 1 1
node 7 1 1 3
node 8 1 0 0
node 9 1 0 0
node 13 1 0 2
node 14 1 0 2
node 20 1 0 0
node 56 1 0 0
node 60 1 0 0
gene  1 1 8 1.6360813976054804 0 98.0 1.6360813976054804 1
gene  1 2 8 0.8115732565534064 0 99.0 0.8115732565534064 1
gene  1 3 8 0.22451443201054605 0 100.0 0.22451443201054605 1
gene  1 6 8 -10.849885680889281 0 103.0 -10.849885680889281 1
gene  1 8 8 -3.2514692938983347 1 105.0 -3.2514692938983347 1
gene  1 9 8 -2.8999896707759234 1 106.0 -2.8999896707759234 1
gene  1 13 8 -4.834128639374038 1 110.0 -4.834128639374038 1
gene  1 14 8 0.5507397599668571 1 111.0 0.5507397599668571 1
gene  1 1 9 0.34146783273490966 0 112.0 0.34146783273490966 1
gene  1 4 9 -2.047770350787101 0 115.0 -2.047770350787101 1
gene  1 5 9 1.8692164454484363 0 116.0 1.8692164454484363 1
gene  1 7 9 2.853990910170475 0 118.0 2.853990910170475 1
gene  1 9 9 0.03975504026874743 1 120.0 0.03975504026874743 1
gene  1 14 9 -0.9021553709394577 1 125.0 -0.9021553709394577 1
gene  1 2 13 -1.036845057714305 0 169.0 -1.036845057714305 1
gene  1 5 13 -1.0625384603079544 0 172.0 -1.0625384603079544 1
gene  1 8 13 1.75549240924776 0 175.0 1.75549240924776 1
gene  1 1 14 -1.2526969188491597 0 182.0 -1.2526969188491597 1
gene  1 2 14 2.2230038551739786 0 183.0 2.2230038551739786 1
gene  1 3 14 0.9126750290418688 0 184.0 0.9126750290418688 1
gene  1 6 14 0.2335875858496142 0 187.0 0.2335875858496142 1
gene  1 13 14 3.275493707897197 0 194.0 3.275493707897197 1
gene  1 14 14 1.9970618530878521 1 195.0 1.9970618530878521 1
gene  1 5 8 2.035792099380035 0 202.0 2.035792099380035 1
gene  1 4 13 -5.278582624995604 0 220.0 -5.278582624995604 1
gene  1 1 20 -1.486291000994684 0 231.0 -1.486291000994684 1
gene  1 20 14 3.147600719810121 0 232.0 3.147600719810121 1
gene  1 1 13 -2.344145572814518 0 329.0 -2.344145572814518 1
gene  1 13 20 1.3705722928197024 0 337.0 1.3705722928197024 1
gene  1 4 20 2.682316005910101 0 339.0 2.682316005910101 1
gene  1 9 8 -3.5462504857154493 0 404.0 -3.5462504857154493 1
gene  1 8 14 -1.6285674194625963 0 410.0 -1.6285674194625963 1
gene  1 5 56 0.16286205279896926 0 434.0 0.16286205279896926 1
gene  1 56 8 -0.2963170144349889 0 435.0 -0.2963170144349889 1
gene  1 2 9 0.9798644217231196 0 448.0 0.9798644217231196 1
gene  1 3 60 -1.4474112011035838 0 458.0 -1.4474112011035838 1
gene  1 60 8 0.4770588618871612 0 459.0 0.4770588618871612 1
gene  1 1 60 3.56696518087279 0 479.0 3.56696518087279 1
gene  1 7 56 -5.823120913208369 0 520.0 -5.823120913208369 1
genomeend 16
genomestart  17
trait 1 0.0 0.13288052470053657 2.0400788442298796 0.0 0.9774676473893938 0.5916859962196944 0.0 0.0 
node 1 1 1 1
node 2 1 1 1
node 3 1 1 1
node 4 1 1 1
node 5 1 1 1
node 6 1 1 1
node 7 1 1 3
node 13 1 0 2
node 14 1 0 2
node 45 1 0 0
node 71 1 0 0
gene  1 1 13 2.295639949052076 0 168.0 2.295639949052076 1
gene  1 2 13 -2.82800247310164 0 169.0 -2.82800247310164 1
gene  1 5 13 -5.690682406369222 0 172.0 -5.690682406369222 1
gene  1 6 13 -3.187060367706903 0 173.0 -3.187060367706903 1
gene  1 7 13 -2.0582227561206534 0 174.0 -2.0582227561206534 1
gene  1 3 14 5.057610986401475 0 184.0 5.057610986401475 1
gene  1 4 14 -0.9640327499701211 0 185.0 -0.9640327499701211 1
gene  1 7 14 1.0719513332871191 0 188.0 1.0719513332871191 1
gene  1 13 14 -6.159778970732445 0 194.0 -6.159778970732445 1
gene  1 14 14 1.378164010818851 1 195.0 1.378164010818851 1
gene  1 4 13 -1.5473678187612845 0 235.0 -1.5473678187612845 1
gene  1 1 14 -4.035999817732311 0 242.0 -4.035999817732311 1
gene  1 5 14 6.966015240182367 0 319.0 6.966015240182367 1
gene  1 1 45 -1.3033300712604117 0 370.0 -1.3033300712604117 1
gene  1 45 13 3.436466530500289 0 371.0 3.436466530500289 1
gene  1 4 45 -0.7013948745524358 0 497.0 -0.7013948745524358 1
gene  1 6 71 1.996780580888893 0 502.0 1.996780580888893 1
gene  1 71 13 2.749053353544299 0 503.0 2.749053353544299 1
gene  1 45 71 3.31168421330747 0 534.0 3.31168421330747 1
genomeend 17
genomestart  18
trait 1 0.0 0.13288052470053657 2.0400788442298796 0.0 0.9774676473893938 0.5916859962196944 0.0 0.0 
node 1 1 1 1
node 2 1 1 1
node 3 1 1 1
node 4 1 1 1
node 5 1 1 1
node 6 1 1 1
node 7 1 1 3
node 13 1 0 2
node 14 1 0 2
node 45 1 0 0
node 71 1 0 0
gene  1 1 13 -1.6380858898346486 0 168.0 -1.6380858898346486 1
gene  1 2 13 -2.82800247310164 0 169.0 -2.82800247310164 1
gene  1 5 13 -6.4689994482747615 0 172.0 -6.4689994482747615 1
gene  1 6 13 -1.5865299942071402 0 173.0 -1.5865299942071402 1
gene  1 7 13 -0.6025585012431913 0 174.0 -0.6025585012431913 1
gene  1 3 14 7.1588170311769375 0 184.0 7.1588170311769375 1
gene  1 4 14 -2.994808531436169 0 185.0 -2.994808531436169 1
gene  1 7 14 1.03228222440782 0 188.0 1.03228222440782 1
gene  1 13 14 -5.391841059334115 0 194.0 -5.391841059334115 1
gene  1 14 14 -1.0688549769015072 1 195.0 -1.0688549769015072 1
gene  1 4 13 -1.4057469132665006 0 235.0 -1.4057469132665006 1
gene  1 1 14 -1.6087393093982534 0 242.0 -1.6087393093982534 1
gene  1 5 14 6.966015240182367 0 319.0 6.966015240182367 1
gene  1 1 45 0.8852710903644243 0 370.0 0.8852710903644243 1
gene  1 45 13 2.3670655333349426 0 371.0 2.3670655333349426 1
gene  1 4 45 0.7721381835221518 0 497.0 0.7721381835221518 1
gene  1 6 71 0.7885422029482502 0 502.0 0.7885422029482502 1
gene  1 71 13 2.0203222149069475 0 503.0 2.0203222149069475 1
gene  1 45 71 3.31168421330747 0 534.0 3.31168421330747 1
gene  1 3 13 7.21343874062586 0 535.0 7.21343874062586 1
genomeend 18
genomestart  19
trait 1 0.0 0.13288052470053657 2.0400788442298796 0.0 0.9774676473893938 0.5916859962196944 0.0 0.0 
node 1 1 1 1
node 2 1 1 1
node 3 1 1 1
node 4 1 1 1
node 5 1 1 1
node 6 1 1 1
node 7 1 1 3
node 13 1 0 2
node 14 1 0 2
node 45 1 0 0
node 71 1 0 0
gene  1 1 13 -1.6380858898346486 0 168.0 -1.6380858898346486 1
gene  1 2 13 -2.82800247310164 0 169.0 -2.82800247310164 1
gene  1 5 13 -6.4689994482747615 0 172.0 -6.4689994482747615 1
gene  1 6 13 -1.5865299942071402 0 173.0 -1.5865299942071402 1
gene  1 7 13 -0.6025585012431913 0 174.0 -0.6025585012431913 1
gene  1 3 14 7.1588170311769375 0 184.0 7.1588170311769375 1
gene  1 4 14 -2.994808531436169 0 185.0 -2.994808531436169 1
gene  1 7 14 1.03228222440782 0 188.0 1.03228222440782 1
gene  1 13 14 -5.391841059334115 0 194.0 -5.391841059334115 1
gene  1 14 14 -1.0688549769015072 1 195.0 -1.0688549769015072 1
gene  1 4 13 -1.4057469132665006 0 235.0 -1.4057469132665006 1
gene  1 1 14 -1.6087393093982534 0 242.0 -1.6087393093982534 1
gene  1 5 14 6.966015240182367 0 319.0 6.966015240182367 1
gene  1 1 45 0.8852710903644243 0 370.0 0.8852710903644243 1
gene  1 45 13 2.3670655333349426 0 371.0 2.3670655333349426 1
gene  1 4 45 0.7721381835221518 0 497.0 0.7721381835221518 1
gene  1 6 71 0.7885422029482502 0 502.0 0.7885422029482502 1
gene  1 71 13 2.0203222149069475 0 503.0 2.0203222149069475 1
gene  1 45 71 3.31168421330747 0 534.0 3.31168421330747 1
gene  1 3 45 6.82198629944823 0 536.0 6.82198629944823 1
genomeend 19
