genomestart  0
trait 1 0.12236385032328645 0.7740871510987878 0.0 1.2348572107762614 0.0 1.3168578850843018 1.0590140864502917 1.2664732725793504 
node 1 1 1 1
node 2 1 1 1
node 3 1 1 1
node 4 1 1 1
node 5 1 1 1
node 6 1 1 1
node 7 1 1 3
node 13 1 0 2
node 14 1 0 2
node 33 1 0 0
node 48 1 0 0
node 55 1 0 0
node 61 1 0 0
gene  1 2 13 2.4017575331724226 0 169.0 2.4017575331724226 1
gene  1 3 13 -2.429825124857179 0 170.0 -2.429825124857179 1
gene  1 4 13 -0.5031333802166147 0 171.0 -0.5031333802166147 1
gene  1 6 13 -1.1794857161997183 0 173.0 -1.1794857161997183 1
gene  1 7 13 0.5686349283323493 0 174.0 0.5686349283323493 1
gene  1 13 13 0.047332956006412796 1 180.0 0.047332956006412796 1
gene  1 1 14 -0.5500624101921552 0 182.0 -0.5500624101921552 1
gene  1 2 14 -1.3186875766394774 0 183.0 -1.3186875766394774 1
gene  1 5 14 -4.615238088068846 0 186.0 -4.615238088068846 1
gene  1 6 14 5.531435201306964 0 187.0 5.531435201306964 1
gene  1 7 14 -7.798202076695443 0 188.0 -7.798202076695443 1
gene  1 13 14 -4.436005559560851 0 194.0 -4.436005559560851 1
gene  1 14 14 -2.2609941851452104 1 195.0 -2.2609941851452104 1
gene  1 4 14 3.507029046081876 0 196.0 3.507029046081876 1
gene  1 1 13 -9.68122469363943 0 216.0 -9.68122469363943 1
gene  1 1 33 1.4103652554888977 0 313.0 1.4103652554888977 1
gene  1 33 14 -3.71780518276227 0 314.0 -3.71780518276227 1
gene  1 14 48 -2.09523316963411 1 379.0 -2.09523316963411 1
gene  1 48 14 0.4410098557057667 0 380.0 0.4410098557057667 1
gene  1 48 33 0.7715587481160477 0 381.0 0.7715587481160477 1
gene  1 4 33 2.1816255067450907 0 384.0 2.1816255067450907 1
gene  1 13 55 -4.072696586936636 0 407.0 -4.072696586936636 1
gene  1 55 14 2.226329812648452 0 408.0 2.226329812648452 1
gene  1 2 33 -7.66005485547858 0 425.0 -7.66005485547858 1
gene  1 13 33 3.4334177377361477 0 427.0 3.4334177377361477 1
gene  1 5 13 0.583631540841186 0 436.0 0.583631540841186 1
gene  1 7 33 8.110070779983891 0 465.0 8.110070779983891 1
gene  1 2 61 -5.055665094861183 0 466.0 -5.055665094861183 1
gene  1 61 33 2.7140127433863963 0 467.0 2.7140127433863963 1
genomeend 0
genomestart  1
trait 1 0.12236385032328645 0.7740871510987878 0.0 1.2348572107762614 0.0 1.3168578850843018 1.0590140864502917 1.2664732725793504 
node 1 1 1 1
node 2 1 1 1
node 3 1 1 1
node 4 1 1 1
node 5 1 1 1
node 6 1 1 1
node 7 1 1 3
node 13 1 0 2
node 14 1 0 2
node 33 1 0 0
node 48 1 0 0
node 55 1 0 0
node 61 1 0 0
gene  1 2 13 2.4017575331724226 0 169.0 2.4017575331724226 1
gene  1 3 13 -2.429825124857179 0 170.0 -2.429825124857179 1
gene  1 4 13 -0.5031333802166147 0 171.0 -0.5031333802166147 1
gene  1 6 13 -1.1794857161997183 0 173.0 -1.1794857161997183 1
gene  1 7 13 0.5686349283323493 0 174.0 0.5686349283323493 1
gene  1 13 13 0.047332956006412796 1 180.0 0.047332956006412796 1
gene  1 1 14 -0.5500624101921552 0 182.0 -0.5500624101921552 1
gene  1 2 14 -1.3186875766394774 0 183.0 -1.3186875766394774 1
gene  1 5 14 -4.615238088068846 0 186.0 -4.615238088068846 1
gene  1 6 14 5.531435201306964 0 187.0 5.531435201306964 1
gene  1 7 14 -7.798202076695443 0 188.0 -7.798202076695443 1
gene  1 13 14 -4.436005559560851 0 194.0 -4.436005559560851 1
gene  1 14 14 -2.2609941851452104 1 195.0 -2.2609941851452104 1
gene  1 4 14 3.507029046081876 0 196.0 3.507029046081876 1
gene  1 1 13 -9.68122469363943 0 216.0 -9.68122469363943 1
gene  1 1 33 1.4103652554888977 0 313.0 1.4103652554888977 1
gene  1 33 14 -3.71780518276227 0 314.0 -3.71780518276227 1
gene  1 14 48 -2.09523316963411 1 379.0 -2.09523316963411 1
gene  1 48 14 0.4410098557057667 0 380.0 0.4410098557057667 1
gene  1 48 33 0.7715587481160477 0 381.0 0.7715587481160477 1
gene  1 4 33 2.1816255067450907 0 384.0 2.1816255067450907 1
gene  1 13 55 -4.072696586936636 0 407.0 -4.072696586936636 1
gene  1 55 14 2.226329812648452 0 408.0 2.226329812648452 1
gene  1 2 33 -7.66005485547858 0 425.0 -7.66005485547858 1
gene  1 13 33 3.4334177377361477 0 427.0 3.4334177377361477 1
gene  1 5 13 0.583631540841186 0 436.0 0.583631540841186 1
gene  1 7 33 8.110070779983891 0 465.0 8.110070779983891 1
gene  1 2 61 -5.055665094861183 0 466.0 -5.055665094861183 1
gene  1 61 33 2.7140127433863963 0 467.0 2.7140127433863963 1
gene  1 5 55 1.4081123186323696 0 581.0 1.4081123186323696 1
genomeend 1
genomestart  2
trait 1 0.26937214532678067 0.0 1.896310652799719 1.0664206773141058 1.8651080668398228 0.9057529697611906 1.2186392275033897 1.6429921308966946 
node 1 1 1 1
node 2 1 1 1
node 3 1 1 1
node 4 1 1 1
node 5 1 1 1
node 6 1 1 1
node 7 1 1 3
node 13 1 0 2
node 14 1 0 2
node 21 1 0 0
node 24 1 0 0
node 34 1 0 0
node 67 1 0 0
node 72 1 0 0
node 78 1 0 0
gene  1 1 13 9.188637249697608 0 168.0 9.188637249697608 0
gene  1 4 13 -1.8596531074575129 0 171.0 -1.8596531074575129 1
gene  1 5 13 -3.340599548222995 0 172.0 -3.340599548222995 1
gene  1 7 13 -3.7900566056119196 0 174.0 -3.7900566056119196 1
gene  1 13 13 -5.007586998181936 1 180.0 -5.007586998181936 1
gene  1 2 14 1.3834415899668062 0 183.0 1.3834415899668062 1
gene  1 3 14 1.009487570904477 0 184.0 1.009487570904477 1
gene  1 6 14 1.81842880638856 0 187.0 1.81842880638856 1
gene  1 13 14 -3.8521919680044623 0 194.0 -3.8521919680044623 1
gene  1 14 14 0.32229903592369513 1 195.0 0.32229903592369513 1
gene  1 6 13 0.5836108525119779 0 205.0 0.5836108525119779 1
gene  1 5 14 -2.4866947634055947 0 223.0 -2.4866947634055947 1
gene  1 3 13 1.359569236367066 0 229.0 1.359569236367066 1
gene  1 2 13 3.8212177502408378 0 233.0 3.8212177502408378 1
gene  1 1 21 19.614721962643628 0 238.0 19.614721962643628 1
gene  1 21 13 -0.7107569909118685 0 239.0 -0.7107569909118685 1
gene  1 5 21 2.7573933360085974 0 253.0 2.7573933360085974 1
gene  1 3 21 -2.2659295806599027 0 270.0 -2.2659295806599027 1
gene  1 1 24 -3.348056837500275 0 275.0 -3.348056837500275 1
gene  1 24 13 2.6721545773965762 0 276.0 2.6721545773965762 1
gene  1 3 34 5.691066597516417 0 315.0 5.691066597516417 1
gene  1 34 14 2.010835540834764 0 316.0 2.010835540834764 0
gene  1 3 24 -1.0677588040500887 0 324.0 -1.0677588040500887 1
gene  1 2 21 -8.627933175008392 0 350.0 -8.627933175008392 1
gene  1 34 13 3.5400803475454974 0 355.0 3.5400803475454974 1
gene  1 1 34 0.25174725729417524 0 361.0 0.25174725729417524 1
gene  1 7 14 -2.5873206458586795 0 388.0 -2.5873206458586795 1
gene  1 24 14 -5.936477553051963 0 468.0 -5.936477553051963 1
gene  1 34 67 0.8748369754846972 0 491.0 0.8748369754846972 1
gene  1 67 14 -2.6779741022128696 0 492.0 -2.6779741022128696 1
gene  1 1 72 -5.545068281089083 0 505.0 -5.545068281089083 1
gene  1 72 13 5.968870865047809 0 506.0 5.968870865047809 1
gene  1 1 78 -1.3493891637395696 0 530.0 -1.3493891637395696 1
gene  1 78 72 1.683748953668315 0 531.0 1.683748953668315 1
gene  1 5 72 1.2694733534806553 0 565.0 1.2694733534806553 1
gene  1 78 14 3.6606800429087363 0 577.0 3.6606800429087363 1
genomeend 2
genomestart  3
trait 1 0.26937214532678067 0.0 1.896310652799719 1.0664206773141058 1.8651080668398228 0.9057529697611906 1.2186392275033897 1.6429921308966946 
node 1 1 1 1
node 2 1 1 1
node 3 1 1 1
node 4 1 1 1
node 5 1 1 1
node 6 1 1 1
node 7 1 1 3
node 13 1 0 2
node 14 1 0 2
node 21 1 0 0
node 24 1 0 0
node 34 1 0 0
node 67 1 0 0
node 72 1 0 0
node 78 1 0 0
gene  1 1 13 6.802032406260639 0 168.0 6.802032406260639 0
gene  1 4 13 0.30774734610766563 0 171.0 0.30774734610766563 1
gene  1 5 13 -0.30838246623660165 0 172.0 -0.30838246623660165 1
gene  1 7 13 -5.877072666364305 0 174.0 -5.877072666364305 1
gene  1 13 13 -3.6839617673494396 1 180.0 -3.6839617673494396 1
gene  1 2 14 -0.8198134947473659 0 183.0 -0.8198134947473659 1
gene  1 3 14 2.7673738751914403 0 184.0 2.7673738751914403 1
gene  1 6 14 2.5996079553971407 0 187.0 2.5996079553971407 1
gene  1 13 14 -3.516554903553937 0 194.0 -3.516554903553937 1
gene  1 14 14 0.32229903592369513 1 195.0 0.32229903592369513 1
gene  1 6 13 -1.2463541816938006 0 205.0 -1.2463541816938006 1
gene  1 5 14 -2.4866947634055947 0 223.0 -2.4866947634055947 1
gene  1 3 13 1.359569236367066 0 229.0 1.359569236367066 1
gene  1 2 13 3.8535703256477922 0 233.0 3.8535703256477922 1
gene  1 1 21 19.614721962643628 0 238.0 19.614721962643628 1
gene  1 21 13 0.40345819850279185 0 239.0 0.40345819850279185 1
gene  1 5 21 5.254878056249181 0 253.0 5.254878056249181 1
gene  1 3 21 -1.8557535019451339 0 270.0 -1.8557535019451339 1
gene  1 1 24 -2.219249148341374 0 275.0 -2.219249148341374 1
gene  1 24 13 -0.19631628347213687 0 276.0 -0.19631628347213687 1
gene  1 3 34 4.926680659552712 0 315.0 4.926680659552712 1
gene  1 34 14 1.464037150744966 0 316.0 1.464037150744966 0
gene  1 3 24 -1.442311479027788 0 324.0 -1.442311479027788 1
gene  1 2 21 -7.299228346711323 0 350.0 -7.299228346711323 1
gene  1 34 13 3.907741089171062 0 355.0 3.907741089171062 1
gene  1 1 34 2.387396658114393 0 361.0 2.387396658114393 1
gene  1 7 14 -4.761603409882802 0 388.0 -4.761603409882802 1
gene  1 24 14 -5.833751854273531 0 468.0 -5.833751854273531 1
gene  1 34 67 0.0894641796930537 0 491.0 0.0894641796930537 1
gene  1 67 14 -5.145581862022695 0 492.0 -5.145581862022695 1
gene  1 1 72 -6.722104487378148 0 505.0 -6.722104487378148 1
gene  1 72 13 4.502863828023246 0 506.0 4.502863828023246 1
gene  1 1 78 -1.8889745389179435 0 530.0 -1.8889745389179435 1
gene  1 78 72 0.07769240431639224 0 531.0 0.07769240431639224 1
gene  1 5 72 -0.7215564065917586 0 565.0 -0.7215564065917586 1
genomeend 3
genomestart  4
trait 1 0.26937214532678067 0.0 1.896310652799719 1.0664206773141058 1.8651080668398228 0.9057529697611906 1.2186392275033897 1.6429921308966946 
node 1 1 1 1
node 2 1 1 1
node 3 1 1 1
node 4 1 1 1
node 5 1 1 1
node 6 1 1 1
node 7 1 1 3
node 13 1 0 2
node 14 1 0 2
node 21 1 0 0
node 24 1 0 0
node 34 1 0 0
node 67 1 0 0
node 72 1 0 0
node 78 1 0 0
gene  1 1 13 9.188637249697608 0 168.0 9.188637249697608 0
gene  1 4 13 -1.8596531074575129 0 171.0 -1.8596531074575129 1
gene  1 5 13 -3.340599548222995 0 172.0 -3.340599548222995 1
gene  1 7 13 -3.7900566056119196 0 174.0 -3.7900566056119196 1
gene  1 13 13 -5.007586998181936 1 180.0 -5.007586998181936 1
gene  1 2 14 1.3834415899668062 0 183.0 1.3834415899668062 1
gene  1 3 14 1.009487570904477 0 184.0 1.009487570904477 1
gene  1 6 14 1.81842880638856 0 187.0 1.81842880638856 1
gene  1 13 14 -3.8521919680044623 0 194.0 -3.8521919680044623 1
gene  1 14 14 0.32229903592369513 1 195.0 0.32229903592369513 1
gene  1 6 13 0.5836108525119779 0 205.0 0.5836108525119779 1
gene  1 5 14 -2.4866947634055947 0 223.0 -2.4866947634055947 1
gene  1 3 13 1.359569236367066 0 229.0 1.359569236367066 1
gene  1 2 13 3.8212177502408378 0 233.0 3.8212177502408378 1
gene  1 1 21 19.614721962643628 0 238.0 19.614721962643628 1
gene  1 21 13 -0.7107569909118685 0 239.0 -0.7107569909118685 1
gene  1 5 21 2.7573933360085974 0 253.0 2.7573933360085974 1
gene  1 3 21 -2.2659295806599027 0 270.0 -2.2659295806599027 1
gene  1 1 24 -3.348056837500275 0 275.0 -3.348056837500275 1
gene  1 24 13 2.6721545773965762 0 276.0 2.6721545773965762 1
gene  1 3 34 5.691066597516417 0 315.0 5.691066597516417 1
gene  1 34 14 2.010835540834764 0 316.0 2.010835540834764 0
gene  1 3 24 -1.0677588040500887 0 324.0 -1.0677588040500887 1
gene  1 2 21 -8.627933175008392 0 350.0 -8.627933175008392 1
gene  1 34 13 3.5400803475454974 0 355.0 3.5400803475454974 1
gene  1 1 34 0.25174725729417524 0 361.0 0.25174725729417524 1
gene  1 7 14 -2.5873206458586795 0 388.0 -2.5873206458586795 1
gene  1 24 14 -5.936477553051963 0 468.0 -5.936477553051963 1
gene  1 34 67 0.8748369754846972 0 491.0 0.8748369754846972 1
gene  1 67 14 -2.6779741022128696 0 492.0 -2.6779741022128696 1
gene  1 1 72 -5.545068281089083 0 505.0 -5.545068281089083 1
gene  1 72 13 5.968870865047809 0 506.0 5.968870865047809 1
gene  1 1 78 -1.3493891637395696 0 530.0 -1.3493891637395696 1
gene  1 78 72 1.683748953668315 0 531.0 1.683748953668315 1
gene  1 5 72 1.2694733534806553 0 565.0 1.2694733534806553 1
gene  1 2 34 4.75782945304767 0 578.0 4.75782945304767 1
genomeend 4
genomestart  5
trait 1 0.7406206948073408 1.010449726541541 0.747276035170299 2.969549466943627 0.4651853155222945 0.0 0.7201715107197918 0.5567444199729891 
node 1 1 1 1
node 2 1 1 1
node 3 1 1 1
node 4 1 1 1
node 5 1 1 1
node 6 1 1 1
node 7 1 1 3
node 8 1 0 0
node 13 1 0 2
node 14 1 0 2
node 39 1 0 0
node 42 1 0 0
node 51 1 0 0
node 68 1 0 0
node 77 1 0 0
gene  1 1 8 -1.903145211054288 0 98.0 -1.903145211054288 1
gene  1 2 8 -6.106081604947873 0 99.0 -6.106081604947873 1
gene  1 3 8 -6.327325999155514 0 100.0 -6.327325999155514 1
gene  1 4 8 -7.6709420364247265 0 101.0 -7.6709420364247265 1
gene  1 5 8 3.5843550927677774 0 102.0 3.5843550927677774 1
gene  1 6 8 -1.3996381817169634 0 103.0 -1.3996381817169634 1
gene  1 8 8 -1.673381480147713 1 105.0 -1.673381480147713 1
gene  1 13 8 -1.6459607769792304 1 110.0 -1.6459607769792304 1
gene  1 14 8 14.574413708639645 1 111.0 14.574413708639645 1
gene  1 3 13 1.4118668879038223 0 170.0 1.4118668879038223 1
gene  1 5 13 1.6248586155129452 0 172.0 1.6248586155129452 1
gene  1 7 13 6.361061896159162 0 174.0 6.361061896159162 1
gene  1 13 13 -4.437038919951414 1 180.0 -4.437038919951414 1
gene  1 2 14 2.87040299284582 0 183.0 2.87040299284582 1
gene  1 4 14 -3.6070110259973918 0 185.0 -3.6070110259973918 1
gene  1 6 14 0.3385509217976499 0 187.0 0.3385509217976499 1
gene  1 8 14 2.6326685630357773 0 189.0 2.6326685630357773 1
gene  1 13 14 -0.21503494553858 0 194.0 -0.21503494553858 1
gene  1 2 13 2.5383212245693865 0 213.0 2.5383212245693865 1
gene  1 4 13 2.792931270940859 0 230.0 2.792931270940859 1
gene  1 13 8 -2.130463322094806 0 244.0 -2.130463322094806 1
gene  1 7 14 4.951181158029712 0 264.0 4.951181158029712 1
gene  1 1 14 -7.66772766092925 0 299.0 -7.66772766092925 1
gene  1 5 14 -4.434534666058763 0 310.0 -4.434534666058763 1
gene  1 1 13 -1.8862569450565945 0 311.0 -1.8862569450565945 1
gene  1 13 39 -2.605960649271049 0 344.0 -2.605960649271049 1
gene  1 39 8 -2.338509274993156 0 345.0 -2.338509274993156 1
gene  1 6 13 0.8287092348637592 0 348.0 0.8287092348637592 1
gene  1 2 42 0.8384259154827811 0 359.0 0.8384259154827811 1
gene  1 42 14 7.89718466947766 0 360.0 7.89718466947766 1
gene  1 13 42 -0.635755984967963 0 366.0 -0.635755984967963 1
gene  1 5 51 3.3530279961530516 0 396.0 3.3530279961530516 1
gene  1 51 14 -0.4101991027447618 0 397.0 -0.4101991027447618 1
gene  1 6 42 0.44523884374668254 0 423.0 0.44523884374668254 1
gene  1 39 42 -3.1817508246772075 0 426.0 -3.1817508246772075 1
gene  1 51 13 -2.9440166967007775 0 475.0 -2.9440166967007775 1
gene  1 39 14 -1.4379730666266521 0 476.0 -1.4379730666266521 1
gene  1 5 39 -2.881640741840417 0 485.0 -2.881640741840417 1
gene  1 5 68 -0.7178222460741888 0 493.0 -0.7178222460741888 1
gene  1 68 39 2.676253781431579 0 494.0 2.676253781431579 1
gene  1 4 51 2.3691261675579596 0 514.0 2.3691261675579596 1
gene  1 39 77 -1.8751287185823562 0 528.0 -1.8751287185823562 1
gene  1 77 8 2.843848100698645 0 529.0 2.843848100698645 1
genomeend 5
genomestart  6
trait 1 0.7406206948073408 1.010449726541541 0.747276035170299 2.969549466943627 0.4651853155222945 0.0 0.7201715107197918 0.5567444199729891 
node 1 1 1 1
node 2 1 1 1
node 3 1 1 1
node 4 1 1 1
node 5 1 1 1
node 6 1 1 1
node 7 1 1 3
node 8 1 0 0
node 13 1 0 2
node 14 1 0 2
node 39 1 0 0
node 42 1 0 0
node 51 1 0 0
node 68 1 0 0
node 77 1 0 0
gene  1 1 8 2.8526705506942918 0 98.0 2.8526705506942918 1
gene  1 2 8 -6.290298081203475 0 99.0 -6.290298081203475 1
gene  1 3 8 -6.868336651718521 0 100.0 -6.868336651718521 1
gene  1 4 8 -5.953789549502072 0 101.0 -5.953789549502072 1
gene  1 5 8 5.828304565788841 0 102.0 5.828304565788841 1
gene  1 6 8 0.36882269747146923 0 103.0 0.36882269747146923 1
gene  1 8 8 2.6679598566575686 1 105.0 2.6679598566575686 1
gene  1 13 8 1.9004051610356996 1 110.0 1.9004051610356996 1
gene  1 14 8 14.375733800974915 1 111.0 14.375733800974915 1
gene  1 3 13 0.007742932794087609 0 170.0 0.007742932794087609 1
gene  1 5 13 3.125816489941933 0 172.0 3.125816489941933 1
gene  1 7 13 7.16789926899924 0 174.0 7.16789926899924 1
gene  1 13 13 -4.758020069449012 1 180.0 -4.758020069449012 1
gene  1 2 14 3.496337683628605 0 183.0 3.496337683628605 1
gene  1 4 14 -2.7848402782282067 0 185.0 -2.7848402782282067 1
gene  1 6 14 -2.3800374733424388 0 187.0 -2.3800374733424388 1
gene  1 8 14 2.4612183698278227 0 189.0 2.4612183698278227 1
gene  1 13 14 -2.843528194426675 0 194.0 -2.843528194426675 1
gene  1 2 13 1.41569458393443 0 213.0 1.41569458393443 1
gene  1 4 13 5.264522349060472 0 230.0 5.264522349060472 1
gene  1 13 8 -0.42260945102278624 0 244.0 -0.42260945102278624 1
gene  1 7 14 2.898269185439855 0 264.0 2.898269185439855 1
gene  1 1 14 -5.567438708752891 0 299.0 -5.567438708752891 1
gene  1 5 14 -5.496249343860846 0 310.0 -5.496249343860846 1
gene  1 1 13 3.112778626666222 0 311.0 3.112778626666222 1
gene  1 13 39 -6.733625650132749 0 344.0 -6.733625650132749 1
gene  1 39 8 -3.7838659229278244 0 345.0 -3.7838659229278244 1
gene  1 6 13 2.938973376290236 0 348.0 2.938973376290236 1
gene  1 2 42 0.49759625021256104 0 359.0 0.49759625021256104 1
gene  1 42 14 5.097673296096601 0 360.0 5.097673296096601 1
gene  1 13 42 -2.51160701032263 0 366.0 -2.51160701032263 1
gene  1 5 51 0.09878188212076822 0 396.0 0.09878188212076822 1
gene  1 51 14 -0.6091916937889312 0 397.0 -0.6091916937889312 1
gene  1 6 42 3.610993455006167 0 423.0 3.610993455006167 1
gene  1 39 42 -4.447713658993241 0 426.0 -4.447713658993241 1
gene  1 51 13 -0.9485912566981155 0 475.0 -0.9485912566981155 1
gene  1 39 14 0.8769446009448166 0 476.0 0.8769446009448166 1
gene  1 5 39 -3.928886803955331 0 485.0 -3.928886803955331 1
gene  1 5 68 -2.2499502243449396 0 493.0 -2.2499502243449396 1
gene  1 68 39 2.2043977581939593 0 494.0 2.2043977581939593 1
gene  1 4 51 -1.566020779675642 0 514.0 -1.566020779675642 1
gene  1 39 77 -1.6498914875157433 0 528.0 -1.6498914875157433 1
gene  1 77 8 2.536151631284475 0 529.0 2.536151631284475 1
genomeend 6
genomestart  7
trait 1 2.732431393943948 0.0 0.0 0.798512545900133 0.9382603138953756 0.0 1.9280392103089152 0.8152719799274877 
node 1 1 1 1
node 2 1 1 1
node 3 1 1 1
node 4 1 1 1
node 5 1 1 1
node 6 1 1 1
node 7 1 1 3
node 8 1 0 0
node 9 1 0 0
node 10 1 0 0
node 13 1 0 2
node 14 1 0 2
node 28 1 0 0
node 41 1 0 0
node 43 1 0 0
node 47 1 0 0
node 62 1 0 0
gene  1 1 8 -11.311848916967778 0 98.0 -11.311848916967778 1
gene  1 3 8 -0.5925662302351964 0 100.0 -0.5925662302351964 1
gene  1 5 8 -1.5434629814830094 0 102.0 -1.5434629814830094 1
gene  1 6 8 -3.7877089114278615 0 103.0 -3.7877089114278615 1
gene  1 8 8 2.2282137929286563 1 105.0 2.2282137929286563 1
gene  1 1 9 1.4869202663732648 0 112.0 1.4869202663732648 1
gene  1 2 9 -1.6041418359799562 0 113.0 -1.6041418359799562 1
gene  1 3 9 4.203309028532896 0 114.0 4.203309028532896 1
gene  1 5 9 -4.473939240908275 0 116.0 -4.473939240908275 1
gene  1 7 9 -1.44844820808302 0 118.0 -1.44844820808302 1
gene  1 9 9 0.041059292346137866 1 120.0 0.041059292346137866 1
gene  1 10 9 3.6551094922775373 1 121.0 3.6551094922775373 1
gene  1 13 9 3.675560165594405 1 124.0 3.675560165594405 1
gene  1 2 10 1.1742511781493932 0 127.0 1.1742511781493932 1
gene  1 4 10 -3.720393909385726 0 129.0 -3.720393909385726 1
gene  1 5 10 -4.921707827965246 0 130.0 -4.921707827965246 1
gene  1 8 10 -3.261609388572672 0 133.0 -3.261609388572672 1
gene  1 9 10 1.8536001771862693 0 134.0 1.8536001771862693 1
gene  1 10 10 -4.370701498015045 1 135.0 -4.370701498015045 1
gene  1 13 10 -2.442256365906451 1 138.0 -2.442256365906451 1
gene  1 14 10 -9.405615755530238 1 139.0 -9.405615755530238 1
gene  1 2 13 4.6664869109363885 0 169.0 4.6664869109363885 1
gene  1 3 13 3.4819154223627584 0 170.0 3.4819154223627584 1
gene  1 6 13 -3.842904890253916 0 173.0 -3.842904890253916 1
gene  1 7 13 1.8400034075790133 0 174.0 1.8400034075790133 1
gene  1 9 13 -2.231868611332876 0 176.0 -2.231868611332876 1
gene  1 13 13 -8.256077608974888 1 180.0 -8.256077608974888 1
gene  1 14 13 -0.13995722951473644 1 181.0 -0.13995722951473644 1
gene  1 1 14 1.151749639586908 0 182.0 1.151749639586908 1
gene  1 3 14 -4.622428026415136 0 184.0 -4.622428026415136 1
gene  1 9 14 -9.611096910951753 0 190.0 -9.611096910951753 1
gene  1 10 14 -0.3676028327719808 0 191.0 -0.3676028327719808 1
gene  1 8 13 1.7699715607802422 0 207.0 1.7699715607802422 1
gene  1 1 10 -8.41192254515947 0 226.0 -8.41192254515947 1
gene  1 6 14 -3.652795266632054 0 234.0 -3.652795266632054 1
gene  1 8 28 1.0586915786931779 1 293.0 1.0586915786931779 1
gene  1 28 8 -0.6596420669171084 0 294.0 -0.6596420669171084 1
gene  1 8 9 -3.2487579650303475 0 328.0 -3.2487579650303475 1
gene  1 8 41 -2.16337890455687 1 357.0 -2.16337890455687 1
gene  1 41 8 5.008776616088613 0 358.0 5.008776616088613 1
gene  1 14 43 3.7333808545629266 1 364.0 3.7333808545629266 1
gene  1 43 10 5.830088516627773 0 365.0 5.830088516627773 1
gene  1 5 47 0.4623882434879978 0 375.0 0.4623882434879978 1
gene  1 47 9 -0.1419727109684391 0 376.0 -0.1419727109684391 1
gene  1 41 14 -0.7969690605625066 0 387.0 -0.7969690605625066 1
gene  1 4 28 -3.829568679289002 0 419.0 -3.829568679289002 1
gene  1 2 28 -1.1081635558977139 0 429.0 -1.1081635558977139 1
gene  1 1 62 -0.23147237781426522 0 470.0 -0.23147237781426522 1
gene  1 62 9 -4.428362961034181 0 471.0 -4.428362961034181 1
gene  1 8 14 -1.837403885474289 0 484.0 -1.837403885474289 1
gene  1 1 13 0.1033927138593918 0 489.0 0.1033927138593918 1
gene  1 28 10 -0.34365531576749486 0 510.0 -0.34365531576749486 1
gene  1 2 41 -4.060750756078893 0 515.0 -4.060750756078893 1
gene  1 41 47 4.769632272051387 0 548.0 4.769632272051387 1
genomeend 7
genomestart  8
trait 1 2.732431393943948 0.0 0.0 0.798512545900133 0.9382603138953756 0.0 1.9280392103089152 0.8152719799274877 
node 1 1 1 1
node 2 1 1 1
node 3 1 1 1
node 4 1 1 1
node 5 1 1 1
node 6 1 1 1
node 7 1 1 3
node 8 1 0 0
node 9 1 0 0
node 10 1 0 0
node 13 1 0 2
node 14 1 0 2
node 28 1 0 0
node 41 1 0 0
node 43 1 0 0
node 47 1 0 0
node 62 1 0 0
gene  1 1 8 -10.929220428182575 0 98.0 -10.929220428182575 1
gene  1 3 8 -0.054550310804829305 0 100.0 -0.054550310804829305 1
gene  1 5 8 -3.6248883962431817 0 102.0 -3.6248883962431817 1
gene  1 6 8 -5.67291878732544 0 103.0 -5.67291878732544 1
gene  1 8 8 1.9328245671162545 1 105.0 1.9328245671162545 1
gene  1 1 9 1.5400555289013833 0 112.0 1.5400555289013833 1
gene  1 2 9 -1.2796621073568897 0 113.0 -1.2796621073568897 1
gene  1 3 9 7.505922475705328 0 114.0 7.505922475705328 1
gene  1 5 9 -1.904791500398939 0 116.0 -1.904791500398939 1
gene  1 7 9 -1.4218248190458587 0 118.0 -1.4218248190458587 1
gene  1 9 9 -0.9108728906347461 1 120.0 -0.9108728906347461 1
gene  1 10 9 1.9346817336694466 1 121.0 1.9346817336694466 1
gene  1 13 9 3.7432497788070087 1 124.0 3.7432497788070087 1
gene  1 2 10 -1.2435832721899316 0 127.0 -1.2435832721899316 1
gene  1 4 10 0.19804389545161533 0 129.0 0.19804389545161533 1
gene  1 5 10 -1.5308141738098158 0 130.0 -1.5308141738098158 1
gene  1 8 10 -2.3093680253344 0 133.0 -2.3093680253344 1
gene  1 9 10 -2.188388621064849 0 134.0 -2.188388621064849 1
gene  1 10 10 -2.2735413550118904 1 135.0 -2.2735413550118904 1
gene  1 13 10 -0.004446044074657873 1 138.0 -0.004446044074657873 1
gene  1 14 10 -7.9869594272776725 1 139.0 -7.9869594272776725 1
gene  1 2 13 8.312961300070787 0 169.0 8.312961300070787 1
gene  1 3 13 2.6983831798460223 0 170.0 2.6983831798460223 1
gene  1 6 13 -1.2317967557688219 0 173.0 -1.2317967557688219 1
gene  1 7 13 -0.3170512241153709 0 174.0 -0.3170512241153709 1
gene  1 9 13 -2.138375402061847 0 176.0 -2.138375402061847 1
gene  1 13 13 2.3434401009889725 1 180.0 2.3434401009889725 1
gene  1 14 13 -1.8531342102410013 1 181.0 -1.8531342102410013 1
gene  1 1 14 -0.4528919602041778 0 182.0 -0.4528919602041778 1
gene  1 3 14 -6.179460295544164 0 184.0 -6.179460295544164 1
gene  1 9 14 0.6526572974867919 0 190.0 0.6526572974867919 1
gene  1 10 14 -0.551324187770895 0 191.0 -0.551324187770895 1
gene  1 8 13 1.5515150501456816 0 207.0 1.5515150501456816 1
gene  1 1 10 -6.39073570937059 0 226.0 -6.39073570937059 1
gene  1 6 14 -0.3387745052282387 0 234.0 -0.3387745052282387 1
gene  1 8 28 0.7791980350716452 1 293.0 0.7791980350716452 1
gene  1 28 8 0.1903595856088528 0 294.0 0.1903595856088528 1
gene  1 8 9 1.5641170198047005 0 328.0 1.5641170198047005 1
gene  1 8 41 0.06491254799041918 1 357.0 0.06491254799041918 1
gene  1 41 8 4.744426570876025 0 358.0 4.744426570876025 1
gene  1 14 43 0.2673619458605009 1 364.0 0.2673619458605009 1
gene  1 43 10 7.983245755298666 0 365.0 7.983245755298666 1
gene  1 5 47 2.396577287180128 0 375.0 2.396577287180128 1
gene  1 47 9 0.6431030669922291 0 376.0 0.6431030669922291 1
gene  1 41 14 1.6750090587615631 0 387.0 1.6750090587615631 1
gene  1 4 28 -0.9284713549779757 0 419.0 -0.9284713549779757 1
gene  1 2 28 -0.11867955605469183 0 429.0 -0.11867955605469183 1
gene  1 1 62 -0.03430310522156782 0 470.0 -0.03430310522156782 1
gene  1 62 9 -0.1433485145469235 0 471.0 -0.1433485145469235 1
gene  1 8 14 -1.8614698119417832 0 484.0 -1.8614698119417832 1
gene  1 1 13 -2.455252818309386 0 489.0 -2.455252818309386 1
gene  1 28 10 0.9807781058830449 0 510.0 0.9807781058830449 1
gene  1 2 41 -0.06657131067672228 0 515.0 -0.06657131067672228 1
gene  1 41 47 1.8139819910794333 0 548.0 1.8139819910794333 1
genomeend 8
genomestart  9
trait 1 0.5140788408839586 0.28986478643217717 0.2441704853234845 0.5314796224840325 3.1752136023158166 0.0 0.8455906169698789 0.4629835320970156 
node 1 1 1 1
node 2 1 1 1
node 3 1 1 1
node 4 1 1 1
node 5 1 1 1
node 6 1 1 1
node 7 1 1 3
node 8 1 0 0
node 13 1 0 2
node 14 1 0 2
node 22 1 0 0
node 25 1 0 0
node 29 1 0 0
node 57 1 0 0
node 65 1 0 0
node 76 1 0 0
node 87 1 0 0
gene  1 1 8 -1.0632147677914159 0 98.0 -1.0632147677914159 1
gene  1 3 8 0.3346793786543245 0 100.0 0.3346793786543245 1
gene  1 4 8 -8.169774065284471 0 101.0 -8.169774065284471 1
gene  1 5 8 -3.385263804790137 0 102.0 -3.385263804790137 1
gene  1 6 8 0.5864546978947693 0 103.0 0.5864546978947693 1
gene  1 8 8 -1.2802874063209115 1 105.0 -1.2802874063209115 1
gene  1 1 13 0.02280416179664857 0 168.0 0.02280416179664857 1
gene  1 5 13 0.9948118994602897 0 172.0 0.9948118994602897 1
gene  1 13 13 0.27055873745810394 1 180.0 0.27055873745810394 1
gene  1 14 13 -1.3425441941347724 1 181.0 -1.3425441941347724 1
gene  1 2 14 5.873420147379004 0 183.0 5.873420147379004 1
gene  1 3 14 9.98097800465307 0 184.0 9.98097800465307 1
gene  1 5 14 -0.7176137022246425 0 186.0 -0.7176137022246425 1
gene  1 7 14 -4.633397930052775 0 188.0 -4.633397930052775 1
gene  1 8 14 9.175459279079444 0 189.0 9.175459279079444 1
gene  1 13 14 -1.4621325249898067 0 194.0 -1.4621325249898067 1
gene  1 2 13 -3.9496723987100752 0 236.0 -3.9496723987100752 1
gene  1 8 22 1.086833107534438 0 240.0 1.086833107534438 0
gene  1 22 14 12.298865222118557 0 241.0 12.298865222118557 1
gene  1 1 22 -0.2841128771063123 0 245.0 -0.2841128771063123 1
gene  1 13 8 -3.6007701008722925 0 257.0 -3.6007701008722925 1
gene  1 5 22 1.0512405064991817 0 265.0 1.0512405064991817 1
gene  1 1 25 -2.193590324525412 0 279.0 -2.193590324525412 1
gene  1 25 8 1.2386231730823263 0 280.0 1.2386231730823263 1
gene  1 8 29 -0.3098032809103768 0 297.0 -0.3098032809103768 1
gene  1 29 14 -9.306801019503084 0 298.0 -9.306801019503084 1
gene  1 1 14 4.929581022143996 0 312.0 4.929581022143996 1
gene  1 2 29 2.265484329358625 0 330.0 2.265484329358625 1
gene  1 5 25 0.706942377548657 0 343.0 0.706942377548657 1
gene  1 6 29 2.51951845730541 0 386.0 2.51951845730541 1
gene  1 22 29 -4.392607539802377 0 416.0 -4.392607539802377 1
gene  1 4 14 0.5426209716058386 0 424.0 0.5426209716058386 1
gene  1 4 29 4.023696579852278 0 432.0 4.023696579852278 1
gene  1 8 57 9.267312480237448 0 437.0 9.267312480237448 1
gene  1 57 14 -4.266812201787147 0 438.0 -4.266812201787147 1
gene  1 3 22 -7.292509455936832 0 440.0 -7.292509455936832 1
gene  1 2 25 -1.3625713608060785 0 455.0 -1.3625713608060785 1
gene  1 1 65 1.0193892810926861 0 481.0 1.0193892810926861 1
gene  1 65 25 6.179494297399007 0 482.0 6.179494297399007 1
gene  1 8 76 0.2867964291084138 0 525.0 0.2867964291084138 1
gene  1 76 22 1.2972824718072844 0 526.0 1.2972824718072844 1
gene  1 2 87 0.7631798187058086 0 560.0 0.7631798187058086 1
gene  1 87 14 0.20354724022432347 0 561.0 0.20354724022432347 1
genomeend 9
genomestart  10
trait 1 0.5140788408839586 0.28986478643217717 0.2441704853234845 0.5314796224840325 3.1752136023158166 0.0 0.8455906169698789 0.4629835320970156 
node 1 1 1 1
node 2 1 1 1
node 3 1 1 1
node 4 1 1 1
node 5 1 1 1
node 6 1 1 1
node 7 1 1 3
node 8 1 0 0
node 13 1 0 2
node 14 1 0 2
node 22 1 0 0
node 25 1 0 0
node 29 1 0 0
node 57 1 0 0
node 65 1 0 0
node 76 1 0 0
node 87 1 0 0
gene  1 1 8 6.038322297906516 0 98.0 6.038322297906516 1
gene  1 3 8 -2.7514814930521774 0 100.0 -2.7514814930521774 1
gene  1 4 8 -7.62162557977134 0 101.0 -7.62162557977134 1
gene  1 5 8 -0.7175618675701392 0 102.0 -0.7175618675701392 1
gene  1 6 8 4.36256418961529 0 103.0 4.36256418961529 1
gene  1 8 8 -4.316644574363126 1 105.0 -4.316644574363126 1
gene  1 1 13 0.8978809537322344 0 168.0 0.8978809537322344 1
gene  1 5 13 -3.4805796847389745 0 172.0 -3.4805796847389745 1
gene  1 13 13 6.144981201034717 1 180.0 6.144981201034717 1
gene  1 14 13 0.5377995663952089 1 181.0 0.5377995663952089 1
gene  1 2 14 0.6145365388588684 0 183.0 0.6145365388588684 1
gene  1 3 14 8.608252665523064 0 184.0 8.608252665523064 1
gene  1 5 14 -2.0160907304346156 0 186.0 -2.0160907304346156 1
gene  1 7 14 -4.293281603033163 0 188.0 -4.293281603033163 1
gene  1 8 14 8.131644445587527 0 189.0 8.131644445587527 1
gene  1 13 14 -1.4621325249898067 0 194.0 -1.4621325249898067 1
gene  1 2 13 -5.442466655805777 0 236.0 -5.442466655805777 1
gene  1 8 22 2.1049347897142647 0 240.0 2.1049347897142647 0
gene  1 22 14 1.4666350358499536 0 241.0 1.4666350358499536 1
gene  1 1 22 -3.391803426648022 0 245.0 -3.391803426648022 1
gene  1 13 8 -4.221060949675874 0 257.0 -4.221060949675874 1
gene  1 5 22 2.728778405102345 0 265.0 2.728778405102345 1
gene  1 1 25 -1.4773968947419038 0 279.0 -1.4773968947419038 1
gene  1 25 8 3.945126158241402 0 280.0 3.945126158241402 1
gene  1 8 29 1.794021694507399 0 297.0 1.794021694507399 1
gene  1 29 14 -10.220261158033422 0 298.0 -10.220261158033422 1
gene  1 1 14 -0.4288872847592684 0 312.0 -0.4288872847592684 1
gene  1 2 29 0.7008626426424255 0 330.0 0.7008626426424255 1
gene  1 5 25 0.4868749450542134 0 343.0 0.4868749450542134 1
gene  1 6 29 1.160820135322247 0 386.0 1.160820135322247 1
gene  1 22 29 -3.598341365906958 0 416.0 -3.598341365906958 1
gene  1 4 14 -2.2229734133265246 0 424.0 -2.2229734133265246 1
gene  1 4 29 7.055955765988217 0 432.0 7.055955765988217 1
gene  1 8 57 -0.6676339538042018 0 437.0 -0.6676339538042018 1
gene  1 57 14 -3.832752015981834 0 438.0 -3.832752015981834 1
gene  1 3 22 -6.021242256279576 0 440.0 -6.021242256279576 1
gene  1 2 25 0.3848945894183986 0 455.0 0.3848945894183986 1
gene  1 1 65 2.8831159247018947 0 481.0 2.8831159247018947 1
gene  1 65 25 4.342832960906776 0 482.0 4.342832960906776 1
gene  1 8 76 -0.20149218294108984 0 525.0 -0.20149218294108984 1
gene  1 76 22 1.0803756764138845 0 526.0 1.0803756764138845 1
gene  1 2 87 -1.2298865281685045 0 560.0 -1.2298865281685045 1
gene  1 87 14 0.4634974608945885 0 561.0 0.4634974608945885 1
genomeend 10
genomestart  11
trait 1 0.5140788408839586 0.28986478643217717 0.2441704853234845 0.5314796224840325 3.1752136023158166 0.0 0.8455906169698789 0.4629835320970156 
node 1 1 1 1
node 2 1 1 1
node 3 1 1 1
node 4 1 1 1
node 5 1 1 1
node 6 1 1 1
node 7 1 1 3
node 8 1 0 0
node 13 1 0 2
node 14 1 0 2
node 22 1 0 0
node 25 1 0 0
node 29 1 0 0
node 57 1 0 0
node 65 1 0 0
node 76 1 0 0
node 87 1 0 0
gene  1 1 8 7.898759272867021 0 98.0 7.898759272867021 1
gene  1 3 8 -0.9345045835234895 0 100.0 -0.9345045835234895 1
gene  1 4 8 -6.5364493331349784 0 101.0 -6.5364493331349784 1
gene  1 5 8 -2.4263228784506894 0 102.0 -2.4263228784506894 1
gene  1 6 8 0.8003873200271483 0 103.0 0.8003873200271483 1
gene  1 8 8 -1.085659449357729 1 105.0 -1.085659449357729 1
gene  1 1 13 0.08744074888557746 0 168.0 0.08744074888557746 1
gene  1 5 13 -3.1357251297259086 0 172.0 -3.1357251297259086 1
gene  1 13 13 3.9765021474530426 1 180.0 3.9765021474530426 1
gene  1 14 13 0.8657535752486398 1 181.0 0.8657535752486398 1
gene  1 2 14 -1.752262234477901 0 183.0 -1.752262234477901 1
gene  1 3 14 6.746630362649177 0 184.0 6.746630362649177 1
gene  1 5 14 -3.041311583366989 0 186.0 -3.041311583366989 1
gene  1 7 14 -6.523301441406494 0 188.0 -6.523301441406494 1
gene  1 8 14 -0.9573488914787389 0 189.0 -0.9573488914787389 1
gene  1 13 14 -1.4291435278119806 0 194.0 -1.4291435278119806 1
gene  1 2 13 -7.006961345698204 0 236.0 -7.006961345698204 1
gene  1 8 22 0.33313578772741187 0 240.0 0.33313578772741187 0
gene  1 22 14 9.254129419854891 0 241.0 9.254129419854891 1
gene  1 1 22 0.8424309066916662 0 245.0 0.8424309066916662 1
gene  1 13 8 -3.2422421858115045 0 257.0 -3.2422421858115045 1
gene  1 5 22 2.3964618967158744 0 265.0 2.3964618967158744 1
gene  1 1 25 -5.865386994298484 0 279.0 -5.865386994298484 1
gene  1 25 8 5.648516678608082 0 280.0 5.648516678608082 1
gene  1 8 29 0.219956072028352 0 297.0 0.219956072028352 1
gene  1 29 14 -1.2416461883208993 0 298.0 -1.2416461883208993 1
gene  1 1 14 6.019538112277685 0 312.0 6.019538112277685 1
gene  1 2 29 -0.488708499066787 0 330.0 -0.488708499066787 1
gene  1 5 25 1.4447907861539306 0 343.0 1.4447907861539306 1
gene  1 6 29 1.1103959064943745 0 386.0 1.1103959064943745 1
gene  1 22 29 -4.004708840779744 0 416.0 -4.004708840779744 1
gene  1 4 14 -3.5389470793740467 0 424.0 -3.5389470793740467 1
gene  1 4 29 0.5658799756132471 0 432.0 0.5658799756132471 1
gene  1 8 57 8.25715785589539 0 437.0 8.25715785589539 1
gene  1 57 14 -3.6697058731557695 0 438.0 -3.6697058731557695 1
gene  1 3 22 -7.9116631317075035 0 440.0 -7.9116631317075035 1
gene  1 2 25 -0.31327198634952946 0 455.0 -0.31327198634952946 1
gene  1 1 65 0.954050212041482 0 481.0 0.954050212041482 1
gene  1 65 25 4.403734043281561 0 482.0 4.403734043281561 1
gene  1 8 76 1.814068791596013 0 525.0 1.814068791596013 1
gene  1 76 22 0.11592706524702256 0 526.0 0.11592706524702256 1
gene  1 2 87 -2.910399550934545 0 560.0 -2.910399550934545 1
gene  1 87 14 -0.908163481437789 0 561.0 -0.908163481437789 1
genomeend 11
genomestart  12
trait 1 1.9492969961009945 0.0 0.4289699328456915 1.1835456827051778 0.0 0.7294252873384013 0.042201429445747896 0.0 
node 1 1 1 1
node 2 1 1 1
node 3 1 1 1
node 4 1 1 1
node 5 1 1 1
node 6 1 1 1
node 7 1 1 3
node 13 1 0 2
node 14 1 0 2
node 49 1 0 0
node 73 1 0 0
node 81 1 0 0
gene  1 1 13 -2.403520514585929 0 168.0 -2.403520514585929 1
gene  1 2 13 -5.1718175428485855 0 169.0 -5.1718175428485855 1
gene  1 3 13 -0.40522596481920936 0 170.0 -0.40522596481920936 1
gene  1 4 13 1.0934573102055163 0 171.0 1.0934573102055163 1
gene  1 5 13 0.4642288435394551 0 172.0 0.4642288435394551 1
gene  1 6 13 1.0524139990752464 0 173.0 1.0524139990752464 1
gene  1 7 13 2.5794695970327965 0 174.0 2.5794695970327965 1
gene  1 14 13 1.228205315480532 1 181.0 1.228205315480532 1
gene  1 1 14 1.0453214960051191 0 182.0 1.0453214960051191 1
gene  1 2 14 1.691316264988913 0 183.0 1.691316264988913 1
gene  1 3 14 4.775225724278611 0 184.0 4.775225724278611 1
gene  1 13 14 -1.911132136466558 0 194.0 -1.911132136466558 1
gene  1 14 14 3.8732640515669186 1 195.0 3.8732640515669186 1
gene  1 7 14 -0.5900112211268667 0 273.0 -0.5900112211268667 1
gene  1 4 14 1.2592933185276232 0 283.0 1.2592933185276232 1
gene  1 5 14 8.677155224206045 0 303.0 8.677155224206045 1
gene  1 6 14 3.2664158811067154 0 307.0 3.2664158811067154 1
gene  1 3 49 -0.6060002808029628 0 389.0 -0.6060002808029628 1
gene  1 49 13 -5.088453688726227 0 390.0 -5.088453688726227 1
gene  1 5 49 3.2073534139232223 0 403.0 3.2073534139232223 1
gene  1 1 49 6.804187331042742 0 430.0 6.804187331042742 1
gene  1 7 49 9.290113071914636 0 456.0 9.290113071914636 1
gene  1 4 49 0.9192588500659529 0 495.0 0.9192588500659529 1
gene  1 6 73 -2.6170377017622015 0 508.0 -2.6170377017622015 1
gene  1 73 13 0.22615399136723635 0 509.0 0.22615399136723635 1
gene  1 6 81 2.155887211103531 0 542.0 2.155887211103531 1
gene  1 81 73 -2.8676233861015543 0 543.0 -2.8676233861015543 1
gene  1 81 49 -2.1816526954387814 0 569.0 -2.1816526954387814 1
genomeend 12
genomestart  13
trait 1 1.9492969961009945 0.0 0.4289699328456915 1.1835456827051778 0.0 0.7294252873384013 0.042201429445747896 0.0 
node 1 1 1 1
node 2 1 1 1
node 3 1 1 1
node 4 1 1 1
node 5 1 1 1
node 6 1 1 1
node 7 1 1 3
node 13 1 0 2
node 14 1 0 2
node 49 1 0 0
node 73 1 0 0
node 81 1 0 0
gene  1 1 13 -3.1506125736928547 0 168.0 -3.1506125736928547 1
gene  1 2 13 -5.973575336887352 0 169.0 -5.973575336887352 1
gene  1 3 13 -0.6744371900187589 0 170.0 -0.6744371900187589 1
gene  1 4 13 2.1778825742880654 0 171.0 2.1778825742880654 1
gene  1 5 13 -3.4081121089508692 0 172.0 -3.4081121089508692 1
gene  1 6 13 -0.3018831591704021 0 173.0 -0.3018831591704021 1
gene  1 7 13 2.5881104625150275 0 174.0 2.5881104625150275 1
gene  1 14 13 1.447695544799648 1 181.0 1.447695544799648 1
gene  1 1 14 -2.2477245829041936 0 182.0 -2.2477245829041936 1
gene  1 2 14 3.8920477484308944 0 183.0 3.8920477484308944 1
gene  1 3 14 -0.611201266452466 0 184.0 -0.611201266452466 1
gene  1 13 14 -0.031084328655233362 0 194.0 -0.031084328655233362 1
gene  1 14 14 3.96389397562238 1 195.0 3.96389397562238 1
gene  1 7 14 -1.9597030580960721 0 273.0 -1.9597030580960721 1
gene  1 4 14 0.6006047442165879 0 283.0 0.6006047442165879 1
gene  1 5 14 0.6728831797897172 0 303.0 0.6728831797897172 1
gene  1 6 14 4.696517763260733 0 307.0 4.696517763260733 1
gene  1 3 49 2.3443247604125084 0 389.0 2.3443247604125084 1
gene  1 49 13 -1.9989400404870477 0 390.0 -1.9989400404870477 1
gene  1 5 49 4.031519912327012 0 403.0 4.031519912327012 1
gene  1 1 49 5.165071725797935 0 430.0 5.165071725797935 1
gene  1 7 49 1.5625175831749492 0 456.0 1.5625175831749492 1
gene  1 4 49 -6.748719186075561 0 495.0 -6.748719186075561 1
gene  1 6 73 -0.37616618376346594 0 508.0 -0.37616618376346594 1
gene  1 73 13 -0.17204331858909616 0 509.0 -0.17204331858909616 1
gene  1 6 81 0.5492345725977719 0 542.0 0.5492345725977719 1
gene  1 81 73 -1.3436364891819452 0 543.0 -1.3436364891819452 1
gene  1 81 49 -4.174276375571513 0 569.0 -4.174276375571513 1
genomeend 13
genomestart  14
trait 1 0.0 0.5319433208524987 1.2381570377802138 1.1036226464327767 0.10522835245191364 0.39032959932087685 0.0 0.0 
node 1 1 1 1
node 2 1 1 1
node 3 1 1 1
node 4 1 1 1
node 5 1 1 1
node 6 1 1 1
node 7 1 1 3
node 8 1 0 0
node 9 1 0 0
node 13 1 0 2
node 14 1 0 2
node 20 1 0 0
node 56 1 0 0
node 60 1 0 0
node 79 1 0 0
node 92 1 0 0
node 94 1 0 0
gene  1 1 8 -2.4401130322281 0 98.0 -2.4401130322281 1
gene  1 2 8 -0.746839824501925 0 99.0 -0.746839824501925 1
gene  1 3 8 0.058923769442749296 0 100.0 0.058923769442749296 1
gene  1 6 8 1.5322684653632679 0 103.0 1.5322684653632679 1
gene  1 8 8 -4.118334484717661 1 105.0 -4.118334484717661 1
gene  1 9 8 -0.7247570906990103 1 106.0 -0.7247570906990103 1
gene  1 13 8 -8.527326576136563 1 110.0 -8.527326576136563 1
gene  1 14 8 -8.173188014288243 1 111.0 -8.173188014288243 0
gene  1 1 9 1.9868107537930109 0 112.0 1.9868107537930109 1
gene  1 4 9 4.640502100911643 0 115.0 4.640502100911643 1
gene  1 5 9 4.787188353591844 0 116.0 4.787188353591844 1
gene  1 7 9 -4.92085856262217 0 118.0 -4.92085856262217 1
gene  1 9 9 1.3644351376868302 1 120.0 1.3644351376868302 1
gene  1 14 9 -1.740848624100174 1 125.0 -1.740848624100174 1
gene  1 2 13 0.7931754724775644 0 169.0 0.7931754724775644 1
gene  1 5 13 -3.9713113499732025 0 172.0 -3.9713113499732025 0
gene  1 8 13 -1.360387759887372 0 175.0 -1.360387759887372 1
gene  1 1 14 2.133959980765934 0 182.0 2.133959980765934 1
gene  1 2 14 -2.119112879986472 0 183.0 -2.119112879986472 1
gene  1 3 14 -0.6764472891087339 0 184.0 -0.6764472891087339 1
gene  1 6 14 -3.7190598711035365 0 187.0 -3.7190598711035365 1
gene  1 13 14 0.20931845328167498 0 194.0 0.20931845328167498 1
gene  1 14 14 4.103942616060234 1 195.0 4.103942616060234 1
gene  1 5 8 -0.5268568869159931 0 202.0 -0.5268568869159931 1
gene  1 4 13 -3.127832773499496 0 220.0 -3.127832773499496 1
gene  1 1 20 0.8927013731371863 0 231.0 0.8927013731371863 1
gene  1 20 14 4.762711966052468 0 232.0 4.762711966052468 1
gene  1 1 13 -7.853906280722734 0 329.0 -7.853906280722734 1
gene  1 13 20 -3.0016597380685344 0 337.0 -3.0016597380685344 0
gene  1 4 20 1.5009318553679112 0 339.0 1.5009318553679112 1
gene  1 9 8 -1.2990342386594698 0 404.0 -1.2990342386594698 1
gene  1 8 14 0.8044300921864682 0 410.0 0.8044300921864682 1
gene  1 5 56 -1.1338835088091856 0 434.0 -1.1338835088091856 1
gene  1 56 8 -2.543755196616651 0 435.0 -2.543755196616651 1
gene  1 2 9 -0.877683549097992 0 448.0 -0.877683549097992 1
gene  1 3 60 0.5816060303652082 0 458.0 0.5816060303652082 1
gene  1 60 8 1.5751068592287887 0 459.0 1.5751068592287887 1
gene  1 1 60 3.6118614687492983 0 479.0 3.6118614687492983 1
gene  1 7 56 6.985541950818748 0 520.0 6.985541950818748 1
gene  1 13 79 -0.20752275854726776 0 537.0 -0.20752275854726776 1
gene  1 79 20 1.0963940324006767 0 538.0 1.0963940324006767 1
gene  1 3 79 4.159921097525132 0 556.0 4.159921097525132 1
gene  1 5 92 1.0 0 575.0 0.0 1
gene  1 92 13 -3.9713113499732025 0 576.0 0.0 1
gene  1 14 94 1.0 1 582.0 0.0 1
gene  1 94 8 -8.173188014288243 0 583.0 0.0 1
genomeend 14
genomestart  15
trait 1 0.5243069014341077 0.5319433208524987 1.7517960067943967 0.5175892022585141 1.0750163093329579 0.4703027355098056 0.0 0.0 
node 1 1 1 1
node 2 1 1 1
node 3 1 1 1
node 4 1 1 1
node 5 1 1 1
node 6 1 1 1
node 7 1 1 3
node 8 1 0 0
node 9 1 0 0
node 13 1 0 2
node 14 1 0 2
node 20 1 0 0
node 56 1 0 0
node 60 1 0 0
node 79 1 0 0
node 92 1 0 0
gene  1 1 8 -2.380102147562465 0 98.0 -2.380102147562465 1
gene  1 2 8 -3.200633102191686 0 99.0 -3.200633102191686 1
gene  1 3 8 1.643854100508441 0 100.0 1.643854100508441 1
gene  1 6 8 1.5322684653632679 0 103.0 1.5322684653632679 1
gene  1 8 8 -4.24705950684504 1 105.0 -4.24705950684504 1
gene  1 9 8 0.7473799164067364 1 106.0 0.7473799164067364 1
gene  1 13 8 1.2721857878220697 1 110.0 1.2721857878220697 1
gene  1 14 8 2.3192986903759443 1 111.0 2.3192986903759443 1
gene  1 1 9 -0.489480746016403 0 112.0 -0.489480746016403 1
gene  1 4 9 4.712503743750824 0 115.0 4.712503743750824 1
gene  1 5 9 1.7312931315962776 0 116.0 1.7312931315962776 1
gene  1 7 9 -5.498982581984304 0 118.0 -5.498982581984304 1
gene  1 9 9 2.05123033348561 1 120.0 2.05123033348561 1
gene  1 14 9 0.1495991277251743 1 125.0 0.1495991277251743 1
gene  1 2 13 0.7931754724775644 0 169.0 0.7931754724775644 1
gene  1 5 13 0.9089706630423661 0 172.0 0.9089706630423661 0
gene  1 8 13 -1.7132086365717505 0 175.0 -1.7132086365717505 1
gene  1 1 14 4.0004322421777205 0 182.0 4.0004322421777205 1
gene  1 2 14 -0.6939451446074889 0 183.0 -0.6939451446074889 1
gene  1 3 14 -0.8761233005111879 0 184.0 -0.8761233005111879 1
gene  1 6 14 1.6762671725866753 0 187.0 1.6762671725866753 1
gene  1 13 14 2.404290381445515 0 194.0 2.404290381445515 1
gene  1 14 14 2.7107771929066 1 195.0 2.7107771929066 1
gene  1 5 8 1.9610679447588462 0 202.0 1.9610679447588462 1
gene  1 4 13 0.030456043121114273 0 220.0 0.030456043121114273 1
gene  1 1 20 0.25220791457421765 0 231.0 0.25220791457421765 1
gene  1 20 14 3.104818956071079 0 232.0 3.104818956071079 1
gene  1 1 13 -0.5625526496322011 0 329.0 -0.5625526496322011 1
gene  1 13 20 -3.925308811417752 0 337.0 -3.925308811417752 0
gene  1 4 20 0.2469306989116875 0 339.0 0.2469306989116875 1
gene  1 9 8 0.7348102465509552 0 404.0 0.7348102465509552 1
gene  1 8 14 -0.9711835800158728 0 410.0 -0.9711835800158728 1
gene  1 5 56 0.3815151958884664 0 434.0 0.3815151958884664 1
gene  1 56 8 -2.978335222788536 0 435.0 -2.978335222788536 1
gene  1 2 9 1.1709463054416631 0 448.0 1.1709463054416631 1
gene  1 3 60 2.2237438459976913 0 458.0 2.2237438459976913 1
gene  1 60 8 -0.11459468648591264 0 459.0 -0.11459468648591264 1
gene  1 1 60 1.5527450612040816 0 479.0 1.5527450612040816 1
gene  1 7 56 1.6850321132991875 0 520.0 1.6850321132991875 1
gene  1 13 79 0.9674872488407064 0 537.0 0.9674872488407064 1
gene  1 79 20 -0.8135782958292095 0 538.0 -0.8135782958292095 1
gene  1 3 79 4.893494971822994 0 556.0 4.893494971822994 1
gene  1 5 92 0.6965716824016133 0 575.0 0.6965716824016133 1
gene  1 92 13 -3.9675571936708773 0 576.0 -3.9675571936708773 1
genomeend 15
genomestart  16
trait 1 0.0 0.5319433208524987 1.2381570377802138 1.1036226464327767 0.10522835245191364 0.39032959932087685 0.0 0.0 
node 1 1 1 1
node 2 1 1 1
node 3 1 1 1
node 4 1 1 1
node 5 1 1 1
node 6 1 1 1
node 7 1 1 3
node 8 1 0 0
node 9 1 0 0
node 13 1 0 2
node 14 1 0 2
node 20 1 0 0
node 56 1 0 0
node 60 1 0 0
node 79 1 0 0
node 92 1 0 0
gene  1 1 8 -2.952864892642307 0 98.0 -2.952864892642307 1
gene  1 2 8 -1.9392704263306522 0 99.0 -1.9392704263306522 1
gene  1 3 8 2.2001423087930396 0 100.0 2.2001423087930396 1
gene  1 6 8 1.539503739500392 0 103.0 1.539503739500392 1
gene  1 8 8 -3.9106255815922393 1 105.0 -3.9106255815922393 1
gene  1 9 8 0.1150713826024502 1 106.0 0.1150713826024502 1
gene  1 13 8 -8.27037370569279 1 110.0 -8.27037370569279 1
gene  1 14 8 -8.46909957764433 1 111.0 -8.46909957764433 1
gene  1 1 9 0.5831156535158086 0 112.0 0.5831156535158086 1
gene  1 4 9 6.227949631215846 0 115.0 6.227949631215846 1
gene  1 5 9 3.9096138732263697 0 116.0 3.9096138732263697 1
gene  1 7 9 -3.3110038558269483 0 118.0 -3.3110038558269483 1
gene  1 9 9 2.962078716274384 1 120.0 2.962078716274384 1
gene  1 14 9 -0.26468645058949414 1 125.0 -0.26468645058949414 1
gene  1 2 13 2.7053604491194707 0 169.0 2.7053604491194707 1
gene  1 5 13 -5.112523702981998 0 172.0 -5.112523702981998 0
gene  1 8 13 -3.6612542894034186 0 175.0 -3.6612542894034186 1
gene  1 1 14 0.3211141224058003 0 182.0 0.3211141224058003 1
gene  1 2 14 -1.9402300878554937 0 183.0 -1.9402300878554937 1
gene  1 3 14 1.569212173633363 0 184.0 1.569212173633363 1
gene  1 6 14 -5.302529942511525 0 187.0 -5.302529942511525 1
gene  1 13 14 2.134452403391085 0 194.0 2.134452403391085 1
gene  1 14 14 3.2463412598832373 1 195.0 3.2463412598832373 1
gene  1 5 8 -0.7456002013949555 0 202.0 -0.7456002013949555 1
gene  1 4 13 -4.425169899647552 0 220.0 -4.425169899647552 1
gene  1 1 20 2.754325256504185 0 231.0 2.754325256504185 1
gene  1 20 14 5.458067202678568 0 232.0 5.458067202678568 1
gene  1 1 13 -7.707497365257178 0 329.0 -7.707497365257178 1
gene  1 13 20 -1.465774249410993 0 337.0 -1.465774249410993 0
gene  1 4 20 3.007134423027643 0 339.0 3.007134423027643 1
gene  1 9 8 -2.1117773165200524 0 404.0 -2.1117773165200524 1
gene  1 8 14 2.49132160582395 0 410.0 2.49132160582395 1
gene  1 5 56 -1.2448352517712975 0 434.0 -1.2448352517712975 1
gene  1 56 8 -0.41499785830129765 0 435.0 -0.41499785830129765 1
gene  1 2 9 -1.4454332732848774 0 448.0 -1.4454332732848774 1
gene  1 3 60 -0.41730925712986333 0 458.0 -0.41730925712986333 1
gene  1 60 8 1.6920078704862167 0 459.0 1.6920078704862167 1
gene  1 1 60 3.6118614687492983 0 479.0 3.6118614687492983 1
gene  1 7 56 9.279204814428654 0 520.0 9.279204814428654 1
gene  1 13 79 -0.20752275854726776 0 537.0 -0.20752275854726776 1
gene  1 79 20 1.0963940324006767 0 538.0 1.0963940324006767 1
gene  1 3 79 3.701276179234151 0 556.0 3.701276179234151 1
gene  1 5 92 -0.1357246732797186 0 575.0 -0.1357246732797186 1
gene  1 92 13 -3.9713113499732025 0 576.0 -3.9713113499732025 1
genomeend 16
genomestart  17
trait 1 0.0 0.9380171225566565 2.8572292317689647 0.0 0.9774676473893938 0.5916859962196944 0.0 0.0 
node 1 1 1 1
node 2 1 1 1
node 3 1 1 1
node 4 1 1 1
node 5 1 1 1
node 6 1 1 1
node 7 1 1 3
node 13 1 0 2
node 14 1 0 2
node 45 1 0 0
node 71 1 0 0
node 89 1 0 0
gene  1 1 13 -3.4078649523008933 0 168.0 -3.4078649523008933 1
gene  1 2 13 2.4314169850783545 0 169.0 2.4314169850783545 1
gene  1 5 13 0.23707426177507762 0 172.0 0.23707426177507762 1
gene  1 6 13 -0.9238807008286163 0 173.0 -0.9238807008286163 1
gene  1 7 13 1.330622068478697 0 174.0 1.330622068478697 1
gene  1 3 14 2.942464474841479 0 184.0 2.942464474841479 1
gene  1 4 14 1.4126145865063533 0 185.0 1.4126145865063533 1
gene  1 7 14 -5.900162127714883 0 188.0 -5.900162127714883 1
gene  1 13 14 -0.3658862171092989 0 194.0 -0.3658862171092989 1
gene  1 14 14 2.005211217717621 1 195.0 2.005211217717621 1
gene  1 4 13 6.295790211837561 0 235.0 6.295790211837561 1
gene  1 1 14 -0.578737734817372 0 242.0 -0.578737734817372 1
gene  1 5 14 2.869130424001663 0 319.0 2.869130424001663 1
gene  1 1 45 -2.533511243232955 0 370.0 -2.533511243232955 1
gene  1 45 13 2.4588923756451306 0 371.0 2.4588923756451306 1
gene  1 4 45 -1.4075853461940315 0 497.0 -1.4075853461940315 1
gene  1 6 71 2.3944042395815424 0 502.0 2.3944042395815424 1
gene  1 71 13 0.40786135960112796 0 503.0 0.40786135960112796 1
gene  1 45 71 0.9222695271517523 0 534.0 0.9222695271517523 1
gene  1 3 13 -1.1644032787783876 0 535.0 -1.1644032787783876 1
gene  1 45 89 -0.5537390732003624 0 566.0 -0.5537390732003624 1
gene  1 89 13 3.2793206023064077 0 567.0 3.2793206023064077 1
genomeend 17
genomestart  18
trait 1 0.0 0.9380171225566565 2.8572292317689647 0.0 0.9774676473893938 0.5916859962196944 0.0 0.0 
node 1 1 1 1
node 2 1 1 1
node 3 1 1 1
node 4 1 1 1
node 5 1 1 1
node 6 1 1 1
node 7 1 1 3
node 13 1 0 2
node 14 1 0 2
node 45 1 0 0
node 71 1 0 0
node 89 1 0 0
gene  1 1 13 -1.5521386386047396 0 168.0 -1.5521386386047396 1
gene  1 2 13 4.2990522094279715 0 169.0 4.2990522094279715 1
gene  1 5 13 -1.8881082665179225 0 172.0 -1.8881082665179225 1
gene  1 6 13 -3.132647398414795 0 173.0 -3.132647398414795 1
gene  1 7 13 0.27290889132883644 0 174.0 0.27290889132883644 1
gene  1 3 14 -0.9462136449059027 0 184.0 -0.9462136449059027 1
gene  1 4 14 0.8772509880737583 0 185.0 0.8772509880737583 1
gene  1 7 14 0.6495213394599373 0 188.0 0.6495213394599373 1
gene  1 13 14 1.8670068898395193 0 194.0 1.8670068898395193 1
gene  1 14 14 2.4198734156346227 1 195.0 2.4198734156346227 1
gene  1 4 13 1.6009222175684097 0 235.0 1.6009222175684097 1
gene  1 1 14 0.5181764032828114 0 242.0 0.5181764032828114 1
gene  1 5 14 2.5500651952744953 0 319.0 2.5500651952744953 1
gene  1 1 45 -2.315473492424165 0 370.0 -2.315473492424165 1
gene  1 45 13 -0.45181034616064397 0 371.0 -0.45181034616064397 0
gene  1 4 45 -2.4651212811451297 0 497.0 -2.4651212811451297 1
gene  1 6 71 1.5820556821943148 0 502.0 1.5820556821943148 1
gene  1 71 13 1.630535898969482 0 503.0 1.630535898969482 1
gene  1 45 71 2.6943820411843324 0 534.0 2.6943820411843324 1
gene  1 3 13 0.9556719896146626 0 535.0 0.9556719896146626 1
gene  1 45 89 -1.9780739770576115 0 566.0 -1.9780739770576115 1
gene  1 89 13 -0.3540471303452897 0 567.0 -0.3540471303452897 1
genomeend 18
genomestart  19
trait 1 0.0 0.9380171225566565 2.8572292317689647 0.0 0.9774676473893938 0.5916859962196944 0.0 0.0 
node 1 1 1 1
node 2 1 1 1
node 3 1 1 1
node 4 1 1 1
node 5 1 1 1
node 6 1 1 1
node 7 1 1 3
node 13 1 0 2
node 14 1 0 2
node 45 1 0 0
node 71 1 0 0
node 89 1 0 0
node 93 1 0 0
gene  1 1 13 -2.310383813314359 0 168.0 -2.310383813314359 1
gene  1 2 13 2.3846855144087966 0 169.0 2.3846855144087966 1
gene  1 5 13 -1.1672734843931336 0 172.0 -1.1672734843931336 1
gene  1 6 13 -1.8149766901248197 0 173.0 -1.8149766901248197 1
gene  1 7 13 0.798398211990216 0 174.0 0.798398211990216 1
gene  1 3 14 1.1889694018142936 0 184.0 1.1889694018142936 1
gene  1 4 14 0.8772509880737583 0 185.0 0.8772509880737583 1
gene  1 7 14 -4.56237379820101 0 188.0 -4.56237379820101 1
gene  1 13 14 0.7240015849355015 0 194.0 0.7240015849355015 1
gene  1 14 14 3.208464614789807 1 195.0 3.208464614789807 1
gene  1 4 13 3.9726799606330045 0 235.0 3.9726799606330045 1
gene  1 1 14 0.5181764032828114 0 242.0 0.5181764032828114 0
gene  1 5 14 3.4825464980083183 0 319.0 3.4825464980083183 1
gene  1 1 45 -0.7837306078836509 0 370.0 -0.7837306078836509 1
gene  1 45 13 0.4028907148607461 0 371.0 0.4028907148607461 0
gene  1 4 45 -1.8344227113064415 0 497.0 -1.8344227113064415 1
gene  1 6 71 0.9091382297386696 0 502.0 0.9091382297386696 1
gene  1 71 13 0.4421479170404685 0 503.0 0.4421479170404685 1
gene  1 45 71 1.382061894810206 0 534.0 1.382061894810206 1
gene  1 3 13 2.735877838804574 0 535.0 2.735877838804574 1
gene  1 45 89 -0.5537390732003624 0 566.0 -0.5537390732003624 1
gene  1 89 13 3.2793206023064077 0 567.0 3.2793206023064077 1
gene  1 1 93 1.0 0 579.0 0.0 1
gene  1 93 14 0.5181764032828114 0 580.0 0.0 1
genomeend 19
