genomestart  0
trait 1 1.939229322238783 2.245039122763299 0.0 3.4626111016362247 1.5076454025049317 0.0 1.5989666598479386 0.2837832966800675 
node 1 1 1 1
node 2 1 1 1
node 3 1 1 1
node 4 1 1 1
node 5 1 1 1
node 6 1 1 1
node 7 1 1 3
node 8 1 0 0
node 13 1 0 2
node 14 1 0 2
node 39 1 0 0
node 42 1 0 0
node 51 1 0 0
node 68 1 0 0
node 77 1 0 0
gene  1 1 8 -0.5317369116251768 0 98.0 -0.5317369116251768 1
gene  1 2 8 -2.9671050327246595 0 99.0 -2.9671050327246595 1
gene  1 3 8 6.49086976686867 0 100.0 6.49086976686867 1
gene  1 4 8 1.3402951015992588 0 101.0 1.3402951015992588 1
gene  1 5 8 -2.704037460077628 0 102.0 -2.704037460077628 1
gene  1 6 8 -0.7845488108166068 0 103.0 -0.7845488108166068 1
gene  1 8 8 1.8635203702237448 1 105.0 1.8635203702237448 1
gene  1 13 8 -0.15465324165219396 1 110.0 -0.15465324165219396 1
gene  1 14 8 -1.051505402177839 1 111.0 -1.051505402177839 1
gene  1 3 13 -0.7924312266003684 0 170.0 -0.7924312266003684 1
gene  1 5 13 -4.847990902935252 0 172.0 -4.847990902935252 1
gene  1 7 13 -5.595490647709784 0 174.0 -5.595490647709784 1
gene  1 13 13 10.743169617684673 1 180.0 10.743169617684673 1
gene  1 2 14 3.8706197065025343 0 183.0 3.8706197065025343 1
gene  1 4 14 9.448495250737302 0 185.0 9.448495250737302 1
gene  1 6 14 -0.0327620916091908 0 187.0 -0.0327620916091908 1
gene  1 8 14 -2.3140699951869075 0 189.0 -2.3140699951869075 1
gene  1 13 14 1.7182390604665767 0 194.0 1.7182390604665767 1
gene  1 2 13 2.4937755106785673 0 213.0 2.4937755106785673 1
gene  1 4 13 9.38980312559702 0 230.0 9.38980312559702 1
gene  1 13 8 2.3422182414678163 0 244.0 2.3422182414678163 1
gene  1 7 14 7.290187171350752 0 264.0 7.290187171350752 1
gene  1 1 14 3.0260017227062685 0 299.0 3.0260017227062685 1
gene  1 5 14 -7.753202171623988 0 310.0 -7.753202171623988 1
gene  1 1 13 5.376615506624209 0 311.0 5.376615506624209 1
gene  1 13 39 2.2867221574575716 0 344.0 2.2867221574575716 1
gene  1 39 8 -0.8535466509809331 0 345.0 -0.8535466509809331 1
gene  1 6 13 -3.36513101309591 0 348.0 -3.36513101309591 1
gene  1 2 42 1.0584052566184878 0 359.0 1.0584052566184878 1
gene  1 42 14 3.131787607119997 0 360.0 3.131787607119997 1
gene  1 13 42 -5.005736800084161 0 366.0 -5.005736800084161 1
gene  1 5 51 -8.638202204080848 0 396.0 -8.638202204080848 1
gene  1 51 14 13.294037890023285 0 397.0 13.294037890023285 1
gene  1 6 42 -4.39485010150527 0 423.0 -4.39485010150527 1
gene  1 39 42 -0.28927528226783616 0 426.0 -0.28927528226783616 1
gene  1 51 13 -0.5076550003148737 0 475.0 -0.5076550003148737 1
gene  1 39 14 1.843308863477083 0 476.0 1.843308863477083 1
gene  1 5 39 -1.5085489560571546 0 485.0 -1.5085489560571546 1
gene  1 5 68 4.037493303201755 0 493.0 4.037493303201755 1
gene  1 68 39 3.3135574813133664 0 494.0 3.3135574813133664 1
gene  1 4 51 -0.68767697235695 0 514.0 -0.68767697235695 1
gene  1 39 77 0.6723685266625821 0 528.0 0.6723685266625821 1
gene  1 77 8 -1.5287306177209805 0 529.0 -1.5287306177209805 1
genomeend 0
genomestart  1
trait 1 1.939229322238783 2.3343119142163693 0.747276035170299 2.969549466943627 1.5076454025049317 0.0 1.5989666598479386 0.2837832966800675 
node 1 1 1 1
node 2 1 1 1
node 3 1 1 1
node 4 1 1 1
node 5 1 1 1
node 6 1 1 1
node 7 1 1 3
node 8 1 0 0
node 13 1 0 2
node 14 1 0 2
node 39 1 0 0
node 42 1 0 0
node 51 1 0 0
node 68 1 0 0
node 77 1 0 0
gene  1 1 8 0.5360431840679495 0 98.0 0.5360431840679495 1
gene  1 2 8 -1.2774791038477187 0 99.0 -1.2774791038477187 1
gene  1 3 8 6.9693681292121665 0 100.0 6.9693681292121665 1
gene  1 4 8 3.0468048873238693 0 101.0 3.0468048873238693 1
gene  1 5 8 -4.113194118448825 0 102.0 -4.113194118448825 1
gene  1 6 8 -3.0271325771685595 0 103.0 -3.0271325771685595 1
gene  1 8 8 2.4435955181076485 1 105.0 2.4435955181076485 1
gene  1 13 8 2.0422687307895093 1 110.0 2.0422687307895093 1
gene  1 14 8 -3.030432774395348 1 111.0 -3.030432774395348 1
gene  1 3 13 0.6287316522477444 0 170.0 0.6287316522477444 1
gene  1 5 13 -2.3760754866967053 0 172.0 -2.3760754866967053 1
gene  1 7 13 -6.491801527869306 0 174.0 -6.491801527869306 1
gene  1 13 13 12.20175445902953 1 180.0 12.20175445902953 1
gene  1 2 14 1.8983819184817514 0 183.0 1.8983819184817514 1
gene  1 4 14 7.154982295707664 0 185.0 7.154982295707664 1
gene  1 6 14 0.4374421108776281 0 187.0 0.4374421108776281 1
gene  1 8 14 -2.3264802493371177 0 189.0 -2.3264802493371177 1
gene  1 13 14 0.04843501441553144 0 194.0 0.04843501441553144 1
gene  1 2 13 3.2925311058178934 0 213.0 3.2925311058178934 1
gene  1 4 13 9.652280636828014 0 230.0 9.652280636828014 1
gene  1 13 8 0.6869845146704199 0 244.0 0.6869845146704199 1
gene  1 7 14 9.208167875252594 0 264.0 9.208167875252594 1
gene  1 1 14 5.090346372794697 0 299.0 5.090346372794697 1
gene  1 5 14 -8.740034568362237 0 310.0 -8.740034568362237 1
gene  1 1 13 4.406611374291255 0 311.0 4.406611374291255 1
gene  1 13 39 3.000665048583959 0 344.0 3.000665048583959 1
gene  1 39 8 -1.4434287371021681 0 345.0 -1.4434287371021681 1
gene  1 6 13 -1.9654475002877578 0 348.0 -1.9654475002877578 1
gene  1 2 42 3.096097719286896 0 359.0 3.096097719286896 1
gene  1 42 14 4.155459388648028 0 360.0 4.155459388648028 1
gene  1 13 42 -4.289414373808303 0 366.0 -4.289414373808303 1
gene  1 5 51 -6.434268967052724 0 396.0 -6.434268967052724 1
gene  1 51 14 13.724381988120532 0 397.0 13.724381988120532 1
gene  1 6 42 -6.353755584080993 0 423.0 -6.353755584080993 1
gene  1 39 42 -1.8514589776150738 0 426.0 -1.8514589776150738 1
gene  1 51 13 0.7179517400853008 0 475.0 0.7179517400853008 1
gene  1 39 14 1.8433052235039078 0 476.0 1.8433052235039078 1
gene  1 5 39 -2.749504884588967 0 485.0 -2.749504884588967 1
gene  1 5 68 2.7045866146507436 0 493.0 2.7045866146507436 1
gene  1 68 39 1.0174766253366325 0 494.0 1.0174766253366325 1
gene  1 4 51 -1.5438105444676375 0 514.0 -1.5438105444676375 1
gene  1 39 77 0.5980192145322416 0 528.0 0.5980192145322416 1
gene  1 77 8 -2.5065890016013688 0 529.0 -2.5065890016013688 1
gene  1 3 39 -3.1121133976516835 0 630.0 -3.1121133976516835 1
genomeend 1
genomestart  2
trait 1 1.939229322238783 2.3343119142163693 0.747276035170299 2.969549466943627 1.5076454025049317 0.0 1.5989666598479386 0.2837832966800675 
node 1 1 1 1
node 2 1 1 1
node 3 1 1 1
node 4 1 1 1
node 5 1 1 1
node 6 1 1 1
node 7 1 1 3
node 8 1 0 0
node 13 1 0 2
node 14 1 0 2
node 39 1 0 0
node 42 1 0 0
node 51 1 0 0
node 68 1 0 0
node 77 1 0 0
gene  1 1 8 -1.658692731354753 0 98.0 -1.658692731354753 1
gene  1 2 8 -0.9074900484676859 0 99.0 -0.9074900484676859 1
gene  1 3 8 8.175911487455407 0 100.0 8.175911487455407 1
gene  1 4 8 1.8804468824860336 0 101.0 1.8804468824860336 1
gene  1 5 8 -2.243862555524469 0 102.0 -2.243862555524469 1
gene  1 6 8 -3.681318990189447 0 103.0 -3.681318990189447 1
gene  1 8 8 2.6291567821572155 1 105.0 2.6291567821572155 1
gene  1 13 8 2.582747249478179 1 110.0 2.582747249478179 1
gene  1 14 8 -1.4845924399777757 1 111.0 -1.4845924399777757 1
gene  1 3 13 0.815468274449128 0 170.0 0.815468274449128 1
gene  1 5 13 -2.4986099697186748 0 172.0 -2.4986099697186748 1
gene  1 7 13 -7.829714243858049 0 174.0 -7.829714243858049 1
gene  1 13 13 13.016214725709087 1 180.0 13.016214725709087 1
gene  1 2 14 1.5099367044127237 0 183.0 1.5099367044127237 1
gene  1 4 14 9.42525493539412 0 185.0 9.42525493539412 1
gene  1 6 14 0.0536531759113521 0 187.0 0.0536531759113521 1
gene  1 8 14 -0.3928008090080666 0 189.0 -0.3928008090080666 1
gene  1 13 14 -1.7550171020210035 0 194.0 -1.7550171020210035 1
gene  1 2 13 1.2851545950417407 0 213.0 1.2851545950417407 1
gene  1 4 13 8.92963682902927 0 230.0 8.92963682902927 1
gene  1 13 8 -1.6055601377171906 0 244.0 -1.6055601377171906 1
gene  1 7 14 8.095989092783878 0 264.0 8.095989092783878 1
gene  1 1 14 3.026191876470875 0 299.0 3.026191876470875 1
gene  1 5 14 -7.974960853826557 0 310.0 -7.974960853826557 1
gene  1 1 13 5.418176988303611 0 311.0 5.418176988303611 1
gene  1 13 39 4.01916050232917 0 344.0 4.01916050232917 1
gene  1 39 8 0.8143437176471626 0 345.0 0.8143437176471626 1
gene  1 6 13 0.2452914872401697 0 348.0 0.2452914872401697 1
gene  1 2 42 2.9469963584128656 0 359.0 2.9469963584128656 1
gene  1 42 14 2.6338154260247406 0 360.0 2.6338154260247406 1
gene  1 13 42 -3.282671063623221 0 366.0 -3.282671063623221 1
gene  1 5 51 -5.56912780218851 0 396.0 -5.56912780218851 1
gene  1 51 14 14.557525323757066 0 397.0 14.557525323757066 1
gene  1 6 42 -8.682522287308991 0 423.0 -8.682522287308991 1
gene  1 39 42 -1.2051026070244208 0 426.0 -1.2051026070244208 1
gene  1 51 13 0.641263194164631 0 475.0 0.641263194164631 1
gene  1 39 14 1.8433052235039078 0 476.0 1.8433052235039078 1
gene  1 5 39 -2.749504884588967 0 485.0 -2.749504884588967 1
gene  1 5 68 4.571365020979867 0 493.0 4.571365020979867 1
gene  1 68 39 1.0174766253366325 0 494.0 1.0174766253366325 1
gene  1 4 51 -2.3143889149630392 0 514.0 -2.3143889149630392 1
gene  1 39 77 2.6807361410687798 0 528.0 2.6807361410687798 1
gene  1 77 8 -2.5065890016013688 0 529.0 -2.5065890016013688 1
genomeend 2
genomestart  3
trait 1 2.732431393943948 0.0 0.0 0.798512545900133 0.9382603138953756 0.0 1.9280392103089152 0.8152719799274877 
node 1 1 1 1
node 2 1 1 1
node 3 1 1 1
node 4 1 1 1
node 5 1 1 1
node 6 1 1 1
node 7 1 1 3
node 8 1 0 0
node 9 1 0 0
node 10 1 0 0
node 13 1 0 2
node 14 1 0 2
node 28 1 0 0
node 41 1 0 0
node 43 1 0 0
node 47 1 0 0
node 62 1 0 0
gene  1 1 8 -1.4333335754276366 0 98.0 -1.4333335754276366 1
gene  1 3 8 2.885053835816024 0 100.0 2.885053835816024 1
gene  1 5 8 0.16463026085494975 0 102.0 0.16463026085494975 1
gene  1 6 8 8.73633910210158 0 103.0 8.73633910210158 1
gene  1 8 8 2.298814134536731 1 105.0 2.298814134536731 1
gene  1 1 9 -2.6096756287225515 0 112.0 -2.6096756287225515 1
gene  1 2 9 7.873910111426338 0 113.0 7.873910111426338 1
gene  1 3 9 -3.6551798011006937 0 114.0 -3.6551798011006937 1
gene  1 5 9 -2.773208928021018 0 116.0 -2.773208928021018 1
gene  1 7 9 -2.947537760919656 0 118.0 -2.947537760919656 1
gene  1 9 9 -1.2936871156887475 1 120.0 -1.2936871156887475 1
gene  1 10 9 -1.391035354581149 1 121.0 -1.391035354581149 1
gene  1 13 9 9.495749125945503 1 124.0 9.495749125945503 1
gene  1 2 10 -2.3099531899231405 0 127.0 -2.3099531899231405 1
gene  1 4 10 -5.549342344330427 0 129.0 -5.549342344330427 1
gene  1 5 10 7.579122995211357 0 130.0 7.579122995211357 1
gene  1 8 10 -6.453669808105962 0 133.0 -6.453669808105962 1
gene  1 9 10 2.4116837016699293 0 134.0 2.4116837016699293 1
gene  1 10 10 0.8271301652001664 1 135.0 0.8271301652001664 1
gene  1 13 10 -4.175353211079887 1 138.0 -4.175353211079887 1
gene  1 14 10 -4.378450758448567 1 139.0 -4.378450758448567 1
gene  1 2 13 -1.3218387185381586 0 169.0 -1.3218387185381586 1
gene  1 3 13 1.708249836322783 0 170.0 1.708249836322783 1
gene  1 6 13 2.9292929695934076 0 173.0 2.9292929695934076 1
gene  1 7 13 0.727992485944223 0 174.0 0.727992485944223 1
gene  1 9 13 -0.5397163541840149 0 176.0 -0.5397163541840149 1
gene  1 13 13 2.548619754404191 1 180.0 2.548619754404191 1
gene  1 14 13 -2.2746202816206456 1 181.0 -2.2746202816206456 1
gene  1 1 14 0.4644417795089786 0 182.0 0.4644417795089786 1
gene  1 3 14 -0.42493356374512126 0 184.0 -0.42493356374512126 1
gene  1 9 14 9.752859624656926 0 190.0 9.752859624656926 1
gene  1 10 14 3.39304306391348 0 191.0 3.39304306391348 1
gene  1 8 13 1.7807673757754783 0 207.0 1.7807673757754783 1
gene  1 1 10 -5.350789518850955 0 226.0 -5.350789518850955 1
gene  1 6 14 -6.556763918900956 0 234.0 -6.556763918900956 1
gene  1 8 28 2.9829995828473166 1 293.0 2.9829995828473166 1
gene  1 28 8 -0.7669019154893397 0 294.0 -0.7669019154893397 1
gene  1 8 9 0.5241872222120094 0 328.0 0.5241872222120094 1
gene  1 8 41 -1.0109428950428043 1 357.0 -1.0109428950428043 1
gene  1 41 8 2.781980721624196 0 358.0 2.781980721624196 1
gene  1 14 43 3.282604465806234 1 364.0 3.282604465806234 1
gene  1 43 10 4.100520888511195 0 365.0 4.100520888511195 1
gene  1 5 47 -11.142815793916679 0 375.0 -11.142815793916679 1
gene  1 47 9 1.561209402103661 0 376.0 1.561209402103661 1
gene  1 41 14 0.803949785745745 0 387.0 0.803949785745745 1
gene  1 4 28 0.42909574270283435 0 419.0 0.42909574270283435 1
gene  1 2 28 -0.9502517660573795 0 429.0 -0.9502517660573795 1
gene  1 1 62 -0.9147248450337304 0 470.0 -0.9147248450337304 1
gene  1 62 9 -0.6180310611846773 0 471.0 -0.6180310611846773 1
gene  1 8 14 -5.88459502566212 0 484.0 -5.88459502566212 1
gene  1 1 13 1.8439668901159503 0 489.0 1.8439668901159503 1
gene  1 28 10 1.1264579586066925 0 510.0 1.1264579586066925 1
gene  1 2 41 -2.325289605850031 0 515.0 -2.325289605850031 1
gene  1 41 47 1.381213319737184 0 548.0 1.381213319737184 1
genomeend 3
genomestart  4
trait 1 2.732431393943948 0.0 0.0 0.798512545900133 0.9382603138953756 0.0 1.9280392103089152 0.8152719799274877 
node 1 1 1 1
node 2 1 1 1
node 3 1 1 1
node 4 1 1 1
node 5 1 1 1
node 6 1 1 1
node 7 1 1 3
node 8 1 0 0
node 9 1 0 0
node 10 1 0 0
node 13 1 0 2
node 14 1 0 2
node 28 1 0 0
node 41 1 0 0
node 43 1 0 0
node 47 1 0 0
node 62 1 0 0
gene  1 1 8 -2.7386448309128992 0 98.0 -2.7386448309128992 1
gene  1 3 8 0.9293413122241994 0 100.0 0.9293413122241994 1
gene  1 5 8 -1.9589904382993388 0 102.0 -1.9589904382993388 1
gene  1 6 8 8.30486394651093 0 103.0 8.30486394651093 1
gene  1 8 8 0.08921827163730534 1 105.0 0.08921827163730534 1
gene  1 1 9 -2.8948344763324068 0 112.0 -2.8948344763324068 1
gene  1 2 9 8.068973100325795 0 113.0 8.068973100325795 1
gene  1 3 9 -6.0664124382518985 0 114.0 -6.0664124382518985 1
gene  1 5 9 -2.004728081654937 0 116.0 -2.004728081654937 1
gene  1 7 9 -2.5407066113280554 0 118.0 -2.5407066113280554 1
gene  1 9 9 -3.720923232399059 1 120.0 -3.720923232399059 1
gene  1 10 9 -1.9233166653718698 1 121.0 -1.9233166653718698 1
gene  1 13 9 10.182275461502728 1 124.0 10.182275461502728 1
gene  1 2 10 -3.1848243766410254 0 127.0 -3.1848243766410254 1
gene  1 4 10 2.1540503957443993 0 129.0 2.1540503957443993 1
gene  1 5 10 2.2853700245765407 0 130.0 2.2853700245765407 1
gene  1 8 10 -6.453669808105962 0 133.0 -6.453669808105962 1
gene  1 9 10 0.07929852231708778 0 134.0 0.07929852231708778 1
gene  1 10 10 2.1531021022262467 1 135.0 2.1531021022262467 1
gene  1 13 10 -3.333894271990019 1 138.0 -3.333894271990019 1
gene  1 14 10 2.1813903412062525 1 139.0 2.1813903412062525 1
gene  1 2 13 -3.383437130070532 0 169.0 -3.383437130070532 1
gene  1 3 13 0.5413681375199192 0 170.0 0.5413681375199192 1
gene  1 6 13 2.7806307596207804 0 173.0 2.7806307596207804 1
gene  1 7 13 1.537919737040037 0 174.0 1.537919737040037 1
gene  1 9 13 1.0929597305175682 0 176.0 1.0929597305175682 1
gene  1 13 13 3.006035174711596 1 180.0 3.006035174711596 1
gene  1 14 13 0.37850998411393694 1 181.0 0.37850998411393694 1
gene  1 1 14 0.4644417795089786 0 182.0 0.4644417795089786 1
gene  1 3 14 -0.0759094454584 0 184.0 -0.0759094454584 1
gene  1 9 14 1.2785472732699465 0 190.0 1.2785472732699465 1
gene  1 10 14 2.2249570052115657 0 191.0 2.2249570052115657 1
gene  1 8 13 0.7585015948722207 0 207.0 0.7585015948722207 1
gene  1 1 10 -2.963624415959593 0 226.0 -2.963624415959593 1
gene  1 6 14 -7.05904312181215 0 234.0 -7.05904312181215 1
gene  1 8 28 3.750364464324662 1 293.0 3.750364464324662 1
gene  1 28 8 -0.26628406212311384 0 294.0 -0.26628406212311384 1
gene  1 8 9 0.5241872222120094 0 328.0 0.5241872222120094 1
gene  1 8 41 -1.9503599050184364 1 357.0 -1.9503599050184364 1
gene  1 41 8 2.781980721624196 0 358.0 2.781980721624196 1
gene  1 14 43 1.790561862559962 1 364.0 1.790561862559962 1
gene  1 43 10 -2.0475354738851235 0 365.0 -2.0475354738851235 1
gene  1 5 47 -9.926150568115103 0 375.0 -9.926150568115103 1
gene  1 47 9 -0.7742799735265515 0 376.0 -0.7742799735265515 1
gene  1 41 14 2.536035523726908 0 387.0 2.536035523726908 1
gene  1 4 28 0.5859964103334336 0 419.0 0.5859964103334336 1
gene  1 2 28 -1.9031705574104338 0 429.0 -1.9031705574104338 1
gene  1 1 62 -2.866162448875689 0 470.0 -2.866162448875689 1
gene  1 62 9 -2.160430874497271 0 471.0 -2.160430874497271 1
gene  1 8 14 -7.014593328753296 0 484.0 -7.014593328753296 1
gene  1 1 13 2.304381252210061 0 489.0 2.304381252210061 1
gene  1 28 10 -0.10156986180179595 0 510.0 -0.10156986180179595 1
gene  1 2 41 -1.2991640867751368 0 515.0 -1.2991640867751368 1
gene  1 41 47 0.20948858452393848 0 548.0 0.20948858452393848 1
genomeend 4
genomestart  5
trait 1 2.732431393943948 0.0 0.0 0.798512545900133 0.9382603138953756 0.0 1.9280392103089152 0.8152719799274877 
node 1 1 1 1
node 2 1 1 1
node 3 1 1 1
node 4 1 1 1
node 5 1 1 1
node 6 1 1 1
node 7 1 1 3
node 8 1 0 0
node 9 1 0 0
node 10 1 0 0
node 13 1 0 2
node 14 1 0 2
node 28 1 0 0
node 41 1 0 0
node 43 1 0 0
node 47 1 0 0
node 62 1 0 0
gene  1 1 8 -1.4333335754276366 0 98.0 -1.4333335754276366 1
gene  1 3 8 2.885053835816024 0 100.0 2.885053835816024 1
gene  1 5 8 0.16463026085494975 0 102.0 0.16463026085494975 1
gene  1 6 8 8.73633910210158 0 103.0 8.73633910210158 1
gene  1 8 8 2.298814134536731 1 105.0 2.298814134536731 1
gene  1 1 9 -2.6096756287225515 0 112.0 -2.6096756287225515 1
gene  1 2 9 7.873910111426338 0 113.0 7.873910111426338 1
gene  1 3 9 -3.6551798011006937 0 114.0 -3.6551798011006937 1
gene  1 5 9 -2.773208928021018 0 116.0 -2.773208928021018 1
gene  1 7 9 -2.947537760919656 0 118.0 -2.947537760919656 1
gene  1 9 9 -1.2936871156887475 1 120.0 -1.2936871156887475 1
gene  1 10 9 -1.391035354581149 1 121.0 -1.391035354581149 1
gene  1 13 9 9.495749125945503 1 124.0 9.495749125945503 1
gene  1 2 10 -2.3099531899231405 0 127.0 -2.3099531899231405 1
gene  1 4 10 -5.549342344330427 0 129.0 -5.549342344330427 1
gene  1 5 10 7.579122995211357 0 130.0 7.579122995211357 1
gene  1 8 10 -6.453669808105962 0 133.0 -6.453669808105962 1
gene  1 9 10 2.4116837016699293 0 134.0 2.4116837016699293 1
gene  1 10 10 0.8271301652001664 1 135.0 0.8271301652001664 1
gene  1 13 10 -4.175353211079887 1 138.0 -4.175353211079887 1
gene  1 14 10 -4.378450758448567 1 139.0 -4.378450758448567 1
gene  1 2 13 -1.3218387185381586 0 169.0 -1.3218387185381586 1
gene  1 3 13 1.708249836322783 0 170.0 1.708249836322783 1
gene  1 6 13 2.9292929695934076 0 173.0 2.9292929695934076 1
gene  1 7 13 0.727992485944223 0 174.0 0.727992485944223 1
gene  1 9 13 -0.5397163541840149 0 176.0 -0.5397163541840149 1
gene  1 13 13 2.548619754404191 1 180.0 2.548619754404191 1
gene  1 14 13 -2.2746202816206456 1 181.0 -2.2746202816206456 1
gene  1 1 14 0.4644417795089786 0 182.0 0.4644417795089786 1
gene  1 3 14 -0.42493356374512126 0 184.0 -0.42493356374512126 1
gene  1 9 14 9.752859624656926 0 190.0 9.752859624656926 1
gene  1 10 14 3.39304306391348 0 191.0 3.39304306391348 1
gene  1 8 13 1.7807673757754783 0 207.0 1.7807673757754783 1
gene  1 1 10 -5.350789518850955 0 226.0 -5.350789518850955 1
gene  1 6 14 -6.556763918900956 0 234.0 -6.556763918900956 1
gene  1 8 28 2.9829995828473166 1 293.0 2.9829995828473166 1
gene  1 28 8 -0.7669019154893397 0 294.0 -0.7669019154893397 1
gene  1 8 9 0.5241872222120094 0 328.0 0.5241872222120094 1
gene  1 8 41 -1.0109428950428043 1 357.0 -1.0109428950428043 1
gene  1 41 8 2.781980721624196 0 358.0 2.781980721624196 1
gene  1 14 43 3.282604465806234 1 364.0 3.282604465806234 1
gene  1 43 10 4.100520888511195 0 365.0 4.100520888511195 1
gene  1 5 47 -11.142815793916679 0 375.0 -11.142815793916679 1
gene  1 47 9 1.561209402103661 0 376.0 1.561209402103661 1
gene  1 41 14 0.803949785745745 0 387.0 0.803949785745745 1
gene  1 4 28 0.42909574270283435 0 419.0 0.42909574270283435 1
gene  1 2 28 -0.9502517660573795 0 429.0 -0.9502517660573795 1
gene  1 1 62 -0.9147248450337304 0 470.0 -0.9147248450337304 1
gene  1 62 9 -0.6180310611846773 0 471.0 -0.6180310611846773 1
gene  1 8 14 -5.88459502566212 0 484.0 -5.88459502566212 1
gene  1 1 13 1.8439668901159503 0 489.0 1.8439668901159503 1
gene  1 28 10 1.1264579586066925 0 510.0 1.1264579586066925 1
gene  1 2 41 -2.325289605850031 0 515.0 -2.325289605850031 1
gene  1 41 47 1.381213319737184 0 548.0 1.381213319737184 1
gene  1 4 8 4.806167903056781 0 631.0 4.806167903056781 1
genomeend 5
genomestart  6
trait 1 1.0196578134443977 0.7502223240297183 0.0 0.19410325956016972 3.1752136023158166 0.0 0.826280999839004 1.190943612630714 
node 1 1 1 1
node 2 1 1 1
node 3 1 1 1
node 4 1 1 1
node 5 1 1 1
node 6 1 1 1
node 7 1 1 3
node 8 1 0 0
node 13 1 0 2
node 14 1 0 2
node 22 1 0 0
node 25 1 0 0
node 29 1 0 0
node 57 1 0 0
node 65 1 0 0
node 76 1 0 0
node 87 1 0 0
gene  1 1 8 -5.178377021668319 0 98.0 -5.178377021668319 1
gene  1 3 8 -1.239311375718305 0 100.0 -1.239311375718305 1
gene  1 4 8 6.086978861093537 0 101.0 6.086978861093537 1
gene  1 5 8 -3.7634205352312216 0 102.0 -3.7634205352312216 1
gene  1 6 8 -1.097444597611993 0 103.0 -1.097444597611993 1
gene  1 8 8 -12.179804038819286 1 105.0 -12.179804038819286 1
gene  1 1 13 -2.875948000835562 0 168.0 -2.875948000835562 1
gene  1 5 13 3.09612254792107 0 172.0 3.09612254792107 1
gene  1 13 13 -2.5402903871079094 1 180.0 -2.5402903871079094 1
gene  1 14 13 -10.05153009301313 1 181.0 -10.05153009301313 1
gene  1 2 14 -3.1404719766936635 0 183.0 -3.1404719766936635 1
gene  1 3 14 1.790239345470849 0 184.0 1.790239345470849 1
gene  1 5 14 -2.461062647536974 0 186.0 -2.461062647536974 1
gene  1 7 14 -2.6292569559341272 0 188.0 -2.6292569559341272 1
gene  1 8 14 -0.19324960907260014 0 189.0 -0.19324960907260014 1
gene  1 13 14 2.3744205924497717 0 194.0 2.3744205924497717 1
gene  1 2 13 -0.510007912760009 0 236.0 -0.510007912760009 1
gene  1 8 22 -2.7059480363130968 0 240.0 -2.7059480363130968 1
gene  1 22 14 -11.596333299582367 0 241.0 -11.596333299582367 1
gene  1 1 22 -3.9991890555630527 0 245.0 -3.9991890555630527 1
gene  1 13 8 -0.6309736900454435 0 257.0 -0.6309736900454435 1
gene  1 5 22 2.7807142892154038 0 265.0 2.7807142892154038 1
gene  1 1 25 -0.15840873634181296 0 279.0 -0.15840873634181296 1
gene  1 25 8 0.6402299737377968 0 280.0 0.6402299737377968 1
gene  1 8 29 2.2094002604182306 0 297.0 2.2094002604182306 1
gene  1 29 14 0.02687847505140306 0 298.0 0.02687847505140306 1
gene  1 1 14 5.799290588764473 0 312.0 5.799290588764473 1
gene  1 2 29 -3.078606398799213 0 330.0 -3.078606398799213 1
gene  1 5 25 3.224222885352391 0 343.0 3.224222885352391 1
gene  1 6 29 0.9058365323602386 0 386.0 0.9058365323602386 1
gene  1 22 29 -1.8376752960190201 0 416.0 -1.8376752960190201 1
gene  1 4 14 -4.594195554651276 0 424.0 -4.594195554651276 1
gene  1 4 29 2.4018389771456667 0 432.0 2.4018389771456667 1
gene  1 8 57 -7.26042957522119 0 437.0 -7.26042957522119 1
gene  1 57 14 -0.10389036215489433 0 438.0 -0.10389036215489433 1
gene  1 3 22 1.488912429013767 0 440.0 1.488912429013767 1
gene  1 2 25 0.35733514481835565 0 455.0 0.35733514481835565 1
gene  1 1 65 1.6586811237456707 0 481.0 1.6586811237456707 1
gene  1 65 25 -0.16286811504477194 0 482.0 -0.16286811504477194 1
gene  1 8 76 1.0607595458432026 0 525.0 1.0607595458432026 1
gene  1 76 22 3.0058894315264713 0 526.0 3.0058894315264713 1
gene  1 2 87 0.8953527078419996 0 560.0 0.8953527078419996 1
gene  1 87 14 -0.42528176680875585 0 561.0 -0.42528176680875585 1
gene  1 6 87 -6.827179851872721 0 629.0 -6.827179851872721 1
genomeend 6
genomestart  7
trait 1 1.0196578134443977 0.7502223240297183 0.0 0.19410325956016972 3.1752136023158166 0.0 0.826280999839004 1.190943612630714 
node 1 1 1 1
node 2 1 1 1
node 3 1 1 1
node 4 1 1 1
node 5 1 1 1
node 6 1 1 1
node 7 1 1 3
node 8 1 0 0
node 13 1 0 2
node 14 1 0 2
node 22 1 0 0
node 25 1 0 0
node 29 1 0 0
node 57 1 0 0
node 65 1 0 0
node 76 1 0 0
node 87 1 0 0
gene  1 1 8 -4.392296605285933 0 98.0 -4.392296605285933 1
gene  1 3 8 -1.239311375718305 0 100.0 -1.239311375718305 1
gene  1 4 8 2.0434243940420584 0 101.0 2.0434243940420584 1
gene  1 5 8 -3.7634205352312216 0 102.0 -3.7634205352312216 1
gene  1 6 8 -0.10307939385065051 0 103.0 -0.10307939385065051 1
gene  1 8 8 1.695384279604701 1 105.0 1.695384279604701 1
gene  1 1 13 -2.875948000835562 0 168.0 -2.875948000835562 1
gene  1 5 13 2.663500463817259 0 172.0 2.663500463817259 1
gene  1 13 13 -0.5783102942106975 1 180.0 -0.5783102942106975 1
gene  1 14 13 0.824851524021295 1 181.0 0.824851524021295 1
gene  1 2 14 -2.8844948926668112 0 183.0 -2.8844948926668112 1
gene  1 3 14 1.8888336410186823 0 184.0 1.8888336410186823 1
gene  1 5 14 -4.149357367067516 0 186.0 -4.149357367067516 1
gene  1 7 14 -2.0407901760591614 0 188.0 -2.0407901760591614 1
gene  1 8 14 -0.31303395865083816 0 189.0 -0.31303395865083816 1
gene  1 13 14 0.03237158814369562 0 194.0 0.03237158814369562 1
gene  1 2 13 -0.510007912760009 0 236.0 -0.510007912760009 1
gene  1 8 22 -4.823705710679447 0 240.0 -4.823705710679447 1
gene  1 22 14 -13.652736663530971 0 241.0 -13.652736663530971 1
gene  1 1 22 -4.9577360589305925 0 245.0 -4.9577360589305925 1
gene  1 13 8 -0.6309736900454435 0 257.0 -0.6309736900454435 1
gene  1 5 22 2.8014357808244235 0 265.0 2.8014357808244235 1
gene  1 1 25 -1.8815550803568526 0 279.0 -1.8815550803568526 1
gene  1 25 8 0.862014507776367 0 280.0 0.862014507776367 1
gene  1 8 29 4.358785076091344 0 297.0 4.358785076091344 1
gene  1 29 14 -0.37177974936895375 0 298.0 -0.37177974936895375 1
gene  1 1 14 1.0188555601613567 0 312.0 1.0188555601613567 1
gene  1 2 29 -0.7778948726918189 0 330.0 -0.7778948726918189 1
gene  1 5 25 1.7494515528990773 0 343.0 1.7494515528990773 1
gene  1 6 29 0.9058365323602386 0 386.0 0.9058365323602386 1
gene  1 22 29 -3.849173353308217 0 416.0 -3.849173353308217 1
gene  1 4 14 -2.5800146502882204 0 424.0 -2.5800146502882204 1
gene  1 4 29 0.25742274905360096 0 432.0 0.25742274905360096 1
gene  1 8 57 -5.001816130460982 0 437.0 -5.001816130460982 1
gene  1 57 14 1.35698360616238 0 438.0 1.35698360616238 1
gene  1 3 22 3.635209441499864 0 440.0 3.635209441499864 1
gene  1 2 25 -1.8186217142679233 0 455.0 -1.8186217142679233 1
gene  1 1 65 0.8199718232784923 0 481.0 0.8199718232784923 1
gene  1 65 25 0.9930329973844971 0 482.0 0.9930329973844971 1
gene  1 8 76 1.5841317064335936 0 525.0 1.5841317064335936 1
gene  1 76 22 1.5713402436903292 0 526.0 1.5713402436903292 1
gene  1 2 87 -0.08368793833179455 0 560.0 -0.08368793833179455 1
gene  1 87 14 1.0503785594240573 0 561.0 1.0503785594240573 1
genomeend 7
genomestart  8
trait 1 1.0196578134443977 0.7502223240297183 0.0 0.19410325956016972 3.1752136023158166 0.0 0.826280999839004 1.190943612630714 
node 1 1 1 1
node 2 1 1 1
node 3 1 1 1
node 4 1 1 1
node 5 1 1 1
node 6 1 1 1
node 7 1 1 3
node 8 1 0 0
node 13 1 0 2
node 14 1 0 2
node 22 1 0 0
node 25 1 0 0
node 29 1 0 0
node 57 1 0 0
node 65 1 0 0
node 76 1 0 0
node 87 1 0 0
gene  1 1 8 -5.131167665975398 0 98.0 -5.131167665975398 1
gene  1 3 8 0.7333258884677967 0 100.0 0.7333258884677967 1
gene  1 4 8 5.212471768861883 0 101.0 5.212471768861883 1
gene  1 5 8 -5.555367474053397 0 102.0 -5.555367474053397 1
gene  1 6 8 1.385881786849887 0 103.0 1.385881786849887 1
gene  1 8 8 -14.310336267028143 1 105.0 -14.310336267028143 1
gene  1 1 13 -3.672738469292001 0 168.0 -3.672738469292001 1
gene  1 5 13 2.3157604970063574 0 172.0 2.3157604970063574 1
gene  1 13 13 -4.5942228508396274 1 180.0 -4.5942228508396274 1
gene  1 14 13 -10.430693416735627 1 181.0 -10.430693416735627 1
gene  1 2 14 -3.2519782353483944 0 183.0 -3.2519782353483944 1
gene  1 3 14 2.1032100959801854 0 184.0 2.1032100959801854 1
gene  1 5 14 -0.696031977301548 0 186.0 -0.696031977301548 1
gene  1 7 14 -2.864410523237373 0 188.0 -2.864410523237373 1
gene  1 8 14 1.1099129841857145 0 189.0 1.1099129841857145 1
gene  1 13 14 3.0402602643826846 0 194.0 3.0402602643826846 1
gene  1 2 13 -0.12147075947512181 0 236.0 -0.12147075947512181 1
gene  1 8 22 -0.7785299084920312 0 240.0 -0.7785299084920312 1
gene  1 22 14 -11.654410576579236 0 241.0 -11.654410576579236 1
gene  1 1 22 -4.5421002078281685 0 245.0 -4.5421002078281685 1
gene  1 13 8 -1.1887426939585715 0 257.0 -1.1887426939585715 1
gene  1 5 22 2.8595356316914984 0 265.0 2.8595356316914984 1
gene  1 1 25 -1.821616830857762 0 279.0 -1.821616830857762 1
gene  1 25 8 0.16853079745940475 0 280.0 0.16853079745940475 1
gene  1 8 29 1.7038323243552764 0 297.0 1.7038323243552764 1
gene  1 29 14 -2.4668117075353626 0 298.0 -2.4668117075353626 1
gene  1 1 14 3.682411869197532 0 312.0 3.682411869197532 1
gene  1 2 29 -4.221336972446832 0 330.0 -4.221336972446832 1
gene  1 5 25 1.5507766228361939 0 343.0 1.5507766228361939 1
gene  1 6 29 2.9975389102844616 0 386.0 2.9975389102844616 1
gene  1 22 29 -0.8860418251122939 0 416.0 -0.8860418251122939 1
gene  1 4 14 -2.3886691402845868 0 424.0 -2.3886691402845868 1
gene  1 4 29 4.8328913105332045 0 432.0 4.8328913105332045 1
gene  1 8 57 -9.407623340198043 0 437.0 -9.407623340198043 1
gene  1 57 14 -1.9107921658587044 0 438.0 -1.9107921658587044 1
gene  1 3 22 1.488912429013767 0 440.0 1.488912429013767 1
gene  1 2 25 -1.4981774793573186 0 455.0 -1.4981774793573186 1
gene  1 1 65 1.6586811237456707 0 481.0 1.6586811237456707 1
gene  1 65 25 -2.191080293288198 0 482.0 -2.191080293288198 1
gene  1 8 76 1.0607595458432026 0 525.0 1.0607595458432026 1
gene  1 76 22 3.2726402079656203 0 526.0 3.2726402079656203 1
gene  1 2 87 0.8953527078419996 0 560.0 0.8953527078419996 1
gene  1 87 14 0.8386626067491394 0 561.0 0.8386626067491394 1
genomeend 8
genomestart  9
trait 1 1.0196578134443977 0.7502223240297183 0.0 0.19410325956016972 3.1752136023158166 0.0 0.826280999839004 1.190943612630714 
node 1 1 1 1
node 2 1 1 1
node 3 1 1 1
node 4 1 1 1
node 5 1 1 1
node 6 1 1 1
node 7 1 1 3
node 8 1 0 0
node 13 1 0 2
node 14 1 0 2
node 22 1 0 0
node 25 1 0 0
node 29 1 0 0
node 57 1 0 0
node 65 1 0 0
node 76 1 0 0
node 87 1 0 0
gene  1 1 8 -5.717978978264028 0 98.0 -5.717978978264028 1
gene  1 3 8 1.0337341919015437 0 100.0 1.0337341919015437 1
gene  1 4 8 7.603861415948385 0 101.0 7.603861415948385 1
gene  1 5 8 -1.3410498388045826 0 102.0 -1.3410498388045826 1
gene  1 6 8 -3.157440047857392 0 103.0 -3.157440047857392 1
gene  1 8 8 -11.59747092574619 1 105.0 -11.59747092574619 1
gene  1 1 13 -3.7862767570565423 0 168.0 -3.7862767570565423 1
gene  1 5 13 4.967729028975252 0 172.0 4.967729028975252 1
gene  1 13 13 -3.813164118704533 1 180.0 -3.813164118704533 1
gene  1 14 13 -10.668550139864273 1 181.0 -10.668550139864273 1
gene  1 2 14 -5.2864351341179425 0 183.0 -5.2864351341179425 1
gene  1 3 14 2.8316777898061485 0 184.0 2.8316777898061485 1
gene  1 5 14 -4.523393440242041 0 186.0 -4.523393440242041 1
gene  1 7 14 -0.9599690384817936 0 188.0 -0.9599690384817936 1
gene  1 8 14 2.1384168477216727 0 189.0 2.1384168477216727 1
gene  1 13 14 4.5155729481626725 0 194.0 4.5155729481626725 1
gene  1 2 13 1.9774752431263438 0 236.0 1.9774752431263438 1
gene  1 8 22 -5.178630196840337 0 240.0 -5.178630196840337 1
gene  1 22 14 -11.670534610283273 0 241.0 -11.670534610283273 1
gene  1 1 22 -5.457819422582592 0 245.0 -5.457819422582592 1
gene  1 13 8 1.1338748104559082 0 257.0 1.1338748104559082 1
gene  1 5 22 0.44783982055452887 0 265.0 0.44783982055452887 1
gene  1 1 25 2.276334788038815 0 279.0 2.276334788038815 1
gene  1 25 8 -0.6135159647130326 0 280.0 -0.6135159647130326 1
gene  1 8 29 1.0080880762598674 0 297.0 1.0080880762598674 1
gene  1 29 14 1.8436476283726102 0 298.0 1.8436476283726102 1
gene  1 1 14 6.555657538634746 0 312.0 6.555657538634746 1
gene  1 2 29 -2.0247834942741427 0 330.0 -2.0247834942741427 1
gene  1 5 25 5.653683305527161 0 343.0 5.653683305527161 1
gene  1 6 29 -0.2856554329537788 0 386.0 -0.2856554329537788 1
gene  1 22 29 0.35768110170049705 0 416.0 0.35768110170049705 1
gene  1 4 14 -4.158097471295877 0 424.0 -4.158097471295877 1
gene  1 4 29 3.1730889287132893 0 432.0 3.1730889287132893 1
gene  1 8 57 -8.877107996216488 0 437.0 -8.877107996216488 1
gene  1 57 14 0.5733042608589544 0 438.0 0.5733042608589544 1
gene  1 3 22 1.5228581062984592 0 440.0 1.5228581062984592 1
gene  1 2 25 1.4512565516580354 0 455.0 1.4512565516580354 1
gene  1 1 65 -1.674783194834778 0 481.0 -1.674783194834778 1
gene  1 65 25 -2.249696131699691 0 482.0 -2.249696131699691 1
gene  1 8 76 -1.9405133213482986 0 525.0 -1.9405133213482986 1
gene  1 76 22 -2.3283894976644848 0 526.0 -2.3283894976644848 1
gene  1 2 87 2.178576899938471 0 560.0 2.178576899938471 1
gene  1 87 14 -2.458709245075899 0 561.0 -2.458709245075899 1
genomeend 9
genomestart  10
trait 1 1.0196578134443977 0.7502223240297183 0.0 0.19410325956016972 3.1752136023158166 0.0 0.826280999839004 1.190943612630714 
node 1 1 1 1
node 2 1 1 1
node 3 1 1 1
node 4 1 1 1
node 5 1 1 1
node 6 1 1 1
node 7 1 1 3
node 8 1 0 0
node 13 1 0 2
node 14 1 0 2
node 22 1 0 0
node 25 1 0 0
node 29 1 0 0
node 57 1 0 0
node 65 1 0 0
node 76 1 0 0
node 87 1 0 0
gene  1 1 8 -5.689188257481427 0 98.0 -5.689188257481427 1
gene  1 3 8 0.6650413001726116 0 100.0 0.6650413001726116 1
gene  1 4 8 1.8016121284212916 0 101.0 1.8016121284212916 1
gene  1 5 8 -2.442684880183202 0 102.0 -2.442684880183202 1
gene  1 6 8 -0.05601242901843384 0 103.0 -0.05601242901843384 1
gene  1 8 8 1.4230390257370793 1 105.0 1.4230390257370793 1
gene  1 1 13 1.6318739750141678 0 168.0 1.6318739750141678 1
gene  1 5 13 1.5253913523204938 0 172.0 1.5253913523204938 1
gene  1 13 13 -4.853017945630306 1 180.0 -4.853017945630306 1
gene  1 14 13 -7.653120046317124 1 181.0 -7.653120046317124 1
gene  1 2 14 -1.7956791473460645 0 183.0 -1.7956791473460645 1
gene  1 3 14 1.3993760461807998 0 184.0 1.3993760461807998 1
gene  1 5 14 -2.8389802046737826 0 186.0 -2.8389802046737826 1
gene  1 7 14 1.4500392235616792 0 188.0 1.4500392235616792 1
gene  1 8 14 -0.19324960907260014 0 189.0 -0.19324960907260014 1
gene  1 13 14 -1.91479217943282 0 194.0 -1.91479217943282 1
gene  1 2 13 1.2651565556452191 0 236.0 1.2651565556452191 1
gene  1 8 22 -2.038597720671646 0 240.0 -2.038597720671646 1
gene  1 22 14 -10.504027475153944 0 241.0 -10.504027475153944 1
gene  1 1 22 -3.772641197291249 0 245.0 -3.772641197291249 1
gene  1 13 8 0.20039485325469064 0 257.0 0.20039485325469064 1
gene  1 5 22 5.156015304387566 0 265.0 5.156015304387566 1
gene  1 1 25 -1.6312790974285503 0 279.0 -1.6312790974285503 1
gene  1 25 8 0.9942571453726976 0 280.0 0.9942571453726976 1
gene  1 8 29 -1.879338538009895 0 297.0 -1.879338538009895 1
gene  1 29 14 -1.2080708957229043 0 298.0 -1.2080708957229043 1
gene  1 1 14 7.828977145185409 0 312.0 7.828977145185409 1
gene  1 2 29 -1.3445448129521353 0 330.0 -1.3445448129521353 1
gene  1 5 25 4.842316419044035 0 343.0 4.842316419044035 1
gene  1 6 29 -0.613379390637167 0 386.0 -0.613379390637167 1
gene  1 22 29 -3.5994678868854875 0 416.0 -3.5994678868854875 1
gene  1 4 14 -6.85907515619046 0 424.0 -6.85907515619046 1
gene  1 4 29 3.359045360021403 0 432.0 3.359045360021403 1
gene  1 8 57 -4.831275815644685 0 437.0 -4.831275815644685 1
gene  1 57 14 1.1052375694786365 0 438.0 1.1052375694786365 1
gene  1 3 22 0.1367270254595096 0 440.0 0.1367270254595096 1
gene  1 2 25 0.5898721939748197 0 455.0 0.5898721939748197 1
gene  1 1 65 3.275255470767852 0 481.0 3.275255470767852 1
gene  1 65 25 0.046708488367966094 0 482.0 0.046708488367966094 1
gene  1 8 76 0.43617137468864675 0 525.0 0.43617137468864675 1
gene  1 76 22 4.37830391919262 0 526.0 4.37830391919262 1
gene  1 2 87 2.2890840163003263 0 560.0 2.2890840163003263 1
gene  1 87 14 1.462876669520483 0 561.0 1.462876669520483 1
genomeend 10
genomestart  11
trait 1 1.9492969961009945 0.0 0.4289699328456915 1.1835456827051778 0.0 0.7294252873384013 0.042201429445747896 0.0 
node 1 1 1 1
node 2 1 1 1
node 3 1 1 1
node 4 1 1 1
node 5 1 1 1
node 6 1 1 1
node 7 1 1 3
node 13 1 0 2
node 14 1 0 2
node 49 1 0 0
node 73 1 0 0
node 81 1 0 0
gene  1 1 13 2.5541470022821087 0 168.0 2.5541470022821087 1
gene  1 2 13 -1.381687255794908 0 169.0 -1.381687255794908 1
gene  1 3 13 1.6162248431279091 0 170.0 1.6162248431279091 1
gene  1 4 13 -0.8639452914788317 0 171.0 -0.8639452914788317 1
gene  1 5 13 2.727030480971005 0 172.0 2.727030480971005 1
gene  1 6 13 -1.4477943003729725 0 173.0 -1.4477943003729725 1
gene  1 7 13 1.319145290568112 0 174.0 1.319145290568112 1
gene  1 14 13 2.4059576717452025 1 181.0 2.4059576717452025 1
gene  1 1 14 4.658193024866331 0 182.0 4.658193024866331 1
gene  1 2 14 -0.399453758008983 0 183.0 -0.399453758008983 1
gene  1 3 14 -4.649369495727434 0 184.0 -4.649369495727434 1
gene  1 13 14 0.21800457700399484 0 194.0 0.21800457700399484 1
gene  1 14 14 2.9585463944915027 1 195.0 2.9585463944915027 1
gene  1 7 14 2.042920533449036 0 273.0 2.042920533449036 1
gene  1 4 14 -1.7784897319241844 0 283.0 -1.7784897319241844 1
gene  1 5 14 -2.128871735791468 0 303.0 -2.128871735791468 1
gene  1 6 14 1.8615138511511762 0 307.0 1.8615138511511762 1
gene  1 3 49 3.96453969250255 0 389.0 3.96453969250255 1
gene  1 49 13 0.13891887640111267 0 390.0 0.13891887640111267 1
gene  1 5 49 4.950552827881211 0 403.0 4.950552827881211 1
gene  1 1 49 -3.564022328055655 0 430.0 -3.564022328055655 1
gene  1 7 49 -2.5784126956765503 0 456.0 -2.5784126956765503 1
gene  1 4 49 -0.2879950296873518 0 495.0 -0.2879950296873518 1
gene  1 6 73 -8.646208931454979 0 508.0 -8.646208931454979 1
gene  1 73 13 -0.20900392886316488 0 509.0 -0.20900392886316488 1
gene  1 6 81 0.5938414707746877 0 542.0 0.5938414707746877 1
gene  1 81 73 1.811984152634059 0 543.0 1.811984152634059 1
gene  1 81 49 -4.001468573348049 0 569.0 -4.001468573348049 1
gene  1 49 14 -5.090413110600761 0 610.0 -5.090413110600761 1
gene  1 5 81 4.09551566252039 0 632.0 4.09551566252039 1
genomeend 11
genomestart  12
trait 1 1.9492969961009945 0.0 0.4289699328456915 1.1835456827051778 0.0 0.7294252873384013 0.042201429445747896 0.0 
node 1 1 1 1
node 2 1 1 1
node 3 1 1 1
node 4 1 1 1
node 5 1 1 1
node 6 1 1 1
node 7 1 1 3
node 13 1 0 2
node 14 1 0 2
node 49 1 0 0
node 73 1 0 0
node 81 1 0 0
gene  1 1 13 4.3931210113242 0 168.0 4.3931210113242 1
gene  1 2 13 -3.1009705373762655 0 169.0 -3.1009705373762655 1
gene  1 3 13 -0.14401129839480742 0 170.0 -0.14401129839480742 1
gene  1 4 13 -0.32924869703390525 0 171.0 -0.32924869703390525 1
gene  1 5 13 4.608253728922689 0 172.0 4.608253728922689 1
gene  1 6 13 -0.679563531275053 0 173.0 -0.679563531275053 1
gene  1 7 13 3.4903742465738152 0 174.0 3.4903742465738152 1
gene  1 14 13 2.8219464775954637 1 181.0 2.8219464775954637 1
gene  1 1 14 6.369017217067636 0 182.0 6.369017217067636 1
gene  1 2 14 -2.40173101490584 0 183.0 -2.40173101490584 1
gene  1 3 14 -3.764632816539076 0 184.0 -3.764632816539076 1
gene  1 13 14 -2.0348702972033936 0 194.0 -2.0348702972033936 1
gene  1 14 14 1.1325310913476927 1 195.0 1.1325310913476927 1
gene  1 7 14 1.0073598502552188 0 273.0 1.0073598502552188 1
gene  1 4 14 -1.9028328607018665 0 283.0 -1.9028328607018665 1
gene  1 5 14 -1.7048295875641053 0 303.0 -1.7048295875641053 1
gene  1 6 14 0.9052654595218205 0 307.0 0.9052654595218205 1
gene  1 3 49 5.1914599264645265 0 389.0 5.1914599264645265 1
gene  1 49 13 -0.199861704147817 0 390.0 -0.199861704147817 1
gene  1 5 49 3.896267564060503 0 403.0 3.896267564060503 1
gene  1 1 49 -1.1157927532347038 0 430.0 -1.1157927532347038 1
gene  1 7 49 -4.20352741965869 0 456.0 -4.20352741965869 1
gene  1 4 49 0.8599584362715652 0 495.0 0.8599584362715652 1
gene  1 6 73 -8.007279484960753 0 508.0 -8.007279484960753 1
gene  1 73 13 2.004065024312064 0 509.0 2.004065024312064 1
gene  1 6 81 0.7722895185235135 0 542.0 0.7722895185235135 1
gene  1 81 73 1.9063999307980337 0 543.0 1.9063999307980337 1
gene  1 81 49 -3.641310060820355 0 569.0 -3.641310060820355 1
gene  1 49 14 2.3471271789457897 0 610.0 2.3471271789457897 1
genomeend 12
genomestart  13
trait 1 1.9492969961009945 0.0 0.4289699328456915 1.1835456827051778 0.0 0.7294252873384013 0.042201429445747896 0.0 
node 1 1 1 1
node 2 1 1 1
node 3 1 1 1
node 4 1 1 1
node 5 1 1 1
node 6 1 1 1
node 7 1 1 3
node 13 1 0 2
node 14 1 0 2
node 49 1 0 0
node 73 1 0 0
node 81 1 0 0
gene  1 1 13 1.4415537361958903 0 168.0 1.4415537361958903 1
gene  1 2 13 -0.8986571497968967 0 169.0 -0.8986571497968967 1
gene  1 3 13 1.6698280775122507 0 170.0 1.6698280775122507 1
gene  1 4 13 0.4981253287172336 0 171.0 0.4981253287172336 1
gene  1 5 13 0.25991134941706884 0 172.0 0.25991134941706884 1
gene  1 6 13 0.9444034290876269 0 173.0 0.9444034290876269 1
gene  1 7 13 -0.43032908238401935 0 174.0 -0.43032908238401935 1
gene  1 14 13 3.878537330085765 1 181.0 3.878537330085765 1
gene  1 1 14 4.0451580234549 0 182.0 4.0451580234549 1
gene  1 2 14 -1.997244047543658 0 183.0 -1.997244047543658 1
gene  1 3 14 -4.043534489372766 0 184.0 -4.043534489372766 1
gene  1 13 14 -0.45599242730023776 0 194.0 -0.45599242730023776 1
gene  1 14 14 3.556391643277632 1 195.0 3.556391643277632 1
gene  1 7 14 2.8445233303095185 0 273.0 2.8445233303095185 1
gene  1 4 14 -1.7756086572365262 0 283.0 -1.7756086572365262 1
gene  1 5 14 -0.3572321047720681 0 303.0 -0.3572321047720681 1
gene  1 6 14 1.8720871376326487 0 307.0 1.8720871376326487 1
gene  1 3 49 2.478436057608689 0 389.0 2.478436057608689 1
gene  1 49 13 1.528573914699875 0 390.0 1.528573914699875 1
gene  1 5 49 4.299898948711229 0 403.0 4.299898948711229 1
gene  1 1 49 -3.342086221684022 0 430.0 -3.342086221684022 1
gene  1 7 49 -3.499053491101633 0 456.0 -3.499053491101633 1
gene  1 4 49 -2.4973965679096963 0 495.0 -2.4973965679096963 1
gene  1 6 73 -7.01950868904774 0 508.0 -7.01950868904774 1
gene  1 73 13 -0.20900392886316488 0 509.0 -0.20900392886316488 1
gene  1 6 81 2.5302746748398066 0 542.0 2.5302746748398066 1
gene  1 81 73 3.956822267948733 0 543.0 3.956822267948733 1
gene  1 81 49 -4.001468573348049 0 569.0 -4.001468573348049 1
gene  1 49 14 -7.103423714862943 0 610.0 -7.103423714862943 1
genomeend 13
genomestart  14
trait 1 0.0 0.7972318660819309 1.9692270263017169 0.9791812945939091 0.10522835245191364 0.0 0.3883084111555485 0.2293478073150791 
node 1 1 1 1
node 2 1 1 1
node 3 1 1 1
node 4 1 1 1
node 5 1 1 1
node 6 1 1 1
node 7 1 1 3
node 8 1 0 0
node 9 1 0 0
node 13 1 0 2
node 14 1 0 2
node 20 1 0 0
node 56 1 0 0
node 60 1 0 0
node 79 1 0 0
node 92 1 0 0
node 94 1 0 0
node 97 1 0 0
gene  1 1 8 -10.015366303719846 0 98.0 -10.015366303719846 1
gene  1 2 8 -1.2793972898148178 0 99.0 -1.2793972898148178 1
gene  1 3 8 0.6398763925283311 0 100.0 0.6398763925283311 1
gene  1 6 8 -0.8907000238614602 0 103.0 -0.8907000238614602 1
gene  1 8 8 -3.1403120002524703 1 105.0 -3.1403120002524703 1
gene  1 9 8 -6.708592072115902 1 106.0 -6.708592072115902 1
gene  1 13 8 -0.5370810293821072 1 110.0 -0.5370810293821072 1
gene  1 14 8 0.3381707309477471 1 111.0 0.3381707309477471 1
gene  1 1 9 -4.7756971082183615 0 112.0 -4.7756971082183615 1
gene  1 4 9 1.827351338101046 0 115.0 1.827351338101046 1
gene  1 5 9 -3.9965855295812633 0 116.0 -3.9965855295812633 1
gene  1 7 9 -2.5209571638529504 0 118.0 -2.5209571638529504 1
gene  1 9 9 9.206516124870465 1 120.0 9.206516124870465 1
gene  1 14 9 4.050938437369137 1 125.0 4.050938437369137 1
gene  1 2 13 0.18776328794120845 0 169.0 0.18776328794120845 1
gene  1 5 13 4.022770634966796 0 172.0 4.022770634966796 1
gene  1 8 13 2.846484098849465 0 175.0 2.846484098849465 1
gene  1 1 14 -1.1422785240504205 0 182.0 -1.1422785240504205 1
gene  1 2 14 3.709893196973848 0 183.0 3.709893196973848 1
gene  1 3 14 1.6589792419408906 0 184.0 1.6589792419408906 1
gene  1 6 14 1.6726251392492901 0 187.0 1.6726251392492901 1
gene  1 13 14 3.1585370857220196 0 194.0 3.1585370857220196 1
gene  1 14 14 -2.8217329693313276 1 195.0 -2.8217329693313276 1
gene  1 5 8 -6.407923001452078 0 202.0 -6.407923001452078 1
gene  1 4 13 -0.5862382937975448 0 220.0 -0.5862382937975448 1
gene  1 1 20 -3.2382065162230855 0 231.0 -3.2382065162230855 1
gene  1 20 14 1.5983048013325387 0 232.0 1.5983048013325387 1
gene  1 1 13 2.1206511121434266 0 329.0 2.1206511121434266 1
gene  1 13 20 -10.57999043100015 0 337.0 -10.57999043100015 1
gene  1 4 20 -8.269605838747303 0 339.0 -8.269605838747303 1
gene  1 9 8 3.2515331353404315 0 404.0 3.2515331353404315 1
gene  1 8 14 1.906656710453108 0 410.0 1.906656710453108 1
gene  1 5 56 -3.3750313443806075 0 434.0 -3.3750313443806075 1
gene  1 56 8 -8.900780994638607 0 435.0 -8.900780994638607 1
gene  1 2 9 -4.896061681776931 0 448.0 -4.896061681776931 1
gene  1 3 60 3.4632579482923957 0 458.0 3.4632579482923957 1
gene  1 60 8 -5.203770936679828 0 459.0 -5.203770936679828 1
gene  1 1 60 -4.872419057915273 0 479.0 -4.872419057915273 1
gene  1 7 56 2.76860750219081 0 520.0 2.76860750219081 1
gene  1 13 79 -8.641640250954548 0 537.0 -8.641640250954548 1
gene  1 79 20 3.556933927926245 0 538.0 3.556933927926245 1
gene  1 3 79 5.22008569614749 0 556.0 5.22008569614749 1
gene  1 5 92 -1.829246756396401 0 575.0 -1.829246756396401 1
gene  1 92 13 -10.719341340091237 0 576.0 -10.719341340091237 1
gene  1 14 94 1.99633877298979 1 582.0 1.99633877298979 1
gene  1 94 8 -2.662756045837292 0 583.0 -2.662756045837292 1
gene  1 13 97 1.6082092642839605 1 593.0 1.6082092642839605 1
gene  1 97 8 0.6560684078965434 0 594.0 0.6560684078965434 1
gene  1 9 56 -2.1052307907314565 0 596.0 -2.1052307907314565 1
gene  1 60 20 0.22050755684520773 0 603.0 0.22050755684520773 1
gene  1 6 97 -3.511607341429331 0 616.0 -3.511607341429331 1
gene  1 4 8 10.024419337095974 0 619.0 10.024419337095974 1
genomeend 14
genomestart  15
trait 1 0.0 0.7972318660819309 1.9692270263017169 0.9791812945939091 0.10522835245191364 0.0 0.3883084111555485 0.2293478073150791 
node 1 1 1 1
node 2 1 1 1
node 3 1 1 1
node 4 1 1 1
node 5 1 1 1
node 6 1 1 1
node 7 1 1 3
node 8 1 0 0
node 9 1 0 0
node 13 1 0 2
node 14 1 0 2
node 20 1 0 0
node 56 1 0 0
node 60 1 0 0
node 79 1 0 0
node 92 1 0 0
node 94 1 0 0
node 97 1 0 0
gene  1 1 8 -12.017086889623936 0 98.0 -12.017086889623936 1
gene  1 2 8 -2.280349915077012 0 99.0 -2.280349915077012 1
gene  1 3 8 1.8263895337216554 0 100.0 1.8263895337216554 1
gene  1 6 8 -1.1735744624337496 0 103.0 -1.1735744624337496 1
gene  1 8 8 -4.5951050869406345 1 105.0 -4.5951050869406345 1
gene  1 9 8 -6.085229376259699 1 106.0 -6.085229376259699 1
gene  1 13 8 -0.3183926491349119 1 110.0 -0.3183926491349119 1
gene  1 14 8 0.3051395738061701 1 111.0 0.3051395738061701 1
gene  1 1 9 -5.569833814949595 0 112.0 -5.569833814949595 1
gene  1 4 9 0.27508736465634187 0 115.0 0.27508736465634187 1
gene  1 5 9 -4.50815352906365 0 116.0 -4.50815352906365 1
gene  1 7 9 -0.7711107639437969 0 118.0 -0.7711107639437969 1
gene  1 9 9 10.282844963678457 1 120.0 10.282844963678457 1
gene  1 14 9 2.5956233467692105 1 125.0 2.5956233467692105 1
gene  1 2 13 0.4159556038479052 0 169.0 0.4159556038479052 1
gene  1 5 13 6.37461167734048 0 172.0 6.37461167734048 1
gene  1 8 13 4.36653975177048 0 175.0 4.36653975177048 1
gene  1 1 14 -1.4836448573476086 0 182.0 -1.4836448573476086 1
gene  1 2 14 3.711210269599716 0 183.0 3.711210269599716 1
gene  1 3 14 2.085173584481134 0 184.0 2.085173584481134 1
gene  1 6 14 0.0097744416605976 0 187.0 0.0097744416605976 1
gene  1 13 14 4.693820231031039 0 194.0 4.693820231031039 1
gene  1 14 14 -3.1606823410952924 1 195.0 -3.1606823410952924 1
gene  1 5 8 -4.607713523026923 0 202.0 -4.607713523026923 1
gene  1 4 13 0.8236146904169874 0 220.0 0.8236146904169874 1
gene  1 1 20 -3.6749209642525904 0 231.0 -3.6749209642525904 1
gene  1 20 14 -0.1604988722475682 0 232.0 -0.1604988722475682 1
gene  1 1 13 1.4925922569802585 0 329.0 1.4925922569802585 1
gene  1 13 20 -9.069091776647163 0 337.0 -9.069091776647163 1
gene  1 4 20 -6.72172575998815 0 339.0 -6.72172575998815 1
gene  1 9 8 3.869504924104277 0 404.0 3.869504924104277 1
gene  1 8 14 3.0527430624309266 0 410.0 3.0527430624309266 1
gene  1 5 56 -5.802337281571514 0 434.0 -5.802337281571514 1
gene  1 56 8 -6.419039995764111 0 435.0 -6.419039995764111 1
gene  1 2 9 -5.761981417934923 0 448.0 -5.761981417934923 1
gene  1 3 60 3.7991541014441816 0 458.0 3.7991541014441816 1
gene  1 60 8 -7.192532400939186 0 459.0 -7.192532400939186 1
gene  1 1 60 -3.343863375480517 0 479.0 -3.343863375480517 1
gene  1 7 56 3.0326673631668077 0 520.0 3.0326673631668077 1
gene  1 13 79 -7.29684189714207 0 537.0 -7.29684189714207 1
gene  1 79 20 2.466185687240696 0 538.0 2.466185687240696 1
gene  1 3 79 3.494404704215542 0 556.0 3.494404704215542 1
gene  1 5 92 -1.829246756396401 0 575.0 -1.829246756396401 1
gene  1 92 13 -10.719341340091237 0 576.0 -10.719341340091237 1
gene  1 14 94 0.6726801657477803 1 582.0 0.6726801657477803 1
gene  1 94 8 1.6171738513093743 0 583.0 1.6171738513093743 1
gene  1 13 97 3.4621974723380737 1 593.0 3.4621974723380737 1
gene  1 97 8 -0.40892309494010004 0 594.0 -0.40892309494010004 1
gene  1 9 56 -4.211229848455742 0 596.0 -4.211229848455742 1
gene  1 60 20 0.22050755684520773 0 603.0 0.22050755684520773 1
gene  1 6 97 -2.3135282187628925 0 616.0 -2.3135282187628925 1
gene  1 4 8 8.83966862315143 0 619.0 8.83966862315143 1
genomeend 15
genomestart  16
trait 1 0.0 0.7972318660819309 1.9692270263017169 0.9791812945939091 0.10522835245191364 0.0 0.3883084111555485 0.2293478073150791 
node 1 1 1 1
node 2 1 1 1
node 3 1 1 1
node 4 1 1 1
node 5 1 1 1
node 6 1 1 1
node 7 1 1 3
node 8 1 0 0
node 9 1 0 0
node 13 1 0 2
node 14 1 0 2
node 20 1 0 0
node 56 1 0 0
node 60 1 0 0
node 79 1 0 0
node 92 1 0 0
node 94 1 0 0
node 97 1 0 0
gene  1 1 8 -9.992236621771728 0 98.0 -9.992236621771728 1
gene  1 2 8 -0.48735476927457433 0 99.0 -0.48735476927457433 1
gene  1 3 8 0.5329055225468563 0 100.0 0.5329055225468563 1
gene  1 6 8 1.0249405005686212 0 103.0 1.0249405005686212 1
gene  1 8 8 -5.381515292514805 1 105.0 -5.381515292514805 1
gene  1 9 8 -8.690711717337855 1 106.0 -8.690711717337855 1
gene  1 13 8 1.5826102394725905 1 110.0 1.5826102394725905 1
gene  1 14 8 -1.337599924070709 1 111.0 -1.337599924070709 1
gene  1 1 9 -5.985029121848966 0 112.0 -5.985029121848966 1
gene  1 4 9 1.4648883886939117 0 115.0 1.4648883886939117 1
gene  1 5 9 -4.596748341460128 0 116.0 -4.596748341460128 1
gene  1 7 9 -1.4057790677080155 0 118.0 -1.4057790677080155 1
gene  1 9 9 9.15752311675422 1 120.0 9.15752311675422 1
gene  1 14 9 5.667520315277488 1 125.0 5.667520315277488 1
gene  1 2 13 2.0607684350122883 0 169.0 2.0607684350122883 1
gene  1 5 13 1.8321565976722218 0 172.0 1.8321565976722218 1
gene  1 8 13 0.3516435139957874 0 175.0 0.3516435139957874 1
gene  1 1 14 -2.9882406488178592 0 182.0 -2.9882406488178592 1
gene  1 2 14 5.991280541638124 0 183.0 5.991280541638124 1
gene  1 3 14 2.6765569317745324 0 184.0 2.6765569317745324 1
gene  1 6 14 3.223897107469253 0 187.0 3.223897107469253 1
gene  1 13 14 5.557873088424502 0 194.0 5.557873088424502 1
gene  1 14 14 -1.763856604403892 1 195.0 -1.763856604403892 1
gene  1 5 8 -5.7166819283195185 0 202.0 -5.7166819283195185 1
gene  1 4 13 -2.651791169563502 0 220.0 -2.651791169563502 1
gene  1 1 20 -2.911553497609676 0 231.0 -2.911553497609676 1
gene  1 20 14 -0.5183508814965614 0 232.0 -0.5183508814965614 1
gene  1 1 13 2.1411309304675923 0 329.0 2.1411309304675923 1
gene  1 13 20 -10.222753248994485 0 337.0 -10.222753248994485 1
gene  1 4 20 -7.528928907121618 0 339.0 -7.528928907121618 1
gene  1 9 8 4.503016818288923 0 404.0 4.503016818288923 1
gene  1 8 14 0.2189461741032448 0 410.0 0.2189461741032448 1
gene  1 5 56 -3.5075981332588584 0 434.0 -3.5075981332588584 1
gene  1 56 8 -10.511069995790093 0 435.0 -10.511069995790093 1
gene  1 2 9 -3.8596078633954227 0 448.0 -3.8596078633954227 1
gene  1 3 60 2.392893709912076 0 458.0 2.392893709912076 1
gene  1 60 8 -3.7522362105783467 0 459.0 -3.7522362105783467 1
gene  1 1 60 -2.926164451764948 0 479.0 -2.926164451764948 1
gene  1 7 56 5.0121118179301885 0 520.0 5.0121118179301885 1
gene  1 13 79 -6.804904930864406 0 537.0 -6.804904930864406 1
gene  1 79 20 4.544176032171746 0 538.0 4.544176032171746 1
gene  1 3 79 5.482050441766777 0 556.0 5.482050441766777 1
gene  1 5 92 -1.550034767832441 0 575.0 -1.550034767832441 1
gene  1 92 13 -10.719341340091237 0 576.0 -10.719341340091237 1
gene  1 14 94 1.6018478747572786 1 582.0 1.6018478747572786 1
gene  1 94 8 -1.3817761734775214 0 583.0 -1.3817761734775214 1
gene  1 13 97 -0.31649626073745507 1 593.0 -0.31649626073745507 1
gene  1 97 8 -0.11225471444941426 0 594.0 -0.11225471444941426 1
gene  1 9 56 -2.8825825063511203 0 596.0 -2.8825825063511203 1
gene  1 60 20 1.9102752940523873 0 603.0 1.9102752940523873 1
gene  1 6 97 -5.835880062001444 0 616.0 -5.835880062001444 1
gene  1 4 8 11.12165122121312 0 619.0 11.12165122121312 1
genomeend 16
genomestart  17
trait 1 0.0 0.9380171225566565 2.946454114246018 0.0 0.23073292095274345 0.5916859962196944 0.008509650538832902 0.0 
node 1 1 1 1
node 2 1 1 1
node 3 1 1 1
node 4 1 1 1
node 5 1 1 1
node 6 1 1 1
node 7 1 1 3
node 13 1 0 2
node 14 1 0 2
node 45 1 0 0
node 71 1 0 0
node 89 1 0 0
gene  1 1 13 -5.264246085102429 0 168.0 -5.264246085102429 1
gene  1 2 13 1.242416877411812 0 169.0 1.242416877411812 1
gene  1 5 13 1.1574808040091722 0 172.0 1.1574808040091722 1
gene  1 6 13 2.798310727341229 0 173.0 2.798310727341229 1
gene  1 7 13 0.4734052742423701 0 174.0 0.4734052742423701 1
gene  1 3 14 8.015686353388737 0 184.0 8.015686353388737 1
gene  1 4 14 -2.319265794040741 0 185.0 -2.319265794040741 1
gene  1 7 14 1.9517686385580422 0 188.0 1.9517686385580422 1
gene  1 13 14 -0.15475458687307597 0 194.0 -0.15475458687307597 1
gene  1 14 14 2.482636465683844 1 195.0 2.482636465683844 1
gene  1 4 13 -2.560613330289602 0 235.0 -2.560613330289602 1
gene  1 1 14 7.337364480377916 0 242.0 7.337364480377916 1
gene  1 5 14 -0.05157534707666972 0 319.0 -0.05157534707666972 1
gene  1 1 45 -8.1891192357092 0 370.0 -8.1891192357092 1
gene  1 45 13 -8.874268351265624 0 371.0 -8.874268351265624 0
gene  1 4 45 -0.7887367708829451 0 497.0 -0.7887367708829451 1
gene  1 6 71 -3.490626666150796 0 502.0 -3.490626666150796 1
gene  1 71 13 1.2607698716983267 0 503.0 1.2607698716983267 1
gene  1 45 71 -2.301476289445705 0 534.0 -2.301476289445705 1
gene  1 3 13 2.220739539312269 0 535.0 2.220739539312269 1
gene  1 45 89 6.38317445311332 0 566.0 6.38317445311332 1
gene  1 89 13 5.696582569088968 0 567.0 5.696582569088968 1
genomeend 17
genomestart  18
trait 1 0.0 0.9380171225566565 2.946454114246018 0.0 0.5922314335416358 0.5652533173796889 0.008509650538832902 0.0 
node 1 1 1 1
node 2 1 1 1
node 3 1 1 1
node 4 1 1 1
node 5 1 1 1
node 6 1 1 1
node 7 1 1 3
node 13 1 0 2
node 14 1 0 2
node 45 1 0 0
node 71 1 0 0
node 89 1 0 0
gene  1 1 13 -5.045197702082486 0 168.0 -5.045197702082486 1
gene  1 2 13 -0.9635461045118057 0 169.0 -0.9635461045118057 1
gene  1 5 13 2.209138079652148 0 172.0 2.209138079652148 1
gene  1 6 13 1.6139484662123773 0 173.0 1.6139484662123773 1
gene  1 7 13 0.016868436416470234 0 174.0 0.016868436416470234 1
gene  1 3 14 9.657397692839162 0 184.0 9.657397692839162 1
gene  1 4 14 1.6220626859861915 0 185.0 1.6220626859861915 1
gene  1 7 14 -0.7163684184996013 0 188.0 -0.7163684184996013 1
gene  1 13 14 0.5160723087091161 0 194.0 0.5160723087091161 1
gene  1 14 14 2.3101695004135983 1 195.0 2.3101695004135983 1
gene  1 4 13 -3.0307320121611765 0 235.0 -3.0307320121611765 1
gene  1 1 14 6.406350792443556 0 242.0 6.406350792443556 1
gene  1 5 14 -2.154856896953557 0 319.0 -2.154856896953557 1
gene  1 1 45 -5.373297312932078 0 370.0 -5.373297312932078 1
gene  1 45 13 -7.319591528421044 0 371.0 -7.319591528421044 0
gene  1 4 45 -2.8290808603835718 0 497.0 -2.8290808603835718 1
gene  1 6 71 -0.9151790840622546 0 502.0 -0.9151790840622546 1
gene  1 71 13 1.048363133137244 0 503.0 1.048363133137244 1
gene  1 45 71 -5.301998646524843 0 534.0 -5.301998646524843 1
gene  1 3 13 0.203182072058967 0 535.0 0.203182072058967 1
gene  1 45 89 3.4964593180641304 0 566.0 3.4964593180641304 1
gene  1 89 13 1.7831270607887073 0 567.0 1.7831270607887073 1
genomeend 18
genomestart  19
trait 1 0.0 0.9380171225566565 2.946454114246018 0.0 0.23073292095274345 0.5916859962196944 0.008509650538832902 0.0 
node 1 1 1 1
node 2 1 1 1
node 3 1 1 1
node 4 1 1 1
node 5 1 1 1
node 6 1 1 1
node 7 1 1 3
node 13 1 0 2
node 14 1 0 2
node 45 1 0 0
node 71 1 0 0
node 89 1 0 0
gene  1 1 13 -2.3657329744732007 0 168.0 -2.3657329744732007 1
gene  1 2 13 0.5678102155833464 0 169.0 0.5678102155833464 1
gene  1 5 13 -0.00244895405690837 0 172.0 -0.00244895405690837 1
gene  1 6 13 3.799173808946411 0 173.0 3.799173808946411 1
gene  1 7 13 -2.2391675381198413 0 174.0 -2.2391675381198413 1
gene  1 3 14 7.5580571570601895 0 184.0 7.5580571570601895 1
gene  1 4 14 -0.810481486064556 0 185.0 -0.810481486064556 1
gene  1 7 14 -0.4876616784417933 0 188.0 -0.4876616784417933 1
gene  1 13 14 -1.175110873963855 0 194.0 -1.175110873963855 1
gene  1 14 14 3.596221454117022 1 195.0 3.596221454117022 1
gene  1 4 13 -0.8236025260744975 0 235.0 -0.8236025260744975 1
gene  1 1 14 4.0420789060143125 0 242.0 4.0420789060143125 1
gene  1 5 14 -0.7821489865978937 0 319.0 -0.7821489865978937 1
gene  1 1 45 -6.497117157201009 0 370.0 -6.497117157201009 1
gene  1 45 13 -2.191012168566941 0 371.0 -2.191012168566941 0
gene  1 4 45 1.0470184273172292 0 497.0 1.0470184273172292 1
gene  1 6 71 -0.6702417863763832 0 502.0 -0.6702417863763832 1
gene  1 71 13 -0.363547880248975 0 503.0 -0.363547880248975 1
gene  1 45 71 -2.9200312551916845 0 534.0 -2.9200312551916845 1
gene  1 3 13 0.49220600501503764 0 535.0 0.49220600501503764 1
gene  1 45 89 6.1950364452453215 0 566.0 6.1950364452453215 1
gene  1 89 13 5.529340260299488 0 567.0 5.529340260299488 1
genomeend 19
