genomestart  0
trait 1 1.7151251452115233 1.1629682757719437 0.0 0.0 0.34861870450370325 0.18084195503611378 0.0 0.9093525967191587 
node 1 1 1 1
node 2 1 1 1
node 3 1 1 1
node 4 1 1 1
node 5 1 1 1
node 6 1 1 1
node 7 1 1 3
node 13 1 0 2
node 14 1 0 2
gene  1 1 13 0.15872964947948542 0 168.0 0.15872964947948542 1
gene  1 3 13 0.22446290736213015 0 170.0 0.22446290736213015 1
gene  1 5 13 2.637166786600286 0 172.0 2.637166786600286 1
gene  1 6 13 1.3734898470029537 0 173.0 1.3734898470029537 1
gene  1 14 13 0.28389026220688685 1 181.0 0.28389026220688685 1
gene  1 1 14 -0.6497114914060409 0 182.0 -0.6497114914060409 1
gene  1 2 14 -6.025026304122649 0 183.0 -6.025026304122649 1
gene  1 4 14 4.4548100831212825 0 185.0 4.4548100831212825 1
gene  1 5 14 -0.39145057780506787 0 186.0 -0.39145057780506787 1
gene  1 6 14 -8.158535764246047 0 187.0 -8.158535764246047 1
gene  1 7 14 4.0431353089887745 0 188.0 4.0431353089887745 1
gene  1 13 14 2.8467154832735675 0 194.0 2.8467154832735675 1
gene  1 14 14 -4.973543342582324 1 195.0 -4.973543342582324 1
gene  1 2 13 -4.265344755341627 0 261.0 -4.265344755341627 1
genomeend 0
genomestart  1
trait 1 1.7151251452115233 1.1629682757719437 0.0 0.0 0.34861870450370325 0.18084195503611378 0.0 0.9093525967191587 
node 1 1 1 1
node 2 1 1 1
node 3 1 1 1
node 4 1 1 1
node 5 1 1 1
node 6 1 1 1
node 7 1 1 3
node 13 1 0 2
node 14 1 0 2
gene  1 1 13 -5.386428002150248 0 168.0 -5.386428002150248 1
gene  1 3 13 3.906537879359102 0 170.0 3.906537879359102 1
gene  1 5 13 2.399939363786423 0 172.0 2.399939363786423 1
gene  1 6 13 -0.1178117895102232 0 173.0 -0.1178117895102232 1
gene  1 14 13 -1.4714002002291084 1 181.0 -1.4714002002291084 1
gene  1 1 14 0.1986814076204897 0 182.0 0.1986814076204897 1
gene  1 2 14 -4.7181938579626355 0 183.0 -4.7181938579626355 1
gene  1 4 14 6.457825337300413 0 185.0 6.457825337300413 1
gene  1 5 14 -1.7889812138078987 0 186.0 -1.7889812138078987 1
gene  1 6 14 -10.180360637437214 0 187.0 -10.180360637437214 1
gene  1 7 14 2.8170719168137435 0 188.0 2.8170719168137435 1
gene  1 13 14 1.733617744684179 0 194.0 1.733617744684179 1
gene  1 14 14 -4.973543342582324 1 195.0 -4.973543342582324 1
gene  1 2 13 -5.209539164380394 0 261.0 -5.209539164380394 1
gene  1 3 14 3.371726663241991 0 295.0 3.371726663241991 1
genomeend 1
genomestart  2
trait 1 0.4195349490326866 0.11996509262718169 0.11196815064335597 0.0 0.0 0.6942297431411419 1.1113032223074408 1.129602463927845 
node 1 1 1 1
node 2 1 1 1
node 3 1 1 1
node 4 1 1 1
node 5 1 1 1
node 6 1 1 1
node 7 1 1 3
node 13 1 0 2
node 14 1 0 2
gene  1 2 13 1.6776771882549621 0 169.0 1.6776771882549621 1
gene  1 3 13 -14.359659786019233 0 170.0 -14.359659786019233 1
gene  1 4 13 -3.0916150119820225 0 171.0 -3.0916150119820225 1
gene  1 6 13 1.6908584807078872 0 173.0 1.6908584807078872 1
gene  1 7 13 -2.5372499039959986 0 174.0 -2.5372499039959986 1
gene  1 13 13 2.8435752274510615 1 180.0 2.8435752274510615 1
gene  1 1 14 -5.858981058686416 0 182.0 -5.858981058686416 1
gene  1 2 14 8.035927153992866 0 183.0 8.035927153992866 1
gene  1 5 14 -2.342825252200344 0 186.0 -2.342825252200344 1
gene  1 6 14 6.042226444925724 0 187.0 6.042226444925724 1
gene  1 7 14 2.7745787474560344 0 188.0 2.7745787474560344 1
gene  1 13 14 -5.093840995236874 0 194.0 -5.093840995236874 1
gene  1 14 14 7.947693752083942 1 195.0 7.947693752083942 1
gene  1 4 14 1.5782507464120503 0 196.0 1.5782507464120503 1
gene  1 1 13 0.5892117461636504 0 216.0 0.5892117461636504 1
genomeend 2
genomestart  3
trait 1 0.4195349490326866 0.11996509262718169 0.11196815064335597 0.0 0.0 0.6942297431411419 1.1113032223074408 1.129602463927845 
node 1 1 1 1
node 2 1 1 1
node 3 1 1 1
node 4 1 1 1
node 5 1 1 1
node 6 1 1 1
node 7 1 1 3
node 13 1 0 2
node 14 1 0 2
gene  1 2 13 3.243780639850633 0 169.0 3.243780639850633 1
gene  1 3 13 -12.084327493940577 0 170.0 -12.084327493940577 1
gene  1 4 13 0.06796288195735967 0 171.0 0.06796288195735967 1
gene  1 6 13 1.5984434446185345 0 173.0 1.5984434446185345 1
gene  1 7 13 -4.64039555145852 0 174.0 -4.64039555145852 1
gene  1 13 13 2.4346623736316326 1 180.0 2.4346623736316326 1
gene  1 1 14 -5.201780453302026 0 182.0 -5.201780453302026 1
gene  1 2 14 6.044101963200585 0 183.0 6.044101963200585 1
gene  1 5 14 -0.27560620233159705 0 186.0 -0.27560620233159705 1
gene  1 6 14 2.152859728592823 0 187.0 2.152859728592823 1
gene  1 7 14 7.055204521315044 0 188.0 7.055204521315044 1
gene  1 13 14 -7.563785351450617 0 194.0 -7.563785351450617 1
gene  1 14 14 6.580997560021661 1 195.0 6.580997560021661 1
gene  1 4 14 1.2381063135297965 0 196.0 1.2381063135297965 1
gene  1 1 13 -2.379966128419663 0 216.0 -2.379966128419663 1
genomeend 3
genomestart  4
trait 1 0.12933280474767544 0.29425544536966464 0.08853489118479813 0.07766507438443143 0.0 0.41262400137975846 0.0 0.0 
node 1 1 1 1
node 2 1 1 1
node 3 1 1 1
node 4 1 1 1
node 5 1 1 1
node 6 1 1 1
node 7 1 1 3
node 13 1 0 2
node 14 1 0 2
node 21 1 0 0
node 24 1 0 0
gene  1 1 13 3.067274806192093 0 168.0 3.067274806192093 0
gene  1 4 13 3.6376922842339585 0 171.0 3.6376922842339585 1
gene  1 5 13 -6.455556309665935 0 172.0 -6.455556309665935 1
gene  1 7 13 1.114216029045902 0 174.0 1.114216029045902 1
gene  1 13 13 -4.309173700807408 1 180.0 -4.309173700807408 1
gene  1 2 14 -0.7434468349666206 0 183.0 -0.7434468349666206 1
gene  1 3 14 -8.23302266634222 0 184.0 -8.23302266634222 1
gene  1 6 14 3.1580154131582154 0 187.0 3.1580154131582154 1
gene  1 13 14 -2.512041275864186 0 194.0 -2.512041275864186 1
gene  1 14 14 11.890453307999534 1 195.0 11.890453307999534 1
gene  1 6 13 1.4031996690193766 0 205.0 1.4031996690193766 1
gene  1 5 14 -4.1374828813153135 0 223.0 -4.1374828813153135 1
gene  1 3 13 14.426282395373494 0 229.0 14.426282395373494 1
gene  1 2 13 4.268690934200142 0 233.0 4.268690934200142 1
gene  1 1 21 4.469953688558682 0 238.0 4.469953688558682 1
gene  1 21 13 -3.310224519082981 0 239.0 -3.310224519082981 1
gene  1 5 21 2.1742746760095573 0 253.0 2.1742746760095573 1
gene  1 3 21 0.29628622459451526 0 270.0 0.29628622459451526 1
gene  1 1 24 0.7882509002283964 0 275.0 0.7882509002283964 1
gene  1 24 13 3.517050715878075 0 276.0 3.517050715878075 1
genomeend 4
genomestart  5
trait 1 0.12933280474767544 0.29425544536966464 0.08853489118479813 0.07766507438443143 0.0 0.41262400137975846 0.0 0.0 
node 1 1 1 1
node 2 1 1 1
node 3 1 1 1
node 4 1 1 1
node 5 1 1 1
node 6 1 1 1
node 7 1 1 3
node 13 1 0 2
node 14 1 0 2
node 21 1 0 0
node 24 1 0 0
gene  1 1 13 3.169643812822772 0 168.0 3.169643812822772 0
gene  1 4 13 3.1969287998209652 0 171.0 3.1969287998209652 1
gene  1 5 13 1.3229742436963479 0 172.0 1.3229742436963479 1
gene  1 7 13 -3.537960588985407 0 174.0 -3.537960588985407 1
gene  1 13 13 -3.5712434580007106 1 180.0 -3.5712434580007106 1
gene  1 2 14 1.1989920654782478 0 183.0 1.1989920654782478 1
gene  1 3 14 -6.2331813623776435 0 184.0 -6.2331813623776435 1
gene  1 6 14 0.825718117672221 0 187.0 0.825718117672221 1
gene  1 13 14 -2.9576836561765556 0 194.0 -2.9576836561765556 1
gene  1 14 14 12.275808656440093 1 195.0 12.275808656440093 1
gene  1 6 13 1.026116023718434 0 205.0 1.026116023718434 1
gene  1 5 14 -3.851688823387687 0 223.0 -3.851688823387687 1
gene  1 3 13 2.254270637834199 0 229.0 2.254270637834199 1
gene  1 2 13 6.465587326670208 0 233.0 6.465587326670208 1
gene  1 1 21 2.7257194870295343 0 238.0 2.7257194870295343 1
gene  1 21 13 -6.833769011685448 0 239.0 -6.833769011685448 1
gene  1 5 21 1.591541136310274 0 253.0 1.591541136310274 1
gene  1 3 21 -1.980185794578757 0 270.0 -1.980185794578757 1
gene  1 1 24 0.7882509002283964 0 275.0 0.7882509002283964 1
gene  1 24 13 3.517050715878075 0 276.0 3.517050715878075 1
genomeend 5
genomestart  6
trait 1 1.3984647206950989 1.1820041572981141 0.9127389028296539 1.2383225027221012 0.8876970332296057 0.0 0.9248899419731411 0.0 
node 1 1 1 1
node 2 1 1 1
node 3 1 1 1
node 4 1 1 1
node 5 1 1 1
node 6 1 1 1
node 7 1 1 3
node 8 1 0 0
node 13 1 0 2
node 14 1 0 2
gene  1 1 8 0.983987586656702 0 98.0 0.983987586656702 1
gene  1 2 8 1.0678883093659248 0 99.0 1.0678883093659248 1
gene  1 3 8 -2.3751745383916933 0 100.0 -2.3751745383916933 1
gene  1 4 8 2.0054992579380286 0 101.0 2.0054992579380286 1
gene  1 5 8 -6.009137604674074 0 102.0 -6.009137604674074 1
gene  1 6 8 -0.6101438541092055 0 103.0 -0.6101438541092055 1
gene  1 8 8 4.344997446577875 1 105.0 4.344997446577875 1
gene  1 13 8 2.2442602705475454 1 110.0 2.2442602705475454 1
gene  1 14 8 1.5838716673041549 1 111.0 1.5838716673041549 1
gene  1 3 13 -0.9807999355112659 0 170.0 -0.9807999355112659 1
gene  1 5 13 1.5281269760437846 0 172.0 1.5281269760437846 1
gene  1 7 13 -1.4792256452418862 0 174.0 -1.4792256452418862 1
gene  1 13 13 0.2926270397303851 1 180.0 0.2926270397303851 1
gene  1 2 14 4.500728795824135 0 183.0 4.500728795824135 1
gene  1 4 14 -2.272859386791446 0 185.0 -2.272859386791446 1
gene  1 6 14 -1.1404717490775726 0 187.0 -1.1404717490775726 1
gene  1 8 14 1.7693263442864018 0 189.0 1.7693263442864018 1
gene  1 13 14 2.0403208386100573 0 194.0 2.0403208386100573 1
gene  1 2 13 -5.51237673499729 0 213.0 -5.51237673499729 1
gene  1 4 13 4.898867485786031 0 230.0 4.898867485786031 1
gene  1 13 8 8.067783550383117 0 244.0 8.067783550383117 1
gene  1 7 14 -1.688622000987486 0 264.0 -1.688622000987486 1
genomeend 6
genomestart  7
trait 1 1.3984647206950989 1.1820041572981141 0.9127389028296539 1.2383225027221012 0.8876970332296057 0.0 0.9248899419731411 0.0 
node 1 1 1 1
node 2 1 1 1
node 3 1 1 1
node 4 1 1 1
node 5 1 1 1
node 6 1 1 1
node 7 1 1 3
node 8 1 0 0
node 13 1 0 2
node 14 1 0 2
gene  1 1 8 -0.5577989406516026 0 98.0 -0.5577989406516026 1
gene  1 2 8 0.44651761974201176 0 99.0 0.44651761974201176 1
gene  1 3 8 1.4505469957004413 0 100.0 1.4505469957004413 1
gene  1 4 8 3.3856461378670186 0 101.0 3.3856461378670186 1
gene  1 5 8 -3.0580781720564696 0 102.0 -3.0580781720564696 1
gene  1 6 8 1.9246461823485705 0 103.0 1.9246461823485705 1
gene  1 8 8 5.532179394110762 1 105.0 5.532179394110762 1
gene  1 13 8 0.1599286508396472 1 110.0 0.1599286508396472 1
gene  1 14 8 2.8417181198369197 1 111.0 2.8417181198369197 1
gene  1 3 13 0.06409857429635346 0 170.0 0.06409857429635346 1
gene  1 5 13 0.9495356802780581 0 172.0 0.9495356802780581 1
gene  1 7 13 -1.0741668219009437 0 174.0 -1.0741668219009437 1
gene  1 13 13 -2.012239825019367 1 180.0 -2.012239825019367 1
gene  1 2 14 1.5481492585870966 0 183.0 1.5481492585870966 1
gene  1 4 14 -1.840834302846825 0 185.0 -1.840834302846825 1
gene  1 6 14 -1.268014494642689 0 187.0 -1.268014494642689 1
gene  1 8 14 0.33514167005854456 0 189.0 0.33514167005854456 1
gene  1 13 14 -1.7668534306696584 0 194.0 -1.7668534306696584 1
gene  1 2 13 -1.5509367795580442 0 213.0 -1.5509367795580442 1
gene  1 4 13 9.038774660497007 0 230.0 9.038774660497007 1
gene  1 13 8 5.912118587522436 0 244.0 5.912118587522436 1
gene  1 7 14 -3.476822359979006 0 264.0 -3.476822359979006 1
genomeend 7
genomestart  8
trait 1 1.6192162062133744 0.6203603065723015 0.9127389028296539 0.6358449483938797 0.8876970332296057 0.0 0.9248899419731411 0.01673968615845034 
node 1 1 1 1
node 2 1 1 1
node 3 1 1 1
node 4 1 1 1
node 5 1 1 1
node 6 1 1 1
node 7 1 1 3
node 8 1 0 0
node 13 1 0 2
node 14 1 0 2
gene  1 1 8 0.37218697446950677 0 98.0 0.37218697446950677 1
gene  1 2 8 -1.0855394981932118 0 99.0 -1.0855394981932118 1
gene  1 3 8 -5.179912315538724 0 100.0 -5.179912315538724 1
gene  1 4 8 3.3670078894903703 0 101.0 3.3670078894903703 1
gene  1 5 8 -7.167654704028439 0 102.0 -7.167654704028439 1
gene  1 6 8 3.5705854091859246 0 103.0 3.5705854091859246 1
gene  1 8 8 5.280314313833993 1 105.0 5.280314313833993 1
gene  1 13 8 0.3819294366839574 1 110.0 0.3819294366839574 1
gene  1 14 8 2.019334653243631 1 111.0 2.019334653243631 1
gene  1 3 13 0.1351928620998663 0 170.0 0.1351928620998663 1
gene  1 5 13 0.9487336739790124 0 172.0 0.9487336739790124 1
gene  1 7 13 -3.486947630723785 0 174.0 -3.486947630723785 1
gene  1 13 13 -3.3336114615290238 1 180.0 -3.3336114615290238 1
gene  1 2 14 4.049553570263429 0 183.0 4.049553570263429 1
gene  1 4 14 -0.5921348747047497 0 185.0 -0.5921348747047497 1
gene  1 6 14 -4.815377464464966 0 187.0 -4.815377464464966 1
gene  1 8 14 -2.9556249671839296 0 189.0 -2.9556249671839296 1
gene  1 13 14 2.678136978919312 0 194.0 2.678136978919312 1
gene  1 2 13 0.061378358152557044 0 213.0 0.061378358152557044 1
gene  1 4 13 7.894146398108598 0 230.0 7.894146398108598 1
gene  1 13 8 -0.5834353012452909 0 244.0 -0.5834353012452909 1
gene  1 7 14 -0.4165123343380144 0 264.0 -0.4165123343380144 1
genomeend 8
genomestart  9
trait 1 1.3984647206950989 1.1820041572981141 0.9127389028296539 1.2383225027221012 0.8876970332296057 0.0 0.9248899419731411 0.0 
node 1 1 1 1
node 2 1 1 1
node 3 1 1 1
node 4 1 1 1
node 5 1 1 1
node 6 1 1 1
node 7 1 1 3
node 8 1 0 0
node 13 1 0 2
node 14 1 0 2
gene  1 1 8 -0.5531893460609478 0 98.0 -0.5531893460609478 1
gene  1 2 8 -1.225193652597957 0 99.0 -1.225193652597957 1
gene  1 3 8 -4.25049809257986 0 100.0 -4.25049809257986 1
gene  1 4 8 3.59131493287849 0 101.0 3.59131493287849 1
gene  1 5 8 -6.233491436737495 0 102.0 -6.233491436737495 1
gene  1 6 8 1.5145718161325623 0 103.0 1.5145718161325623 1
gene  1 8 8 3.3525091814119183 1 105.0 3.3525091814119183 1
gene  1 13 8 1.0047767384270303 1 110.0 1.0047767384270303 1
gene  1 14 8 2.96909945615009 1 111.0 2.96909945615009 1
gene  1 3 13 2.06028569040096 0 170.0 2.06028569040096 1
gene  1 5 13 -1.1222402838984045 0 172.0 -1.1222402838984045 1
gene  1 7 13 0.21809483318744682 0 174.0 0.21809483318744682 1
gene  1 13 13 -0.7798212161247089 1 180.0 -0.7798212161247089 1
gene  1 2 14 1.7330799986642318 0 183.0 1.7330799986642318 1
gene  1 4 14 -3.3009978432424 0 185.0 -3.3009978432424 1
gene  1 6 14 -0.6097874938163046 0 187.0 -0.6097874938163046 1
gene  1 8 14 -0.20975067990861163 0 189.0 -0.20975067990861163 1
gene  1 13 14 4.220695313506652 0 194.0 4.220695313506652 1
gene  1 2 13 -3.6970958554140583 0 213.0 -3.6970958554140583 1
gene  1 4 13 6.912741521382671 0 230.0 6.912741521382671 1
gene  1 13 8 7.103484471514159 0 244.0 7.103484471514159 1
gene  1 7 14 -2.2486804892680663 0 264.0 -2.2486804892680663 1
genomeend 9
genomestart  10
trait 1 1.3449282699683267 0.0 0.6715679179718652 0.876858839596525 1.5174143118965362 0.3493210991972051 0.4130893652942357 0.0 
node 1 1 1 1
node 2 1 1 1
node 3 1 1 1
node 4 1 1 1
node 5 1 1 1
node 6 1 1 1
node 7 1 1 3
node 8 1 0 0
node 9 1 0 0
node 10 1 0 0
node 13 1 0 2
node 14 1 0 2
node 28 1 0 0
gene  1 1 8 -2.726673628949253 0 98.0 -2.726673628949253 1
gene  1 3 8 1.6842111271292997 0 100.0 1.6842111271292997 1
gene  1 5 8 4.075020769102397 0 102.0 4.075020769102397 1
gene  1 6 8 3.8257269463386447 0 103.0 3.8257269463386447 1
gene  1 8 8 3.1423169533808926 1 105.0 3.1423169533808926 0
gene  1 1 9 4.604197170902232 0 112.0 4.604197170902232 1
gene  1 2 9 -5.567229999669011 0 113.0 -5.567229999669011 1
gene  1 3 9 -2.2210044777481484 0 114.0 -2.2210044777481484 1
gene  1 5 9 2.452690018151201 0 116.0 2.452690018151201 1
gene  1 7 9 -0.009994814256543416 0 118.0 -0.009994814256543416 1
gene  1 9 9 -1.8077794092299426 1 120.0 -1.8077794092299426 1
gene  1 10 9 -2.0274164768581446 1 121.0 -2.0274164768581446 1
gene  1 13 9 6.479340263480978 1 124.0 6.479340263480978 1
gene  1 2 10 2.1238595898413326 0 127.0 2.1238595898413326 1
gene  1 4 10 -3.3225640589861882 0 129.0 -3.3225640589861882 1
gene  1 5 10 -3.6098444446584694 0 130.0 -3.6098444446584694 1
gene  1 8 10 0.7491345994360321 0 133.0 0.7491345994360321 1
gene  1 9 10 -1.2548686178230777 0 134.0 -1.2548686178230777 1
gene  1 10 10 0.5558516577725594 1 135.0 0.5558516577725594 1
gene  1 13 10 -1.1548720196655815 1 138.0 -1.1548720196655815 1
gene  1 14 10 0.17686020691377663 1 139.0 0.17686020691377663 1
gene  1 2 13 -0.8795918412571002 0 169.0 -0.8795918412571002 1
gene  1 3 13 -4.697165326191095 0 170.0 -4.697165326191095 1
gene  1 6 13 -1.5042960740913005 0 173.0 -1.5042960740913005 1
gene  1 7 13 -0.8886180380056957 0 174.0 -0.8886180380056957 1
gene  1 9 13 -2.162731310888524 0 176.0 -2.162731310888524 1
gene  1 13 13 -2.378211139363299 1 180.0 -2.378211139363299 1
gene  1 14 13 -2.530119016392689 1 181.0 -2.530119016392689 1
gene  1 1 14 2.3353228179771652 0 182.0 2.3353228179771652 1
gene  1 3 14 4.5678176518810965 0 184.0 4.5678176518810965 1
gene  1 9 14 -3.74736077972792 0 190.0 -3.74736077972792 1
gene  1 10 14 -1.3458168083638835 0 191.0 -1.3458168083638835 1
gene  1 8 13 -6.825400210306681 0 207.0 -6.825400210306681 1
gene  1 1 10 7.156685918579364 0 226.0 7.156685918579364 1
gene  1 6 14 -2.6159863217676493 0 234.0 -2.6159863217676493 1
gene  1 8 28 1.0 1 293.0 0.0 1
gene  1 28 8 3.1423169533808926 0 294.0 0.0 1
gene  1 28 10 -1.2477359714267855 0 296.0 -1.2477359714267855 1
genomeend 10
genomestart  11
trait 1 1.3449282699683267 0.0 0.6715679179718652 0.876858839596525 1.5174143118965362 0.3493210991972051 0.4130893652942357 0.0 
node 1 1 1 1
node 2 1 1 1
node 3 1 1 1
node 4 1 1 1
node 5 1 1 1
node 6 1 1 1
node 7 1 1 3
node 8 1 0 0
node 9 1 0 0
node 10 1 0 0
node 13 1 0 2
node 14 1 0 2
node 28 1 0 0
gene  1 1 8 -2.726673628949253 0 98.0 -2.726673628949253 1
gene  1 3 8 1.6842111271292997 0 100.0 1.6842111271292997 1
gene  1 5 8 4.075020769102397 0 102.0 4.075020769102397 1
gene  1 6 8 3.8257269463386447 0 103.0 3.8257269463386447 1
gene  1 8 8 3.1423169533808926 1 105.0 3.1423169533808926 0
gene  1 1 9 4.604197170902232 0 112.0 4.604197170902232 1
gene  1 2 9 -5.567229999669011 0 113.0 -5.567229999669011 1
gene  1 3 9 -2.2210044777481484 0 114.0 -2.2210044777481484 1
gene  1 5 9 2.452690018151201 0 116.0 2.452690018151201 1
gene  1 7 9 -0.009994814256543416 0 118.0 -0.009994814256543416 1
gene  1 9 9 -1.8077794092299426 1 120.0 -1.8077794092299426 1
gene  1 10 9 -2.0274164768581446 1 121.0 -2.0274164768581446 1
gene  1 13 9 6.479340263480978 1 124.0 6.479340263480978 1
gene  1 2 10 2.1238595898413326 0 127.0 2.1238595898413326 1
gene  1 4 10 -3.3225640589861882 0 129.0 -3.3225640589861882 1
gene  1 5 10 -3.6098444446584694 0 130.0 -3.6098444446584694 1
gene  1 8 10 0.7491345994360321 0 133.0 0.7491345994360321 1
gene  1 9 10 -1.2548686178230777 0 134.0 -1.2548686178230777 1
gene  1 10 10 0.5558516577725594 1 135.0 0.5558516577725594 1
gene  1 13 10 -1.1548720196655815 1 138.0 -1.1548720196655815 1
gene  1 14 10 0.17686020691377663 1 139.0 0.17686020691377663 1
gene  1 2 13 -0.8795918412571002 0 169.0 -0.8795918412571002 1
gene  1 3 13 -4.697165326191095 0 170.0 -4.697165326191095 1
gene  1 6 13 -1.5042960740913005 0 173.0 -1.5042960740913005 1
gene  1 7 13 -0.8886180380056957 0 174.0 -0.8886180380056957 1
gene  1 9 13 -2.162731310888524 0 176.0 -2.162731310888524 1
gene  1 13 13 -2.378211139363299 1 180.0 -2.378211139363299 1
gene  1 14 13 -2.530119016392689 1 181.0 -2.530119016392689 1
gene  1 1 14 2.3353228179771652 0 182.0 2.3353228179771652 1
gene  1 3 14 4.5678176518810965 0 184.0 4.5678176518810965 1
gene  1 9 14 -3.74736077972792 0 190.0 -3.74736077972792 1
gene  1 10 14 -1.3458168083638835 0 191.0 -1.3458168083638835 1
gene  1 8 13 -6.825400210306681 0 207.0 -6.825400210306681 1
gene  1 1 10 7.156685918579364 0 226.0 7.156685918579364 1
gene  1 6 14 -2.6159863217676493 0 234.0 -2.6159863217676493 1
gene  1 8 28 1.0 1 293.0 0.0 1
gene  1 28 8 3.1423169533808926 0 294.0 0.0 1
genomeend 11
genomestart  12
trait 1 0.0 0.0 0.4047372828381034 0.0 1.1905783516961135 0.0 0.0 0.6290818923229079 
node 1 1 1 1
node 2 1 1 1
node 3 1 1 1
node 4 1 1 1
node 5 1 1 1
node 6 1 1 1
node 7 1 1 3
node 8 1 0 0
node 13 1 0 2
node 14 1 0 2
node 22 1 0 0
node 25 1 0 0
node 29 1 0 0
gene  1 1 8 5.472060312667397 0 98.0 5.472060312667397 1
gene  1 3 8 -5.855488344143794 0 100.0 -5.855488344143794 1
gene  1 4 8 -4.816546403240055 0 101.0 -4.816546403240055 1
gene  1 5 8 0.6133893444608713 0 102.0 0.6133893444608713 1
gene  1 6 8 11.384807761591777 0 103.0 11.384807761591777 1
gene  1 8 8 -2.4883720594800987 1 105.0 -2.4883720594800987 1
gene  1 1 13 -2.814639225000171 0 168.0 -2.814639225000171 1
gene  1 5 13 -3.782490787731371 0 172.0 -3.782490787731371 1
gene  1 13 13 -5.248515330195534 1 180.0 -5.248515330195534 1
gene  1 14 13 -4.4028611104876845 1 181.0 -4.4028611104876845 1
gene  1 2 14 -2.812049860107667 0 183.0 -2.812049860107667 1
gene  1 3 14 -8.138086840611336 0 184.0 -8.138086840611336 1
gene  1 5 14 4.238314897532397 0 186.0 4.238314897532397 1
gene  1 7 14 -5.543142444615071 0 188.0 -5.543142444615071 1
gene  1 8 14 -6.27449324597411 0 189.0 -6.27449324597411 0
gene  1 13 14 1.5368326520683546 0 194.0 1.5368326520683546 1
gene  1 2 13 7.495468851127613 0 236.0 7.495468851127613 1
gene  1 8 22 -3.3374034149705816 0 240.0 -3.3374034149705816 1
gene  1 22 14 -0.5703466988454531 0 241.0 -0.5703466988454531 1
gene  1 1 22 -2.6110695009068805 0 245.0 -2.6110695009068805 1
gene  1 13 8 -0.42117448168340976 0 257.0 -0.42117448168340976 1
gene  1 5 22 -4.874141387861947 0 265.0 -4.874141387861947 1
gene  1 1 25 -2.4612436949144954 0 279.0 -2.4612436949144954 1
gene  1 25 8 -0.16357385649870054 0 280.0 -0.16357385649870054 1
gene  1 8 29 1.0 0 297.0 0.0 1
gene  1 29 14 -6.27449324597411 0 298.0 0.0 1
genomeend 12
genomestart  13
trait 1 0.0 0.0 0.4047372828381034 0.0 1.1905783516961135 0.0 0.0 0.6290818923229079 
node 1 1 1 1
node 2 1 1 1
node 3 1 1 1
node 4 1 1 1
node 5 1 1 1
node 6 1 1 1
node 7 1 1 3
node 8 1 0 0
node 13 1 0 2
node 14 1 0 2
node 22 1 0 0
node 25 1 0 0
gene  1 1 8 5.472060312667397 0 98.0 5.472060312667397 1
gene  1 3 8 -5.03397280577586 0 100.0 -5.03397280577586 1
gene  1 4 8 -4.588684742617163 0 101.0 -4.588684742617163 1
gene  1 5 8 2.7157623981160937 0 102.0 2.7157623981160937 1
gene  1 6 8 10.341158143311878 0 103.0 10.341158143311878 1
gene  1 8 8 -2.751435213136391 1 105.0 -2.751435213136391 1
gene  1 1 13 -3.366305244193648 0 168.0 -3.366305244193648 1
gene  1 5 13 -4.841822620109985 0 172.0 -4.841822620109985 1
gene  1 13 13 -6.9277153737377635 1 180.0 -6.9277153737377635 1
gene  1 14 13 2.324408150829767 1 181.0 2.324408150829767 1
gene  1 2 14 -3.3703120670889217 0 183.0 -3.3703120670889217 1
gene  1 3 14 -8.564529168681046 0 184.0 -8.564529168681046 1
gene  1 5 14 4.139309061913908 0 186.0 4.139309061913908 1
gene  1 7 14 -5.543142444615071 0 188.0 -5.543142444615071 1
gene  1 8 14 -7.689819595751146 0 189.0 -7.689819595751146 1
gene  1 13 14 1.5368326520683546 0 194.0 1.5368326520683546 1
gene  1 2 13 5.562956546670353 0 236.0 5.562956546670353 1
gene  1 8 22 -1.1667897184789395 0 240.0 -1.1667897184789395 1
gene  1 22 14 1.542233618958443 0 241.0 1.542233618958443 1
gene  1 1 22 -3.5527792737745236 0 245.0 -3.5527792737745236 1
gene  1 13 8 -1.0510576648575936 0 257.0 -1.0510576648575936 1
gene  1 5 22 -5.189274368873748 0 265.0 -5.189274368873748 1
gene  1 1 25 -2.4612436949144954 0 279.0 -2.4612436949144954 1
gene  1 25 8 0.08383146632126248 0 280.0 0.08383146632126248 1
genomeend 13
genomestart  14
trait 1 0.0 0.0 0.8819938403457324 0.0 0.3524698665546644 0.3073711629624263 0.25417113514219947 0.0 
node 1 1 1 1
node 2 1 1 1
node 3 1 1 1
node 4 1 1 1
node 5 1 1 1
node 6 1 1 1
node 7 1 1 3
node 13 1 0 2
node 14 1 0 2
gene  1 1 13 7.472696861523125 0 168.0 7.472696861523125 1
gene  1 2 13 -3.875529291246587 0 169.0 -3.875529291246587 1
gene  1 3 13 3.69234722843266 0 170.0 3.69234722843266 1
gene  1 4 13 3.2513033479055125 0 171.0 3.2513033479055125 1
gene  1 5 13 2.5196663592881636 0 172.0 2.5196663592881636 1
gene  1 6 13 2.5281890947180057 0 173.0 2.5281890947180057 1
gene  1 7 13 -1.1399931120543891 0 174.0 -1.1399931120543891 1
gene  1 14 13 2.2170511710572143 1 181.0 2.2170511710572143 1
gene  1 1 14 7.299329227429389 0 182.0 7.299329227429389 1
gene  1 2 14 0.9920906400367056 0 183.0 0.9920906400367056 1
gene  1 3 14 1.690304176938778 0 184.0 1.690304176938778 1
gene  1 13 14 3.843751923698827 0 194.0 3.843751923698827 1
gene  1 14 14 -0.7261906132775691 1 195.0 -0.7261906132775691 1
gene  1 7 14 -0.5204671297075667 0 273.0 -0.5204671297075667 1
gene  1 4 14 0.25806072558786974 0 283.0 0.25806072558786974 1
genomeend 14
genomestart  15
trait 1 0.0 0.0 0.8819938403457324 0.0 0.3524698665546644 0.3073711629624263 0.25417113514219947 0.0 
node 1 1 1 1
node 2 1 1 1
node 3 1 1 1
node 4 1 1 1
node 5 1 1 1
node 6 1 1 1
node 7 1 1 3
node 13 1 0 2
node 14 1 0 2
gene  1 1 13 6.397152948077061 0 168.0 6.397152948077061 1
gene  1 2 13 -5.24230037082031 0 169.0 -5.24230037082031 1
gene  1 3 13 2.4340037467763382 0 170.0 2.4340037467763382 1
gene  1 4 13 3.571302946349688 0 171.0 3.571302946349688 1
gene  1 5 13 4.176174959015668 0 172.0 4.176174959015668 1
gene  1 6 13 1.3542097648113098 0 173.0 1.3542097648113098 1
gene  1 7 13 -0.6923809140097668 0 174.0 -0.6923809140097668 1
gene  1 14 13 3.9843888031789847 1 181.0 3.9843888031789847 1
gene  1 1 14 3.3244702421500847 0 182.0 3.3244702421500847 1
gene  1 2 14 -0.003783873887693856 0 183.0 -0.003783873887693856 1
gene  1 3 14 3.0493308074711196 0 184.0 3.0493308074711196 1
gene  1 13 14 1.7840908978868595 0 194.0 1.7840908978868595 1
gene  1 14 14 -2.270180568743646 1 195.0 -2.270180568743646 1
gene  1 7 14 -1.458137904046712 0 273.0 -1.458137904046712 1
gene  1 4 14 -2.1951914547963742 0 283.0 -2.1951914547963742 1
genomeend 15
genomestart  16
trait 1 0.731715373568969 0.5319433208524987 0.8875428902212121 1.0172554146688002 0.2545070174269727 0.6799681748259421 0.0 0.0 
node 1 1 1 1
node 2 1 1 1
node 3 1 1 1
node 4 1 1 1
node 5 1 1 1
node 6 1 1 1
node 7 1 1 3
node 8 1 0 0
node 9 1 0 0
node 13 1 0 2
node 14 1 0 2
node 20 1 0 0
gene  1 1 8 -6.354380353559499 0 98.0 -6.354380353559499 1
gene  1 2 8 3.272757942761475 0 99.0 3.272757942761475 1
gene  1 3 8 0.016922246599669233 0 100.0 0.016922246599669233 1
gene  1 6 8 -1.4234377951601629 0 103.0 -1.4234377951601629 1
gene  1 8 8 2.1357979823128947 1 105.0 2.1357979823128947 1
gene  1 9 8 2.704049377791498 1 106.0 2.704049377791498 1
gene  1 13 8 1.0262364277158569 1 110.0 1.0262364277158569 1
gene  1 14 8 -1.5627039834201177 1 111.0 -1.5627039834201177 1
gene  1 1 9 7.198210695290406 0 112.0 7.198210695290406 1
gene  1 4 9 -2.0310377371144552 0 115.0 -2.0310377371144552 1
gene  1 5 9 -0.14025873553187918 0 116.0 -0.14025873553187918 1
gene  1 7 9 -9.903315186505424 0 118.0 -9.903315186505424 1
gene  1 9 9 2.521990497970754 1 120.0 2.521990497970754 1
gene  1 14 9 -0.5339420430727809 1 125.0 -0.5339420430727809 1
gene  1 2 13 -10.186048568600262 0 169.0 -10.186048568600262 1
gene  1 5 13 0.4415418768084154 0 172.0 0.4415418768084154 1
gene  1 8 13 3.926225187920524 0 175.0 3.926225187920524 1
gene  1 1 14 -1.250446957930246 0 182.0 -1.250446957930246 0
gene  1 2 14 14.01917081618536 0 183.0 14.01917081618536 1
gene  1 3 14 -5.1314194806002895 0 184.0 -5.1314194806002895 1
gene  1 6 14 8.633944248193524 0 187.0 8.633944248193524 1
gene  1 13 14 2.1331294878246965 0 194.0 2.1331294878246965 1
gene  1 14 14 -6.906813540022479 1 195.0 -6.906813540022479 1
gene  1 5 8 -0.9296147506603238 0 202.0 -0.9296147506603238 1
gene  1 4 13 6.113701654502202 0 220.0 6.113701654502202 1
gene  1 1 20 -2.268180188635285 0 231.0 -2.268180188635285 1
gene  1 20 14 0.3208080007493501 0 232.0 0.3208080007493501 1
genomeend 16
genomestart  17
trait 1 0.731715373568969 0.5319433208524987 0.8875428902212121 1.0172554146688002 0.2545070174269727 0.6799681748259421 0.0 0.0 
node 1 1 1 1
node 2 1 1 1
node 3 1 1 1
node 4 1 1 1
node 5 1 1 1
node 6 1 1 1
node 7 1 1 3
node 8 1 0 0
node 9 1 0 0
node 13 1 0 2
node 14 1 0 2
node 20 1 0 0
gene  1 1 8 -6.936219984473026 0 98.0 -6.936219984473026 1
gene  1 2 8 1.7184221289505597 0 99.0 1.7184221289505597 1
gene  1 3 8 0.10501308793538877 0 100.0 0.10501308793538877 1
gene  1 6 8 -1.3183372042327768 0 103.0 -1.3183372042327768 1
gene  1 8 8 1.8350694967726264 1 105.0 1.8350694967726264 1
gene  1 9 8 4.71590724032945 1 106.0 4.71590724032945 1
gene  1 13 8 1.0262364277158569 1 110.0 1.0262364277158569 1
gene  1 14 8 0.49496354062497305 1 111.0 0.49496354062497305 1
gene  1 1 9 4.815762399313884 0 112.0 4.815762399313884 1
gene  1 4 9 -1.3725771747243503 0 115.0 -1.3725771747243503 1
gene  1 5 9 0.2636615784607925 0 116.0 0.2636615784607925 1
gene  1 7 9 -9.757316020744796 0 118.0 -9.757316020744796 1
gene  1 9 9 4.790464231132549 1 120.0 4.790464231132549 1
gene  1 14 9 -1.0344542549426543 1 125.0 -1.0344542549426543 1
gene  1 2 13 -8.939167100327738 0 169.0 -8.939167100327738 1
gene  1 5 13 -0.0567298176943542 0 172.0 -0.0567298176943542 1
gene  1 8 13 3.926225187920524 0 175.0 3.926225187920524 1
gene  1 1 14 0.5114228997607302 0 182.0 0.5114228997607302 0
gene  1 2 14 14.01917081618536 0 183.0 14.01917081618536 1
gene  1 3 14 -5.095245983278964 0 184.0 -5.095245983278964 1
gene  1 6 14 10.705819927714293 0 187.0 10.705819927714293 1
gene  1 13 14 4.118933774294231 0 194.0 4.118933774294231 1
gene  1 14 14 -8.424866362648512 1 195.0 -8.424866362648512 1
gene  1 5 8 0.7844255847773862 0 202.0 0.7844255847773862 1
gene  1 4 13 8.356267189144543 0 220.0 8.356267189144543 1
gene  1 1 20 -0.9863563301084257 0 231.0 -0.9863563301084257 1
gene  1 20 14 0.3208080007493501 0 232.0 0.3208080007493501 1
genomeend 17
genomestart  18
trait 1 0.0 0.8507286365631731 0.8412243628926098 0.8164647912856297 0.6061681788876561 0.0 0.0 0.07895419735974474 
node 1 1 1 1
node 2 1 1 1
node 3 1 1 1
node 4 1 1 1
node 5 1 1 1
node 6 1 1 1
node 7 1 1 3
node 13 1 0 2
node 14 1 0 2
gene  1 1 13 -1.6265353052398366 0 168.0 -1.6265353052398366 1
gene  1 2 13 -2.9986922928149835 0 169.0 -2.9986922928149835 1
gene  1 5 13 -1.0300792041982763 0 172.0 -1.0300792041982763 1
gene  1 6 13 -2.480728025289029 0 173.0 -2.480728025289029 1
gene  1 7 13 -1.1067986486066923 0 174.0 -1.1067986486066923 1
gene  1 3 14 1.2471932778048516 0 184.0 1.2471932778048516 1
gene  1 4 14 -0.36442962170348037 0 185.0 -0.36442962170348037 1
gene  1 7 14 -7.681939592165543 0 188.0 -7.681939592165543 1
gene  1 13 14 1.2935008008168989 0 194.0 1.2935008008168989 1
gene  1 14 14 0.4329504046890618 1 195.0 0.4329504046890618 1
gene  1 4 13 -0.07230348643089135 0 235.0 -0.07230348643089135 1
gene  1 1 14 4.175512801028197 0 242.0 4.175512801028197 1
genomeend 18
genomestart  19
trait 1 0.0 0.8507286365631731 0.8412243628926098 0.8164647912856297 0.6061681788876561 0.0 0.0 0.07895419735974474 
node 1 1 1 1
node 2 1 1 1
node 3 1 1 1
node 4 1 1 1
node 5 1 1 1
node 6 1 1 1
node 7 1 1 3
node 13 1 0 2
node 14 1 0 2
gene  1 1 13 -2.1826268755268 0 168.0 -2.1826268755268 1
gene  1 2 13 0.29868523837173466 0 169.0 0.29868523837173466 1
gene  1 5 13 -2.500170722069409 0 172.0 -2.500170722069409 1
gene  1 6 13 -3.485646956222882 0 173.0 -3.485646956222882 1
gene  1 7 13 -4.4006172623179225 0 174.0 -4.4006172623179225 1
gene  1 3 14 1.5842499330768904 0 184.0 1.5842499330768904 1
gene  1 4 14 -1.8160655418868135 0 185.0 -1.8160655418868135 1
gene  1 7 14 -4.1270154454249655 0 188.0 -4.1270154454249655 1
gene  1 13 14 -2.138048110653647 0 194.0 -2.138048110653647 1
gene  1 14 14 -1.3420636540016762 1 195.0 -1.3420636540016762 1
gene  1 4 13 -2.4654825538570644 0 235.0 -2.4654825538570644 1
gene  1 1 14 2.021170499238741 0 242.0 2.021170499238741 1
genomeend 19
