genomestart  0
trait 1 0.12236385032328645 0.11996509262718169 0.0 1.2348572107762614 0.0 1.3168578850843018 1.0590140864502917 1.7905313975538821 
node 1 1 1 1
node 2 1 1 1
node 3 1 1 1
node 4 1 1 1
node 5 1 1 1
node 6 1 1 1
node 7 1 1 3
node 13 1 0 2
node 14 1 0 2
node 33 1 0 0
node 48 1 0 0
node 55 1 0 0
node 61 1 0 0
gene  1 2 13 9.826932312169436 0 169.0 9.826932312169436 1
gene  1 3 13 0.7454723704621815 0 170.0 0.7454723704621815 1
gene  1 4 13 4.423572684447875 0 171.0 4.423572684447875 1
gene  1 6 13 -2.198914721411297 0 173.0 -2.198914721411297 1
gene  1 7 13 -0.24558705968802025 0 174.0 -0.24558705968802025 1
gene  1 13 13 0.7655340357556149 1 180.0 0.7655340357556149 1
gene  1 1 14 -2.540021514145581 0 182.0 -2.540021514145581 1
gene  1 2 14 0.8165622814884714 0 183.0 0.8165622814884714 1
gene  1 5 14 -1.140723122081237 0 186.0 -1.140723122081237 1
gene  1 6 14 -0.6015276252348487 0 187.0 -0.6015276252348487 1
gene  1 7 14 0.86059081186063 0 188.0 0.86059081186063 1
gene  1 13 14 4.419213177851306 0 194.0 4.419213177851306 1
gene  1 14 14 2.0508723765284325 1 195.0 2.0508723765284325 1
gene  1 4 14 -4.083294884425657 0 196.0 -4.083294884425657 1
gene  1 1 13 -2.9203564266549504 0 216.0 -2.9203564266549504 1
gene  1 1 33 -0.8623594661885141 0 313.0 -0.8623594661885141 1
gene  1 33 14 1.809137700578478 0 314.0 1.809137700578478 1
gene  1 14 48 -0.4359207626818262 1 379.0 -0.4359207626818262 1
gene  1 48 14 -0.709829987551739 0 380.0 -0.709829987551739 1
gene  1 48 33 -0.0436611804422814 0 381.0 -0.0436611804422814 1
gene  1 4 33 -2.314695974180685 0 384.0 -2.314695974180685 1
gene  1 13 55 -0.812034757825562 0 407.0 -0.812034757825562 1
gene  1 55 14 0.36016790233554224 0 408.0 0.36016790233554224 1
gene  1 2 33 -4.856881331466343 0 425.0 -4.856881331466343 1
gene  1 13 33 1.3613444371472183 0 427.0 1.3613444371472183 1
gene  1 5 13 2.827809625355636 0 436.0 2.827809625355636 1
gene  1 7 33 0.2877258643229985 0 465.0 0.2877258643229985 1
gene  1 2 61 -1.7194045357029086 0 466.0 -1.7194045357029086 1
gene  1 61 33 -0.03319101448752426 0 467.0 -0.03319101448752426 1
genomeend 0
genomestart  1
trait 1 0.12236385032328645 0.11996509262718169 0.0 1.2348572107762614 0.0 1.3168578850843018 1.0590140864502917 1.7905313975538821 
node 1 1 1 1
node 2 1 1 1
node 3 1 1 1
node 4 1 1 1
node 5 1 1 1
node 6 1 1 1
node 7 1 1 3
node 13 1 0 2
node 14 1 0 2
node 33 1 0 0
node 48 1 0 0
node 55 1 0 0
node 61 1 0 0
gene  1 2 13 9.13829532751864 0 169.0 9.13829532751864 1
gene  1 3 13 -0.02143619371696992 0 170.0 -0.02143619371696992 1
gene  1 4 13 3.4446256397453165 0 171.0 3.4446256397453165 1
gene  1 6 13 5.673277219781401 0 173.0 5.673277219781401 1
gene  1 7 13 -2.2628873212110396 0 174.0 -2.2628873212110396 1
gene  1 13 13 -0.9964806627061384 1 180.0 -0.9964806627061384 1
gene  1 1 14 -3.5132318553507753 0 182.0 -3.5132318553507753 1
gene  1 2 14 2.305632347559973 0 183.0 2.305632347559973 1
gene  1 5 14 1.2666468109658773 0 186.0 1.2666468109658773 1
gene  1 6 14 -0.5844425958896347 0 187.0 -0.5844425958896347 1
gene  1 7 14 -1.6013927024799341 0 188.0 -1.6013927024799341 1
gene  1 13 14 6.929944392854648 0 194.0 6.929944392854648 1
gene  1 14 14 6.4928037692494724 1 195.0 6.4928037692494724 1
gene  1 4 14 -3.638602390313789 0 196.0 -3.638602390313789 1
gene  1 1 13 -4.880962273018497 0 216.0 -4.880962273018497 1
gene  1 1 33 -3.0911569723984353 0 313.0 -3.0911569723984353 1
gene  1 33 14 -0.90838363387486 0 314.0 -0.90838363387486 1
gene  1 14 48 0.7260128574619034 1 379.0 0.7260128574619034 1
gene  1 48 14 -0.709829987551739 0 380.0 -0.709829987551739 1
gene  1 48 33 1.7657136646461447 0 381.0 1.7657136646461447 1
gene  1 4 33 -0.3589186654933474 0 384.0 -0.3589186654933474 1
gene  1 13 55 0.9776019092318411 0 407.0 0.9776019092318411 1
gene  1 55 14 -1.9178779653998264 0 408.0 -1.9178779653998264 1
gene  1 2 33 -6.406537974083712 0 425.0 -6.406537974083712 1
gene  1 13 33 3.303057108550477 0 427.0 3.303057108550477 1
gene  1 5 13 2.7972671994476945 0 436.0 2.7972671994476945 1
gene  1 7 33 2.355630560680703 0 465.0 2.355630560680703 1
gene  1 2 61 -1.822475793045903 0 466.0 -1.822475793045903 1
gene  1 61 33 2.1711162345425614 0 467.0 2.1711162345425614 1
genomeend 1
genomestart  2
trait 1 0.26937214532678067 0.0 1.896310652799719 0.1335307135438477 1.4996758457563444 1.6042023185733623 1.2186392275033897 1.6429921308966946 
node 1 1 1 1
node 2 1 1 1
node 3 1 1 1
node 4 1 1 1
node 5 1 1 1
node 6 1 1 1
node 7 1 1 3
node 13 1 0 2
node 14 1 0 2
node 21 1 0 0
node 24 1 0 0
node 34 1 0 0
node 67 1 0 0
node 72 1 0 0
gene  1 1 13 4.81445315825521 0 168.0 4.81445315825521 0
gene  1 4 13 6.257235189419225 0 171.0 6.257235189419225 1
gene  1 5 13 -6.3606630043018 0 172.0 -6.3606630043018 1
gene  1 7 13 -4.759596084754319 0 174.0 -4.759596084754319 1
gene  1 13 13 -5.8212912037048286 1 180.0 -5.8212912037048286 1
gene  1 2 14 2.8343006545988323 0 183.0 2.8343006545988323 1
gene  1 3 14 -4.412335784563806 0 184.0 -4.412335784563806 1
gene  1 6 14 0.5620464093834461 0 187.0 0.5620464093834461 1
gene  1 13 14 -0.07910149898127083 0 194.0 -0.07910149898127083 1
gene  1 14 14 -0.3455958612901071 1 195.0 -0.3455958612901071 1
gene  1 6 13 2.2159661107253594 0 205.0 2.2159661107253594 1
gene  1 5 14 1.118687735484487 0 223.0 1.118687735484487 1
gene  1 3 13 -1.4595267195215038 0 229.0 -1.4595267195215038 1
gene  1 2 13 2.5949089139634225 0 233.0 2.5949089139634225 1
gene  1 1 21 5.686231538218068 0 238.0 5.686231538218068 1
gene  1 21 13 3.887942742848475 0 239.0 3.887942742848475 1
gene  1 5 21 -1.2776199374614328 0 253.0 -1.2776199374614328 1
gene  1 3 21 2.3846955622859944 0 270.0 2.3846955622859944 1
gene  1 1 24 -0.12717610676447888 0 275.0 -0.12717610676447888 1
gene  1 24 13 -3.1391613229731985 0 276.0 -3.1391613229731985 1
gene  1 3 34 4.169823792955478 0 315.0 4.169823792955478 1
gene  1 34 14 -0.20526788601350188 0 316.0 -0.20526788601350188 0
gene  1 3 24 5.120206484415247 0 324.0 5.120206484415247 1
gene  1 2 21 -0.4840752204850183 0 350.0 -0.4840752204850183 1
gene  1 34 13 6.2311351868426765 0 355.0 6.2311351868426765 1
gene  1 1 34 -6.195202688700862 0 361.0 -6.195202688700862 1
gene  1 7 14 3.8665263321660883 0 388.0 3.8665263321660883 1
gene  1 24 14 7.442500222098007 0 468.0 7.442500222098007 1
gene  1 34 67 0.6233843761916055 0 491.0 0.6233843761916055 1
gene  1 67 14 0.7623760748919084 0 492.0 0.7623760748919084 1
gene  1 1 72 0.04360826800125239 0 505.0 0.04360826800125239 1
gene  1 72 13 0.9561170649634276 0 506.0 0.9561170649634276 1
genomeend 2
genomestart  3
trait 1 0.26937214532678067 0.0 1.896310652799719 0.1335307135438477 1.4996758457563444 1.6042023185733623 1.2186392275033897 1.6429921308966946 
node 1 1 1 1
node 2 1 1 1
node 3 1 1 1
node 4 1 1 1
node 5 1 1 1
node 6 1 1 1
node 7 1 1 3
node 13 1 0 2
node 14 1 0 2
node 21 1 0 0
node 24 1 0 0
node 34 1 0 0
node 67 1 0 0
node 72 1 0 0
gene  1 1 13 3.9616059758827675 0 168.0 3.9616059758827675 0
gene  1 4 13 5.842142550314017 0 171.0 5.842142550314017 1
gene  1 5 13 -4.060784943589433 0 172.0 -4.060784943589433 1
gene  1 7 13 -4.873275541510937 0 174.0 -4.873275541510937 1
gene  1 13 13 -0.08855259532184162 1 180.0 -0.08855259532184162 1
gene  1 2 14 -0.011782526238471591 0 183.0 -0.011782526238471591 1
gene  1 3 14 -0.3262896781148422 0 184.0 -0.3262896781148422 1
gene  1 6 14 0.3508371415703009 0 187.0 0.3508371415703009 1
gene  1 13 14 0.8361380417353856 0 194.0 0.8361380417353856 1
gene  1 14 14 1.400973518466419 1 195.0 1.400973518466419 1
gene  1 6 13 0.35272187006165995 0 205.0 0.35272187006165995 1
gene  1 5 14 1.02287990906777 0 223.0 1.02287990906777 1
gene  1 3 13 -3.2181142884714884 0 229.0 -3.2181142884714884 1
gene  1 2 13 -0.31195888694390383 0 233.0 -0.31195888694390383 1
gene  1 1 21 2.6652172330756017 0 238.0 2.6652172330756017 1
gene  1 21 13 1.8930677420852233 0 239.0 1.8930677420852233 1
gene  1 5 21 -1.6887663952369336 0 253.0 -1.6887663952369336 1
gene  1 3 21 1.464756346949078 0 270.0 1.464756346949078 1
gene  1 1 24 -0.6081822756291427 0 275.0 -0.6081822756291427 1
gene  1 24 13 -0.6274674073470987 0 276.0 -0.6274674073470987 1
gene  1 3 34 3.4553017836441473 0 315.0 3.4553017836441473 1
gene  1 34 14 0.8896545150727497 0 316.0 0.8896545150727497 0
gene  1 3 24 4.426229582018202 0 324.0 4.426229582018202 1
gene  1 2 21 1.4060506305142741 0 350.0 1.4060506305142741 1
gene  1 34 13 2.8616402929557054 0 355.0 2.8616402929557054 1
gene  1 1 34 -6.705909441855954 0 361.0 -6.705909441855954 1
gene  1 7 14 -0.6723971882799271 0 388.0 -0.6723971882799271 1
gene  1 24 14 1.0467468402028106 0 468.0 1.0467468402028106 1
gene  1 34 67 0.6233843761916055 0 491.0 0.6233843761916055 1
gene  1 67 14 2.1114852931551398 0 492.0 2.1114852931551398 1
gene  1 1 72 -1.2021377297075588 0 505.0 -1.2021377297075588 1
gene  1 72 13 -1.2993110826648493 0 506.0 -1.2993110826648493 1
genomeend 3
genomestart  4
trait 1 0.26937214532678067 0.0 1.896310652799719 0.1335307135438477 1.4996758457563444 1.6042023185733623 1.2186392275033897 1.6429921308966946 
node 1 1 1 1
node 2 1 1 1
node 3 1 1 1
node 4 1 1 1
node 5 1 1 1
node 6 1 1 1
node 7 1 1 3
node 13 1 0 2
node 14 1 0 2
node 21 1 0 0
node 24 1 0 0
node 34 1 0 0
node 67 1 0 0
node 72 1 0 0
node 78 1 0 0
gene  1 1 13 2.714969039255375 0 168.0 2.714969039255375 0
gene  1 4 13 5.69634020942851 0 171.0 5.69634020942851 1
gene  1 5 13 -4.23051614823623 0 172.0 -4.23051614823623 1
gene  1 7 13 -3.3928733285562016 0 174.0 -3.3928733285562016 1
gene  1 13 13 -3.602894486755832 1 180.0 -3.602894486755832 1
gene  1 2 14 2.023375637272234 0 183.0 2.023375637272234 1
gene  1 3 14 -2.999802102703538 0 184.0 -2.999802102703538 1
gene  1 6 14 -1.9147463063690242 0 187.0 -1.9147463063690242 1
gene  1 13 14 1.8366996128320043 0 194.0 1.8366996128320043 1
gene  1 14 14 2.1011022586040613 1 195.0 2.1011022586040613 1
gene  1 6 13 0.40496577636478515 0 205.0 0.40496577636478515 1
gene  1 5 14 0.4637127895914389 0 223.0 0.4637127895914389 1
gene  1 3 13 -0.8392001513450167 0 229.0 -0.8392001513450167 1
gene  1 2 13 1.0479884893630445 0 233.0 1.0479884893630445 1
gene  1 1 21 3.9328022886274043 0 238.0 3.9328022886274043 1
gene  1 21 13 1.8930677420852233 0 239.0 1.8930677420852233 1
gene  1 5 21 -1.6887663952369336 0 253.0 -1.6887663952369336 1
gene  1 3 21 2.3321355637688517 0 270.0 2.3321355637688517 1
gene  1 1 24 0.6744662605657111 0 275.0 0.6744662605657111 1
gene  1 24 13 -1.7573434541582147 0 276.0 -1.7573434541582147 1
gene  1 3 34 2.3929228964038565 0 315.0 2.3929228964038565 1
gene  1 34 14 -0.7222781313830149 0 316.0 -0.7222781313830149 0
gene  1 3 24 3.001798769467323 0 324.0 3.001798769467323 1
gene  1 2 21 1.4060506305142741 0 350.0 1.4060506305142741 1
gene  1 34 13 3.9660460108306888 0 355.0 3.9660460108306888 1
gene  1 1 34 -4.541702817323318 0 361.0 -4.541702817323318 1
gene  1 7 14 3.8665263321660883 0 388.0 3.8665263321660883 1
gene  1 24 14 5.591284496873085 0 468.0 5.591284496873085 1
gene  1 34 67 0.6233843761916055 0 491.0 0.6233843761916055 1
gene  1 67 14 1.8053135229488033 0 492.0 1.8053135229488033 1
gene  1 1 72 1.9227849191486883 0 505.0 1.9227849191486883 0
gene  1 72 13 0.9561170649634276 0 506.0 0.9561170649634276 1
gene  1 1 78 1.0 0 530.0 0.0 1
gene  1 78 72 1.9227849191486883 0 531.0 0.0 1
genomeend 4
genomestart  5
trait 1 0.990764809340612 0.11168036512555457 0.0 2.5667145009496477 0.4651853155222945 0.0 0.027339901520710974 0.8024602724468012 
node 1 1 1 1
node 2 1 1 1
node 3 1 1 1
node 4 1 1 1
node 5 1 1 1
node 6 1 1 1
node 7 1 1 3
node 8 1 0 0
node 13 1 0 2
node 14 1 0 2
node 39 1 0 0
node 42 1 0 0
node 51 1 0 0
node 68 1 0 0
node 77 1 0 0
gene  1 1 8 0.4355062367436381 0 98.0 0.4355062367436381 1
gene  1 2 8 0.6366226473290959 0 99.0 0.6366226473290959 1
gene  1 3 8 -0.3689922644186585 0 100.0 -0.3689922644186585 1
gene  1 4 8 5.866386479872295 0 101.0 5.866386479872295 1
gene  1 5 8 1.5536768575434647 0 102.0 1.5536768575434647 1
gene  1 6 8 2.6793486796807238 0 103.0 2.6793486796807238 1
gene  1 8 8 2.422784312694627 1 105.0 2.422784312694627 1
gene  1 13 8 -2.103654376002755 1 110.0 -2.103654376002755 1
gene  1 14 8 15.075571325715831 1 111.0 15.075571325715831 1
gene  1 3 13 12.492996478509285 0 170.0 12.492996478509285 1
gene  1 5 13 -0.3215987569831056 0 172.0 -0.3215987569831056 1
gene  1 7 13 -0.06308253101947137 0 174.0 -0.06308253101947137 1
gene  1 13 13 -4.715757414101559 1 180.0 -4.715757414101559 1
gene  1 2 14 -0.9242831201372175 0 183.0 -0.9242831201372175 1
gene  1 4 14 2.3428660785850193 0 185.0 2.3428660785850193 1
gene  1 6 14 4.771657370256781 0 187.0 4.771657370256781 1
gene  1 8 14 -1.869477588792297 0 189.0 -1.869477588792297 1
gene  1 13 14 -1.2718033369565818 0 194.0 -1.2718033369565818 1
gene  1 2 13 -9.38848349908657 0 213.0 -9.38848349908657 1
gene  1 4 13 0.6498426023177245 0 230.0 0.6498426023177245 1
gene  1 13 8 -2.7115550284291645 0 244.0 -2.7115550284291645 1
gene  1 7 14 -0.670089988061431 0 264.0 -0.670089988061431 1
gene  1 1 14 -3.419926902379628 0 299.0 -3.419926902379628 1
gene  1 5 14 -0.6183611221383619 0 310.0 -0.6183611221383619 1
gene  1 1 13 1.4288703120641628 0 311.0 1.4288703120641628 1
gene  1 13 39 1.9459521236952215 0 344.0 1.9459521236952215 1
gene  1 39 8 -4.1013237655650725 0 345.0 -4.1013237655650725 0
gene  1 6 13 3.218268802352831 0 348.0 3.218268802352831 1
gene  1 2 42 2.2475686645166704 0 359.0 2.2475686645166704 1
gene  1 42 14 1.855003019575599 0 360.0 1.855003019575599 1
gene  1 13 42 0.6194259168096858 0 366.0 0.6194259168096858 1
gene  1 5 51 1.1022980387452574 0 396.0 1.1022980387452574 1
gene  1 51 14 2.3497160117056892 0 397.0 2.3497160117056892 1
gene  1 6 42 1.9497378647108143 0 423.0 1.9497378647108143 1
gene  1 39 42 -4.5586253462260125 0 426.0 -4.5586253462260125 1
gene  1 51 13 -0.22652371522843984 0 475.0 -0.22652371522843984 1
gene  1 39 14 -4.134553782163254 0 476.0 -4.134553782163254 1
gene  1 5 39 3.388289910308793 0 485.0 3.388289910308793 1
gene  1 5 68 -2.0625629705441213 0 493.0 -2.0625629705441213 1
gene  1 68 39 -0.506970764312547 0 494.0 -0.506970764312547 1
gene  1 4 51 1.462682909971683 0 514.0 1.462682909971683 1
gene  1 39 77 1.008694228665196 0 528.0 1.008694228665196 1
gene  1 77 8 -1.2150246991791307 0 529.0 -1.2150246991791307 1
genomeend 5
genomestart  6
trait 1 0.990764809340612 0.11168036512555457 0.0 2.5667145009496477 0.4651853155222945 0.0 0.027339901520710974 0.8024602724468012 
node 1 1 1 1
node 2 1 1 1
node 3 1 1 1
node 4 1 1 1
node 5 1 1 1
node 6 1 1 1
node 7 1 1 3
node 8 1 0 0
node 13 1 0 2
node 14 1 0 2
node 39 1 0 0
node 42 1 0 0
node 51 1 0 0
node 68 1 0 0
node 77 1 0 0
gene  1 1 8 -1.7868931760428506 0 98.0 -1.7868931760428506 1
gene  1 2 8 0.6366226473290959 0 99.0 0.6366226473290959 1
gene  1 3 8 -2.325219093345326 0 100.0 -2.325219093345326 1
gene  1 4 8 3.9085531670863367 0 101.0 3.9085531670863367 1
gene  1 5 8 0.08505099202144839 0 102.0 0.08505099202144839 1
gene  1 6 8 0.7526310651103283 0 103.0 0.7526310651103283 1
gene  1 8 8 -0.20632678960427475 1 105.0 -0.20632678960427475 1
gene  1 13 8 -2.040172078935809 1 110.0 -2.040172078935809 1
gene  1 14 8 12.993392760117796 1 111.0 12.993392760117796 1
gene  1 3 13 0.21768912793469625 0 170.0 0.21768912793469625 1
gene  1 5 13 -0.27129625777674227 0 172.0 -0.27129625777674227 1
gene  1 7 13 -1.6449210387675377 0 174.0 -1.6449210387675377 1
gene  1 13 13 -4.161462464500725 1 180.0 -4.161462464500725 1
gene  1 2 14 -3.397012606746497 0 183.0 -3.397012606746497 1
gene  1 4 14 3.692607001986985 0 185.0 3.692607001986985 1
gene  1 6 14 3.4250914226908153 0 187.0 3.4250914226908153 1
gene  1 8 14 -1.6470464043585746 0 189.0 -1.6470464043585746 1
gene  1 13 14 0.5631616322390389 0 194.0 0.5631616322390389 1
gene  1 2 13 -10.030784306624893 0 213.0 -10.030784306624893 1
gene  1 4 13 -2.4458753189976674 0 230.0 -2.4458753189976674 1
gene  1 13 8 -0.992434470649119 0 244.0 -0.992434470649119 1
gene  1 7 14 -0.2755455525775968 0 264.0 -0.2755455525775968 1
gene  1 1 14 -5.10407851208204 0 299.0 -5.10407851208204 1
gene  1 5 14 -0.07891836744670999 0 310.0 -0.07891836744670999 1
gene  1 1 13 0.7630584916226466 0 311.0 0.7630584916226466 1
gene  1 13 39 1.1941552913668518 0 344.0 1.1941552913668518 1
gene  1 39 8 -2.1251409045326812 0 345.0 -2.1251409045326812 0
gene  1 6 13 5.5346636278794925 0 348.0 5.5346636278794925 1
gene  1 2 42 1.2768343377902625 0 359.0 1.2768343377902625 1
gene  1 42 14 1.2109582831053316 0 360.0 1.2109582831053316 1
gene  1 13 42 2.2838513670783813 0 366.0 2.2838513670783813 1
gene  1 5 51 0.3613324292432283 0 396.0 0.3613324292432283 1
gene  1 51 14 2.3497160117056892 0 397.0 2.3497160117056892 1
gene  1 6 42 2.4770542276863745 0 423.0 2.4770542276863745 1
gene  1 39 42 -4.5586253462260125 0 426.0 -4.5586253462260125 1
gene  1 51 13 -0.8656467468124853 0 475.0 -0.8656467468124853 1
gene  1 39 14 -2.3779610230389356 0 476.0 -2.3779610230389356 1
gene  1 5 39 3.2855991938262883 0 485.0 3.2855991938262883 1
gene  1 5 68 0.01694923612329191 0 493.0 0.01694923612329191 1
gene  1 68 39 -0.506970764312547 0 494.0 -0.506970764312547 1
gene  1 4 51 1.030454201043156 0 514.0 1.030454201043156 1
gene  1 39 77 -1.3392672959407317 0 528.0 -1.3392672959407317 1
gene  1 77 8 0.12041199730707275 0 529.0 0.12041199730707275 1
genomeend 6
genomestart  7
trait 1 0.990764809340612 0.9373131795214941 0.0 2.524639241223846 0.4651853155222945 0.0 0.0 0.8024602724468012 
node 1 1 1 1
node 2 1 1 1
node 3 1 1 1
node 4 1 1 1
node 5 1 1 1
node 6 1 1 1
node 7 1 1 3
node 8 1 0 0
node 13 1 0 2
node 14 1 0 2
node 39 1 0 0
node 42 1 0 0
node 51 1 0 0
node 68 1 0 0
node 77 1 0 0
gene  1 1 8 1.062366505993976 0 98.0 1.062366505993976 1
gene  1 2 8 0.6366226473290959 0 99.0 0.6366226473290959 1
gene  1 3 8 -1.3792344261869471 0 100.0 -1.3792344261869471 1
gene  1 4 8 5.320604949814546 0 101.0 5.320604949814546 1
gene  1 5 8 1.4458230777993164 0 102.0 1.4458230777993164 1
gene  1 6 8 1.0212062310289889 0 103.0 1.0212062310289889 1
gene  1 8 8 2.668777014416671 1 105.0 2.668777014416671 1
gene  1 13 8 2.048954980645777 1 110.0 2.048954980645777 1
gene  1 14 8 17.328670451772116 1 111.0 17.328670451772116 1
gene  1 3 13 11.572038894360773 0 170.0 11.572038894360773 1
gene  1 5 13 -2.4504962134622774 0 172.0 -2.4504962134622774 1
gene  1 7 13 -0.06308253101947137 0 174.0 -0.06308253101947137 1
gene  1 13 13 -2.5668227157693195 1 180.0 -2.5668227157693195 1
gene  1 2 14 -0.9242831201372175 0 183.0 -0.9242831201372175 1
gene  1 4 14 2.684449678704344 0 185.0 2.684449678704344 1
gene  1 6 14 2.6070100661521938 0 187.0 2.6070100661521938 1
gene  1 8 14 -4.356118810256239 0 189.0 -4.356118810256239 1
gene  1 13 14 -1.7145792586604047 0 194.0 -1.7145792586604047 1
gene  1 2 13 -7.157151744694034 0 213.0 -7.157151744694034 1
gene  1 4 13 -0.32525225289857496 0 230.0 -0.32525225289857496 1
gene  1 13 8 -1.1500951014115222 0 244.0 -1.1500951014115222 1
gene  1 7 14 -1.9192388067819606 0 264.0 -1.9192388067819606 1
gene  1 1 14 -5.060495872230783 0 299.0 -5.060495872230783 1
gene  1 5 14 -1.3308103283085666 0 310.0 -1.3308103283085666 1
gene  1 1 13 0.8194785052464438 0 311.0 0.8194785052464438 1
gene  1 13 39 3.1705363053537163 0 344.0 3.1705363053537163 1
gene  1 39 8 -2.2547165981235957 0 345.0 -2.2547165981235957 0
gene  1 6 13 4.945768100554119 0 348.0 4.945768100554119 1
gene  1 2 42 -1.7409140352399808 0 359.0 -1.7409140352399808 1
gene  1 42 14 0.7668423261102344 0 360.0 0.7668423261102344 1
gene  1 13 42 0.6194259168096858 0 366.0 0.6194259168096858 1
gene  1 5 51 2.6258125891764728 0 396.0 2.6258125891764728 1
gene  1 51 14 2.3497160117056892 0 397.0 2.3497160117056892 1
gene  1 6 42 1.0962446310387737 0 423.0 1.0962446310387737 1
gene  1 39 42 -7.048692691673613 0 426.0 -7.048692691673613 1
gene  1 51 13 -1.7364137261735844 0 475.0 -1.7364137261735844 1
gene  1 39 14 -2.1152573749492687 0 476.0 -2.1152573749492687 1
gene  1 5 39 -1.3781854132797497 0 485.0 -1.3781854132797497 1
gene  1 5 68 -0.8411387143471758 0 493.0 -0.8411387143471758 1
gene  1 68 39 0.6351334799832318 0 494.0 0.6351334799832318 1
gene  1 4 51 0.3692850097924776 0 514.0 0.3692850097924776 1
gene  1 39 77 -0.8578118236048489 0 528.0 -0.8578118236048489 1
gene  1 77 8 -1.5350794695855585 0 529.0 -1.5350794695855585 1
genomeend 7
genomestart  8
trait 1 2.732431393943948 0.0 0.0 0.798512545900133 0.9382603138953756 0.0 1.9280392103089152 0.8152719799274877 
node 1 1 1 1
node 2 1 1 1
node 3 1 1 1
node 4 1 1 1
node 5 1 1 1
node 6 1 1 1
node 7 1 1 3
node 8 1 0 0
node 9 1 0 0
node 10 1 0 0
node 13 1 0 2
node 14 1 0 2
node 28 1 0 0
node 41 1 0 0
node 43 1 0 0
node 47 1 0 0
node 62 1 0 0
gene  1 1 8 2.6875633541967803 0 98.0 2.6875633541967803 1
gene  1 3 8 0.098412774083038 0 100.0 0.098412774083038 1
gene  1 5 8 1.0792642107631336 0 102.0 1.0792642107631336 1
gene  1 6 8 -0.7707165237915845 0 103.0 -0.7707165237915845 1
gene  1 8 8 2.9419874167836784 1 105.0 2.9419874167836784 1
gene  1 1 9 -0.6772956318804639 0 112.0 -0.6772956318804639 1
gene  1 2 9 -1.7316748091262073 0 113.0 -1.7316748091262073 1
gene  1 3 9 6.554938596867079 0 114.0 6.554938596867079 1
gene  1 5 9 2.324834097064075 0 116.0 2.324834097064075 1
gene  1 7 9 0.6993427564008845 0 118.0 0.6993427564008845 1
gene  1 9 9 2.8825958504888742 1 120.0 2.8825958504888742 1
gene  1 10 9 2.5936800744514175 1 121.0 2.5936800744514175 1
gene  1 13 9 1.9861129536519169 1 124.0 1.9861129536519169 1
gene  1 2 10 -4.785475779540734 0 127.0 -4.785475779540734 1
gene  1 4 10 1.8604870169784702 0 129.0 1.8604870169784702 1
gene  1 5 10 3.7143650397285035 0 130.0 3.7143650397285035 1
gene  1 8 10 1.468644116897487 0 133.0 1.468644116897487 1
gene  1 9 10 4.5707319711291285 0 134.0 4.5707319711291285 1
gene  1 10 10 3.5756568633812655 1 135.0 3.5756568633812655 1
gene  1 13 10 3.8637883447780426 1 138.0 3.8637883447780426 1
gene  1 14 10 -3.5328528830243195 1 139.0 -3.5328528830243195 1
gene  1 2 13 3.135021891024634 0 169.0 3.135021891024634 1
gene  1 3 13 1.0343698852033638 0 170.0 1.0343698852033638 1
gene  1 6 13 7.329449063113348 0 173.0 7.329449063113348 1
gene  1 7 13 4.3251347529671795 0 174.0 4.3251347529671795 1
gene  1 9 13 1.9467823649498348 0 176.0 1.9467823649498348 1
gene  1 13 13 -3.21620217787218 1 180.0 -3.21620217787218 1
gene  1 14 13 10.758914166903502 1 181.0 10.758914166903502 1
gene  1 1 14 0.8694008581381846 0 182.0 0.8694008581381846 1
gene  1 3 14 -5.536337501520652 0 184.0 -5.536337501520652 1
gene  1 9 14 -6.99731186554591 0 190.0 -6.99731186554591 1
gene  1 10 14 -1.865973209702625 0 191.0 -1.865973209702625 1
gene  1 8 13 2.0451118275746984 0 207.0 2.0451118275746984 1
gene  1 1 10 3.4369365674124657 0 226.0 3.4369365674124657 1
gene  1 6 14 1.579930758925511 0 234.0 1.579930758925511 1
gene  1 8 28 1.5523520307798735 1 293.0 1.5523520307798735 1
gene  1 28 8 6.361530241074783 0 294.0 6.361530241074783 1
gene  1 8 9 -1.2233060902562205 0 328.0 -1.2233060902562205 1
gene  1 8 41 -0.6335141577732705 1 357.0 -0.6335141577732705 1
gene  1 41 8 1.1705559440777942 0 358.0 1.1705559440777942 1
gene  1 14 43 -6.511595569276398 1 364.0 -6.511595569276398 1
gene  1 43 10 1.5083704841131578 0 365.0 1.5083704841131578 1
gene  1 5 47 4.040143182712677 0 375.0 4.040143182712677 1
gene  1 47 9 -0.24727101773529742 0 376.0 -0.24727101773529742 1
gene  1 41 14 3.773441651063166 0 387.0 3.773441651063166 1
gene  1 4 28 1.2086717851620334 0 419.0 1.2086717851620334 1
gene  1 2 28 -1.078376720845329 0 429.0 -1.078376720845329 1
gene  1 1 62 -6.358920383702953 0 470.0 -6.358920383702953 1
gene  1 62 9 1.8991108186729577 0 471.0 1.8991108186729577 1
gene  1 8 14 -0.29033933929615063 0 484.0 -0.29033933929615063 1
gene  1 1 13 1.114872277137716 0 489.0 1.114872277137716 1
gene  1 28 10 1.0101016739970032 0 510.0 1.0101016739970032 1
gene  1 2 41 2.3975954335228993 0 515.0 2.3975954335228993 1
genomeend 8
genomestart  9
trait 1 2.732431393943948 0.0 0.0 0.798512545900133 0.9382603138953756 0.0 1.9280392103089152 0.8152719799274877 
node 1 1 1 1
node 2 1 1 1
node 3 1 1 1
node 4 1 1 1
node 5 1 1 1
node 6 1 1 1
node 7 1 1 3
node 8 1 0 0
node 9 1 0 0
node 10 1 0 0
node 13 1 0 2
node 14 1 0 2
node 28 1 0 0
node 41 1 0 0
node 43 1 0 0
node 47 1 0 0
node 62 1 0 0
gene  1 1 8 1.6795892787101288 0 98.0 1.6795892787101288 1
gene  1 3 8 -1.0127483897185814 0 100.0 -1.0127483897185814 1
gene  1 5 8 -2.23025796161231 0 102.0 -2.23025796161231 1
gene  1 6 8 -2.360354419609158 0 103.0 -2.360354419609158 1
gene  1 8 8 -0.9921401452162151 1 105.0 -0.9921401452162151 1
gene  1 1 9 -0.20672413674526047 0 112.0 -0.20672413674526047 1
gene  1 2 9 3.222219790505617 0 113.0 3.222219790505617 1
gene  1 3 9 6.167874692262697 0 114.0 6.167874692262697 1
gene  1 5 9 0.8624789168590821 0 116.0 0.8624789168590821 1
gene  1 7 9 -1.8621231111057868 0 118.0 -1.8621231111057868 1
gene  1 9 9 1.3915608061611704 1 120.0 1.3915608061611704 1
gene  1 10 9 5.2537224176335515 1 121.0 5.2537224176335515 1
gene  1 13 9 3.055485964264148 1 124.0 3.055485964264148 1
gene  1 2 10 -1.882214328759376 0 127.0 -1.882214328759376 1
gene  1 4 10 -1.4215150919730601 0 129.0 -1.4215150919730601 1
gene  1 5 10 0.8431525985024506 0 130.0 0.8431525985024506 1
gene  1 8 10 0.5842017245652525 0 133.0 0.5842017245652525 1
gene  1 9 10 7.628578001049692 0 134.0 7.628578001049692 1
gene  1 10 10 0.982335750564462 1 135.0 0.982335750564462 1
gene  1 13 10 3.4669064840859694 1 138.0 3.4669064840859694 1
gene  1 14 10 -2.3920344869567405 1 139.0 -2.3920344869567405 1
gene  1 2 13 4.694479757568345 0 169.0 4.694479757568345 1
gene  1 3 13 2.192819758091754 0 170.0 2.192819758091754 1
gene  1 6 13 6.865585166792866 0 173.0 6.865585166792866 1
gene  1 7 13 6.349903779090512 0 174.0 6.349903779090512 1
gene  1 9 13 3.92726407244682 0 176.0 3.92726407244682 1
gene  1 13 13 -1.3684639261051863 1 180.0 -1.3684639261051863 1
gene  1 14 13 8.781053668618902 1 181.0 8.781053668618902 1
gene  1 1 14 0.7659589767069851 0 182.0 0.7659589767069851 1
gene  1 3 14 -2.1275660899890436 0 184.0 -2.1275660899890436 1
gene  1 9 14 -7.87380433072408 0 190.0 -7.87380433072408 1
gene  1 10 14 -1.5297497881469417 0 191.0 -1.5297497881469417 1
gene  1 8 13 1.9054013448755525 0 207.0 1.9054013448755525 1
gene  1 1 10 0.2658138703146702 0 226.0 0.2658138703146702 1
gene  1 6 14 -0.5247590383923546 0 234.0 -0.5247590383923546 1
gene  1 8 28 -0.39254114357578196 1 293.0 -0.39254114357578196 1
gene  1 28 8 3.2139820818091605 0 294.0 3.2139820818091605 1
gene  1 8 9 0.6888238231200023 0 328.0 0.6888238231200023 1
gene  1 8 41 -1.8249396782683287 1 357.0 -1.8249396782683287 1
gene  1 41 8 1.724674048555179 0 358.0 1.724674048555179 1
gene  1 14 43 -5.215896363504633 1 364.0 -5.215896363504633 1
gene  1 43 10 3.249472510964646 0 365.0 3.249472510964646 1
gene  1 5 47 4.4425713681650985 0 375.0 4.4425713681650985 1
gene  1 47 9 -5.273781182116545 0 376.0 -5.273781182116545 1
gene  1 41 14 1.799026073704405 0 387.0 1.799026073704405 1
gene  1 4 28 3.4933521632520446 0 419.0 3.4933521632520446 1
gene  1 2 28 -1.078376720845329 0 429.0 -1.078376720845329 1
gene  1 1 62 -1.5315264499775847 0 470.0 -1.5315264499775847 1
gene  1 62 9 4.1488067308315095 0 471.0 4.1488067308315095 1
gene  1 8 14 1.3333036615206229 0 484.0 1.3333036615206229 1
gene  1 1 13 -3.019491567304763 0 489.0 -3.019491567304763 1
gene  1 28 10 -0.09138926125846725 0 510.0 -0.09138926125846725 1
gene  1 2 41 0.4587088973730151 0 515.0 0.4587088973730151 1
genomeend 9
genomestart  10
trait 1 0.0 0.0 0.18016573799761848 0.007880455156273225 3.0347432330657154 0.45322605837968266 0.9983210840752836 0.868067118942248 
node 1 1 1 1
node 2 1 1 1
node 3 1 1 1
node 4 1 1 1
node 5 1 1 1
node 6 1 1 1
node 7 1 1 3
node 8 1 0 0
node 13 1 0 2
node 14 1 0 2
node 22 1 0 0
node 25 1 0 0
node 29 1 0 0
node 57 1 0 0
node 65 1 0 0
node 76 1 0 0
gene  1 1 8 6.5554625672331905 0 98.0 6.5554625672331905 1
gene  1 3 8 -2.9645813189135968 0 100.0 -2.9645813189135968 1
gene  1 4 8 -3.4691871053900303 0 101.0 -3.4691871053900303 1
gene  1 5 8 0.6317834013474405 0 102.0 0.6317834013474405 1
gene  1 6 8 -0.33079791164936134 0 103.0 -0.33079791164936134 1
gene  1 8 8 6.17777210066491 1 105.0 6.17777210066491 1
gene  1 1 13 -1.8091661003248471 0 168.0 -1.8091661003248471 1
gene  1 5 13 -1.8402548693960676 0 172.0 -1.8402548693960676 1
gene  1 13 13 -0.27537823526970434 1 180.0 -0.27537823526970434 1
gene  1 14 13 0.3111790530020658 1 181.0 0.3111790530020658 1
gene  1 2 14 1.8994509588279347 0 183.0 1.8994509588279347 1
gene  1 3 14 1.9935563050897398 0 184.0 1.9935563050897398 1
gene  1 5 14 2.418999351138057 0 186.0 2.418999351138057 1
gene  1 7 14 -2.685818020008924 0 188.0 -2.685818020008924 1
gene  1 8 14 -1.6984269529359592 0 189.0 -1.6984269529359592 1
gene  1 13 14 0.9357172556807858 0 194.0 0.9357172556807858 1
gene  1 2 13 1.4292869615477621 0 236.0 1.4292869615477621 1
gene  1 8 22 -1.7086885055378411 0 240.0 -1.7086885055378411 0
gene  1 22 14 0.5632764991838677 0 241.0 0.5632764991838677 1
gene  1 1 22 -2.0559083333038246 0 245.0 -2.0559083333038246 1
gene  1 13 8 0.1384078276900138 0 257.0 0.1384078276900138 1
gene  1 5 22 4.251820867283525 0 265.0 4.251820867283525 1
gene  1 1 25 -1.106238748568468 0 279.0 -1.106238748568468 1
gene  1 25 8 0.4899733768642227 0 280.0 0.4899733768642227 1
gene  1 8 29 -3.2037098860931237 0 297.0 -3.2037098860931237 1
gene  1 29 14 -2.149816292781455 0 298.0 -2.149816292781455 1
gene  1 1 14 1.2215759149234562 0 312.0 1.2215759149234562 1
gene  1 2 29 -0.8412272067442157 0 330.0 -0.8412272067442157 1
gene  1 5 25 4.928007927311226 0 343.0 4.928007927311226 1
gene  1 6 29 -0.9758313641669165 0 386.0 -0.9758313641669165 1
gene  1 22 29 0.23855757188625182 0 416.0 0.23855757188625182 1
gene  1 4 14 1.5103233992024787 0 424.0 1.5103233992024787 1
gene  1 4 29 2.001976937936801 0 432.0 2.001976937936801 1
gene  1 8 57 4.648326240108667 0 437.0 4.648326240108667 1
gene  1 57 14 2.405117718032932 0 438.0 2.405117718032932 1
gene  1 3 22 -1.919497826832253 0 440.0 -1.919497826832253 1
gene  1 2 25 6.0162694821985285 0 455.0 6.0162694821985285 1
gene  1 1 65 0.5220807844652635 0 481.0 0.5220807844652635 1
gene  1 65 25 -1.4632063940174311 0 482.0 -1.4632063940174311 1
gene  1 8 76 -1.7416351439528335 0 525.0 -1.7416351439528335 1
gene  1 76 22 -0.7620913289269708 0 526.0 -0.7620913289269708 1
genomeend 10
genomestart  11
trait 1 0.0 0.0 0.18016573799761848 0.007880455156273225 3.0347432330657154 0.45322605837968266 0.9983210840752836 0.868067118942248 
node 1 1 1 1
node 2 1 1 1
node 3 1 1 1
node 4 1 1 1
node 5 1 1 1
node 6 1 1 1
node 7 1 1 3
node 8 1 0 0
node 13 1 0 2
node 14 1 0 2
node 22 1 0 0
node 25 1 0 0
node 29 1 0 0
node 57 1 0 0
node 65 1 0 0
node 76 1 0 0
gene  1 1 8 5.003367728394995 0 98.0 5.003367728394995 1
gene  1 3 8 -0.7036761917230178 0 100.0 -0.7036761917230178 1
gene  1 4 8 -2.5656828154538127 0 101.0 -2.5656828154538127 1
gene  1 5 8 0.3438167365229611 0 102.0 0.3438167365229611 1
gene  1 6 8 1.223646880656375 0 103.0 1.223646880656375 1
gene  1 8 8 4.210853437421475 1 105.0 4.210853437421475 1
gene  1 1 13 -2.9151069487601147 0 168.0 -2.9151069487601147 1
gene  1 5 13 -2.8733389347734817 0 172.0 -2.8733389347734817 1
gene  1 13 13 -0.05157691183662 1 180.0 -0.05157691183662 1
gene  1 14 13 -0.30892374235469927 1 181.0 -0.30892374235469927 1
gene  1 2 14 1.2205308373657093 0 183.0 1.2205308373657093 1
gene  1 3 14 1.5749458969933219 0 184.0 1.5749458969933219 1
gene  1 5 14 2.3736502111346143 0 186.0 2.3736502111346143 1
gene  1 7 14 -2.7024739657387986 0 188.0 -2.7024739657387986 1
gene  1 8 14 -1.8352374200095976 0 189.0 -1.8352374200095976 1
gene  1 13 14 3.302574319709596 0 194.0 3.302574319709596 1
gene  1 2 13 -0.5442707714572792 0 236.0 -0.5442707714572792 1
gene  1 8 22 0.274252995632182 0 240.0 0.274252995632182 0
gene  1 22 14 0.6923799266167002 0 241.0 0.6923799266167002 1
gene  1 1 22 0.2332920939549008 0 245.0 0.2332920939549008 1
gene  1 13 8 -1.241696759716048 0 257.0 -1.241696759716048 1
gene  1 5 22 4.414895116587557 0 265.0 4.414895116587557 1
gene  1 1 25 -1.8909233340564282 0 279.0 -1.8909233340564282 1
gene  1 25 8 -0.5955927824328076 0 280.0 -0.5955927824328076 1
gene  1 8 29 -2.959310869918182 0 297.0 -2.959310869918182 1
gene  1 29 14 -0.8489076318637547 0 298.0 -0.8489076318637547 1
gene  1 1 14 2.0673001511694578 0 312.0 2.0673001511694578 1
gene  1 2 29 -1.9495080536173308 0 330.0 -1.9495080536173308 1
gene  1 5 25 4.16459592760864 0 343.0 4.16459592760864 1
gene  1 6 29 0.08564325750382995 0 386.0 0.08564325750382995 1
gene  1 22 29 -0.6276952093154333 0 416.0 -0.6276952093154333 1
gene  1 4 14 3.4360583614576523 0 424.0 3.4360583614576523 1
gene  1 4 29 2.4152666054940988 0 432.0 2.4152666054940988 1
gene  1 8 57 2.829816393537714 0 437.0 2.829816393537714 1
gene  1 57 14 2.405117718032932 0 438.0 2.405117718032932 1
gene  1 3 22 -2.1114829366632564 0 440.0 -2.1114829366632564 1
gene  1 2 25 6.0162694821985285 0 455.0 6.0162694821985285 1
gene  1 1 65 0.5220807844652635 0 481.0 0.5220807844652635 1
gene  1 65 25 -1.2264741521273153 0 482.0 -1.2264741521273153 1
gene  1 8 76 -3.0296930287279773 0 525.0 -3.0296930287279773 1
gene  1 76 22 -0.7620913289269708 0 526.0 -0.7620913289269708 1
gene  1 7 8 3.2131732233742314 0 532.0 3.2131732233742314 1
genomeend 11
genomestart  12
trait 1 0.0 0.0 0.18016573799761848 0.007880455156273225 3.0347432330657154 0.45322605837968266 0.9983210840752836 0.868067118942248 
node 1 1 1 1
node 2 1 1 1
node 3 1 1 1
node 4 1 1 1
node 5 1 1 1
node 6 1 1 1
node 7 1 1 3
node 8 1 0 0
node 13 1 0 2
node 14 1 0 2
node 22 1 0 0
node 25 1 0 0
node 29 1 0 0
node 57 1 0 0
node 65 1 0 0
node 76 1 0 0
gene  1 1 8 5.003367728394995 0 98.0 5.003367728394995 1
gene  1 3 8 -0.7036761917230178 0 100.0 -0.7036761917230178 1
gene  1 4 8 -2.5656828154538127 0 101.0 -2.5656828154538127 1
gene  1 5 8 0.3438167365229611 0 102.0 0.3438167365229611 1
gene  1 6 8 1.223646880656375 0 103.0 1.223646880656375 1
gene  1 8 8 4.210853437421475 1 105.0 4.210853437421475 1
gene  1 1 13 -2.9151069487601147 0 168.0 -2.9151069487601147 1
gene  1 5 13 -2.8733389347734817 0 172.0 -2.8733389347734817 1
gene  1 13 13 -0.05157691183662 1 180.0 -0.05157691183662 1
gene  1 14 13 -0.30892374235469927 1 181.0 -0.30892374235469927 1
gene  1 2 14 1.2205308373657093 0 183.0 1.2205308373657093 1
gene  1 3 14 1.5749458969933219 0 184.0 1.5749458969933219 1
gene  1 5 14 2.3736502111346143 0 186.0 2.3736502111346143 1
gene  1 7 14 -2.7024739657387986 0 188.0 -2.7024739657387986 1
gene  1 8 14 -1.8352374200095976 0 189.0 -1.8352374200095976 1
gene  1 13 14 3.302574319709596 0 194.0 3.302574319709596 1
gene  1 2 13 -0.5442707714572792 0 236.0 -0.5442707714572792 1
gene  1 8 22 0.274252995632182 0 240.0 0.274252995632182 0
gene  1 22 14 0.6923799266167002 0 241.0 0.6923799266167002 1
gene  1 1 22 0.2332920939549008 0 245.0 0.2332920939549008 1
gene  1 13 8 -1.241696759716048 0 257.0 -1.241696759716048 1
gene  1 5 22 4.414895116587557 0 265.0 4.414895116587557 1
gene  1 1 25 -1.8909233340564282 0 279.0 -1.8909233340564282 1
gene  1 25 8 -0.5955927824328076 0 280.0 -0.5955927824328076 1
gene  1 8 29 -2.959310869918182 0 297.0 -2.959310869918182 1
gene  1 29 14 -0.8489076318637547 0 298.0 -0.8489076318637547 1
gene  1 1 14 2.0673001511694578 0 312.0 2.0673001511694578 1
gene  1 2 29 -1.9495080536173308 0 330.0 -1.9495080536173308 1
gene  1 5 25 4.16459592760864 0 343.0 4.16459592760864 1
gene  1 6 29 0.08564325750382995 0 386.0 0.08564325750382995 1
gene  1 22 29 -0.6276952093154333 0 416.0 -0.6276952093154333 1
gene  1 4 14 3.4360583614576523 0 424.0 3.4360583614576523 1
gene  1 4 29 2.4152666054940988 0 432.0 2.4152666054940988 1
gene  1 8 57 2.829816393537714 0 437.0 2.829816393537714 1
gene  1 57 14 2.405117718032932 0 438.0 2.405117718032932 1
gene  1 3 22 -2.1114829366632564 0 440.0 -2.1114829366632564 1
gene  1 2 25 6.0162694821985285 0 455.0 6.0162694821985285 1
gene  1 1 65 0.5220807844652635 0 481.0 0.5220807844652635 1
gene  1 65 25 -1.2264741521273153 0 482.0 -1.2264741521273153 1
gene  1 8 76 -3.0296930287279773 0 525.0 -3.0296930287279773 1
gene  1 76 22 -0.7620913289269708 0 526.0 -0.7620913289269708 1
genomeend 12
genomestart  13
trait 1 1.9492969961009945 0.0 0.4289699328456915 1.1835456827051778 0.0 0.7294252873384013 0.042201429445747896 0.0 
node 1 1 1 1
node 2 1 1 1
node 3 1 1 1
node 4 1 1 1
node 5 1 1 1
node 6 1 1 1
node 7 1 1 3
node 13 1 0 2
node 14 1 0 2
node 49 1 0 0
node 73 1 0 0
gene  1 1 13 -3.5989891180037783 0 168.0 -3.5989891180037783 1
gene  1 2 13 6.1218790256898625 0 169.0 6.1218790256898625 1
gene  1 3 13 0.17956761584534497 0 170.0 0.17956761584534497 1
gene  1 4 13 0.810810104350595 0 171.0 0.810810104350595 1
gene  1 5 13 -1.103718454240378 0 172.0 -1.103718454240378 1
gene  1 6 13 -1.5745669747052717 0 173.0 -1.5745669747052717 1
gene  1 7 13 0.624170762898183 0 174.0 0.624170762898183 1
gene  1 14 13 -2.5255393087388356 1 181.0 -2.5255393087388356 1
gene  1 1 14 0.2250675858239215 0 182.0 0.2250675858239215 1
gene  1 2 14 0.3146473922214579 0 183.0 0.3146473922214579 1
gene  1 3 14 3.3676125870588063 0 184.0 3.3676125870588063 1
gene  1 13 14 0.6884353497478732 0 194.0 0.6884353497478732 1
gene  1 14 14 -0.8672337143449942 1 195.0 -0.8672337143449942 1
gene  1 7 14 2.063145513555439 0 273.0 2.063145513555439 1
gene  1 4 14 1.2970258534022854 0 283.0 1.2970258534022854 1
gene  1 5 14 -1.7619636343562748 0 303.0 -1.7619636343562748 1
gene  1 6 14 -1.2503181960747352 0 307.0 -1.2503181960747352 1
gene  1 3 49 -0.6065135984950976 0 389.0 -0.6065135984950976 1
gene  1 49 13 -0.8666393429465169 0 390.0 -0.8666393429465169 1
gene  1 5 49 1.0457802601430088 0 403.0 1.0457802601430088 1
gene  1 1 49 -6.672222886317099 0 430.0 -6.672222886317099 1
gene  1 7 49 6.177728631658467 0 456.0 6.177728631658467 1
gene  1 4 49 -3.092864630217549 0 495.0 -3.092864630217549 1
gene  1 6 73 4.190668493442806 0 508.0 4.190668493442806 1
gene  1 73 13 -0.9590112591656035 0 509.0 -0.9590112591656035 1
genomeend 13
genomestart  14
trait 1 0.04702751910613956 0.5319433208524987 0.8875428902212121 1.1036226464327767 0.10522835245191364 0.39032959932087685 0.0 0.0 
node 1 1 1 1
node 2 1 1 1
node 3 1 1 1
node 4 1 1 1
node 5 1 1 1
node 6 1 1 1
node 7 1 1 3
node 8 1 0 0
node 9 1 0 0
node 13 1 0 2
node 14 1 0 2
node 20 1 0 0
node 56 1 0 0
node 60 1 0 0
gene  1 1 8 0.07291031601984627 0 98.0 0.07291031601984627 1
gene  1 2 8 -2.6187197061970036 0 99.0 -2.6187197061970036 1
gene  1 3 8 -0.2027727804633057 0 100.0 -0.2027727804633057 1
gene  1 6 8 -8.144290863569477 0 103.0 -8.144290863569477 1
gene  1 8 8 -3.6421164462209763 1 105.0 -3.6421164462209763 1
gene  1 9 8 -2.467427783013126 1 106.0 -2.467427783013126 1
gene  1 13 8 -4.953916536677018 1 110.0 -4.953916536677018 1
gene  1 14 8 -0.30077737458428966 1 111.0 -0.30077737458428966 1
gene  1 1 9 4.346975470729892 0 112.0 4.346975470729892 1
gene  1 4 9 -3.8487448430985904 0 115.0 -3.8487448430985904 1
gene  1 5 9 -0.2690108897448141 0 116.0 -0.2690108897448141 1
gene  1 7 9 1.4124777472400347 0 118.0 1.4124777472400347 1
gene  1 9 9 -3.3664569155247577 1 120.0 -3.3664569155247577 1
gene  1 14 9 4.4486336299382785 1 125.0 4.4486336299382785 1
gene  1 2 13 2.7929674072816515 0 169.0 2.7929674072816515 1
gene  1 5 13 1.7001952245719893 0 172.0 1.7001952245719893 1
gene  1 8 13 0.06215720326296392 0 175.0 0.06215720326296392 1
gene  1 1 14 -1.023289938482931 0 182.0 -1.023289938482931 1
gene  1 2 14 5.989832511251878 0 183.0 5.989832511251878 1
gene  1 3 14 1.1498999162529686 0 184.0 1.1498999162529686 1
gene  1 6 14 -1.7935287107615203 0 187.0 -1.7935287107615203 1
gene  1 13 14 4.033657202260969 0 194.0 4.033657202260969 1
gene  1 14 14 6.330764802695586 1 195.0 6.330764802695586 1
gene  1 5 8 0.5568930387275901 0 202.0 0.5568930387275901 1
gene  1 4 13 -2.387629425931065 0 220.0 -2.387629425931065 1
gene  1 1 20 0.9094012448572778 0 231.0 0.9094012448572778 1
gene  1 20 14 5.561723321541787 0 232.0 5.561723321541787 1
gene  1 1 13 -3.0155394680668053 0 329.0 -3.0155394680668053 1
gene  1 13 20 5.252063952509203 0 337.0 5.252063952509203 1
gene  1 4 20 1.521189626596456 0 339.0 1.521189626596456 1
gene  1 9 8 -1.5987245449432133 0 404.0 -1.5987245449432133 1
gene  1 8 14 0.5100825522436272 0 410.0 0.5100825522436272 1
gene  1 5 56 -1.4722305626199268 0 434.0 -1.4722305626199268 1
gene  1 56 8 -1.2880767192643297 0 435.0 -1.2880767192643297 1
gene  1 2 9 -1.1192757106641689 0 448.0 -1.1192757106641689 1
gene  1 3 60 1.1464992265769236 0 458.0 1.1464992265769236 1
gene  1 60 8 -2.6759482594020803 0 459.0 -2.6759482594020803 1
gene  1 1 60 0.43583490217867094 0 479.0 0.43583490217867094 1
gene  1 7 56 -0.8750260017208338 0 520.0 -0.8750260017208338 1
genomeend 14
genomestart  15
trait 1 0.04702751910613956 0.5319433208524987 0.8875428902212121 1.1036226464327767 0.10522835245191364 0.39032959932087685 0.0 0.0 
node 1 1 1 1
node 2 1 1 1
node 3 1 1 1
node 4 1 1 1
node 5 1 1 1
node 6 1 1 1
node 7 1 1 3
node 8 1 0 0
node 9 1 0 0
node 13 1 0 2
node 14 1 0 2
node 20 1 0 0
node 56 1 0 0
node 60 1 0 0
gene  1 1 8 -0.20084440388555502 0 98.0 -0.20084440388555502 1
gene  1 2 8 0.11802101411765215 0 99.0 0.11802101411765215 1
gene  1 3 8 0.27115266794676307 0 100.0 0.27115266794676307 1
gene  1 6 8 -8.658613722525246 0 103.0 -8.658613722525246 1
gene  1 8 8 -5.085365063779361 1 105.0 -5.085365063779361 1
gene  1 9 8 -2.7777543530340294 1 106.0 -2.7777543530340294 1
gene  1 13 8 -6.187783156572515 1 110.0 -6.187783156572515 1
gene  1 14 8 0.9613636123591751 1 111.0 0.9613636123591751 1
gene  1 1 9 2.9081322326319086 0 112.0 2.9081322326319086 1
gene  1 4 9 -4.406664268345409 0 115.0 -4.406664268345409 1
gene  1 5 9 -2.4799571049842024 0 116.0 -2.4799571049842024 1
gene  1 7 9 5.667798334304097 0 118.0 5.667798334304097 1
gene  1 9 9 -0.289113034445444 1 120.0 -0.289113034445444 1
gene  1 14 9 6.076185700652934 1 125.0 6.076185700652934 1
gene  1 2 13 3.39308569375124 0 169.0 3.39308569375124 1
gene  1 5 13 -0.10989806480534914 0 172.0 -0.10989806480534914 1
gene  1 8 13 2.5642799374082594 0 175.0 2.5642799374082594 1
gene  1 1 14 -2.5191069489881617 0 182.0 -2.5191069489881617 1
gene  1 2 14 10.62763421196641 0 183.0 10.62763421196641 1
gene  1 3 14 4.661139122016033 0 184.0 4.661139122016033 1
gene  1 6 14 2.1733657315959745 0 187.0 2.1733657315959745 1
gene  1 13 14 1.6897869867688375 0 194.0 1.6897869867688375 1
gene  1 14 14 2.6961452321512187 1 195.0 2.6961452321512187 1
gene  1 5 8 1.308753227391554 0 202.0 1.308753227391554 1
gene  1 4 13 1.0070390656637527 0 220.0 1.0070390656637527 1
gene  1 1 20 -0.16590947704846198 0 231.0 -0.16590947704846198 1
gene  1 20 14 5.964793216616295 0 232.0 5.964793216616295 1
gene  1 1 13 -5.2188144750407925 0 329.0 -5.2188144750407925 1
gene  1 13 20 5.886353394761917 0 337.0 5.886353394761917 1
gene  1 4 20 0.5296050300259384 0 339.0 0.5296050300259384 1
gene  1 9 8 -1.3212628836858227 0 404.0 -1.3212628836858227 1
gene  1 8 14 -2.1639425042953295 0 410.0 -2.1639425042953295 1
gene  1 5 56 0.4380952645287777 0 434.0 0.4380952645287777 1
gene  1 56 8 1.9522493737961324 0 435.0 1.9522493737961324 1
gene  1 2 9 2.06069444456572 0 448.0 2.06069444456572 1
gene  1 3 60 0.5912191530583091 0 458.0 0.5912191530583091 1
gene  1 60 8 0.5534629605453021 0 459.0 0.5534629605453021 1
gene  1 1 60 -2.115779671363491 0 479.0 -2.115779671363491 1
gene  1 7 56 -3.1530995072218713 0 520.0 -3.1530995072218713 1
genomeend 15
genomestart  16
trait 1 0.04702751910613956 0.5319433208524987 0.8875428902212121 1.1036226464327767 0.10522835245191364 0.39032959932087685 0.0 0.0 
node 1 1 1 1
node 2 1 1 1
node 3 1 1 1
node 4 1 1 1
node 5 1 1 1
node 6 1 1 1
node 7 1 1 3
node 8 1 0 0
node 9 1 0 0
node 13 1 0 2
node 14 1 0 2
node 20 1 0 0
node 56 1 0 0
node 60 1 0 0
gene  1 1 8 0.8410671125813396 0 98.0 0.8410671125813396 1
gene  1 2 8 -0.4788671623458407 0 99.0 -0.4788671623458407 1
gene  1 3 8 1.260692449032196 0 100.0 1.260692449032196 1
gene  1 6 8 -9.51701622476845 0 103.0 -9.51701622476845 1
gene  1 8 8 -2.174175623331051 1 105.0 -2.174175623331051 1
gene  1 9 8 -5.201353735043114 1 106.0 -5.201353735043114 1
gene  1 13 8 -4.020066214243478 1 110.0 -4.020066214243478 1
gene  1 14 8 0.25925294996040377 1 111.0 0.25925294996040377 1
gene  1 1 9 2.468901289116575 0 112.0 2.468901289116575 1
gene  1 4 9 -3.57948804965677 0 115.0 -3.57948804965677 1
gene  1 5 9 0.16791534363817884 0 116.0 0.16791534363817884 1
gene  1 7 9 5.1372194564336775 0 118.0 5.1372194564336775 1
gene  1 9 9 -1.277969012536573 1 120.0 -1.277969012536573 1
gene  1 14 9 -1.795475617402417 1 125.0 -1.795475617402417 1
gene  1 2 13 1.3186265447334407 0 169.0 1.3186265447334407 1
gene  1 5 13 1.128974269870668 0 172.0 1.128974269870668 1
gene  1 8 13 2.8888544514199634 0 175.0 2.8888544514199634 1
gene  1 1 14 -1.9738367489283288 0 182.0 -1.9738367489283288 1
gene  1 2 14 8.2793558660969 0 183.0 8.2793558660969 1
gene  1 3 14 0.9571354412415718 0 184.0 0.9571354412415718 1
gene  1 6 14 0.35072243974898276 0 187.0 0.35072243974898276 1
gene  1 13 14 3.1715487156628233 0 194.0 3.1715487156628233 1
gene  1 14 14 3.9334514273594885 1 195.0 3.9334514273594885 1
gene  1 5 8 -0.2559863041596058 0 202.0 -0.2559863041596058 1
gene  1 4 13 -3.5761816820808496 0 220.0 -3.5761816820808496 1
gene  1 1 20 -1.8577981763993225 0 231.0 -1.8577981763993225 1
gene  1 20 14 4.797962641070502 0 232.0 4.797962641070502 1
gene  1 1 13 -2.508127886949019 0 329.0 -2.508127886949019 1
gene  1 13 20 2.9804574584909793 0 337.0 2.9804574584909793 1
gene  1 4 20 1.5271444546896553 0 339.0 1.5271444546896553 1
gene  1 9 8 -1.4225460302793809 0 404.0 -1.4225460302793809 1
gene  1 8 14 -0.5042835695616019 0 410.0 -0.5042835695616019 1
gene  1 5 56 0.3546103416485551 0 434.0 0.3546103416485551 1
gene  1 56 8 -2.3136131446530657 0 435.0 -2.3136131446530657 1
gene  1 2 9 -0.8713141826604787 0 448.0 -0.8713141826604787 1
gene  1 3 60 0.8707997133538881 0 458.0 0.8707997133538881 1
gene  1 60 8 -1.7933600152799878 0 459.0 -1.7933600152799878 1
gene  1 1 60 3.6897941581651152 0 479.0 3.6897941581651152 1
gene  1 7 56 -4.993847003734361 0 520.0 -4.993847003734361 1
genomeend 16
genomestart  17
trait 1 0.0 0.13288052470053657 2.0400788442298796 0.0 0.9774676473893938 0.5916859962196944 0.0 0.0 
node 1 1 1 1
node 2 1 1 1
node 3 1 1 1
node 4 1 1 1
node 5 1 1 1
node 6 1 1 1
node 7 1 1 3
node 13 1 0 2
node 14 1 0 2
node 45 1 0 0
node 71 1 0 0
gene  1 1 13 -1.6380858898346486 0 168.0 -1.6380858898346486 1
gene  1 2 13 -2.82800247310164 0 169.0 -2.82800247310164 1
gene  1 5 13 -6.4689994482747615 0 172.0 -6.4689994482747615 1
gene  1 6 13 -1.5865299942071402 0 173.0 -1.5865299942071402 1
gene  1 7 13 -0.6025585012431913 0 174.0 -0.6025585012431913 1
gene  1 3 14 7.1588170311769375 0 184.0 7.1588170311769375 1
gene  1 4 14 -2.994808531436169 0 185.0 -2.994808531436169 1
gene  1 7 14 1.03228222440782 0 188.0 1.03228222440782 1
gene  1 13 14 -5.391841059334115 0 194.0 -5.391841059334115 1
gene  1 14 14 -1.0688549769015072 1 195.0 -1.0688549769015072 1
gene  1 4 13 -1.4057469132665006 0 235.0 -1.4057469132665006 1
gene  1 1 14 -1.6087393093982534 0 242.0 -1.6087393093982534 1
gene  1 5 14 6.966015240182367 0 319.0 6.966015240182367 1
gene  1 1 45 0.8852710903644243 0 370.0 0.8852710903644243 1
gene  1 45 13 2.3670655333349426 0 371.0 2.3670655333349426 1
gene  1 4 45 0.7721381835221518 0 497.0 0.7721381835221518 1
gene  1 6 71 0.7885422029482502 0 502.0 0.7885422029482502 1
gene  1 71 13 2.0203222149069475 0 503.0 2.0203222149069475 1
gene  1 1 71 -7.47475317980924 0 533.0 -7.47475317980924 1
genomeend 17
genomestart  18
trait 1 0.0 0.13288052470053657 2.0400788442298796 0.0 0.9774676473893938 0.5916859962196944 0.0 0.0 
node 1 1 1 1
node 2 1 1 1
node 3 1 1 1
node 4 1 1 1
node 5 1 1 1
node 6 1 1 1
node 7 1 1 3
node 13 1 0 2
node 14 1 0 2
node 45 1 0 0
node 71 1 0 0
gene  1 1 13 -1.6380858898346486 0 168.0 -1.6380858898346486 1
gene  1 2 13 -2.82800247310164 0 169.0 -2.82800247310164 1
gene  1 5 13 -6.4689994482747615 0 172.0 -6.4689994482747615 1
gene  1 6 13 -1.5865299942071402 0 173.0 -1.5865299942071402 1
gene  1 7 13 -0.6025585012431913 0 174.0 -0.6025585012431913 1
gene  1 3 14 7.1588170311769375 0 184.0 7.1588170311769375 1
gene  1 4 14 -2.994808531436169 0 185.0 -2.994808531436169 1
gene  1 7 14 1.03228222440782 0 188.0 1.03228222440782 1
gene  1 13 14 -5.391841059334115 0 194.0 -5.391841059334115 1
gene  1 14 14 -1.0688549769015072 1 195.0 -1.0688549769015072 1
gene  1 4 13 -1.4057469132665006 0 235.0 -1.4057469132665006 1
gene  1 1 14 -1.6087393093982534 0 242.0 -1.6087393093982534 1
gene  1 5 14 6.966015240182367 0 319.0 6.966015240182367 1
gene  1 1 45 0.8852710903644243 0 370.0 0.8852710903644243 1
gene  1 45 13 2.3670655333349426 0 371.0 2.3670655333349426 1
gene  1 4 45 0.7721381835221518 0 497.0 0.7721381835221518 1
gene  1 6 71 0.7885422029482502 0 502.0 0.7885422029482502 1
gene  1 71 13 2.0203222149069475 0 503.0 2.0203222149069475 1
gene  1 45 71 3.31168421330747 0 534.0 3.31168421330747 1
genomeend 18
genomestart  19
trait 1 0.0 0.13288052470053657 2.0400788442298796 0.0 0.9774676473893938 0.5916859962196944 0.0 0.0 
node 1 1 1 1
node 2 1 1 1
node 3 1 1 1
node 4 1 1 1
node 5 1 1 1
node 6 1 1 1
node 7 1 1 3
node 13 1 0 2
node 14 1 0 2
node 45 1 0 0
node 71 1 0 0
gene  1 1 13 -3.5260067756372875 0 168.0 -3.5260067756372875 1
gene  1 2 13 -4.4699423082605545 0 169.0 -4.4699423082605545 1
gene  1 5 13 -7.570884950890701 0 172.0 -7.570884950890701 1
gene  1 6 13 -3.191158839314216 0 173.0 -3.191158839314216 1
gene  1 7 13 -1.4379115211206739 0 174.0 -1.4379115211206739 1
gene  1 3 14 9.092551572490862 0 184.0 9.092551572490862 1
gene  1 4 14 -1.7748485266087985 0 185.0 -1.7748485266087985 1
gene  1 7 14 2.4729604976322728 0 188.0 2.4729604976322728 1
gene  1 13 14 -6.321310848985368 0 194.0 -6.321310848985368 1
gene  1 14 14 -2.8421376409442285 1 195.0 -2.8421376409442285 1
gene  1 4 13 0.40642283140433344 0 235.0 0.40642283140433344 1
gene  1 1 14 -0.29879341559215433 0 242.0 -0.29879341559215433 1
gene  1 5 14 9.432137601363799 0 319.0 9.432137601363799 1
gene  1 1 45 0.3091797640516092 0 370.0 0.3091797640516092 1
gene  1 45 13 0.560568988551049 0 371.0 0.560568988551049 1
gene  1 4 45 0.44167527476744434 0 497.0 0.44167527476744434 1
gene  1 6 71 0.03591681219286291 0 502.0 0.03591681219286291 1
gene  1 71 13 2.0203222149069475 0 503.0 2.0203222149069475 1
genomeend 19
