genomestart  0
trait 1 0.12236385032328645 0.11996509262718169 0.0 1.2348572107762614 0.0 1.3168578850843018 1.0590140864502917 1.7905313975538821 
node 1 1 1 1
node 2 1 1 1
node 3 1 1 1
node 4 1 1 1
node 5 1 1 1
node 6 1 1 1
node 7 1 1 3
node 13 1 0 2
node 14 1 0 2
node 33 1 0 0
gene  1 2 13 2.0134034364289435 0 169.0 2.0134034364289435 1
gene  1 3 13 1.5307235725396007 0 170.0 1.5307235725396007 1
gene  1 4 13 -2.17058649036969 0 171.0 -2.17058649036969 1
gene  1 6 13 -4.181342600602366 0 173.0 -4.181342600602366 1
gene  1 7 13 -1.6648586701679444 0 174.0 -1.6648586701679444 1
gene  1 13 13 1.192660059571223 1 180.0 1.192660059571223 1
gene  1 1 14 -3.663237007748675 0 182.0 -3.663237007748675 1
gene  1 2 14 -1.379757442070769 0 183.0 -1.379757442070769 1
gene  1 5 14 -1.1663069895009617 0 186.0 -1.1663069895009617 1
gene  1 6 14 4.970382238433054 0 187.0 4.970382238433054 1
gene  1 7 14 0.6815906119537878 0 188.0 0.6815906119537878 1
gene  1 13 14 0.8743873472974201 0 194.0 0.8743873472974201 1
gene  1 14 14 13.35064346904774 1 195.0 13.35064346904774 1
gene  1 4 14 -8.005159901529588 0 196.0 -8.005159901529588 1
gene  1 1 13 -1.9433888813775948 0 216.0 -1.9433888813775948 1
gene  1 1 33 1.3566359519991487 0 313.0 1.3566359519991487 1
gene  1 33 14 3.1047177535578427 0 314.0 3.1047177535578427 1
genomeend 0
genomestart  1
trait 1 0.12236385032328645 0.11996509262718169 0.0 1.2348572107762614 0.0 1.3168578850843018 1.0590140864502917 1.7905313975538821 
node 1 1 1 1
node 2 1 1 1
node 3 1 1 1
node 4 1 1 1
node 5 1 1 1
node 6 1 1 1
node 7 1 1 3
node 13 1 0 2
node 14 1 0 2
node 33 1 0 0
node 44 1 0 0
gene  1 2 13 0.4390199841791881 0 169.0 0.4390199841791881 1
gene  1 3 13 0.42298244733002033 0 170.0 0.42298244733002033 1
gene  1 4 13 -0.507123328686808 0 171.0 -0.507123328686808 1
gene  1 6 13 -4.181342600602366 0 173.0 -4.181342600602366 1
gene  1 7 13 -3.943839145354372 0 174.0 -3.943839145354372 1
gene  1 13 13 1.890600884890755 1 180.0 1.890600884890755 0
gene  1 1 14 -3.663237007748675 0 182.0 -3.663237007748675 1
gene  1 2 14 -0.4717927905274555 0 183.0 -0.4717927905274555 1
gene  1 5 14 -2.5675044471672623 0 186.0 -2.5675044471672623 1
gene  1 6 14 3.112796021151831 0 187.0 3.112796021151831 1
gene  1 7 14 -1.4560119664616542 0 188.0 -1.4560119664616542 1
gene  1 13 14 4.462221194816933 0 194.0 4.462221194816933 1
gene  1 14 14 15.732676308788015 1 195.0 15.732676308788015 1
gene  1 4 14 -10.207744348973808 0 196.0 -10.207744348973808 1
gene  1 1 13 -1.9433888813775948 0 216.0 -1.9433888813775948 1
gene  1 1 33 2.5498645677059475 0 313.0 2.5498645677059475 1
gene  1 33 14 1.9095489625640203 0 314.0 1.9095489625640203 1
gene  1 13 44 1.0 1 367.0 0.0 1
gene  1 44 13 1.890600884890755 0 368.0 0.0 1
genomeend 1
genomestart  2
trait 1 0.8313848170184033 0.29425544536966464 0.8345681790297872 0.07766507438443143 0.7226901151585414 0.41262400137975846 0.0 0.6750180349138831 
node 1 1 1 1
node 2 1 1 1
node 3 1 1 1
node 4 1 1 1
node 5 1 1 1
node 6 1 1 1
node 7 1 1 3
node 13 1 0 2
node 14 1 0 2
node 21 1 0 0
node 24 1 0 0
node 34 1 0 0
gene  1 1 13 -2.257604436566547 0 168.0 -2.257604436566547 1
gene  1 4 13 6.226489847188207 0 171.0 6.226489847188207 1
gene  1 5 13 -0.3710229368753687 0 172.0 -0.3710229368753687 1
gene  1 7 13 1.7049464195568718 0 174.0 1.7049464195568718 1
gene  1 13 13 -1.2045172011783523 1 180.0 -1.2045172011783523 1
gene  1 2 14 -2.0890783890860667 0 183.0 -2.0890783890860667 1
gene  1 3 14 -0.03988448189043048 0 184.0 -0.03988448189043048 0
gene  1 6 14 1.0818154880779725 0 187.0 1.0818154880779725 1
gene  1 13 14 -1.7711488364583974 0 194.0 -1.7711488364583974 1
gene  1 14 14 0.3914845332119049 1 195.0 0.3914845332119049 1
gene  1 6 13 -7.706825515060318 0 205.0 -7.706825515060318 1
gene  1 5 14 -2.1851697322374357 0 223.0 -2.1851697322374357 1
gene  1 3 13 0.13452912475582557 0 229.0 0.13452912475582557 1
gene  1 2 13 0.6121912844418137 0 233.0 0.6121912844418137 1
gene  1 1 21 -5.690098989765572 0 238.0 -5.690098989765572 1
gene  1 21 13 -5.204180662492871 0 239.0 -5.204180662492871 1
gene  1 5 21 2.6569784688073614 0 253.0 2.6569784688073614 1
gene  1 3 21 -10.678313383189668 0 270.0 -10.678313383189668 1
gene  1 1 24 0.8947960492772284 0 275.0 0.8947960492772284 1
gene  1 24 13 1.4300072477540364 0 276.0 1.4300072477540364 1
gene  1 3 34 0.15432768417657539 0 315.0 0.15432768417657539 1
gene  1 34 14 3.355678293120977 0 316.0 3.355678293120977 1
gene  1 3 24 -0.29130560528073607 0 324.0 -0.29130560528073607 1
gene  1 2 21 -6.086030198339548 0 350.0 -6.086030198339548 1
gene  1 34 13 0.40841788658034817 0 355.0 0.40841788658034817 1
gene  1 1 34 6.551232243792037 0 361.0 6.551232243792037 1
genomeend 2
genomestart  3
trait 1 0.8313848170184033 0.29425544536966464 0.8345681790297872 0.07766507438443143 0.7226901151585414 0.41262400137975846 0.0 0.6750180349138831 
node 1 1 1 1
node 2 1 1 1
node 3 1 1 1
node 4 1 1 1
node 5 1 1 1
node 6 1 1 1
node 7 1 1 3
node 13 1 0 2
node 14 1 0 2
node 21 1 0 0
node 24 1 0 0
node 34 1 0 0
gene  1 1 13 -3.4316989715426836 0 168.0 -3.4316989715426836 1
gene  1 4 13 5.05598110305274 0 171.0 5.05598110305274 1
gene  1 5 13 -2.031938023954246 0 172.0 -2.031938023954246 1
gene  1 7 13 -2.559188013512834 0 174.0 -2.559188013512834 1
gene  1 13 13 -5.368163429857343 1 180.0 -5.368163429857343 1
gene  1 2 14 -3.749597256272311 0 183.0 -3.749597256272311 1
gene  1 3 14 -0.6307420300318745 0 184.0 -0.6307420300318745 1
gene  1 6 14 -1.9124902240069082 0 187.0 -1.9124902240069082 1
gene  1 13 14 -2.0741714884641245 0 194.0 -2.0741714884641245 1
gene  1 14 14 -3.776623378825894 1 195.0 -3.776623378825894 1
gene  1 6 13 -6.311533307069454 0 205.0 -6.311533307069454 1
gene  1 5 14 -0.17537098561961978 0 223.0 -0.17537098561961978 1
gene  1 3 13 1.5183879146531034 0 229.0 1.5183879146531034 1
gene  1 2 13 2.800777489693699 0 233.0 2.800777489693699 1
gene  1 1 21 1.420860469576867 0 238.0 1.420860469576867 1
gene  1 21 13 -1.5568123446443827 0 239.0 -1.5568123446443827 1
gene  1 5 21 0.44398429161542663 0 253.0 0.44398429161542663 1
gene  1 3 21 -2.283567221995369 0 270.0 -2.283567221995369 1
gene  1 1 24 0.2506959920187044 0 275.0 0.2506959920187044 1
gene  1 24 13 1.9413884507705874 0 276.0 1.9413884507705874 1
gene  1 3 34 -0.04625583530349153 0 315.0 -0.04625583530349153 1
gene  1 34 14 4.625903184417633 0 316.0 4.625903184417633 1
gene  1 3 24 0.833712596847866 0 324.0 0.833712596847866 1
gene  1 2 21 -4.368785133190341 0 350.0 -4.368785133190341 1
gene  1 34 13 -0.5767614116905209 0 355.0 -0.5767614116905209 1
gene  1 1 34 8.18961768125589 0 361.0 8.18961768125589 1
genomeend 3
genomestart  4
trait 1 0.8313848170184033 0.29425544536966464 0.8345681790297872 0.07766507438443143 0.7226901151585414 0.41262400137975846 0.0 0.6750180349138831 
node 1 1 1 1
node 2 1 1 1
node 3 1 1 1
node 4 1 1 1
node 5 1 1 1
node 6 1 1 1
node 7 1 1 3
node 13 1 0 2
node 14 1 0 2
node 21 1 0 0
node 24 1 0 0
node 34 1 0 0
gene  1 1 13 1.0337601010850863 0 168.0 1.0337601010850863 1
gene  1 4 13 2.7516146240901893 0 171.0 2.7516146240901893 1
gene  1 5 13 -1.5665494291992368 0 172.0 -1.5665494291992368 1
gene  1 7 13 -5.31128320044837 0 174.0 -5.31128320044837 1
gene  1 13 13 -5.62219662300549 1 180.0 -5.62219662300549 1
gene  1 2 14 -2.1519310396557505 0 183.0 -2.1519310396557505 1
gene  1 3 14 -4.497367529679864 0 184.0 -4.497367529679864 0
gene  1 6 14 -4.780538620556528 0 187.0 -4.780538620556528 1
gene  1 13 14 -3.799461798636463 0 194.0 -3.799461798636463 1
gene  1 14 14 -2.272488324233768 1 195.0 -2.272488324233768 1
gene  1 6 13 -5.882855425165607 0 205.0 -5.882855425165607 1
gene  1 5 14 -0.009071333472090715 0 223.0 -0.009071333472090715 1
gene  1 3 13 0.7146386203158264 0 229.0 0.7146386203158264 1
gene  1 2 13 2.863443239829792 0 233.0 2.863443239829792 1
gene  1 1 21 -7.678753937134255 0 238.0 -7.678753937134255 1
gene  1 21 13 -2.84453567341959 0 239.0 -2.84453567341959 1
gene  1 5 21 -0.5578160036836597 0 253.0 -0.5578160036836597 1
gene  1 3 21 1.624776624700035 0 270.0 1.624776624700035 1
gene  1 1 24 -4.008027576592997 0 275.0 -4.008027576592997 1
gene  1 24 13 -1.6151694795671159 0 276.0 -1.6151694795671159 1
gene  1 3 34 1.7785038876251593 0 315.0 1.7785038876251593 1
gene  1 34 14 2.4459271021121203 0 316.0 2.4459271021121203 1
gene  1 3 24 -1.7928806394942975 0 324.0 -1.7928806394942975 1
gene  1 2 21 -5.638681466798019 0 350.0 -5.638681466798019 1
gene  1 34 13 -0.5692886373016448 0 355.0 -0.5692886373016448 1
gene  1 1 34 -1.8583532133921186 0 361.0 -1.8583532133921186 1
genomeend 4
genomestart  5
trait 1 2.3156897472124616 1.038817852750874 0.43173212214279244 1.2383225027221012 0.8876970332296057 0.0 1.118561686491879 0.2231066753882277 
node 1 1 1 1
node 2 1 1 1
node 3 1 1 1
node 4 1 1 1
node 5 1 1 1
node 6 1 1 1
node 7 1 1 3
node 8 1 0 0
node 13 1 0 2
node 14 1 0 2
node 39 1 0 0
node 42 1 0 0
gene  1 1 8 1.2109324355538753 0 98.0 1.2109324355538753 1
gene  1 2 8 0.17241152658806963 0 99.0 0.17241152658806963 1
gene  1 3 8 3.5977623027726198 0 100.0 3.5977623027726198 1
gene  1 4 8 0.6288134169758586 0 101.0 0.6288134169758586 1
gene  1 5 8 -0.012749420206856321 0 102.0 -0.012749420206856321 1
gene  1 6 8 1.4207232073976246 0 103.0 1.4207232073976246 1
gene  1 8 8 -2.412843948576974 1 105.0 -2.412843948576974 1
gene  1 13 8 2.2676733213468827 1 110.0 2.2676733213468827 1
gene  1 14 8 0.6955892282976928 1 111.0 0.6955892282976928 1
gene  1 3 13 0.36373715192326095 0 170.0 0.36373715192326095 1
gene  1 5 13 4.752838664895954 0 172.0 4.752838664895954 1
gene  1 7 13 -0.87482336751795 0 174.0 -0.87482336751795 1
gene  1 13 13 1.2531644129465198 1 180.0 1.2531644129465198 1
gene  1 2 14 0.6562269298625811 0 183.0 0.6562269298625811 1
gene  1 4 14 1.875781737508631 0 185.0 1.875781737508631 1
gene  1 6 14 -0.1020844997572965 0 187.0 -0.1020844997572965 1
gene  1 8 14 -1.2890870472979354 0 189.0 -1.2890870472979354 1
gene  1 13 14 2.104192491268159 0 194.0 2.104192491268159 1
gene  1 2 13 -8.290753147482882 0 213.0 -8.290753147482882 1
gene  1 4 13 -1.1543330694593088 0 230.0 -1.1543330694593088 1
gene  1 13 8 -1.2330061380235884 0 244.0 -1.2330061380235884 0
gene  1 7 14 2.55860900953262 0 264.0 2.55860900953262 1
gene  1 1 14 2.9177250869205875 0 299.0 2.9177250869205875 1
gene  1 5 14 -1.3672803986380133 0 310.0 -1.3672803986380133 1
gene  1 1 13 -2.393094662746901 0 311.0 -2.393094662746901 1
gene  1 13 39 -4.453209647942849 0 344.0 -4.453209647942849 1
gene  1 39 8 2.280501885140949 0 345.0 2.280501885140949 1
gene  1 6 13 -0.7931642100084639 0 348.0 -0.7931642100084639 1
gene  1 2 42 2.4921416668309853 0 359.0 2.4921416668309853 1
gene  1 42 14 0.7874843709598993 0 360.0 0.7874843709598993 1
gene  1 13 42 -2.4656416014371585 0 366.0 -2.4656416014371585 1
genomeend 5
genomestart  6
trait 1 2.3156897472124616 1.038817852750874 0.43173212214279244 1.2383225027221012 0.8876970332296057 0.0 1.118561686491879 0.2231066753882277 
node 1 1 1 1
node 2 1 1 1
node 3 1 1 1
node 4 1 1 1
node 5 1 1 1
node 6 1 1 1
node 7 1 1 3
node 8 1 0 0
node 13 1 0 2
node 14 1 0 2
node 39 1 0 0
node 42 1 0 0
gene  1 1 8 1.530258189779268 0 98.0 1.530258189779268 1
gene  1 2 8 -2.5846855839451495 0 99.0 -2.5846855839451495 1
gene  1 3 8 3.9008382919312234 0 100.0 3.9008382919312234 1
gene  1 4 8 0.0019527689757130595 0 101.0 0.0019527689757130595 1
gene  1 5 8 -1.3151375305587354 0 102.0 -1.3151375305587354 1
gene  1 6 8 0.5132960683563708 0 103.0 0.5132960683563708 1
gene  1 8 8 2.2409290871286522 1 105.0 2.2409290871286522 1
gene  1 13 8 -0.48238160877501857 1 110.0 -0.48238160877501857 1
gene  1 14 8 6.760425409023252 1 111.0 6.760425409023252 1
gene  1 3 13 1.25953669365447 0 170.0 1.25953669365447 1
gene  1 5 13 4.636371899170753 0 172.0 4.636371899170753 1
gene  1 7 13 -0.16299552625848807 0 174.0 -0.16299552625848807 1
gene  1 13 13 -0.396150232983713 1 180.0 -0.396150232983713 1
gene  1 2 14 1.0802147360315628 0 183.0 1.0802147360315628 1
gene  1 4 14 5.032555653431681 0 185.0 5.032555653431681 1
gene  1 6 14 1.0735315942337844 0 187.0 1.0735315942337844 1
gene  1 8 14 1.6471865779616057 0 189.0 1.6471865779616057 1
gene  1 13 14 1.3774252056705296 0 194.0 1.3774252056705296 1
gene  1 2 13 -6.381494563121471 0 213.0 -6.381494563121471 1
gene  1 4 13 -3.6827135077364654 0 230.0 -3.6827135077364654 1
gene  1 13 8 1.8368496381926471 0 244.0 1.8368496381926471 0
gene  1 7 14 2.2993597120453337 0 264.0 2.2993597120453337 1
gene  1 1 14 5.174627780024839 0 299.0 5.174627780024839 1
gene  1 5 14 -0.471401994883794 0 310.0 -0.471401994883794 1
gene  1 1 13 -1.1154548622708949 0 311.0 -1.1154548622708949 1
gene  1 13 39 -3.427357195454018 0 344.0 -3.427357195454018 1
gene  1 39 8 0.7770051945523199 0 345.0 0.7770051945523199 1
gene  1 6 13 -2.166562176233942 0 348.0 -2.166562176233942 1
gene  1 2 42 1.0 0 359.0 1.0 1
gene  1 42 14 1.1437491201984193 0 360.0 1.1437491201984193 1
gene  1 13 42 1.527508885031464 0 366.0 1.527508885031464 1
genomeend 6
genomestart  7
trait 1 2.225061889405073 0.0 0.0 1.3327232120186472 1.3979750278133554 1.0698224637072022 0.8935183821927635 0.7324056448032895 
node 1 1 1 1
node 2 1 1 1
node 3 1 1 1
node 4 1 1 1
node 5 1 1 1
node 6 1 1 1
node 7 1 1 3
node 8 1 0 0
node 9 1 0 0
node 10 1 0 0
node 13 1 0 2
node 14 1 0 2
node 28 1 0 0
node 41 1 0 0
node 43 1 0 0
gene  1 1 8 3.0750219439980317 0 98.0 3.0750219439980317 1
gene  1 3 8 -0.3994435169027126 0 100.0 -0.3994435169027126 1
gene  1 5 8 1.3038381667613979 0 102.0 1.3038381667613979 1
gene  1 6 8 6.236182352758351 0 103.0 6.236182352758351 1
gene  1 8 8 3.350633939444311 1 105.0 3.350633939444311 0
gene  1 1 9 2.2776151451974838 0 112.0 2.2776151451974838 1
gene  1 2 9 3.3338053176817244 0 113.0 3.3338053176817244 1
gene  1 3 9 -2.8689661047037207 0 114.0 -2.8689661047037207 1
gene  1 5 9 -1.2083305721722954 0 116.0 -1.2083305721722954 1
gene  1 7 9 7.880097885407702 0 118.0 7.880097885407702 1
gene  1 9 9 2.4403140992461267 1 120.0 2.4403140992461267 1
gene  1 10 9 -0.2164802569262249 1 121.0 -0.2164802569262249 1
gene  1 13 9 6.0674028714978325 1 124.0 6.0674028714978325 1
gene  1 2 10 -3.1602780902457757 0 127.0 -3.1602780902457757 1
gene  1 4 10 -5.0735432964428675 0 129.0 -5.0735432964428675 1
gene  1 5 10 -6.613860007322041 0 130.0 -6.613860007322041 1
gene  1 8 10 4.98599988576391 0 133.0 4.98599988576391 1
gene  1 9 10 -4.051441212406136 0 134.0 -4.051441212406136 1
gene  1 10 10 1.421342001064714 1 135.0 1.421342001064714 1
gene  1 13 10 3.764851494475466 1 138.0 3.764851494475466 1
gene  1 14 10 -1.3966575899868499 1 139.0 -1.3966575899868499 0
gene  1 2 13 -6.316152473454929 0 169.0 -6.316152473454929 1
gene  1 3 13 -5.388766276471192 0 170.0 -5.388766276471192 1
gene  1 6 13 -9.787987983038922 0 173.0 -9.787987983038922 1
gene  1 7 13 2.6652490927826284 0 174.0 2.6652490927826284 1
gene  1 9 13 -0.2728465918260896 0 176.0 -0.2728465918260896 1
gene  1 13 13 0.5737355232198409 1 180.0 0.5737355232198409 1
gene  1 14 13 10.797770221786395 1 181.0 10.797770221786395 1
gene  1 1 14 2.17846723579132 0 182.0 2.17846723579132 1
gene  1 3 14 10.001326520154386 0 184.0 10.001326520154386 1
gene  1 9 14 3.070417669179604 0 190.0 3.070417669179604 1
gene  1 10 14 -1.5756521699072552 0 191.0 -1.5756521699072552 1
gene  1 8 13 1.5883847676997023 0 207.0 1.5883847676997023 1
gene  1 1 10 -1.2596034648287655 0 226.0 -1.2596034648287655 1
gene  1 6 14 -4.119720741842988 0 234.0 -4.119720741842988 1
gene  1 8 28 -2.040405646658185 1 293.0 -2.040405646658185 1
gene  1 28 8 2.0974572841899626 0 294.0 2.0974572841899626 1
gene  1 8 9 -1.3446705456118573 0 328.0 -1.3446705456118573 1
gene  1 8 41 1.1249451460353086 1 357.0 1.1249451460353086 1
gene  1 41 8 1.2644395549473781 0 358.0 1.2644395549473781 1
gene  1 14 43 1.2468245069546953 1 364.0 1.2468245069546953 1
gene  1 43 10 -0.040040611727720665 0 365.0 -0.040040611727720665 1
genomeend 7
genomestart  8
trait 1 1.3246046552763442 0.0 0.0 1.3327232120186472 1.3979750278133554 0.10136554732610181 0.8935183821927635 0.7324056448032895 
node 1 1 1 1
node 2 1 1 1
node 3 1 1 1
node 4 1 1 1
node 5 1 1 1
node 6 1 1 1
node 7 1 1 3
node 8 1 0 0
node 9 1 0 0
node 10 1 0 0
node 13 1 0 2
node 14 1 0 2
node 28 1 0 0
node 41 1 0 0
node 43 1 0 0
gene  1 1 8 2.1186891676975814 0 98.0 2.1186891676975814 1
gene  1 3 8 -0.028003956711351696 0 100.0 -0.028003956711351696 1
gene  1 5 8 0.5258633787978753 0 102.0 0.5258633787978753 1
gene  1 6 8 7.226303417670045 0 103.0 7.226303417670045 1
gene  1 8 8 5.255939960832397 1 105.0 5.255939960832397 0
gene  1 1 9 0.1942218791888881 0 112.0 0.1942218791888881 1
gene  1 2 9 4.43312778467151 0 113.0 4.43312778467151 1
gene  1 3 9 -0.8278354195784088 0 114.0 -0.8278354195784088 1
gene  1 5 9 0.7864087131309646 0 116.0 0.7864087131309646 1
gene  1 7 9 8.312647328452494 0 118.0 8.312647328452494 1
gene  1 9 9 2.57778753645263 1 120.0 2.57778753645263 1
gene  1 10 9 -1.6900128559938157 1 121.0 -1.6900128559938157 1
gene  1 13 9 5.355402913318881 1 124.0 5.355402913318881 1
gene  1 2 10 -3.160071239510787 0 127.0 -3.160071239510787 1
gene  1 4 10 -6.752905537280228 0 129.0 -6.752905537280228 1
gene  1 5 10 -10.256261549848825 0 130.0 -10.256261549848825 1
gene  1 8 10 3.7520752421118253 0 133.0 3.7520752421118253 1
gene  1 9 10 -4.649547096316615 0 134.0 -4.649547096316615 1
gene  1 10 10 3.313135412315636 1 135.0 3.313135412315636 1
gene  1 13 10 1.2804594263259128 1 138.0 1.2804594263259128 1
gene  1 14 10 2.417262749258489 1 139.0 2.417262749258489 0
gene  1 2 13 -7.656539077655108 0 169.0 -7.656539077655108 1
gene  1 3 13 -4.98965313083143 0 170.0 -4.98965313083143 1
gene  1 6 13 -7.569749359310663 0 173.0 -7.569749359310663 1
gene  1 7 13 5.890602267219851 0 174.0 5.890602267219851 1
gene  1 9 13 -3.330715121084806 0 176.0 -3.330715121084806 1
gene  1 13 13 2.7495918132102832 1 180.0 2.7495918132102832 1
gene  1 14 13 10.664513918520392 1 181.0 10.664513918520392 1
gene  1 1 14 -0.5173631249588551 0 182.0 -0.5173631249588551 1
gene  1 3 14 9.86755729516001 0 184.0 9.86755729516001 1
gene  1 9 14 2.8813245820427023 0 190.0 2.8813245820427023 1
gene  1 10 14 1.8962259558775187 0 191.0 1.8962259558775187 1
gene  1 8 13 1.217489405618804 0 207.0 1.217489405618804 1
gene  1 1 10 1.0923507388335996 0 226.0 1.0923507388335996 1
gene  1 6 14 -0.435737590936927 0 234.0 -0.435737590936927 1
gene  1 8 28 -1.1050543035081353 1 293.0 -1.1050543035081353 1
gene  1 28 8 0.42561765081327807 0 294.0 0.42561765081327807 1
gene  1 8 9 2.7105540941913184 0 328.0 2.7105540941913184 1
gene  1 8 41 0.661997168033007 1 357.0 0.661997168033007 1
gene  1 41 8 0.6359363538165828 0 358.0 0.6359363538165828 1
gene  1 14 43 -0.4879493509929351 1 364.0 -0.4879493509929351 1
gene  1 43 10 -0.05703057338936435 0 365.0 -0.05703057338936435 1
genomeend 8
genomestart  9
trait 1 1.3246046552763442 0.0 0.0 1.3327232120186472 1.3979750278133554 0.10136554732610181 0.8935183821927635 0.7324056448032895 
node 1 1 1 1
node 2 1 1 1
node 3 1 1 1
node 4 1 1 1
node 5 1 1 1
node 6 1 1 1
node 7 1 1 3
node 8 1 0 0
node 9 1 0 0
node 10 1 0 0
node 13 1 0 2
node 14 1 0 2
node 28 1 0 0
node 41 1 0 0
node 43 1 0 0
gene  1 1 8 6.849131390096006 0 98.0 6.849131390096006 1
gene  1 3 8 3.5919942144136847 0 100.0 3.5919942144136847 1
gene  1 5 8 -0.27937801139113994 0 102.0 -0.27937801139113994 1
gene  1 6 8 8.655844096479262 0 103.0 8.655844096479262 1
gene  1 8 8 3.785254224628354 1 105.0 3.785254224628354 1
gene  1 1 9 4.535649852045898 0 112.0 4.535649852045898 1
gene  1 2 9 1.2514309658306826 0 113.0 1.2514309658306826 1
gene  1 3 9 -1.4854829105080865 0 114.0 -1.4854829105080865 1
gene  1 5 9 -0.9865599119530848 0 116.0 -0.9865599119530848 1
gene  1 7 9 6.008855941541309 0 118.0 6.008855941541309 1
gene  1 9 9 4.2056341869916425 1 120.0 4.2056341869916425 1
gene  1 10 9 1.5297353910170135 1 121.0 1.5297353910170135 1
gene  1 13 9 5.819552580736237 1 124.0 5.819552580736237 1
gene  1 2 10 -0.1231069508098801 0 127.0 -0.1231069508098801 1
gene  1 4 10 -6.53029736935302 0 129.0 -6.53029736935302 1
gene  1 5 10 -8.358952307136189 0 130.0 -8.358952307136189 1
gene  1 8 10 2.599774708399955 0 133.0 2.599774708399955 1
gene  1 9 10 -4.407420958982683 0 134.0 -4.407420958982683 1
gene  1 10 10 1.181588333235677 1 135.0 1.181588333235677 1
gene  1 13 10 3.952370107641225 1 138.0 3.952370107641225 1
gene  1 14 10 0.038032715971047626 1 139.0 0.038032715971047626 1
gene  1 2 13 -5.8148745582560455 0 169.0 -5.8148745582560455 1
gene  1 3 13 -2.602059279054006 0 170.0 -2.602059279054006 1
gene  1 6 13 -10.970658823017015 0 173.0 -10.970658823017015 1
gene  1 7 13 1.9615270630504194 0 174.0 1.9615270630504194 1
gene  1 9 13 -2.5434945490379124 0 176.0 -2.5434945490379124 1
gene  1 13 13 0.980871461574572 1 180.0 0.980871461574572 1
gene  1 14 13 9.738385783530765 1 181.0 9.738385783530765 1
gene  1 1 14 2.4248241095774214 0 182.0 2.4248241095774214 1
gene  1 3 14 9.135018048475049 0 184.0 9.135018048475049 1
gene  1 9 14 4.976224357368809 0 190.0 4.976224357368809 1
gene  1 10 14 -1.024445124252515 0 191.0 -1.024445124252515 1
gene  1 8 13 5.245357866729927 0 207.0 5.245357866729927 1
gene  1 1 10 2.196570999323939 0 226.0 2.196570999323939 1
gene  1 6 14 -2.240990472407537 0 234.0 -2.240990472407537 1
gene  1 8 28 -0.5776450006611539 1 293.0 -0.5776450006611539 1
gene  1 28 8 -2.0616361991410717 0 294.0 -2.0616361991410717 1
gene  1 8 9 0.7569540740593985 0 328.0 0.7569540740593985 1
gene  1 8 41 2.0232045260317677 1 357.0 2.0232045260317677 1
gene  1 41 8 -0.2830704307971285 0 358.0 -0.2830704307971285 1
gene  1 14 43 -1.3604602832730097 1 364.0 -1.3604602832730097 1
gene  1 43 10 1.951274807660955 0 365.0 1.951274807660955 1
genomeend 9
genomestart  10
trait 1 0.0 0.0 0.2369258402999379 1.1707899607043104 2.3145837249829695 0.015701167333593835 0.0 0.868067118942248 
node 1 1 1 1
node 2 1 1 1
node 3 1 1 1
node 4 1 1 1
node 5 1 1 1
node 6 1 1 1
node 7 1 1 3
node 8 1 0 0
node 13 1 0 2
node 14 1 0 2
node 22 1 0 0
node 25 1 0 0
node 29 1 0 0
gene  1 1 8 -0.6262515134126283 0 98.0 -0.6262515134126283 1
gene  1 3 8 2.0734461753681894 0 100.0 2.0734461753681894 1
gene  1 4 8 1.7887147978930507 0 101.0 1.7887147978930507 1
gene  1 5 8 -1.7368407292680397 0 102.0 -1.7368407292680397 1
gene  1 6 8 11.167638596340707 0 103.0 11.167638596340707 1
gene  1 8 8 0.43983373579683616 1 105.0 0.43983373579683616 1
gene  1 1 13 -0.41586671107331985 0 168.0 -0.41586671107331985 1
gene  1 5 13 4.247894332966846 0 172.0 4.247894332966846 1
gene  1 13 13 -0.7141613094190737 1 180.0 -0.7141613094190737 1
gene  1 14 13 0.07421200481915746 1 181.0 0.07421200481915746 1
gene  1 2 14 0.7987696851985038 0 183.0 0.7987696851985038 1
gene  1 3 14 1.2393210500254956 0 184.0 1.2393210500254956 1
gene  1 5 14 3.391999411298493 0 186.0 3.391999411298493 1
gene  1 7 14 0.4692733445914538 0 188.0 0.4692733445914538 1
gene  1 8 14 -3.1582681876170793 0 189.0 -3.1582681876170793 1
gene  1 13 14 1.749940850739224 0 194.0 1.749940850739224 1
gene  1 2 13 20.274460503108415 0 236.0 20.274460503108415 1
gene  1 8 22 -2.375922595993626 0 240.0 -2.375922595993626 1
gene  1 22 14 -1.0560240410087345 0 241.0 -1.0560240410087345 1
gene  1 1 22 -2.4817011117826544 0 245.0 -2.4817011117826544 1
gene  1 13 8 -0.9402900296187602 0 257.0 -0.9402900296187602 1
gene  1 5 22 -7.202099710055246 0 265.0 -7.202099710055246 1
gene  1 1 25 -4.468473903127172 0 279.0 -4.468473903127172 1
gene  1 25 8 2.2468852632082985 0 280.0 2.2468852632082985 1
gene  1 8 29 1.0856375178938371 0 297.0 1.0856375178938371 1
gene  1 29 14 -0.7144452008060473 0 298.0 -0.7144452008060473 1
gene  1 1 14 -5.755042646679743 0 312.0 -5.755042646679743 1
gene  1 2 29 -5.074737932739774 0 330.0 -5.074737932739774 1
gene  1 5 25 2.1242456167773103 0 343.0 2.1242456167773103 1
genomeend 10
genomestart  11
trait 1 0.0 0.0 0.2369258402999379 1.1707899607043104 2.3145837249829695 0.015701167333593835 0.0 0.868067118942248 
node 1 1 1 1
node 2 1 1 1
node 3 1 1 1
node 4 1 1 1
node 5 1 1 1
node 6 1 1 1
node 7 1 1 3
node 8 1 0 0
node 13 1 0 2
node 14 1 0 2
node 22 1 0 0
node 25 1 0 0
node 29 1 0 0
gene  1 1 8 -1.4192152029560108 0 98.0 -1.4192152029560108 1
gene  1 3 8 1.7770490508995382 0 100.0 1.7770490508995382 1
gene  1 4 8 -2.96127577776606 0 101.0 -2.96127577776606 1
gene  1 5 8 2.291341797165837 0 102.0 2.291341797165837 1
gene  1 6 8 10.829916255690636 0 103.0 10.829916255690636 1
gene  1 8 8 -2.623344697499319 1 105.0 -2.623344697499319 1
gene  1 1 13 0.4258135604944815 0 168.0 0.4258135604944815 1
gene  1 5 13 2.806264585027945 0 172.0 2.806264585027945 1
gene  1 13 13 0.05663676736894996 1 180.0 0.05663676736894996 1
gene  1 14 13 -1.7301428739300495 1 181.0 -1.7301428739300495 1
gene  1 2 14 0.9890425334874586 0 183.0 0.9890425334874586 1
gene  1 3 14 -7.4310742048739735 0 184.0 -7.4310742048739735 1
gene  1 5 14 0.7117484853084468 0 186.0 0.7117484853084468 1
gene  1 7 14 -0.3087503299980845 0 188.0 -0.3087503299980845 1
gene  1 8 14 -0.26219774842194266 0 189.0 -0.26219774842194266 1
gene  1 13 14 -1.5314103347630277 0 194.0 -1.5314103347630277 1
gene  1 2 13 18.95839704156441 0 236.0 18.95839704156441 1
gene  1 8 22 2.1873560309216433 0 240.0 2.1873560309216433 1
gene  1 22 14 -0.056451359644754895 0 241.0 -0.056451359644754895 1
gene  1 1 22 0.7181352008600057 0 245.0 0.7181352008600057 1
gene  1 13 8 -2.1990020765340113 0 257.0 -2.1990020765340113 1
gene  1 5 22 -5.344254333733893 0 265.0 -5.344254333733893 1
gene  1 1 25 -3.8456145568108004 0 279.0 -3.8456145568108004 1
gene  1 25 8 -7.125759077008273 0 280.0 -7.125759077008273 1
gene  1 8 29 -1.1599235109407315 0 297.0 -1.1599235109407315 1
gene  1 29 14 1.0672457816252492 0 298.0 1.0672457816252492 1
gene  1 1 14 -5.712800302826662 0 312.0 -5.712800302826662 1
gene  1 2 29 -0.8603178231482986 0 330.0 -0.8603178231482986 1
gene  1 5 25 -3.4891977306659023 0 343.0 -3.4891977306659023 1
genomeend 11
genomestart  12
trait 1 0.0 0.0 0.0697072373684462 0.0 0.0 1.2871131578344006 1.106386715936813 0.0 
node 1 1 1 1
node 2 1 1 1
node 3 1 1 1
node 4 1 1 1
node 5 1 1 1
node 6 1 1 1
node 7 1 1 3
node 13 1 0 2
node 14 1 0 2
gene  1 1 13 2.473399934105551 0 168.0 2.473399934105551 1
gene  1 2 13 9.688299931448828 0 169.0 9.688299931448828 1
gene  1 3 13 -2.209158947959808 0 170.0 -2.209158947959808 1
gene  1 4 13 -4.959915143967331 0 171.0 -4.959915143967331 1
gene  1 5 13 5.948301044516873 0 172.0 5.948301044516873 1
gene  1 6 13 1.8919936487841287 0 173.0 1.8919936487841287 1
gene  1 7 13 0.4286262999343613 0 174.0 0.4286262999343613 1
gene  1 14 13 3.6844560977507794 1 181.0 3.6844560977507794 1
gene  1 1 14 0.6783311347100291 0 182.0 0.6783311347100291 1
gene  1 2 14 -0.3574850285739164 0 183.0 -0.3574850285739164 1
gene  1 3 14 -5.826195389010966 0 184.0 -5.826195389010966 1
gene  1 13 14 3.31436902163483 0 194.0 3.31436902163483 1
gene  1 14 14 -2.133586275813312 1 195.0 -2.133586275813312 1
gene  1 7 14 -1.7178642897356922 0 273.0 -1.7178642897356922 1
gene  1 4 14 -0.21374482431005343 0 283.0 -0.21374482431005343 1
gene  1 5 14 0.2114554919948236 0 303.0 0.2114554919948236 1
gene  1 6 14 -0.4593058486241386 0 307.0 -0.4593058486241386 1
genomeend 12
genomestart  13
trait 1 0.0 0.0 0.0697072373684462 0.0 0.0 1.2871131578344006 1.106386715936813 0.0 
node 1 1 1 1
node 2 1 1 1
node 3 1 1 1
node 4 1 1 1
node 5 1 1 1
node 6 1 1 1
node 7 1 1 3
node 13 1 0 2
node 14 1 0 2
gene  1 1 13 -0.018145207174960598 0 168.0 -0.018145207174960598 1
gene  1 2 13 6.165578019322254 0 169.0 6.165578019322254 1
gene  1 3 13 -4.142484465404161 0 170.0 -4.142484465404161 1
gene  1 4 13 -4.002181148115589 0 171.0 -4.002181148115589 1
gene  1 5 13 6.907041988674658 0 172.0 6.907041988674658 1
gene  1 6 13 -1.1213025725130275 0 173.0 -1.1213025725130275 1
gene  1 7 13 1.4646881591740346 0 174.0 1.4646881591740346 1
gene  1 14 13 3.6309996819073596 1 181.0 3.6309996819073596 1
gene  1 1 14 -2.1879886194947553 0 182.0 -2.1879886194947553 1
gene  1 2 14 -0.6417613108534583 0 183.0 -0.6417613108534583 1
gene  1 3 14 -4.8002555169095285 0 184.0 -4.8002555169095285 1
gene  1 13 14 0.9019768763366489 0 194.0 0.9019768763366489 1
gene  1 14 14 -2.478318936292576 1 195.0 -2.478318936292576 1
gene  1 7 14 -0.45835098936047247 0 273.0 -0.45835098936047247 1
gene  1 4 14 1.701731853141628 0 283.0 1.701731853141628 1
gene  1 5 14 1.6601613912766284 0 303.0 1.6601613912766284 1
gene  1 6 14 -3.066280256992213 0 307.0 -3.066280256992213 1
genomeend 13
genomestart  14
trait 1 0.0 0.0 0.0697072373684462 0.0 0.0 1.2871131578344006 1.106386715936813 0.0 
node 1 1 1 1
node 2 1 1 1
node 3 1 1 1
node 4 1 1 1
node 5 1 1 1
node 6 1 1 1
node 7 1 1 3
node 13 1 0 2
node 14 1 0 2
gene  1 1 13 -0.057840602754774095 0 168.0 -0.057840602754774095 1
gene  1 2 13 6.577348576899389 0 169.0 6.577348576899389 1
gene  1 3 13 -3.815473525794711 0 170.0 -3.815473525794711 1
gene  1 4 13 -1.0737468897508644 0 171.0 -1.0737468897508644 1
gene  1 5 13 8.514492970344097 0 172.0 8.514492970344097 1
gene  1 6 13 1.0293622259161954 0 173.0 1.0293622259161954 1
gene  1 7 13 -0.7764367620359276 0 174.0 -0.7764367620359276 1
gene  1 14 13 1.9488791636262832 1 181.0 1.9488791636262832 1
gene  1 1 14 -0.2278463363051808 0 182.0 -0.2278463363051808 1
gene  1 2 14 -0.8516631935388637 0 183.0 -0.8516631935388637 1
gene  1 3 14 -8.740929714495534 0 184.0 -8.740929714495534 1
gene  1 13 14 1.6253263216647547 0 194.0 1.6253263216647547 1
gene  1 14 14 -1.7843923319645671 1 195.0 -1.7843923319645671 1
gene  1 7 14 -1.153459089850081 0 273.0 -1.153459089850081 1
gene  1 4 14 0.06222508726081166 0 283.0 0.06222508726081166 1
gene  1 5 14 0.39667408664278514 0 303.0 0.39667408664278514 1
gene  1 6 14 -0.27309081382765754 0 307.0 -0.27309081382765754 1
genomeend 14
genomestart  15
trait 1 0.731715373568969 0.5319433208524987 0.8875428902212121 1.0172554146688002 0.2545070174269727 0.6799681748259421 0.0 0.0 
node 1 1 1 1
node 2 1 1 1
node 3 1 1 1
node 4 1 1 1
node 5 1 1 1
node 6 1 1 1
node 7 1 1 3
node 8 1 0 0
node 9 1 0 0
node 13 1 0 2
node 14 1 0 2
node 20 1 0 0
gene  1 1 8 0.7240450599786057 0 98.0 0.7240450599786057 1
gene  1 2 8 3.4731209521669726 0 99.0 3.4731209521669726 1
gene  1 3 8 13.56399961523154 0 100.0 13.56399961523154 1
gene  1 6 8 9.083122695986878 0 103.0 9.083122695986878 1
gene  1 8 8 0.3409118611056322 1 105.0 0.3409118611056322 1
gene  1 9 8 -1.0521099826467344 1 106.0 -1.0521099826467344 1
gene  1 13 8 3.967077700085924 1 110.0 3.967077700085924 1
gene  1 14 8 -7.734602479507587 1 111.0 -7.734602479507587 1
gene  1 1 9 -2.121431116355922 0 112.0 -2.121431116355922 1
gene  1 4 9 -1.2554212393125865 0 115.0 -1.2554212393125865 1
gene  1 5 9 0.7126350480109753 0 116.0 0.7126350480109753 1
gene  1 7 9 -1.8519547504622134 0 118.0 -1.8519547504622134 1
gene  1 9 9 -6.364762148130454 1 120.0 -6.364762148130454 1
gene  1 14 9 -8.368528788584811 1 125.0 -8.368528788584811 1
gene  1 2 13 -12.844830052680509 0 169.0 -12.844830052680509 1
gene  1 5 13 -5.6898299441438285 0 172.0 -5.6898299441438285 1
gene  1 8 13 -5.203187546298339 0 175.0 -5.203187546298339 1
gene  1 1 14 1.7680735171337636 0 182.0 1.7680735171337636 1
gene  1 2 14 13.058481971211238 0 183.0 13.058481971211238 1
gene  1 3 14 -1.451494238744298 0 184.0 -1.451494238744298 1
gene  1 6 14 -2.8207712697355927 0 187.0 -2.8207712697355927 1
gene  1 13 14 -1.945874650637993 0 194.0 -1.945874650637993 1
gene  1 14 14 1.8528593460767557 1 195.0 1.8528593460767557 1
gene  1 5 8 7.209751876610637 0 202.0 7.209751876610637 1
gene  1 4 13 -1.1687650005489598 0 220.0 -1.1687650005489598 1
gene  1 1 20 -4.236600334792897 0 231.0 -4.236600334792897 1
gene  1 20 14 0.7815838383973848 0 232.0 0.7815838383973848 1
gene  1 1 13 9.32855423100305 0 329.0 9.32855423100305 1
gene  1 13 20 -5.594753608327648 0 337.0 -5.594753608327648 1
gene  1 4 20 -0.5805672716461789 0 339.0 -0.5805672716461789 1
genomeend 15
genomestart  16
trait 1 0.731715373568969 0.5319433208524987 0.8875428902212121 1.0172554146688002 0.2545070174269727 0.6799681748259421 0.0 0.0 
node 1 1 1 1
node 2 1 1 1
node 3 1 1 1
node 4 1 1 1
node 5 1 1 1
node 6 1 1 1
node 7 1 1 3
node 8 1 0 0
node 9 1 0 0
node 13 1 0 2
node 14 1 0 2
node 20 1 0 0
gene  1 1 8 1.1613020250909427 0 98.0 1.1613020250909427 1
gene  1 2 8 5.850961566124811 0 99.0 5.850961566124811 1
gene  1 3 8 11.395197834683856 0 100.0 11.395197834683856 1
gene  1 6 8 10.180011115181447 0 103.0 10.180011115181447 1
gene  1 8 8 -8.478525265304793 1 105.0 -8.478525265304793 1
gene  1 9 8 4.089459220802775 1 106.0 4.089459220802775 1
gene  1 13 8 3.6566122989695757 1 110.0 3.6566122989695757 1
gene  1 14 8 -8.601924198295873 1 111.0 -8.601924198295873 1
gene  1 1 9 3.9189921021238807 0 112.0 3.9189921021238807 1
gene  1 4 9 -1.7218857819970137 0 115.0 -1.7218857819970137 1
gene  1 5 9 1.7296581456472149 0 116.0 1.7296581456472149 1
gene  1 7 9 -0.8727677453240433 0 118.0 -0.8727677453240433 1
gene  1 9 9 -8.608919923247125 1 120.0 -8.608919923247125 1
gene  1 14 9 -10.675162710734009 1 125.0 -10.675162710734009 1
gene  1 2 13 -12.844830052680509 0 169.0 -12.844830052680509 1
gene  1 5 13 -5.6898299441438285 0 172.0 -5.6898299441438285 1
gene  1 8 13 -6.039504600444607 0 175.0 -6.039504600444607 1
gene  1 1 14 1.6639595634862885 0 182.0 1.6639595634862885 1
gene  1 2 14 11.803426487407558 0 183.0 11.803426487407558 1
gene  1 3 14 0.18606506314144877 0 184.0 0.18606506314144877 1
gene  1 6 14 -3.585583532225125 0 187.0 -3.585583532225125 1
gene  1 13 14 0.6256255200686587 0 194.0 0.6256255200686587 1
gene  1 14 14 1.8528593460767557 1 195.0 1.8528593460767557 1
gene  1 5 8 5.593245767501419 0 202.0 5.593245767501419 1
gene  1 4 13 -2.8826152667718246 0 220.0 -2.8826152667718246 1
gene  1 1 20 -4.236600334792897 0 231.0 -4.236600334792897 1
gene  1 20 14 0.5089759628940524 0 232.0 0.5089759628940524 1
gene  1 1 13 9.77156533154068 0 329.0 9.77156533154068 1
gene  1 13 20 -5.594753608327648 0 337.0 -5.594753608327648 1
gene  1 4 20 0.886782548123316 0 339.0 0.886782548123316 1
genomeend 16
genomestart  17
trait 1 0.0 0.09622031338671999 1.6981216406750186 0.11493069212669116 2.0164780324458444 0.11622129576560403 0.0 0.07895419735974474 
node 1 1 1 1
node 2 1 1 1
node 3 1 1 1
node 4 1 1 1
node 5 1 1 1
node 6 1 1 1
node 7 1 1 3
node 13 1 0 2
node 14 1 0 2
gene  1 1 13 -2.4047632231988127 0 168.0 -2.4047632231988127 1
gene  1 2 13 -1.7076245503923362 0 169.0 -1.7076245503923362 1
gene  1 5 13 2.1717022056274544 0 172.0 2.1717022056274544 1
gene  1 6 13 -3.8962457128420716 0 173.0 -3.8962457128420716 1
gene  1 7 13 -1.73365696127762 0 174.0 -1.73365696127762 1
gene  1 3 14 -2.647032683828571 0 184.0 -2.647032683828571 1
gene  1 4 14 -2.25591148119754 0 185.0 -2.25591148119754 1
gene  1 7 14 -4.752949161877008 0 188.0 -4.752949161877008 1
gene  1 13 14 0.7571652926779238 0 194.0 0.7571652926779238 1
gene  1 14 14 0.6738331321921542 1 195.0 0.6738331321921542 1
gene  1 4 13 7.085823494639623 0 235.0 7.085823494639623 1
gene  1 1 14 -0.03613163857726365 0 242.0 -0.03613163857726365 1
gene  1 5 14 -1.4124949247980942 0 319.0 -1.4124949247980942 1
genomeend 17
genomestart  18
trait 1 0.0 0.09622031338671999 1.6981216406750186 0.11493069212669116 2.0164780324458444 0.11622129576560403 0.0 0.07895419735974474 
node 1 1 1 1
node 2 1 1 1
node 3 1 1 1
node 4 1 1 1
node 5 1 1 1
node 6 1 1 1
node 7 1 1 3
node 13 1 0 2
node 14 1 0 2
gene  1 1 13 -0.24329185780710594 0 168.0 -0.24329185780710594 1
gene  1 2 13 -2.9607685523988576 0 169.0 -2.9607685523988576 1
gene  1 5 13 0.5572290193950136 0 172.0 0.5572290193950136 1
gene  1 6 13 -5.926825512111783 0 173.0 -5.926825512111783 1
gene  1 7 13 -0.24888445689708355 0 174.0 -0.24888445689708355 1
gene  1 3 14 -0.8324824119821534 0 184.0 -0.8324824119821534 1
gene  1 4 14 0.017954987103751097 0 185.0 0.017954987103751097 1
gene  1 7 14 -2.759942161701865 0 188.0 -2.759942161701865 1
gene  1 13 14 -0.5802087177461805 0 194.0 -0.5802087177461805 1
gene  1 14 14 1.662870268238228 1 195.0 1.662870268238228 1
gene  1 4 13 5.215552623553438 0 235.0 5.215552623553438 1
gene  1 1 14 -0.9881838256236442 0 242.0 -0.9881838256236442 1
gene  1 5 14 0.9273595264271067 0 319.0 0.9273595264271067 1
genomeend 18
genomestart  19
trait 1 0.0 0.5301251094290708 1.6981216406750186 0.11493069212669116 1.9847953876478466 0.0 0.0 0.7232098374518577 
node 1 1 1 1
node 2 1 1 1
node 3 1 1 1
node 4 1 1 1
node 5 1 1 1
node 6 1 1 1
node 7 1 1 3
node 13 1 0 2
node 14 1 0 2
gene  1 1 13 -0.9779459719386664 0 168.0 -0.9779459719386664 1
gene  1 2 13 -5.21045194496744 0 169.0 -5.21045194496744 1
gene  1 5 13 -0.4866711703464106 0 172.0 -0.4866711703464106 1
gene  1 6 13 -3.5465608159534954 0 173.0 -3.5465608159534954 1
gene  1 7 13 -0.1087555665314921 0 174.0 -0.1087555665314921 1
gene  1 3 14 0.3056183256101339 0 184.0 0.3056183256101339 1
gene  1 4 14 0.7645874743207685 0 185.0 0.7645874743207685 1
gene  1 7 14 -2.5197939614809512 0 188.0 -2.5197939614809512 1
gene  1 13 14 -0.3355533823361927 0 194.0 -0.3355533823361927 1
gene  1 14 14 4.077083139700811 1 195.0 4.077083139700811 1
gene  1 4 13 4.007050687944604 0 235.0 4.007050687944604 1
gene  1 1 14 -0.9881838256236442 0 242.0 -0.9881838256236442 1
gene  1 5 14 0.9273595264271067 0 319.0 0.9273595264271067 1
genomeend 19
