genomestart  0
trait 1 0.26937214532678067 0.0 1.896310652799719 1.0664206773141058 1.8651080668398228 0.9057529697611906 1.2186392275033897 1.6429921308966946 
node 1 1 1 1
node 2 1 1 1
node 3 1 1 1
node 4 1 1 1
node 5 1 1 1
node 6 1 1 1
node 7 1 1 3
node 13 1 0 2
node 14 1 0 2
node 21 1 0 0
node 24 1 0 0
node 34 1 0 0
node 67 1 0 0
node 72 1 0 0
node 78 1 0 0
gene  1 1 13 -2.255120702478333 0 168.0 -2.255120702478333 0
gene  1 4 13 -3.8491042908590885 0 171.0 -3.8491042908590885 1
gene  1 5 13 -1.1306255555088913 0 172.0 -1.1306255555088913 1
gene  1 7 13 0.4230231782098054 0 174.0 0.4230231782098054 1
gene  1 13 13 -1.910123278027198 1 180.0 -1.910123278027198 1
gene  1 2 14 -3.13334212504438 0 183.0 -3.13334212504438 1
gene  1 3 14 -1.1162221914783812 0 184.0 -1.1162221914783812 1
gene  1 6 14 1.5527868704711496 0 187.0 1.5527868704711496 1
gene  1 13 14 -2.2012512972725062 0 194.0 -2.2012512972725062 1
gene  1 14 14 1.5851305190692173 1 195.0 1.5851305190692173 1
gene  1 6 13 -0.5791229255773556 0 205.0 -0.5791229255773556 1
gene  1 5 14 -1.0158337948743887 0 223.0 -1.0158337948743887 1
gene  1 3 13 1.8151882670715778 0 229.0 1.8151882670715778 1
gene  1 2 13 5.241675464699298 0 233.0 5.241675464699298 1
gene  1 1 21 18.203702383745895 0 238.0 18.203702383745895 1
gene  1 21 13 2.8863482241773255 0 239.0 2.8863482241773255 1
gene  1 5 21 1.867611728022788 0 253.0 1.867611728022788 1
gene  1 3 21 0.2542406644657731 0 270.0 0.2542406644657731 1
gene  1 1 24 -1.2075803401792353 0 275.0 -1.2075803401792353 1
gene  1 24 13 1.4916515775110684 0 276.0 1.4916515775110684 1
gene  1 3 34 4.9727617471289625 0 315.0 4.9727617471289625 1
gene  1 34 14 -4.274800387803685 0 316.0 -4.274800387803685 1
gene  1 3 24 3.7547790431011445 0 324.0 3.7547790431011445 1
gene  1 2 21 2.8417730130087144 0 350.0 2.8417730130087144 1
gene  1 34 13 0.764093869631912 0 355.0 0.764093869631912 1
gene  1 1 34 -0.8854080561395914 0 361.0 -0.8854080561395914 1
gene  1 7 14 1.6438045628443905 0 388.0 1.6438045628443905 1
gene  1 24 14 -1.3611657252496907 0 468.0 -1.3611657252496907 1
gene  1 34 67 3.434486866003065 0 491.0 3.434486866003065 1
gene  1 67 14 -2.369817696122294 0 492.0 -2.369817696122294 1
gene  1 1 72 -4.51085825720201 0 505.0 -4.51085825720201 1
gene  1 72 13 5.806907895031466 0 506.0 5.806907895031466 1
gene  1 1 78 2.1170289671055573 0 530.0 2.1170289671055573 1
gene  1 78 72 3.3262013542489264 0 531.0 3.3262013542489264 1
gene  1 5 72 1.4530982704612299 0 565.0 1.4530982704612299 1
gene  1 78 14 5.084340084959702 0 577.0 5.084340084959702 1
genomeend 0
genomestart  1
trait 1 0.26937214532678067 0.0 1.896310652799719 1.0664206773141058 1.8651080668398228 0.9057529697611906 1.2186392275033897 1.6429921308966946 
node 1 1 1 1
node 2 1 1 1
node 3 1 1 1
node 4 1 1 1
node 5 1 1 1
node 6 1 1 1
node 7 1 1 3
node 13 1 0 2
node 14 1 0 2
node 21 1 0 0
node 24 1 0 0
node 34 1 0 0
node 67 1 0 0
node 72 1 0 0
node 78 1 0 0
gene  1 1 13 0.04136016663813136 0 168.0 0.04136016663813136 0
gene  1 4 13 -4.65241420538477 0 171.0 -4.65241420538477 1
gene  1 5 13 0.6375367207897622 0 172.0 0.6375367207897622 1
gene  1 7 13 2.8371946825987475 0 174.0 2.8371946825987475 1
gene  1 13 13 0.6961362986939639 1 180.0 0.6961362986939639 1
gene  1 2 14 -2.917656881248054 0 183.0 -2.917656881248054 1
gene  1 3 14 1.9715470096383347 0 184.0 1.9715470096383347 1
gene  1 6 14 2.0094022875014628 0 187.0 2.0094022875014628 1
gene  1 13 14 -1.2123221118434335 0 194.0 -1.2123221118434335 1
gene  1 14 14 -1.296803687877659 1 195.0 -1.296803687877659 1
gene  1 6 13 1.5979828082310967 0 205.0 1.5979828082310967 1
gene  1 5 14 1.356494983877535 0 223.0 1.356494983877535 1
gene  1 3 13 6.329368605294436 0 229.0 6.329368605294436 1
gene  1 2 13 4.547688533545888 0 233.0 4.547688533545888 1
gene  1 1 21 13.709472995239434 0 238.0 13.709472995239434 1
gene  1 21 13 3.7811772313174385 0 239.0 3.7811772313174385 1
gene  1 5 21 5.565765982037053 0 253.0 5.565765982037053 1
gene  1 3 21 2.671483810227527 0 270.0 2.671483810227527 1
gene  1 1 24 0.07718638743243944 0 275.0 0.07718638743243944 1
gene  1 24 13 5.243003631740164 0 276.0 5.243003631740164 1
gene  1 3 34 6.989390916836143 0 315.0 6.989390916836143 1
gene  1 34 14 -0.828166924197713 0 316.0 -0.828166924197713 0
gene  1 3 24 4.934758971584364 0 324.0 4.934758971584364 1
gene  1 2 21 1.7413749188311953 0 350.0 1.7413749188311953 1
gene  1 34 13 -1.583150638371138 0 355.0 -1.583150638371138 1
gene  1 1 34 -3.2208773893214295 0 361.0 -3.2208773893214295 1
gene  1 7 14 3.2150331566634662 0 388.0 3.2150331566634662 1
gene  1 24 14 0.19950469138839977 0 468.0 0.19950469138839977 1
gene  1 34 67 4.804530148827913 0 491.0 4.804530148827913 1
gene  1 67 14 -0.4165834804630508 0 492.0 -0.4165834804630508 1
gene  1 1 72 1.6822036864083232 0 505.0 1.6822036864083232 1
gene  1 72 13 0.26621320158395967 0 506.0 0.26621320158395967 1
gene  1 1 78 3.6054536501558863 0 530.0 3.6054536501558863 1
gene  1 78 72 -1.1120506808688873 0 531.0 -1.1120506808688873 1
gene  1 5 72 0.36441985725154835 0 565.0 0.36441985725154835 1
gene  1 78 14 -2.054825840443952 0 577.0 -2.054825840443952 1
genomeend 1
genomestart  2
trait 1 1.4256522994671585 1.6350426995209824 0.747276035170299 2.969549466943627 0.71872319980739 0.4404084300883778 0.7201715107197918 0.2837832966800675 
node 1 1 1 1
node 2 1 1 1
node 3 1 1 1
node 4 1 1 1
node 5 1 1 1
node 6 1 1 1
node 7 1 1 3
node 8 1 0 0
node 13 1 0 2
node 14 1 0 2
node 39 1 0 0
node 42 1 0 0
node 51 1 0 0
node 68 1 0 0
node 77 1 0 0
gene  1 1 8 3.845364448933408 0 98.0 3.845364448933408 1
gene  1 2 8 1.252865737737579 0 99.0 1.252865737737579 1
gene  1 3 8 1.4815147753574478 0 100.0 1.4815147753574478 1
gene  1 4 8 3.289142012075729 0 101.0 3.289142012075729 1
gene  1 5 8 -3.501679235218714 0 102.0 -3.501679235218714 1
gene  1 6 8 2.0184675767247127 0 103.0 2.0184675767247127 1
gene  1 8 8 1.9141803551638907 1 105.0 1.9141803551638907 1
gene  1 13 8 -1.0864811508068715 1 110.0 -1.0864811508068715 1
gene  1 14 8 17.688851990031772 1 111.0 17.688851990031772 1
gene  1 3 13 -2.247432714093434 0 170.0 -2.247432714093434 1
gene  1 5 13 0.773081691741207 0 172.0 0.773081691741207 1
gene  1 7 13 3.0485648605388995 0 174.0 3.0485648605388995 1
gene  1 13 13 2.4138376976234026 1 180.0 2.4138376976234026 1
gene  1 2 14 6.788724804120211 0 183.0 6.788724804120211 1
gene  1 4 14 -2.0714641534613616 0 185.0 -2.0714641534613616 1
gene  1 6 14 -0.4605814984884894 0 187.0 -0.4605814984884894 1
gene  1 8 14 5.14453072567339 0 189.0 5.14453072567339 1
gene  1 13 14 4.053759139884155 0 194.0 4.053759139884155 1
gene  1 2 13 1.1491139540946445 0 213.0 1.1491139540946445 1
gene  1 4 13 2.5980060278495563 0 230.0 2.5980060278495563 1
gene  1 13 8 -0.04388861236906266 0 244.0 -0.04388861236906266 1
gene  1 7 14 -0.050709376598752076 0 264.0 -0.050709376598752076 1
gene  1 1 14 2.0943937880301027 0 299.0 2.0943937880301027 1
gene  1 5 14 -5.480404684369139 0 310.0 -5.480404684369139 1
gene  1 1 13 -4.812468030109132 0 311.0 -4.812468030109132 1
gene  1 13 39 0.01859053686821266 0 344.0 0.01859053686821266 1
gene  1 39 8 1.5193578090583346 0 345.0 1.5193578090583346 1
gene  1 6 13 1.2420822342742401 0 348.0 1.2420822342742401 1
gene  1 2 42 1.7500009061893318 0 359.0 1.7500009061893318 1
gene  1 42 14 -3.769819753916794 0 360.0 -3.769819753916794 1
gene  1 13 42 -6.244727778547585 0 366.0 -6.244727778547585 1
gene  1 5 51 -1.227671582343525 0 396.0 -1.227671582343525 1
gene  1 51 14 6.638573854273887 0 397.0 6.638573854273887 1
gene  1 6 42 1.9094133621531357 0 423.0 1.9094133621531357 1
gene  1 39 42 -0.18522361371934887 0 426.0 -0.18522361371934887 1
gene  1 51 13 1.517424982531324 0 475.0 1.517424982531324 1
gene  1 39 14 -4.438039078242083 0 476.0 -4.438039078242083 1
gene  1 5 39 -1.5951784277807124 0 485.0 -1.5951784277807124 1
gene  1 5 68 -0.8202521620631642 0 493.0 -0.8202521620631642 1
gene  1 68 39 -0.6906575036403151 0 494.0 -0.6906575036403151 1
gene  1 4 51 4.212716178369217 0 514.0 4.212716178369217 1
gene  1 39 77 -2.170892082991332 0 528.0 -2.170892082991332 1
gene  1 77 8 0.7808845051357385 0 529.0 0.7808845051357385 1
genomeend 2
genomestart  3
trait 1 1.4256522994671585 1.6350426995209824 0.747276035170299 2.969549466943627 0.71872319980739 0.4404084300883778 0.7201715107197918 0.2837832966800675 
node 1 1 1 1
node 2 1 1 1
node 3 1 1 1
node 4 1 1 1
node 5 1 1 1
node 6 1 1 1
node 7 1 1 3
node 8 1 0 0
node 13 1 0 2
node 14 1 0 2
node 39 1 0 0
node 42 1 0 0
node 51 1 0 0
node 68 1 0 0
node 77 1 0 0
gene  1 1 8 0.17553520289057367 0 98.0 0.17553520289057367 1
gene  1 2 8 2.319054957098018 0 99.0 2.319054957098018 1
gene  1 3 8 -1.4931118438161186 0 100.0 -1.4931118438161186 1
gene  1 4 8 3.138392993076172 0 101.0 3.138392993076172 1
gene  1 5 8 2.4731313676557134 0 102.0 2.4731313676557134 1
gene  1 6 8 0.0634394360586148 0 103.0 0.0634394360586148 1
gene  1 8 8 0.641720964368554 1 105.0 0.641720964368554 1
gene  1 13 8 0.7952957293714678 1 110.0 0.7952957293714678 1
gene  1 14 8 19.83842709133287 1 111.0 19.83842709133287 1
gene  1 3 13 -0.4122515808883592 0 170.0 -0.4122515808883592 1
gene  1 5 13 1.2171759458952471 0 172.0 1.2171759458952471 1
gene  1 7 13 -0.5247039025769042 0 174.0 -0.5247039025769042 1
gene  1 13 13 -0.18881890167588122 1 180.0 -0.18881890167588122 1
gene  1 2 14 4.634683813990399 0 183.0 4.634683813990399 1
gene  1 4 14 1.8933055814588484 0 185.0 1.8933055814588484 1
gene  1 6 14 3.017849478567419 0 187.0 3.017849478567419 1
gene  1 8 14 2.700281049422612 0 189.0 2.700281049422612 1
gene  1 13 14 5.067148809935382 0 194.0 5.067148809935382 1
gene  1 2 13 1.5379287689284602 0 213.0 1.5379287689284602 1
gene  1 4 13 -1.1292107632510218 0 230.0 -1.1292107632510218 1
gene  1 13 8 -1.6660767844358735 0 244.0 -1.6660767844358735 1
gene  1 7 14 -0.6072119497104056 0 264.0 -0.6072119497104056 1
gene  1 1 14 3.406826455408692 0 299.0 3.406826455408692 1
gene  1 5 14 -6.604193994689749 0 310.0 -6.604193994689749 1
gene  1 1 13 -4.505168739325324 0 311.0 -4.505168739325324 1
gene  1 13 39 -0.8362511431523301 0 344.0 -0.8362511431523301 1
gene  1 39 8 -1.6110002905787875 0 345.0 -1.6110002905787875 1
gene  1 6 13 1.499911618514019 0 348.0 1.499911618514019 1
gene  1 2 42 1.5405855961047257 0 359.0 1.5405855961047257 1
gene  1 42 14 -4.42098112526054 0 360.0 -4.42098112526054 1
gene  1 13 42 -6.460921362090221 0 366.0 -6.460921362090221 1
gene  1 5 51 0.3398883502921608 0 396.0 0.3398883502921608 1
gene  1 51 14 2.3136307444050184 0 397.0 2.3136307444050184 1
gene  1 6 42 0.8180998456804129 0 423.0 0.8180998456804129 1
gene  1 39 42 -0.06572175063327196 0 426.0 -0.06572175063327196 1
gene  1 51 13 1.4102562880885685 0 475.0 1.4102562880885685 1
gene  1 39 14 -5.069876411928245 0 476.0 -5.069876411928245 1
gene  1 5 39 -3.8366944645037058 0 485.0 -3.8366944645037058 1
gene  1 5 68 -1.2924417134056627 0 493.0 -1.2924417134056627 1
gene  1 68 39 -2.2048130508623363 0 494.0 -2.2048130508623363 1
gene  1 4 51 6.2607198734796885 0 514.0 6.2607198734796885 1
gene  1 39 77 0.5078627600513236 0 528.0 0.5078627600513236 1
gene  1 77 8 5.46719088618428 0 529.0 5.46719088618428 1
genomeend 3
genomestart  4
trait 1 1.4256522994671585 1.6350426995209824 0.747276035170299 2.969549466943627 0.71872319980739 0.4404084300883778 0.7201715107197918 0.2837832966800675 
node 1 1 1 1
node 2 1 1 1
node 3 1 1 1
node 4 1 1 1
node 5 1 1 1
node 6 1 1 1
node 7 1 1 3
node 8 1 0 0
node 13 1 0 2
node 14 1 0 2
node 39 1 0 0
node 42 1 0 0
node 51 1 0 0
node 68 1 0 0
node 77 1 0 0
gene  1 1 8 3.8446917278169757 0 98.0 3.8446917278169757 1
gene  1 2 8 -0.6846558216566796 0 99.0 -0.6846558216566796 1
gene  1 3 8 -1.4775753335502864 0 100.0 -1.4775753335502864 1
gene  1 4 8 1.3660484285673682 0 101.0 1.3660484285673682 1
gene  1 5 8 1.0654687578621604 0 102.0 1.0654687578621604 1
gene  1 6 8 -0.7651322041729556 0 103.0 -0.7651322041729556 1
gene  1 8 8 0.7071997284967861 1 105.0 0.7071997284967861 1
gene  1 13 8 -1.2480129969941984 1 110.0 -1.2480129969941984 1
gene  1 14 8 -1.5143591575372666 1 111.0 -1.5143591575372666 1
gene  1 3 13 0.29051577040042653 0 170.0 0.29051577040042653 1
gene  1 5 13 -1.0760045690806461 0 172.0 -1.0760045690806461 1
gene  1 7 13 0.3285417238199251 0 174.0 0.3285417238199251 1
gene  1 13 13 3.4706131031624485 1 180.0 3.4706131031624485 1
gene  1 2 14 3.795696015056821 0 183.0 3.795696015056821 1
gene  1 4 14 -4.062722294572506 0 185.0 -4.062722294572506 1
gene  1 6 14 0.7803312998723875 0 187.0 0.7803312998723875 1
gene  1 8 14 4.691222228149561 0 189.0 4.691222228149561 1
gene  1 13 14 5.817628767488799 0 194.0 5.817628767488799 1
gene  1 2 13 0.1498568109760704 0 213.0 0.1498568109760704 1
gene  1 4 13 6.7990055632645205 0 230.0 6.7990055632645205 1
gene  1 13 8 -0.3176155809968783 0 244.0 -0.3176155809968783 1
gene  1 7 14 -0.8591864595920701 0 264.0 -0.8591864595920701 1
gene  1 1 14 2.409781063806042 0 299.0 2.409781063806042 1
gene  1 5 14 -5.325695095450801 0 310.0 -5.325695095450801 1
gene  1 1 13 -6.520056355881094 0 311.0 -6.520056355881094 1
gene  1 13 39 -2.21451193117057 0 344.0 -2.21451193117057 1
gene  1 39 8 -4.96308595963022 0 345.0 -4.96308595963022 1
gene  1 6 13 -0.7973141845968277 0 348.0 -0.7973141845968277 1
gene  1 2 42 0.055209141525093486 0 359.0 0.055209141525093486 1
gene  1 42 14 -5.2440582649222645 0 360.0 -5.2440582649222645 1
gene  1 13 42 -5.684465867797566 0 366.0 -5.684465867797566 1
gene  1 5 51 0.006908181152437409 0 396.0 0.006908181152437409 1
gene  1 51 14 6.0274127857338895 0 397.0 6.0274127857338895 1
gene  1 6 42 2.2470660963523152 0 423.0 2.2470660963523152 1
gene  1 39 42 -1.4747504405763554 0 426.0 -1.4747504405763554 1
gene  1 51 13 -0.5693276932558167 0 475.0 -0.5693276932558167 1
gene  1 39 14 -3.73584309388595 0 476.0 -3.73584309388595 1
gene  1 5 39 -3.5716088239953887 0 485.0 -3.5716088239953887 1
gene  1 5 68 -2.8265758185331076 0 493.0 -2.8265758185331076 1
gene  1 68 39 -1.2397487519376118 0 494.0 -1.2397487519376118 1
gene  1 4 51 1.7379506719925617 0 514.0 1.7379506719925617 1
gene  1 39 77 2.6017668759209713 0 528.0 2.6017668759209713 1
gene  1 77 8 4.049782995163936 0 529.0 4.049782995163936 1
genomeend 4
genomestart  5
trait 1 2.732431393943948 0.0 0.0 0.798512545900133 0.9382603138953756 0.0 1.9280392103089152 0.8152719799274877 
node 1 1 1 1
node 2 1 1 1
node 3 1 1 1
node 4 1 1 1
node 5 1 1 1
node 6 1 1 1
node 7 1 1 3
node 8 1 0 0
node 9 1 0 0
node 10 1 0 0
node 13 1 0 2
node 14 1 0 2
node 28 1 0 0
node 41 1 0 0
node 43 1 0 0
node 47 1 0 0
node 62 1 0 0
gene  1 1 8 -13.696956292129274 0 98.0 -13.696956292129274 1
gene  1 3 8 2.912893164324839 0 100.0 2.912893164324839 1
gene  1 5 8 0.16495091385980598 0 102.0 0.16495091385980598 1
gene  1 6 8 2.23853840415292 0 103.0 2.23853840415292 1
gene  1 8 8 -0.5266405295850554 1 105.0 -0.5266405295850554 1
gene  1 1 9 -2.8702183392714127 0 112.0 -2.8702183392714127 1
gene  1 2 9 1.7982775558205395 0 113.0 1.7982775558205395 1
gene  1 3 9 8.79167005338435 0 114.0 8.79167005338435 1
gene  1 5 9 1.7617968778503794 0 116.0 1.7617968778503794 1
gene  1 7 9 -3.701874230702371 0 118.0 -3.701874230702371 1
gene  1 9 9 2.607615657621329 1 120.0 2.607615657621329 1
gene  1 10 9 1.0963841701946957 1 121.0 1.0963841701946957 1
gene  1 13 9 8.43978255845133 1 124.0 8.43978255845133 1
gene  1 2 10 -2.0502316152857976 0 127.0 -2.0502316152857976 1
gene  1 4 10 0.48434991807884864 0 129.0 0.48434991807884864 1
gene  1 5 10 2.358976784328197 0 130.0 2.358976784328197 1
gene  1 8 10 -6.867325306723864 0 133.0 -6.867325306723864 1
gene  1 9 10 6.092615766398583 0 134.0 6.092615766398583 1
gene  1 10 10 1.5075602031678053 1 135.0 1.5075602031678053 1
gene  1 13 10 -6.009688376997929 1 138.0 -6.009688376997929 1
gene  1 14 10 -12.33894007827923 1 139.0 -12.33894007827923 1
gene  1 2 13 5.114335613651767 0 169.0 5.114335613651767 1
gene  1 3 13 0.8870623550713622 0 170.0 0.8870623550713622 1
gene  1 6 13 -3.0389773421693533 0 173.0 -3.0389773421693533 1
gene  1 7 13 6.240997426312665 0 174.0 6.240997426312665 1
gene  1 9 13 -4.8652219141423405 0 176.0 -4.8652219141423405 1
gene  1 13 13 1.826999323298101 1 180.0 1.826999323298101 1
gene  1 14 13 4.140256961978184 1 181.0 4.140256961978184 1
gene  1 1 14 -2.523300608051664 0 182.0 -2.523300608051664 1
gene  1 3 14 -2.2029107833785213 0 184.0 -2.2029107833785213 1
gene  1 9 14 2.270384809993508 0 190.0 2.270384809993508 1
gene  1 10 14 -6.402580952891531 0 191.0 -6.402580952891531 1
gene  1 8 13 -1.873090922652958 0 207.0 -1.873090922652958 1
gene  1 1 10 0.38998168631741326 0 226.0 0.38998168631741326 1
gene  1 6 14 -0.06863403555750036 0 234.0 -0.06863403555750036 1
gene  1 8 28 -0.3124360082415187 1 293.0 -0.3124360082415187 1
gene  1 28 8 -2.774242211756901 0 294.0 -2.774242211756901 1
gene  1 8 9 -2.6708753012756485 0 328.0 -2.6708753012756485 1
gene  1 8 41 0.9680090895639017 1 357.0 0.9680090895639017 1
gene  1 41 8 0.46725645893760703 0 358.0 0.46725645893760703 1
gene  1 14 43 2.2157760531060964 1 364.0 2.2157760531060964 1
gene  1 43 10 1.7876452801723302 0 365.0 1.7876452801723302 1
gene  1 5 47 0.358090778572697 0 375.0 0.358090778572697 1
gene  1 47 9 6.192501919342244 0 376.0 6.192501919342244 1
gene  1 41 14 1.32771229251217 0 387.0 1.32771229251217 1
gene  1 4 28 -2.856164735834715 0 419.0 -2.856164735834715 1
gene  1 2 28 1.0515780056358601 0 429.0 1.0515780056358601 1
gene  1 1 62 1.6590260187850023 0 470.0 1.6590260187850023 1
gene  1 62 9 -2.4040435750093305 0 471.0 -2.4040435750093305 1
gene  1 8 14 -1.7352540467832351 0 484.0 -1.7352540467832351 1
gene  1 1 13 1.2693773253317169 0 489.0 1.2693773253317169 1
gene  1 28 10 -0.6863058161877511 0 510.0 -0.6863058161877511 1
gene  1 2 41 -0.5494393579358217 0 515.0 -0.5494393579358217 1
gene  1 41 47 1.0742408935884757 0 548.0 1.0742408935884757 1
genomeend 5
genomestart  6
trait 1 2.732431393943948 0.0 0.0 0.798512545900133 0.9382603138953756 0.0 1.9280392103089152 0.8152719799274877 
node 1 1 1 1
node 2 1 1 1
node 3 1 1 1
node 4 1 1 1
node 5 1 1 1
node 6 1 1 1
node 7 1 1 3
node 8 1 0 0
node 9 1 0 0
node 10 1 0 0
node 13 1 0 2
node 14 1 0 2
node 28 1 0 0
node 41 1 0 0
node 43 1 0 0
node 47 1 0 0
node 62 1 0 0
gene  1 1 8 -15.90662851542115 0 98.0 -15.90662851542115 1
gene  1 3 8 1.4776276485323485 0 100.0 1.4776276485323485 1
gene  1 5 8 -0.9554350000833935 0 102.0 -0.9554350000833935 1
gene  1 6 8 2.017456986337682 0 103.0 2.017456986337682 1
gene  1 8 8 2.4835985312345783 1 105.0 2.4835985312345783 1
gene  1 1 9 -3.6992849877560277 0 112.0 -3.6992849877560277 1
gene  1 2 9 -0.12916823846442094 0 113.0 -0.12916823846442094 1
gene  1 3 9 10.44390784547767 0 114.0 10.44390784547767 1
gene  1 5 9 1.2310397271685072 0 116.0 1.2310397271685072 1
gene  1 7 9 2.08556286949267 0 118.0 2.08556286949267 1
gene  1 9 9 2.34223529339179 1 120.0 2.34223529339179 1
gene  1 10 9 2.5981331951076556 1 121.0 2.5981331951076556 1
gene  1 13 9 4.418969738301632 1 124.0 4.418969738301632 1
gene  1 2 10 -3.0141789571883137 0 127.0 -3.0141789571883137 1
gene  1 4 10 -0.7414518070302996 0 129.0 -0.7414518070302996 1
gene  1 5 10 1.5445159235916774 0 130.0 1.5445159235916774 1
gene  1 8 10 -5.411924077465818 0 133.0 -5.411924077465818 1
gene  1 9 10 8.470774279240647 0 134.0 8.470774279240647 1
gene  1 10 10 -1.7845665041415726 1 135.0 -1.7845665041415726 1
gene  1 13 10 -6.8848750144841 1 138.0 -6.8848750144841 1
gene  1 14 10 -14.35031857908665 1 139.0 -14.35031857908665 1
gene  1 2 13 3.1306842489058204 0 169.0 3.1306842489058204 1
gene  1 3 13 1.5069997382810956 0 170.0 1.5069997382810956 1
gene  1 6 13 -0.40336160506936514 0 173.0 -0.40336160506936514 1
gene  1 7 13 0.16312260472455847 0 174.0 0.16312260472455847 1
gene  1 9 13 -4.67252607739701 0 176.0 -4.67252607739701 1
gene  1 13 13 -1.4145534550935208 1 180.0 -1.4145534550935208 1
gene  1 14 13 6.779243553495971 1 181.0 6.779243553495971 1
gene  1 1 14 -4.565970637004521 0 182.0 -4.565970637004521 1
gene  1 3 14 -0.617493648683376 0 184.0 -0.617493648683376 1
gene  1 9 14 0.28863389110944726 0 190.0 0.28863389110944726 1
gene  1 10 14 1.620182989168668 0 191.0 1.620182989168668 1
gene  1 8 13 -3.0405551179225445 0 207.0 -3.0405551179225445 1
gene  1 1 10 2.0829968260347305 0 226.0 2.0829968260347305 1
gene  1 6 14 -1.7408650734920688 0 234.0 -1.7408650734920688 1
gene  1 8 28 -0.45655806693667844 1 293.0 -0.45655806693667844 1
gene  1 28 8 -5.385057050563106 0 294.0 -5.385057050563106 1
gene  1 8 9 -5.768498854129042 0 328.0 -5.768498854129042 1
gene  1 8 41 1.0159377408347905 1 357.0 1.0159377408347905 1
gene  1 41 8 -0.9669796007028715 0 358.0 -0.9669796007028715 1
gene  1 14 43 5.908250775231155 1 364.0 5.908250775231155 1
gene  1 43 10 0.21885446029812172 0 365.0 0.21885446029812172 1
gene  1 5 47 -0.685491938697746 0 375.0 -0.685491938697746 1
gene  1 47 9 0.8628887533403007 0 376.0 0.8628887533403007 1
gene  1 41 14 -1.6669348484708921 0 387.0 -1.6669348484708921 1
gene  1 4 28 -0.5563830596280739 0 419.0 -0.5563830596280739 1
gene  1 2 28 -0.4440367958007334 0 429.0 -0.4440367958007334 1
gene  1 1 62 0.3501873592830549 0 470.0 0.3501873592830549 1
gene  1 62 9 -2.6876177954535327 0 471.0 -2.6876177954535327 1
gene  1 8 14 -1.6378205642919899 0 484.0 -1.6378205642919899 1
gene  1 1 13 3.9042904564479888 0 489.0 3.9042904564479888 1
gene  1 28 10 2.0633982262794985 0 510.0 2.0633982262794985 1
gene  1 2 41 -0.5102567231338067 0 515.0 -0.5102567231338067 1
gene  1 41 47 1.8481436120215715 0 548.0 1.8481436120215715 1
genomeend 6
genomestart  7
trait 1 2.732431393943948 0.0 0.0 0.798512545900133 0.9382603138953756 0.0 1.9280392103089152 0.8152719799274877 
node 1 1 1 1
node 2 1 1 1
node 3 1 1 1
node 4 1 1 1
node 5 1 1 1
node 6 1 1 1
node 7 1 1 3
node 8 1 0 0
node 9 1 0 0
node 10 1 0 0
node 13 1 0 2
node 14 1 0 2
node 28 1 0 0
node 41 1 0 0
node 43 1 0 0
node 47 1 0 0
node 62 1 0 0
gene  1 1 8 -15.0781872365383 0 98.0 -15.0781872365383 1
gene  1 3 8 2.0615880636539536 0 100.0 2.0615880636539536 1
gene  1 5 8 -0.9441901502192698 0 102.0 -0.9441901502192698 1
gene  1 6 8 2.017456986337682 0 103.0 2.017456986337682 1
gene  1 8 8 0.514194479000923 1 105.0 0.514194479000923 1
gene  1 1 9 -3.6992849877560277 0 112.0 -3.6992849877560277 1
gene  1 2 9 0.03384324267186001 0 113.0 0.03384324267186001 1
gene  1 3 9 9.988218065300781 0 114.0 9.988218065300781 1
gene  1 5 9 0.2799019185300624 0 116.0 0.2799019185300624 1
gene  1 7 9 -4.260651622616108 0 118.0 -4.260651622616108 1
gene  1 9 9 2.34223529339179 1 120.0 2.34223529339179 1
gene  1 10 9 3.0549711082460154 1 121.0 3.0549711082460154 1
gene  1 13 9 6.57005258999021 1 124.0 6.57005258999021 1
gene  1 2 10 -3.0141789571883137 0 127.0 -3.0141789571883137 1
gene  1 4 10 -0.7414518070302996 0 129.0 -0.7414518070302996 1
gene  1 5 10 2.67197755562894 0 130.0 2.67197755562894 1
gene  1 8 10 -7.130739795765562 0 133.0 -7.130739795765562 1
gene  1 9 10 6.089727972103487 0 134.0 6.089727972103487 1
gene  1 10 10 0.14614879218450327 1 135.0 0.14614879218450327 1
gene  1 13 10 -5.029581009126482 1 138.0 -5.029581009126482 1
gene  1 14 10 -14.496342211021311 1 139.0 -14.496342211021311 1
gene  1 2 13 3.1306842489058204 0 169.0 3.1306842489058204 1
gene  1 3 13 0.11013343452156854 0 170.0 0.11013343452156854 1
gene  1 6 13 -2.2971971750512514 0 173.0 -2.2971971750512514 1
gene  1 7 13 4.43098705060092 0 174.0 4.43098705060092 1
gene  1 9 13 -3.5671453669434277 0 176.0 -3.5671453669434277 1
gene  1 13 13 -0.6200367302316564 1 180.0 -0.6200367302316564 1
gene  1 14 13 4.436117887599373 1 181.0 4.436117887599373 1
gene  1 1 14 -3.930837272944686 0 182.0 -3.930837272944686 1
gene  1 3 14 -3.9453134979846407 0 184.0 -3.9453134979846407 1
gene  1 9 14 1.6503716644480222 0 190.0 1.6503716644480222 1
gene  1 10 14 -4.1156987637371785 0 191.0 -4.1156987637371785 1
gene  1 8 13 -3.241414914066832 0 207.0 -3.241414914066832 1
gene  1 1 10 2.3138445018280374 0 226.0 2.3138445018280374 1
gene  1 6 14 -1.497233307682615 0 234.0 -1.497233307682615 1
gene  1 8 28 0.053104085833516335 1 293.0 0.053104085833516335 1
gene  1 28 8 -3.432745245049129 0 294.0 -3.432745245049129 1
gene  1 8 9 -4.135087348522391 0 328.0 -4.135087348522391 1
gene  1 8 41 1.0159377408347905 1 357.0 1.0159377408347905 1
gene  1 41 8 0.4485693056401401 0 358.0 0.4485693056401401 1
gene  1 14 43 3.842527550061759 1 364.0 3.842527550061759 1
gene  1 43 10 -0.671399557244917 0 365.0 -0.671399557244917 1
gene  1 5 47 -0.5959065852482119 0 375.0 -0.5959065852482119 1
gene  1 47 9 5.217271794040409 0 376.0 5.217271794040409 1
gene  1 41 14 -0.5566652344354589 0 387.0 -0.5566652344354589 1
gene  1 4 28 -2.856164735834715 0 419.0 -2.856164735834715 1
gene  1 2 28 1.0515780056358601 0 429.0 1.0515780056358601 1
gene  1 1 62 0.8680007022167002 0 470.0 0.8680007022167002 1
gene  1 62 9 -2.6876177954535327 0 471.0 -2.6876177954535327 1
gene  1 8 14 -1.7352540467832351 0 484.0 -1.7352540467832351 1
gene  1 1 13 2.2533509221115784 0 489.0 2.2533509221115784 1
gene  1 28 10 -0.24884849445195 0 510.0 -0.24884849445195 1
gene  1 2 41 -0.5494393579358217 0 515.0 -0.5494393579358217 1
gene  1 41 47 1.0742408935884757 0 548.0 1.0742408935884757 1
gene  1 43 41 -0.9941268500850253 0 592.0 -0.9941268500850253 1
genomeend 7
genomestart  8
trait 1 1.25352831297754 0.8873748177225173 0.0 0.19410325956016972 3.1752136023158166 0.0 0.43020198755204186 0.8886638356595803 
node 1 1 1 1
node 2 1 1 1
node 3 1 1 1
node 4 1 1 1
node 5 1 1 1
node 6 1 1 1
node 7 1 1 3
node 8 1 0 0
node 13 1 0 2
node 14 1 0 2
node 22 1 0 0
node 25 1 0 0
node 29 1 0 0
node 57 1 0 0
node 65 1 0 0
node 76 1 0 0
node 87 1 0 0
gene  1 1 8 -5.370709917478369 0 98.0 -5.370709917478369 1
gene  1 3 8 -1.3171359624549461 0 100.0 -1.3171359624549461 1
gene  1 4 8 -13.044580930008678 0 101.0 -13.044580930008678 1
gene  1 5 8 1.7303391529597452 0 102.0 1.7303391529597452 1
gene  1 6 8 0.7401176723634959 0 103.0 0.7401176723634959 1
gene  1 8 8 -9.046822446845457 1 105.0 -9.046822446845457 1
gene  1 1 13 2.295747864867172 0 168.0 2.295747864867172 1
gene  1 5 13 -2.3534274723992312 0 172.0 -2.3534274723992312 1
gene  1 13 13 2.9784829272261932 1 180.0 2.9784829272261932 1
gene  1 14 13 -8.775388924125048 1 181.0 -8.775388924125048 1
gene  1 2 14 1.1832774032368074 0 183.0 1.1832774032368074 1
gene  1 3 14 15.017816306328251 0 184.0 15.017816306328251 1
gene  1 5 14 -4.750047876388784 0 186.0 -4.750047876388784 1
gene  1 7 14 -1.8988632602184552 0 188.0 -1.8988632602184552 1
gene  1 8 14 1.9781849070189312 0 189.0 1.9781849070189312 1
gene  1 13 14 -0.9977068901394409 0 194.0 -0.9977068901394409 1
gene  1 2 13 -4.938581403057401 0 236.0 -4.938581403057401 1
gene  1 8 22 -5.184789032263339 0 240.0 -5.184789032263339 1
gene  1 22 14 -1.6342808256026813 0 241.0 -1.6342808256026813 1
gene  1 1 22 -0.11623051968489606 0 245.0 -0.11623051968489606 1
gene  1 13 8 -0.23348091308015828 0 257.0 -0.23348091308015828 1
gene  1 5 22 6.124905984987295 0 265.0 6.124905984987295 1
gene  1 1 25 0.6208433475895438 0 279.0 0.6208433475895438 1
gene  1 25 8 -2.059241754334248 0 280.0 -2.059241754334248 1
gene  1 8 29 2.8363137091457546 0 297.0 2.8363137091457546 1
gene  1 29 14 -5.709955429701825 0 298.0 -5.709955429701825 1
gene  1 1 14 1.5676009042950616 0 312.0 1.5676009042950616 1
gene  1 2 29 0.7894016849094931 0 330.0 0.7894016849094931 1
gene  1 5 25 2.7918353140905823 0 343.0 2.7918353140905823 1
gene  1 6 29 -2.066547819667564 0 386.0 -2.066547819667564 1
gene  1 22 29 -5.736795322445917 0 416.0 -5.736795322445917 1
gene  1 4 14 0.7748979767639862 0 424.0 0.7748979767639862 1
gene  1 4 29 -1.1100571487250763 0 432.0 -1.1100571487250763 1
gene  1 8 57 -0.8026447556639558 0 437.0 -0.8026447556639558 1
gene  1 57 14 -3.150733171843144 0 438.0 -3.150733171843144 1
gene  1 3 22 0.259574833438343 0 440.0 0.259574833438343 1
gene  1 2 25 -2.167341491951796 0 455.0 -2.167341491951796 1
gene  1 1 65 1.9801048596123172 0 481.0 1.9801048596123172 1
gene  1 65 25 2.1857989885474756 0 482.0 2.1857989885474756 1
gene  1 8 76 -2.3782180715473635 0 525.0 -2.3782180715473635 1
gene  1 76 22 -1.59365972777983 0 526.0 -1.59365972777983 1
gene  1 2 87 1.204552566859423 0 560.0 1.204552566859423 1
gene  1 87 14 -1.6625329094797103 0 561.0 -1.6625329094797103 1
genomeend 8
genomestart  9
trait 1 0.5140788408839586 0.8873748177225173 0.2441704853234845 0.19410325956016972 3.1752136023158166 0.0 0.8455906169698789 0.8886638356595803 
node 1 1 1 1
node 2 1 1 1
node 3 1 1 1
node 4 1 1 1
node 5 1 1 1
node 6 1 1 1
node 7 1 1 3
node 8 1 0 0
node 13 1 0 2
node 14 1 0 2
node 22 1 0 0
node 25 1 0 0
node 29 1 0 0
node 57 1 0 0
node 65 1 0 0
node 76 1 0 0
node 87 1 0 0
gene  1 1 8 -4.5208683657895525 0 98.0 -4.5208683657895525 1
gene  1 3 8 -0.9955794885843811 0 100.0 -0.9955794885843811 1
gene  1 4 8 -11.47621390451023 0 101.0 -11.47621390451023 1
gene  1 5 8 4.993503409698778 0 102.0 4.993503409698778 1
gene  1 6 8 -2.1371369575892745 0 103.0 -2.1371369575892745 1
gene  1 8 8 -7.0411551285665315 1 105.0 -7.0411551285665315 1
gene  1 1 13 1.8079739915508501 0 168.0 1.8079739915508501 1
gene  1 5 13 -2.9323679656527126 0 172.0 -2.9323679656527126 1
gene  1 13 13 1.4537239200424852 1 180.0 1.4537239200424852 1
gene  1 14 13 -10.348705837240832 1 181.0 -10.348705837240832 1
gene  1 2 14 2.0299643001080803 0 183.0 2.0299643001080803 1
gene  1 3 14 15.523516703007001 0 184.0 15.523516703007001 1
gene  1 5 14 -0.18672872213519387 0 186.0 -0.18672872213519387 1
gene  1 7 14 -3.0014064302553507 0 188.0 -3.0014064302553507 1
gene  1 8 14 -0.35789901109425815 0 189.0 -0.35789901109425815 1
gene  1 13 14 0.2960655427923523 0 194.0 0.2960655427923523 1
gene  1 2 13 -4.974512145386511 0 236.0 -4.974512145386511 1
gene  1 8 22 -3.1871967682057822 0 240.0 -3.1871967682057822 1
gene  1 22 14 0.11721190109385571 0 241.0 0.11721190109385571 1
gene  1 1 22 -0.7528274120852823 0 245.0 -0.7528274120852823 1
gene  1 13 8 -0.3102391422586508 0 257.0 -0.3102391422586508 1
gene  1 5 22 -0.3332998858866665 0 265.0 -0.3332998858866665 1
gene  1 1 25 1.6623978760000016 0 279.0 1.6623978760000016 1
gene  1 25 8 0.3339891288415467 0 280.0 0.3339891288415467 1
gene  1 8 29 1.9786267003937255 0 297.0 1.9786267003937255 1
gene  1 29 14 -5.660859144617665 0 298.0 -5.660859144617665 1
gene  1 1 14 1.5730980149234561 0 312.0 1.5730980149234561 1
gene  1 2 29 2.066977421883156 0 330.0 2.066977421883156 1
gene  1 5 25 1.2414192994870956 0 343.0 1.2414192994870956 1
gene  1 6 29 -3.2342483852503534 0 386.0 -3.2342483852503534 1
gene  1 22 29 -5.361472076275221 0 416.0 -5.361472076275221 1
gene  1 4 14 4.045415905195231 0 424.0 4.045415905195231 1
gene  1 4 29 0.21875314624108055 0 432.0 0.21875314624108055 1
gene  1 8 57 -1.6222905838956014 0 437.0 -1.6222905838956014 1
gene  1 57 14 -3.927280231862623 0 438.0 -3.927280231862623 1
gene  1 3 22 -6.064754387873438 0 440.0 -6.064754387873438 1
gene  1 2 25 -0.04890846838734364 0 455.0 -0.04890846838734364 1
gene  1 1 65 -3.9949158141890395 0 481.0 -3.9949158141890395 1
gene  1 65 25 4.4136732333271205 0 482.0 4.4136732333271205 1
gene  1 8 76 1.8444399813058514 0 525.0 1.8444399813058514 1
gene  1 76 22 0.7803252435766779 0 526.0 0.7803252435766779 1
gene  1 2 87 -2.71614963257949 0 560.0 -2.71614963257949 1
gene  1 87 14 0.7524547078954127 0 561.0 0.7524547078954127 1
genomeend 9
genomestart  10
trait 1 1.3447138449040668 0.0 0.2441704853234845 0.0 3.1752136023158166 0.0 0.8455906169698789 0.8886638356595803 
node 1 1 1 1
node 2 1 1 1
node 3 1 1 1
node 4 1 1 1
node 5 1 1 1
node 6 1 1 1
node 7 1 1 3
node 8 1 0 0
node 13 1 0 2
node 14 1 0 2
node 22 1 0 0
node 25 1 0 0
node 29 1 0 0
node 57 1 0 0
node 65 1 0 0
node 76 1 0 0
node 87 1 0 0
gene  1 1 8 -4.488279783483787 0 98.0 -4.488279783483787 1
gene  1 3 8 0.611875549696338 0 100.0 0.611875549696338 1
gene  1 4 8 -9.278210349229312 0 101.0 -9.278210349229312 1
gene  1 5 8 1.4376589016274108 0 102.0 1.4376589016274108 1
gene  1 6 8 -1.6191526367472762 0 103.0 -1.6191526367472762 1
gene  1 8 8 -6.10583501324056 1 105.0 -6.10583501324056 1
gene  1 1 13 -0.45602284545897165 0 168.0 -0.45602284545897165 1
gene  1 5 13 -2.65926905144948 0 172.0 -2.65926905144948 1
gene  1 13 13 1.2837964406026403 1 180.0 1.2837964406026403 1
gene  1 14 13 -7.429680720415614 1 181.0 -7.429680720415614 1
gene  1 2 14 0.8455663929117846 0 183.0 0.8455663929117846 1
gene  1 3 14 13.086327625368517 0 184.0 13.086327625368517 1
gene  1 5 14 -3.4721349876456333 0 186.0 -3.4721349876456333 1
gene  1 7 14 -2.1059161971011346 0 188.0 -2.1059161971011346 1
gene  1 8 14 -0.7421959133112876 0 189.0 -0.7421959133112876 1
gene  1 13 14 -2.2935539909594747 0 194.0 -2.2935539909594747 1
gene  1 2 13 -3.605624667981153 0 236.0 -3.605624667981153 1
gene  1 8 22 -3.314014630879327 0 240.0 -3.314014630879327 1
gene  1 22 14 -0.8465821072984592 0 241.0 -0.8465821072984592 1
gene  1 1 22 -1.7263463329870765 0 245.0 -1.7263463329870765 1
gene  1 13 8 1.4757980368556356 0 257.0 1.4757980368556356 1
gene  1 5 22 1.9085740804902445 0 265.0 1.9085740804902445 1
gene  1 1 25 -0.8245831288048946 0 279.0 -0.8245831288048946 1
gene  1 25 8 0.6468457624176707 0 280.0 0.6468457624176707 1
gene  1 8 29 -1.7349765913714954 0 297.0 -1.7349765913714954 1
gene  1 29 14 -3.674665614324266 0 298.0 -3.674665614324266 1
gene  1 1 14 1.9459491490998162 0 312.0 1.9459491490998162 1
gene  1 2 29 0.23648001350747516 0 330.0 0.23648001350747516 1
gene  1 5 25 0.6471054524766306 0 343.0 0.6471054524766306 1
gene  1 6 29 -0.892859108898457 0 386.0 -0.892859108898457 1
gene  1 22 29 -6.228652293876239 0 416.0 -6.228652293876239 1
gene  1 4 14 3.726107733634733 0 424.0 3.726107733634733 1
gene  1 4 29 -3.2280118624109146 0 432.0 -3.2280118624109146 1
gene  1 8 57 -1.865527280059367 0 437.0 -1.865527280059367 1
gene  1 57 14 -2.1279908975913893 0 438.0 -2.1279908975913893 1
gene  1 3 22 -6.7050979126556065 0 440.0 -6.7050979126556065 1
gene  1 2 25 -3.7063858689723226 0 455.0 -3.7063858689723226 1
gene  1 1 65 -2.244079973558798 0 481.0 -2.244079973558798 1
gene  1 65 25 2.6918928703835774 0 482.0 2.6918928703835774 1
gene  1 8 76 3.166572702842962 0 525.0 3.166572702842962 1
gene  1 76 22 -1.204931622230861 0 526.0 -1.204931622230861 1
gene  1 2 87 -1.2745283501686013 0 560.0 -1.2745283501686013 1
gene  1 87 14 -1.060609275913147 0 561.0 -1.060609275913147 1
genomeend 10
genomestart  11
trait 1 1.9492969961009945 0.0 0.4289699328456915 1.1835456827051778 0.0 0.7294252873384013 0.042201429445747896 0.0 
node 1 1 1 1
node 2 1 1 1
node 3 1 1 1
node 4 1 1 1
node 5 1 1 1
node 6 1 1 1
node 7 1 1 3
node 13 1 0 2
node 14 1 0 2
node 49 1 0 0
node 73 1 0 0
node 81 1 0 0
gene  1 1 13 -6.919953068017627 0 168.0 -6.919953068017627 1
gene  1 2 13 -8.873110137440477 0 169.0 -8.873110137440477 1
gene  1 3 13 3.3671044421662666 0 170.0 3.3671044421662666 1
gene  1 4 13 -2.9403435431025957 0 171.0 -2.9403435431025957 1
gene  1 5 13 -4.056325385294208 0 172.0 -4.056325385294208 1
gene  1 6 13 1.0855707405607664 0 173.0 1.0855707405607664 1
gene  1 7 13 4.495526829841705 0 174.0 4.495526829841705 1
gene  1 14 13 -2.387631937282177 1 181.0 -2.387631937282177 1
gene  1 1 14 1.6480266977676021 0 182.0 1.6480266977676021 1
gene  1 2 14 6.7455225719326775 0 183.0 6.7455225719326775 1
gene  1 3 14 -3.613796209674411 0 184.0 -3.613796209674411 1
gene  1 13 14 -2.2582207547663886 0 194.0 -2.2582207547663886 1
gene  1 14 14 5.213717941773707 1 195.0 5.213717941773707 1
gene  1 7 14 -0.722720191603935 0 273.0 -0.722720191603935 1
gene  1 4 14 -1.269578910308856 0 283.0 -1.269578910308856 1
gene  1 5 14 1.076870428969956 0 303.0 1.076870428969956 1
gene  1 6 14 5.076909235899983 0 307.0 5.076909235899983 1
gene  1 3 49 0.8717405278488437 0 389.0 0.8717405278488437 1
gene  1 49 13 -1.4650217614291106 0 390.0 -1.4650217614291106 1
gene  1 5 49 7.04194782359915 0 403.0 7.04194782359915 1
gene  1 1 49 2.1690360284216763 0 430.0 2.1690360284216763 1
gene  1 7 49 2.7399403168637093 0 456.0 2.7399403168637093 1
gene  1 4 49 -7.497555405891367 0 495.0 -7.497555405891367 1
gene  1 6 73 0.2452043153628627 0 508.0 0.2452043153628627 1
gene  1 73 13 -1.231639219764112 0 509.0 -1.231639219764112 1
gene  1 6 81 -2.310662222453968 0 542.0 -2.310662222453968 1
gene  1 81 73 -1.4414872093007554 0 543.0 -1.4414872093007554 1
gene  1 81 49 -4.40453736418817 0 569.0 -4.40453736418817 1
genomeend 11
genomestart  12
trait 1 1.9492969961009945 0.0 0.4289699328456915 1.1835456827051778 0.0 0.7294252873384013 0.042201429445747896 0.0 
node 1 1 1 1
node 2 1 1 1
node 3 1 1 1
node 4 1 1 1
node 5 1 1 1
node 6 1 1 1
node 7 1 1 3
node 13 1 0 2
node 14 1 0 2
node 49 1 0 0
node 73 1 0 0
node 81 1 0 0
gene  1 1 13 -8.867788330109676 0 168.0 -8.867788330109676 1
gene  1 2 13 -9.514173308863214 0 169.0 -9.514173308863214 1
gene  1 3 13 -0.33872625547507074 0 170.0 -0.33872625547507074 1
gene  1 4 13 -1.6741482230319282 0 171.0 -1.6741482230319282 1
gene  1 5 13 -1.6735371188842905 0 172.0 -1.6735371188842905 1
gene  1 6 13 2.1016408929672457 0 173.0 2.1016408929672457 1
gene  1 7 13 4.269841527170007 0 174.0 4.269841527170007 1
gene  1 14 13 -2.125954694253145 1 181.0 -2.125954694253145 1
gene  1 1 14 0.6063361435448658 0 182.0 0.6063361435448658 1
gene  1 2 14 -0.6948019617759991 0 183.0 -0.6948019617759991 1
gene  1 3 14 -4.509374470133144 0 184.0 -4.509374470133144 1
gene  1 13 14 -0.9454130852688032 0 194.0 -0.9454130852688032 1
gene  1 14 14 0.005605149435125301 1 195.0 0.005605149435125301 1
gene  1 7 14 -1.949486717771614 0 273.0 -1.949486717771614 1
gene  1 4 14 -1.132056789257099 0 283.0 -1.132056789257099 1
gene  1 5 14 4.685234223640602 0 303.0 4.685234223640602 1
gene  1 6 14 4.434974409337514 0 307.0 4.434974409337514 1
gene  1 3 49 2.3749292774744157 0 389.0 2.3749292774744157 1
gene  1 49 13 -5.213811250151709 0 390.0 -5.213811250151709 1
gene  1 5 49 2.750392955954776 0 403.0 2.750392955954776 1
gene  1 1 49 -0.931942415343876 0 430.0 -0.931942415343876 1
gene  1 7 49 0.9767927918038697 0 456.0 0.9767927918038697 1
gene  1 4 49 -4.806449358605027 0 495.0 -4.806449358605027 1
gene  1 6 73 -1.0133582005559703 0 508.0 -1.0133582005559703 1
gene  1 73 13 -3.1336468707404443 0 509.0 -3.1336468707404443 1
gene  1 6 81 -0.6419752434123953 0 542.0 -0.6419752434123953 1
gene  1 81 73 -2.418426200484182 0 543.0 -2.418426200484182 1
gene  1 81 49 -2.2346740831790353 0 569.0 -2.2346740831790353 1
genomeend 12
genomestart  13
trait 1 0.0 0.0 0.9227523595523985 1.1036226464327767 0.10522835245191364 0.39032959932087685 0.3942619658991262 0.0 
node 1 1 1 1
node 2 1 1 1
node 3 1 1 1
node 4 1 1 1
node 5 1 1 1
node 6 1 1 1
node 7 1 1 3
node 8 1 0 0
node 9 1 0 0
node 13 1 0 2
node 14 1 0 2
node 20 1 0 0
node 56 1 0 0
node 60 1 0 0
node 79 1 0 0
node 92 1 0 0
node 94 1 0 0
gene  1 1 8 -5.140888106760676 0 98.0 -5.140888106760676 1
gene  1 2 8 -0.8745718014982666 0 99.0 -0.8745718014982666 1
gene  1 3 8 -1.2303007248065552 0 100.0 -1.2303007248065552 1
gene  1 6 8 -2.207596491889344 0 103.0 -2.207596491889344 1
gene  1 8 8 -4.802461982442405 1 105.0 -4.802461982442405 1
gene  1 9 8 -2.049508567267482 1 106.0 -2.049508567267482 1
gene  1 13 8 -5.1897915249700795 1 110.0 -5.1897915249700795 1
gene  1 14 8 -1.3495127401403813 1 111.0 -1.3495127401403813 1
gene  1 1 9 5.41945646701724 0 112.0 5.41945646701724 1
gene  1 4 9 -3.161392263033686 0 115.0 -3.161392263033686 1
gene  1 5 9 4.026449582592607 0 116.0 4.026449582592607 1
gene  1 7 9 -2.3884978154570504 0 118.0 -2.3884978154570504 1
gene  1 9 9 4.758706177894551 1 120.0 4.758706177894551 1
gene  1 14 9 0.5054511417315259 1 125.0 0.5054511417315259 1
gene  1 2 13 0.6847348861582025 0 169.0 0.6847348861582025 1
gene  1 5 13 2.304530488106395 0 172.0 2.304530488106395 1
gene  1 8 13 -1.0960046677310262 0 175.0 -1.0960046677310262 1
gene  1 1 14 2.189608361148031 0 182.0 2.189608361148031 1
gene  1 2 14 -0.3363242127931234 0 183.0 -0.3363242127931234 1
gene  1 3 14 4.204600633572552 0 184.0 4.204600633572552 1
gene  1 6 14 -2.0109345859896117 0 187.0 -2.0109345859896117 1
gene  1 13 14 -0.7074597047990381 0 194.0 -0.7074597047990381 1
gene  1 14 14 0.25732709253562386 1 195.0 0.25732709253562386 1
gene  1 5 8 -0.3291239450116916 0 202.0 -0.3291239450116916 1
gene  1 4 13 -3.2697437428312393 0 220.0 -3.2697437428312393 1
gene  1 1 20 1.6785444613780063 0 231.0 1.6785444613780063 1
gene  1 20 14 4.400956433678935 0 232.0 4.400956433678935 1
gene  1 1 13 0.34722387868467397 0 329.0 0.34722387868467397 1
gene  1 13 20 -8.136017013236147 0 337.0 -8.136017013236147 1
gene  1 4 20 -1.4920704296598535 0 339.0 -1.4920704296598535 1
gene  1 9 8 -0.9993340725989306 0 404.0 -0.9993340725989306 1
gene  1 8 14 -0.991903434963183 0 410.0 -0.991903434963183 1
gene  1 5 56 1.2794885481788865 0 434.0 1.2794885481788865 1
gene  1 56 8 -6.308881317338649 0 435.0 -6.308881317338649 1
gene  1 2 9 -0.3639939410588391 0 448.0 -0.3639939410588391 1
gene  1 3 60 3.8609298384204354 0 458.0 3.8609298384204354 1
gene  1 60 8 3.96298668422105 0 459.0 3.96298668422105 1
gene  1 1 60 -2.4740998783838393 0 479.0 -2.4740998783838393 1
gene  1 7 56 7.877677539427234 0 520.0 7.877677539427234 1
gene  1 13 79 -1.9608894527342875 0 537.0 -1.9608894527342875 1
gene  1 79 20 2.418217914779142 0 538.0 2.418217914779142 1
gene  1 3 79 1.3832946143743574 0 556.0 1.3832946143743574 1
gene  1 5 92 -2.3347264621927932 0 575.0 -2.3347264621927932 1
gene  1 92 13 -5.794920717303824 0 576.0 -5.794920717303824 1
gene  1 14 94 0.7906169472936886 1 582.0 0.7906169472936886 1
gene  1 94 8 -1.096931852547004 0 583.0 -1.096931852547004 1
genomeend 13
genomestart  14
trait 1 0.0 0.5319433208524987 1.2381570377802138 1.1036226464327767 0.10522835245191364 0.39032959932087685 0.0 0.0 
node 1 1 1 1
node 2 1 1 1
node 3 1 1 1
node 4 1 1 1
node 5 1 1 1
node 6 1 1 1
node 7 1 1 3
node 8 1 0 0
node 9 1 0 0
node 13 1 0 2
node 14 1 0 2
node 20 1 0 0
node 56 1 0 0
node 60 1 0 0
node 79 1 0 0
node 92 1 0 0
node 94 1 0 0
gene  1 1 8 -6.070378686786956 0 98.0 -6.070378686786956 1
gene  1 2 8 -1.7895889110895637 0 99.0 -1.7895889110895637 1
gene  1 3 8 -1.6533907874405007 0 100.0 -1.6533907874405007 1
gene  1 6 8 2.5872177782038657 0 103.0 2.5872177782038657 1
gene  1 8 8 -2.5063465385484625 1 105.0 -2.5063465385484625 1
gene  1 9 8 -3.4619622463877895 1 106.0 -3.4619622463877895 1
gene  1 13 8 2.3935985351036706 1 110.0 2.3935985351036706 1
gene  1 14 8 0.429559923990995 1 111.0 0.429559923990995 1
gene  1 1 9 4.985921061572716 0 112.0 4.985921061572716 1
gene  1 4 9 -3.1763531231630835 0 115.0 -3.1763531231630835 1
gene  1 5 9 2.3963900398799725 0 116.0 2.3963900398799725 1
gene  1 7 9 -2.35025714163662 0 118.0 -2.35025714163662 1
gene  1 9 9 0.8574072159723127 1 120.0 0.8574072159723127 1
gene  1 14 9 -3.0927347969620147 1 125.0 -3.0927347969620147 1
gene  1 2 13 5.18357970383781 0 169.0 5.18357970383781 1
gene  1 5 13 1.9203570544863922 0 172.0 1.9203570544863922 1
gene  1 8 13 -3.4571115440083524 0 175.0 -3.4571115440083524 1
gene  1 1 14 -2.690384611295534 0 182.0 -2.690384611295534 1
gene  1 2 14 -0.2825346371914499 0 183.0 -0.2825346371914499 1
gene  1 3 14 3.9950072641122 0 184.0 3.9950072641122 1
gene  1 6 14 -1.152637916144126 0 187.0 -1.152637916144126 1
gene  1 13 14 3.1215017484314216 0 194.0 3.1215017484314216 1
gene  1 14 14 3.1176028676364855 1 195.0 3.1176028676364855 1
gene  1 5 8 -0.8692409495581799 0 202.0 -0.8692409495581799 1
gene  1 4 13 -6.29864523190687 0 220.0 -6.29864523190687 1
gene  1 1 20 1.7515004596112784 0 231.0 1.7515004596112784 1
gene  1 20 14 5.810334174595242 0 232.0 5.810334174595242 1
gene  1 1 13 0.9907103927868515 0 329.0 0.9907103927868515 1
gene  1 13 20 -6.587966878765267 0 337.0 -6.587966878765267 1
gene  1 4 20 -0.8065126761392287 0 339.0 -0.8065126761392287 1
gene  1 9 8 0.025633952164883234 0 404.0 0.025633952164883234 1
gene  1 8 14 0.016899426190862377 0 410.0 0.016899426190862377 1
gene  1 5 56 1.4080627271299968 0 434.0 1.4080627271299968 1
gene  1 56 8 1.2060335178057349 0 435.0 1.2060335178057349 1
gene  1 2 9 -2.3303815092255054 0 448.0 -2.3303815092255054 1
gene  1 3 60 0.5637741465882479 0 458.0 0.5637741465882479 1
gene  1 60 8 5.1077958349321175 0 459.0 5.1077958349321175 1
gene  1 1 60 -3.2090504413176797 0 479.0 -3.2090504413176797 1
gene  1 7 56 1.9381735597105278 0 520.0 1.9381735597105278 1
gene  1 13 79 0.6233800801715104 0 537.0 0.6233800801715104 1
gene  1 79 20 -2.0967705706645505 0 538.0 -2.0967705706645505 1
gene  1 3 79 1.8346774733080407 0 556.0 1.8346774733080407 1
gene  1 5 92 -2.434492674053547 0 575.0 -2.434492674053547 1
gene  1 92 13 -8.27472668442537 0 576.0 -8.27472668442537 1
gene  1 14 94 4.092313223438701 1 582.0 4.092313223438701 1
gene  1 94 8 -0.5606886515596625 0 583.0 -0.5606886515596625 1
genomeend 14
genomestart  15
trait 1 0.0 0.5319433208524987 1.2381570377802138 1.1036226464327767 0.10522835245191364 0.39032959932087685 0.0 0.0 
node 1 1 1 1
node 2 1 1 1
node 3 1 1 1
node 4 1 1 1
node 5 1 1 1
node 6 1 1 1
node 7 1 1 3
node 8 1 0 0
node 9 1 0 0
node 13 1 0 2
node 14 1 0 2
node 20 1 0 0
node 56 1 0 0
node 60 1 0 0
node 79 1 0 0
node 92 1 0 0
node 94 1 0 0
gene  1 1 8 -4.227546692148811 0 98.0 -4.227546692148811 1
gene  1 2 8 -2.0679191633219456 0 99.0 -2.0679191633219456 1
gene  1 3 8 -0.827560588286808 0 100.0 -0.827560588286808 1
gene  1 6 8 2.4595788414271813 0 103.0 2.4595788414271813 1
gene  1 8 8 -3.1814678099859295 1 105.0 -3.1814678099859295 1
gene  1 9 8 -3.279357091508997 1 106.0 -3.279357091508997 1
gene  1 13 8 -3.843902751661165 1 110.0 -3.843902751661165 1
gene  1 14 8 -1.6426077907585253 1 111.0 -1.6426077907585253 1
gene  1 1 9 5.726878269709826 0 112.0 5.726878269709826 1
gene  1 4 9 -0.9494401995638571 0 115.0 -0.9494401995638571 1
gene  1 5 9 4.139610303339014 0 116.0 4.139610303339014 1
gene  1 7 9 -4.630765286373366 0 118.0 -4.630765286373366 1
gene  1 9 9 3.116768436309049 1 120.0 3.116768436309049 1
gene  1 14 9 -1.9282842981322559 1 125.0 -1.9282842981322559 1
gene  1 2 13 2.8890985754530223 0 169.0 2.8890985754530223 1
gene  1 5 13 1.665222018264867 0 172.0 1.665222018264867 1
gene  1 8 13 -3.2549182704941257 0 175.0 -3.2549182704941257 1
gene  1 1 14 -2.690384611295534 0 182.0 -2.690384611295534 1
gene  1 2 14 -1.7154925963705243 0 183.0 -1.7154925963705243 1
gene  1 3 14 4.204600633572552 0 184.0 4.204600633572552 1
gene  1 6 14 -0.37518613000071 0 187.0 -0.37518613000071 1
gene  1 13 14 0.7299515544910511 0 194.0 0.7299515544910511 1
gene  1 14 14 2.3227440117057725 1 195.0 2.3227440117057725 1
gene  1 5 8 2.0572264248514838 0 202.0 2.0572264248514838 1
gene  1 4 13 -5.4346753052001935 0 220.0 -5.4346753052001935 1
gene  1 1 20 -0.6724759593291657 0 231.0 -0.6724759593291657 1
gene  1 20 14 5.07517680378742 0 232.0 5.07517680378742 1
gene  1 1 13 0.9907103927868515 0 329.0 0.9907103927868515 1
gene  1 13 20 -6.196123987067499 0 337.0 -6.196123987067499 1
gene  1 4 20 -2.402855624160142 0 339.0 -2.402855624160142 1
gene  1 9 8 0.39965475555506 0 404.0 0.39965475555506 1
gene  1 8 14 0.016899426190862377 0 410.0 0.016899426190862377 1
gene  1 5 56 0.6216603861993081 0 434.0 0.6216603861993081 1
gene  1 56 8 -5.141422958891544 0 435.0 -5.141422958891544 1
gene  1 2 9 -1.7936588840089784 0 448.0 -1.7936588840089784 1
gene  1 3 60 3.8609298384204354 0 458.0 3.8609298384204354 1
gene  1 60 8 5.046731998680277 0 459.0 5.046731998680277 1
gene  1 1 60 -3.2090504413176797 0 479.0 -3.2090504413176797 1
gene  1 7 56 10.203989050777151 0 520.0 10.203989050777151 1
gene  1 13 79 -1.7347298051188593 0 537.0 -1.7347298051188593 1
gene  1 79 20 -4.426210936601676 0 538.0 -4.426210936601676 1
gene  1 3 79 1.3832946143743574 0 556.0 1.3832946143743574 1
gene  1 5 92 -2.395273154116112 0 575.0 -2.395273154116112 1
gene  1 92 13 -5.8378779594661045 0 576.0 -5.8378779594661045 1
gene  1 14 94 1.8012215579493531 1 582.0 1.8012215579493531 1
gene  1 94 8 -2.763072588395746 0 583.0 -2.763072588395746 1
genomeend 15
genomestart  16
trait 1 0.0 0.9380171225566565 2.8572292317689647 0.0 0.9774676473893938 0.5916859962196944 0.0 0.0 
node 1 1 1 1
node 2 1 1 1
node 3 1 1 1
node 4 1 1 1
node 5 1 1 1
node 6 1 1 1
node 7 1 1 3
node 13 1 0 2
node 14 1 0 2
node 45 1 0 0
node 71 1 0 0
node 89 1 0 0
gene  1 1 13 -4.902346379849983 0 168.0 -4.902346379849983 1
gene  1 2 13 5.7569912813543915 0 169.0 5.7569912813543915 1
gene  1 5 13 -2.7334984720948787 0 172.0 -2.7334984720948787 1
gene  1 6 13 0.16757059011818876 0 173.0 0.16757059011818876 1
gene  1 7 13 -2.5752265808125165 0 174.0 -2.5752265808125165 1
gene  1 3 14 2.3937856291344444 0 184.0 2.3937856291344444 1
gene  1 4 14 -3.1101900125503805 0 185.0 -3.1101900125503805 1
gene  1 7 14 4.804458077204567 0 188.0 4.804458077204567 1
gene  1 13 14 -2.2287678387014918 0 194.0 -2.2287678387014918 1
gene  1 14 14 7.569661046981691 1 195.0 7.569661046981691 1
gene  1 4 13 4.883361546687806 0 235.0 4.883361546687806 1
gene  1 1 14 0.8279230251464778 0 242.0 0.8279230251464778 1
gene  1 5 14 8.903029414800589 0 319.0 8.903029414800589 1
gene  1 1 45 -3.1085091092712385 0 370.0 -3.1085091092712385 1
gene  1 45 13 3.568166791827027 0 371.0 3.568166791827027 0
gene  1 4 45 -1.737368180228725 0 497.0 -1.737368180228725 1
gene  1 6 71 1.511933282434051 0 502.0 1.511933282434051 1
gene  1 71 13 1.9274304038699674 0 503.0 1.9274304038699674 1
gene  1 45 71 1.870269806060613 0 534.0 1.870269806060613 1
gene  1 3 13 1.832458250617205 0 535.0 1.832458250617205 1
gene  1 45 89 -0.4871892439233172 0 566.0 -0.4871892439233172 1
gene  1 89 13 1.7176441248519136 0 567.0 1.7176441248519136 1
genomeend 16
genomestart  17
trait 1 0.0 0.9380171225566565 2.8572292317689647 0.0 0.9774676473893938 0.5916859962196944 0.0 0.0 
node 1 1 1 1
node 2 1 1 1
node 3 1 1 1
node 4 1 1 1
node 5 1 1 1
node 6 1 1 1
node 7 1 1 3
node 13 1 0 2
node 14 1 0 2
node 45 1 0 0
node 71 1 0 0
node 89 1 0 0
gene  1 1 13 -1.8178529650822743 0 168.0 -1.8178529650822743 1
gene  1 2 13 5.243820514131178 0 169.0 5.243820514131178 1
gene  1 5 13 -1.6144620799079663 0 172.0 -1.6144620799079663 1
gene  1 6 13 1.8164377113215888 0 173.0 1.8164377113215888 1
gene  1 7 13 -2.5933691348648713 0 174.0 -2.5933691348648713 1
gene  1 3 14 -1.1703177822448554 0 184.0 -1.1703177822448554 1
gene  1 4 14 -5.9309076839146435 0 185.0 -5.9309076839146435 1
gene  1 7 14 2.7586788589283167 0 188.0 2.7586788589283167 1
gene  1 13 14 -0.4921098713869969 0 194.0 -0.4921098713869969 1
gene  1 14 14 6.468686713467956 1 195.0 6.468686713467956 1
gene  1 4 13 5.910770784094555 0 235.0 5.910770784094555 1
gene  1 1 14 2.59136324876504 0 242.0 2.59136324876504 1
gene  1 5 14 8.82891054859742 0 319.0 8.82891054859742 1
gene  1 1 45 -3.1103565221581375 0 370.0 -3.1103565221581375 1
gene  1 45 13 1.0395578295362717 0 371.0 1.0395578295362717 0
gene  1 4 45 -2.7045192412518437 0 497.0 -2.7045192412518437 1
gene  1 6 71 2.775830220525388 0 502.0 2.775830220525388 1
gene  1 71 13 3.4570843160651563 0 503.0 3.4570843160651563 1
gene  1 45 71 -0.495040614541443 0 534.0 -0.495040614541443 1
gene  1 3 13 2.797708545231613 0 535.0 2.797708545231613 1
gene  1 45 89 -0.3808837680379902 0 566.0 -0.3808837680379902 1
gene  1 89 13 0.07441840425251645 0 567.0 0.07441840425251645 1
genomeend 17
genomestart  18
trait 1 0.0 0.9380171225566565 2.8572292317689647 0.0 0.9774676473893938 0.5916859962196944 0.0 0.0 
node 1 1 1 1
node 2 1 1 1
node 3 1 1 1
node 4 1 1 1
node 5 1 1 1
node 6 1 1 1
node 7 1 1 3
node 13 1 0 2
node 14 1 0 2
node 45 1 0 0
node 71 1 0 0
node 89 1 0 0
gene  1 1 13 -4.981170433123459 0 168.0 -4.981170433123459 1
gene  1 2 13 4.522362554828077 0 169.0 4.522362554828077 1
gene  1 5 13 -1.5910455960860397 0 172.0 -1.5910455960860397 1
gene  1 6 13 4.327100255651459 0 173.0 4.327100255651459 1
gene  1 7 13 1.5280133233684419 0 174.0 1.5280133233684419 1
gene  1 3 14 2.4652925729612285 0 184.0 2.4652925729612285 1
gene  1 4 14 -5.4933936823375875 0 185.0 -5.4933936823375875 1
gene  1 7 14 -0.8551428960017324 0 188.0 -0.8551428960017324 1
gene  1 13 14 -2.216424921900913 0 194.0 -2.216424921900913 1
gene  1 14 14 7.407554822307507 1 195.0 7.407554822307507 1
gene  1 4 13 3.0064561028243095 0 235.0 3.0064561028243095 1
gene  1 1 14 -1.3104082173161178 0 242.0 -1.3104082173161178 1
gene  1 5 14 5.5550103614728625 0 319.0 5.5550103614728625 1
gene  1 1 45 -2.779023952949883 0 370.0 -2.779023952949883 1
gene  1 45 13 2.904036786593603 0 371.0 2.904036786593603 0
gene  1 4 45 0.363854219985553 0 497.0 0.363854219985553 1
gene  1 6 71 4.580372047990918 0 502.0 4.580372047990918 1
gene  1 71 13 2.3923684873056263 0 503.0 2.3923684873056263 1
gene  1 45 71 -2.0727622551908746 0 534.0 -2.0727622551908746 1
gene  1 3 13 1.6633343169084953 0 535.0 1.6633343169084953 1
gene  1 45 89 3.4247763987451547 0 566.0 3.4247763987451547 1
gene  1 89 13 0.4434867013790436 0 567.0 0.4434867013790436 1
genomeend 18
genomestart  19
trait 1 0.0 0.9380171225566565 2.8572292317689647 0.0 0.9774676473893938 0.5916859962196944 0.0 0.0 
node 1 1 1 1
node 2 1 1 1
node 3 1 1 1
node 4 1 1 1
node 5 1 1 1
node 6 1 1 1
node 7 1 1 3
node 13 1 0 2
node 14 1 0 2
node 45 1 0 0
node 71 1 0 0
node 89 1 0 0
gene  1 1 13 -2.59670751137124 0 168.0 -2.59670751137124 1
gene  1 2 13 4.193103704587622 0 169.0 4.193103704587622 1
gene  1 5 13 -1.544380360864926 0 172.0 -1.544380360864926 1
gene  1 6 13 1.1779153873737804 0 173.0 1.1779153873737804 1
gene  1 7 13 -0.765674918791913 0 174.0 -0.765674918791913 1
gene  1 3 14 4.018566554028926 0 184.0 4.018566554028926 1
gene  1 4 14 -4.232576566337487 0 185.0 -4.232576566337487 1
gene  1 7 14 2.8856624810963503 0 188.0 2.8856624810963503 1
gene  1 13 14 -0.4728241830867032 0 194.0 -0.4728241830867032 1
gene  1 14 14 7.352721350455731 1 195.0 7.352721350455731 1
gene  1 4 13 4.161840954438995 0 235.0 4.161840954438995 1
gene  1 1 14 -0.24670821298402512 0 242.0 -0.24670821298402512 1
gene  1 5 14 5.904203064566848 0 319.0 5.904203064566848 1
gene  1 1 45 -3.3531508147636298 0 370.0 -3.3531508147636298 1
gene  1 45 13 2.668907552813001 0 371.0 2.668907552813001 0
gene  1 4 45 -1.2702959249627863 0 497.0 -1.2702959249627863 1
gene  1 6 71 2.9583024946792853 0 502.0 2.9583024946792853 1
gene  1 71 13 -0.2424530002233578 0 503.0 -0.2424530002233578 1
gene  1 45 71 1.4877726325220912 0 534.0 1.4877726325220912 1
gene  1 3 13 -0.6271437957645962 0 535.0 -0.6271437957645962 1
gene  1 45 89 0.2579284510335349 0 566.0 0.2579284510335349 1
gene  1 89 13 -1.7449389882924402 0 567.0 -1.7449389882924402 1
genomeend 19
