genomestart  0
trait 1 0.12236385032328645 0.11996509262718169 0.0 1.2348572107762614 0.0 1.3168578850843018 1.0590140864502917 1.7905313975538821 
node 1 1 1 1
node 2 1 1 1
node 3 1 1 1
node 4 1 1 1
node 5 1 1 1
node 6 1 1 1
node 7 1 1 3
node 13 1 0 2
node 14 1 0 2
node 33 1 0 0
node 48 1 0 0
node 55 1 0 0
node 61 1 0 0
gene  1 2 13 11.833424266422616 0 169.0 11.833424266422616 1
gene  1 3 13 5.8915553221686565 0 170.0 5.8915553221686565 1
gene  1 4 13 -1.7823680787646916 0 171.0 -1.7823680787646916 1
gene  1 6 13 0.7752212716462614 0 173.0 0.7752212716462614 1
gene  1 7 13 5.206374060325588 0 174.0 5.206374060325588 1
gene  1 13 13 -0.7498865574224026 1 180.0 -0.7498865574224026 1
gene  1 1 14 -4.569999299984013 0 182.0 -4.569999299984013 1
gene  1 2 14 -1.2925807672857803 0 183.0 -1.2925807672857803 1
gene  1 5 14 -0.42567483345106094 0 186.0 -0.42567483345106094 1
gene  1 6 14 2.5148542477675333 0 187.0 2.5148542477675333 1
gene  1 7 14 1.6849909820378457 0 188.0 1.6849909820378457 1
gene  1 13 14 -0.1114207333052547 0 194.0 -0.1114207333052547 1
gene  1 14 14 5.434329212163495 1 195.0 5.434329212163495 1
gene  1 4 14 0.9384899001799207 0 196.0 0.9384899001799207 1
gene  1 1 13 1.2154179055447316 0 216.0 1.2154179055447316 1
gene  1 1 33 -3.973535152553654 0 313.0 -3.973535152553654 1
gene  1 33 14 0.9492600305907053 0 314.0 0.9492600305907053 1
gene  1 14 48 -0.39782188477889724 1 379.0 -0.39782188477889724 1
gene  1 48 14 -1.4675791831118963 0 380.0 -1.4675791831118963 1
gene  1 48 33 0.8150763299288302 0 381.0 0.8150763299288302 1
gene  1 4 33 -1.247658132292052 0 384.0 -1.247658132292052 1
gene  1 13 55 -0.13366822286958596 0 407.0 -0.13366822286958596 1
gene  1 55 14 -2.5446029690566223 0 408.0 -2.5446029690566223 1
gene  1 2 33 0.4663687966985848 0 425.0 0.4663687966985848 1
gene  1 13 33 -2.4727528657130464 0 427.0 -2.4727528657130464 1
gene  1 5 13 -1.3518246148446276 0 436.0 -1.3518246148446276 1
gene  1 7 33 -2.937097426992347 0 465.0 -2.937097426992347 1
gene  1 2 61 -2.3521108001806152 0 466.0 -2.3521108001806152 1
gene  1 61 33 -2.8284961502701624 0 467.0 -2.8284961502701624 1
genomeend 0
genomestart  1
trait 1 0.12236385032328645 0.11996509262718169 0.0 1.2348572107762614 0.0 1.3168578850843018 1.0590140864502917 1.7905313975538821 
node 1 1 1 1
node 2 1 1 1
node 3 1 1 1
node 4 1 1 1
node 5 1 1 1
node 6 1 1 1
node 7 1 1 3
node 13 1 0 2
node 14 1 0 2
node 33 1 0 0
node 48 1 0 0
node 55 1 0 0
node 61 1 0 0
gene  1 2 13 9.490910005775733 0 169.0 9.490910005775733 1
gene  1 3 13 5.405113854415687 0 170.0 5.405113854415687 1
gene  1 4 13 1.5191041209894 0 171.0 1.5191041209894 1
gene  1 6 13 2.369892146762797 0 173.0 2.369892146762797 1
gene  1 7 13 0.19551404512406473 0 174.0 0.19551404512406473 1
gene  1 13 13 -1.1706273606613231 1 180.0 -1.1706273606613231 1
gene  1 1 14 -7.462744525959754 0 182.0 -7.462744525959754 1
gene  1 2 14 -1.2101693964491163 0 183.0 -1.2101693964491163 1
gene  1 5 14 1.3226645054244988 0 186.0 1.3226645054244988 1
gene  1 6 14 0.8980700742882204 0 187.0 0.8980700742882204 1
gene  1 7 14 2.4985504282776496 0 188.0 2.4985504282776496 1
gene  1 13 14 6.317119197293252 0 194.0 6.317119197293252 1
gene  1 14 14 5.913330481706713 1 195.0 5.913330481706713 1
gene  1 4 14 -4.030422384372943 0 196.0 -4.030422384372943 1
gene  1 1 13 -0.058006020012581594 0 216.0 -0.058006020012581594 1
gene  1 1 33 -1.490936157009443 0 313.0 -1.490936157009443 1
gene  1 33 14 4.297614927115111 0 314.0 4.297614927115111 1
gene  1 14 48 -1.6482252884322965 1 379.0 -1.6482252884322965 1
gene  1 48 14 -2.441030826177329 0 380.0 -2.441030826177329 1
gene  1 48 33 3.8398474424375815 0 381.0 3.8398474424375815 1
gene  1 4 33 -2.2297322698620237 0 384.0 -2.2297322698620237 1
gene  1 13 55 -1.7638745503785387 0 407.0 -1.7638745503785387 1
gene  1 55 14 1.5733672431079715 0 408.0 1.5733672431079715 1
gene  1 2 33 -2.090385122215885 0 425.0 -2.090385122215885 1
gene  1 13 33 -4.125935240916066 0 427.0 -4.125935240916066 1
gene  1 5 13 -3.7124949260597484 0 436.0 -3.7124949260597484 1
gene  1 7 33 -2.1609679805681834 0 465.0 -2.1609679805681834 1
gene  1 2 61 -1.7357453750819425 0 466.0 -1.7357453750819425 1
gene  1 61 33 -0.4661265307765734 0 467.0 -0.4661265307765734 1
genomeend 1
genomestart  2
trait 1 0.5965551686825239 0.0 1.896310652799719 0.1335307135438477 1.4996758457563444 1.6042023185733623 0.361970865715585 1.6429921308966946 
node 1 1 1 1
node 2 1 1 1
node 3 1 1 1
node 4 1 1 1
node 5 1 1 1
node 6 1 1 1
node 7 1 1 3
node 13 1 0 2
node 14 1 0 2
node 21 1 0 0
node 24 1 0 0
node 34 1 0 0
node 67 1 0 0
node 72 1 0 0
gene  1 1 13 -3.629610183921289 0 168.0 -3.629610183921289 0
gene  1 4 13 3.269817888708568 0 171.0 3.269817888708568 1
gene  1 5 13 -3.534229057297863 0 172.0 -3.534229057297863 1
gene  1 7 13 -0.103370069088629 0 174.0 -0.103370069088629 1
gene  1 13 13 -4.664067315980413 1 180.0 -4.664067315980413 1
gene  1 2 14 -0.5750931901006633 0 183.0 -0.5750931901006633 1
gene  1 3 14 -1.4208062741330885 0 184.0 -1.4208062741330885 1
gene  1 6 14 3.087004656474231 0 187.0 3.087004656474231 1
gene  1 13 14 0.3520688788779285 0 194.0 0.3520688788779285 1
gene  1 14 14 -3.082991097767314 1 195.0 -3.082991097767314 1
gene  1 6 13 11.679462983759219 0 205.0 11.679462983759219 1
gene  1 5 14 -4.294065390524145 0 223.0 -4.294065390524145 1
gene  1 3 13 2.206244581997198 0 229.0 2.206244581997198 1
gene  1 2 13 -1.89423028718084 0 233.0 -1.89423028718084 1
gene  1 1 21 1.732225332635075 0 238.0 1.732225332635075 1
gene  1 21 13 2.5549295102899348 0 239.0 2.5549295102899348 1
gene  1 5 21 5.4857341897862515 0 253.0 5.4857341897862515 1
gene  1 3 21 -6.068909173633631 0 270.0 -6.068909173633631 1
gene  1 1 24 -2.097608791569523 0 275.0 -2.097608791569523 1
gene  1 24 13 -2.288055866467676 0 276.0 -2.288055866467676 1
gene  1 3 34 0.35769231237404103 0 315.0 0.35769231237404103 1
gene  1 34 14 -3.3574117868648714 0 316.0 -3.3574117868648714 0
gene  1 3 24 5.321219982626388 0 324.0 5.321219982626388 1
gene  1 2 21 7.720252649323129 0 350.0 7.720252649323129 1
gene  1 34 13 -3.003207486051984E-4 0 355.0 -3.003207486051984E-4 1
gene  1 1 34 -4.933917448923962 0 361.0 -4.933917448923962 1
gene  1 7 14 0.14946835849210705 0 388.0 0.14946835849210705 1
gene  1 24 14 7.422311974246497 0 468.0 7.422311974246497 1
gene  1 34 67 1.0781630642529774 0 491.0 1.0781630642529774 1
gene  1 67 14 0.7495785514026804 0 492.0 0.7495785514026804 1
gene  1 1 72 -1.901227689356788 0 505.0 -1.901227689356788 1
gene  1 72 13 0.1771202517685752 0 506.0 0.1771202517685752 1
genomeend 2
genomestart  3
trait 1 0.5965551686825239 0.0 1.896310652799719 0.1335307135438477 1.4996758457563444 1.6042023185733623 0.361970865715585 1.6429921308966946 
node 1 1 1 1
node 2 1 1 1
node 3 1 1 1
node 4 1 1 1
node 5 1 1 1
node 6 1 1 1
node 7 1 1 3
node 13 1 0 2
node 14 1 0 2
node 21 1 0 0
node 24 1 0 0
node 34 1 0 0
node 67 1 0 0
node 72 1 0 0
gene  1 1 13 -1.7340741852671084 0 168.0 -1.7340741852671084 0
gene  1 4 13 1.916234305834517 0 171.0 1.916234305834517 1
gene  1 5 13 -1.7396276338597962 0 172.0 -1.7396276338597962 1
gene  1 7 13 2.219204972200367 0 174.0 2.219204972200367 1
gene  1 13 13 -2.751140367411918 1 180.0 -2.751140367411918 1
gene  1 2 14 0.7105491777422557 0 183.0 0.7105491777422557 1
gene  1 3 14 -1.2456701125823268 0 184.0 -1.2456701125823268 1
gene  1 6 14 3.3966978722820804 0 187.0 3.3966978722820804 1
gene  1 13 14 1.9797475964442734 0 194.0 1.9797475964442734 1
gene  1 14 14 -0.8376159905490008 1 195.0 -0.8376159905490008 1
gene  1 6 13 11.093259300612418 0 205.0 11.093259300612418 1
gene  1 5 14 -6.290385538401814 0 223.0 -6.290385538401814 1
gene  1 3 13 0.48612598372716254 0 229.0 0.48612598372716254 1
gene  1 2 13 -2.4767503656554135 0 233.0 -2.4767503656554135 1
gene  1 1 21 2.569835060989856 0 238.0 2.569835060989856 1
gene  1 21 13 3.828523084602014 0 239.0 3.828523084602014 1
gene  1 5 21 4.661865539438629 0 253.0 4.661865539438629 1
gene  1 3 21 -3.867695034424762 0 270.0 -3.867695034424762 1
gene  1 1 24 -0.758794087388612 0 275.0 -0.758794087388612 1
gene  1 24 13 -2.079536452585228 0 276.0 -2.079536452585228 1
gene  1 3 34 -0.29920195601905925 0 315.0 -0.29920195601905925 1
gene  1 34 14 -1.0918897868751323 0 316.0 -1.0918897868751323 0
gene  1 3 24 6.642304474796525 0 324.0 6.642304474796525 1
gene  1 2 21 6.52601874465137 0 350.0 6.52601874465137 1
gene  1 34 13 1.5628097918321624 0 355.0 1.5628097918321624 1
gene  1 1 34 -6.045631386495677 0 361.0 -6.045631386495677 1
gene  1 7 14 -1.859932316585444 0 388.0 -1.859932316585444 1
gene  1 24 14 6.743183536289364 0 468.0 6.743183536289364 1
gene  1 34 67 3.0676932114033777 0 491.0 3.0676932114033777 1
gene  1 67 14 0.7495785514026804 0 492.0 0.7495785514026804 1
gene  1 1 72 -1.901227689356788 0 505.0 -1.901227689356788 1
gene  1 72 13 -1.5496836229717683 0 506.0 -1.5496836229717683 1
gene  1 6 21 9.602794807237759 0 527.0 9.602794807237759 1
genomeend 3
genomestart  4
trait 1 1.390292536459699 0.8674372982475096 1.817009121730657 0.1335307135438477 1.195798393750918 1.6042023185733623 0.361970865715585 1.6429921308966946 
node 1 1 1 1
node 2 1 1 1
node 3 1 1 1
node 4 1 1 1
node 5 1 1 1
node 6 1 1 1
node 7 1 1 3
node 13 1 0 2
node 14 1 0 2
node 21 1 0 0
node 24 1 0 0
node 34 1 0 0
node 67 1 0 0
node 72 1 0 0
gene  1 1 13 -1.6818275171831552 0 168.0 -1.6818275171831552 0
gene  1 4 13 0.3219613381682449 0 171.0 0.3219613381682449 1
gene  1 5 13 -0.9933841162079171 0 172.0 -0.9933841162079171 1
gene  1 7 13 4.5846461569212265 0 174.0 4.5846461569212265 1
gene  1 13 13 -2.3894239503845256 1 180.0 -2.3894239503845256 1
gene  1 2 14 1.2004596090792998 0 183.0 1.2004596090792998 1
gene  1 3 14 -0.8955048894887241 0 184.0 -0.8955048894887241 1
gene  1 6 14 4.977603230761919 0 187.0 4.977603230761919 1
gene  1 13 14 0.2505814085912952 0 194.0 0.2505814085912952 1
gene  1 14 14 -2.002459029057132 1 195.0 -2.002459029057132 1
gene  1 6 13 13.528925740306073 0 205.0 13.528925740306073 1
gene  1 5 14 -4.898969653974561 0 223.0 -4.898969653974561 1
gene  1 3 13 0.6338711685526038 0 229.0 0.6338711685526038 1
gene  1 2 13 -0.8808296970849219 0 233.0 -0.8808296970849219 1
gene  1 1 21 0.882882432588743 0 238.0 0.882882432588743 1
gene  1 21 13 3.8156549249949414 0 239.0 3.8156549249949414 1
gene  1 5 21 2.970938922202546 0 253.0 2.970938922202546 1
gene  1 3 21 -4.70600199298991 0 270.0 -4.70600199298991 1
gene  1 1 24 -0.2610033452653498 0 275.0 -0.2610033452653498 1
gene  1 24 13 -3.3885006002543623 0 276.0 -3.3885006002543623 1
gene  1 3 34 0.7341927361026417 0 315.0 0.7341927361026417 1
gene  1 34 14 0.668205565509471 0 316.0 0.668205565509471 1
gene  1 3 24 5.751132182376784 0 324.0 5.751132182376784 1
gene  1 2 21 7.665881737679734 0 350.0 7.665881737679734 1
gene  1 34 13 -0.665610902593347 0 355.0 -0.665610902593347 1
gene  1 1 34 -3.5570698809530628 0 361.0 -3.5570698809530628 1
gene  1 7 14 -1.5032217865037802 0 388.0 -1.5032217865037802 1
gene  1 24 14 1.216585337940893 0 468.0 1.216585337940893 1
gene  1 34 67 5.419067900330294 0 491.0 5.419067900330294 1
gene  1 67 14 -1.178766659886211 0 492.0 -1.178766659886211 1
gene  1 1 72 -1.901227689356788 0 505.0 -1.901227689356788 1
gene  1 72 13 -3.519452189101848 0 506.0 -3.519452189101848 1
genomeend 4
genomestart  5
trait 1 1.7530877318876072 0.44174474491361737 0.0 1.988524997377255 1.4319166757498423 0.0 0.027339901520710974 1.6377765720730229 
node 1 1 1 1
node 2 1 1 1
node 3 1 1 1
node 4 1 1 1
node 5 1 1 1
node 6 1 1 1
node 7 1 1 3
node 8 1 0 0
node 13 1 0 2
node 14 1 0 2
node 39 1 0 0
node 42 1 0 0
node 51 1 0 0
node 68 1 0 0
gene  1 1 8 -0.5136543843051135 0 98.0 -0.5136543843051135 1
gene  1 2 8 3.7522668341428895 0 99.0 3.7522668341428895 1
gene  1 3 8 -1.6531957157188708 0 100.0 -1.6531957157188708 1
gene  1 4 8 10.36547404573557 0 101.0 10.36547404573557 1
gene  1 5 8 -0.8684952080231876 0 102.0 -0.8684952080231876 1
gene  1 6 8 0.03412144545702234 0 103.0 0.03412144545702234 1
gene  1 8 8 3.6666767129972806 1 105.0 3.6666767129972806 1
gene  1 13 8 -0.39538421475202945 1 110.0 -0.39538421475202945 1
gene  1 14 8 12.113221025612887 1 111.0 12.113221025612887 1
gene  1 3 13 14.676478722677388 0 170.0 14.676478722677388 1
gene  1 5 13 0.7314601550553501 0 172.0 0.7314601550553501 1
gene  1 7 13 3.6501794620404193 0 174.0 3.6501794620404193 1
gene  1 13 13 -2.508019534841022 1 180.0 -2.508019534841022 1
gene  1 2 14 -3.818823459328332 0 183.0 -3.818823459328332 1
gene  1 4 14 3.5202134955764075 0 185.0 3.5202134955764075 1
gene  1 6 14 2.6355055444948143 0 187.0 2.6355055444948143 1
gene  1 8 14 2.315903973847937 0 189.0 2.315903973847937 1
gene  1 13 14 5.360073754433672 0 194.0 5.360073754433672 1
gene  1 2 13 -10.795140378734313 0 213.0 -10.795140378734313 1
gene  1 4 13 -6.053928336994332 0 230.0 -6.053928336994332 1
gene  1 13 8 0.4089477549662084 0 244.0 0.4089477549662084 1
gene  1 7 14 -1.5862910463348412 0 264.0 -1.5862910463348412 1
gene  1 1 14 0.32462521236469155 0 299.0 0.32462521236469155 1
gene  1 5 14 2.308403002869518 0 310.0 2.308403002869518 1
gene  1 1 13 -0.5006764661128731 0 311.0 -0.5006764661128731 1
gene  1 13 39 2.507145119529496 0 344.0 2.507145119529496 1
gene  1 39 8 0.14698231426824349 0 345.0 0.14698231426824349 1
gene  1 6 13 2.224214983077333 0 348.0 2.224214983077333 1
gene  1 2 42 -6.439229238046547 0 359.0 -6.439229238046547 1
gene  1 42 14 1.0882036555536054 0 360.0 1.0882036555536054 1
gene  1 13 42 0.971957369592336 0 366.0 0.971957369592336 1
gene  1 5 51 -1.722358670983956 0 396.0 -1.722358670983956 1
gene  1 51 14 -2.597486795071566 0 397.0 -2.597486795071566 1
gene  1 6 42 -3.715960422469079 0 423.0 -3.715960422469079 1
gene  1 39 42 -1.6476769569057141 0 426.0 -1.6476769569057141 1
gene  1 51 13 2.2399106174325008 0 475.0 2.2399106174325008 1
gene  1 39 14 -0.6353777453456981 0 476.0 -0.6353777453456981 1
gene  1 5 39 2.4178007477366186 0 485.0 2.4178007477366186 1
gene  1 5 68 -0.5788990138090864 0 493.0 -0.5788990138090864 1
gene  1 68 39 -0.2989056168389345 0 494.0 -0.2989056168389345 1
gene  1 4 51 2.017011506319027 0 514.0 2.017011506319027 1
genomeend 5
genomestart  6
trait 1 1.7530877318876072 0.44174474491361737 0.0 1.988524997377255 1.4319166757498423 0.0 0.027339901520710974 1.6377765720730229 
node 1 1 1 1
node 2 1 1 1
node 3 1 1 1
node 4 1 1 1
node 5 1 1 1
node 6 1 1 1
node 7 1 1 3
node 8 1 0 0
node 13 1 0 2
node 14 1 0 2
node 39 1 0 0
node 42 1 0 0
node 51 1 0 0
node 68 1 0 0
gene  1 1 8 1.2940540868953483 0 98.0 1.2940540868953483 1
gene  1 2 8 4.1336037364223825 0 99.0 4.1336037364223825 1
gene  1 3 8 -1.1588161332250935 0 100.0 -1.1588161332250935 1
gene  1 4 8 8.222026963314008 0 101.0 8.222026963314008 1
gene  1 5 8 -0.17811333278852204 0 102.0 -0.17811333278852204 1
gene  1 6 8 0.518019318577135 0 103.0 0.518019318577135 1
gene  1 8 8 2.728420486265036 1 105.0 2.728420486265036 1
gene  1 13 8 -3.554307261254908 1 110.0 -3.554307261254908 1
gene  1 14 8 12.798425994221411 1 111.0 12.798425994221411 1
gene  1 3 13 12.492996478509285 0 170.0 12.492996478509285 1
gene  1 5 13 -1.7412959795369092 0 172.0 -1.7412959795369092 1
gene  1 7 13 1.8017016365691394 0 174.0 1.8017016365691394 1
gene  1 13 13 -4.19976052517397 1 180.0 -4.19976052517397 1
gene  1 2 14 -0.3552558330855575 0 183.0 -0.3552558330855575 1
gene  1 4 14 0.6485022254424764 0 185.0 0.6485022254424764 1
gene  1 6 14 4.771657370256781 0 187.0 4.771657370256781 1
gene  1 8 14 2.7276477760691424 0 189.0 2.7276477760691424 1
gene  1 13 14 4.55694076081463 0 194.0 4.55694076081463 1
gene  1 2 13 -11.012203554215922 0 213.0 -11.012203554215922 1
gene  1 4 13 -5.042392852541189 0 230.0 -5.042392852541189 1
gene  1 13 8 -1.1070520984711685 0 244.0 -1.1070520984711685 1
gene  1 7 14 -0.670089988061431 0 264.0 -0.670089988061431 1
gene  1 1 14 -2.223910572574654 0 299.0 -2.223910572574654 1
gene  1 5 14 0.6535231038835295 0 310.0 0.6535231038835295 1
gene  1 1 13 2.202356937223043 0 311.0 2.202356937223043 1
gene  1 13 39 5.916593149651586 0 344.0 5.916593149651586 1
gene  1 39 8 -2.9030534009310953 0 345.0 -2.9030534009310953 1
gene  1 6 13 3.5481194514105523 0 348.0 3.5481194514105523 1
gene  1 2 42 -3.2394084112771404 0 359.0 -3.2394084112771404 1
gene  1 42 14 3.450029536042633 0 360.0 3.450029536042633 1
gene  1 13 42 1.6665801784846002 0 366.0 1.6665801784846002 1
gene  1 5 51 1.1022980387452574 0 396.0 1.1022980387452574 1
gene  1 51 14 -3.5026568549196218 0 397.0 -3.5026568549196218 1
gene  1 6 42 -0.05520708359497384 0 423.0 -0.05520708359497384 1
gene  1 39 42 -3.755481838524729 0 426.0 -3.755481838524729 1
gene  1 51 13 -0.22652371522843984 0 475.0 -0.22652371522843984 1
gene  1 39 14 -4.134553782163254 0 476.0 -4.134553782163254 1
gene  1 5 39 2.4178007477366186 0 485.0 2.4178007477366186 1
gene  1 5 68 -2.0681354202287294 0 493.0 -2.0681354202287294 1
gene  1 68 39 1.9259914350620182 0 494.0 1.9259914350620182 1
gene  1 4 51 -0.843277511673342 0 514.0 -0.843277511673342 1
genomeend 6
genomestart  7
trait 1 2.732431393943948 0.0 0.0 1.4177942504429533 0.9382603138953756 0.0 1.9280392103089152 1.4020476134298572 
node 1 1 1 1
node 2 1 1 1
node 3 1 1 1
node 4 1 1 1
node 5 1 1 1
node 6 1 1 1
node 7 1 1 3
node 8 1 0 0
node 9 1 0 0
node 10 1 0 0
node 13 1 0 2
node 14 1 0 2
node 28 1 0 0
node 41 1 0 0
node 43 1 0 0
node 47 1 0 0
node 62 1 0 0
gene  1 1 8 4.637817817340133 0 98.0 4.637817817340133 1
gene  1 3 8 0.5450373785812697 0 100.0 0.5450373785812697 1
gene  1 5 8 -1.0708008493479597 0 102.0 -1.0708008493479597 1
gene  1 6 8 -1.055132841052458 0 103.0 -1.055132841052458 1
gene  1 8 8 0.3501217183098766 1 105.0 0.3501217183098766 1
gene  1 1 9 1.5019607873581258 0 112.0 1.5019607873581258 1
gene  1 2 9 1.662193432728356 0 113.0 1.662193432728356 1
gene  1 3 9 5.966182635695956 0 114.0 5.966182635695956 1
gene  1 5 9 -5.5466922683643265 0 116.0 -5.5466922683643265 1
gene  1 7 9 1.2222536392423264 0 118.0 1.2222536392423264 1
gene  1 9 9 3.5686562007047287 1 120.0 3.5686562007047287 1
gene  1 10 9 1.5568221599900152 1 121.0 1.5568221599900152 1
gene  1 13 9 4.542986869227877 1 124.0 4.542986869227877 1
gene  1 2 10 -2.0697724120317536 0 127.0 -2.0697724120317536 1
gene  1 4 10 0.6295689895140417 0 129.0 0.6295689895140417 1
gene  1 5 10 3.165988060604787 0 130.0 3.165988060604787 1
gene  1 8 10 1.9772041767702606 0 133.0 1.9772041767702606 1
gene  1 9 10 6.350679030336181 0 134.0 6.350679030336181 1
gene  1 10 10 0.1705046273824602 1 135.0 0.1705046273824602 1
gene  1 13 10 6.420104676332956 1 138.0 6.420104676332956 1
gene  1 14 10 -1.507910531291151 1 139.0 -1.507910531291151 1
gene  1 2 13 0.34340896480096905 0 169.0 0.34340896480096905 1
gene  1 3 13 -14.40269929717531 0 170.0 -14.40269929717531 1
gene  1 6 13 7.914409965595214 0 173.0 7.914409965595214 1
gene  1 7 13 5.351234065087469 0 174.0 5.351234065087469 1
gene  1 9 13 2.312209179697382 0 176.0 2.312209179697382 1
gene  1 13 13 0.4390677000907832 1 180.0 0.4390677000907832 1
gene  1 14 13 8.194087716139864 1 181.0 8.194087716139864 1
gene  1 1 14 0.9646961616312627 0 182.0 0.9646961616312627 1
gene  1 3 14 -3.79669164777442 0 184.0 -3.79669164777442 1
gene  1 9 14 -5.940990095424619 0 190.0 -5.940990095424619 1
gene  1 10 14 5.031589854975477 0 191.0 5.031589854975477 1
gene  1 8 13 1.3209329968680072 0 207.0 1.3209329968680072 1
gene  1 1 10 -2.2604772794679455 0 226.0 -2.2604772794679455 1
gene  1 6 14 1.2502999734034907 0 234.0 1.2502999734034907 1
gene  1 8 28 1.1557734416361085 1 293.0 1.1557734416361085 1
gene  1 28 8 1.8068514838393677 0 294.0 1.8068514838393677 1
gene  1 8 9 0.3410219702740296 0 328.0 0.3410219702740296 1
gene  1 8 41 -0.2998822608254823 1 357.0 -0.2998822608254823 1
gene  1 41 8 -0.2995635187310164 0 358.0 -0.2995635187310164 1
gene  1 14 43 -4.593965198704069 1 364.0 -4.593965198704069 1
gene  1 43 10 4.652982114527939 0 365.0 4.652982114527939 1
gene  1 5 47 0.7423084659427244 0 375.0 0.7423084659427244 1
gene  1 47 9 -3.0684407194577483 0 376.0 -3.0684407194577483 1
gene  1 41 14 5.7927423146956905 0 387.0 5.7927423146956905 1
gene  1 4 28 4.01132347095086 0 419.0 4.01132347095086 1
gene  1 2 28 -2.581547994202178 0 429.0 -2.581547994202178 1
gene  1 1 62 -3.95232571966788 0 470.0 -3.95232571966788 1
gene  1 62 9 1.1289876664710894 0 471.0 1.1289876664710894 1
gene  1 8 14 3.339611545951394 0 484.0 3.339611545951394 1
gene  1 1 13 0.5004460504139435 0 489.0 0.5004460504139435 1
gene  1 28 10 -8.865809528771312 0 510.0 -8.865809528771312 1
gene  1 2 41 -0.4837968928033278 0 515.0 -0.4837968928033278 1
genomeend 7
genomestart  8
trait 1 2.732431393943948 0.0 0.0 1.4177942504429533 0.9382603138953756 0.0 1.9280392103089152 1.4020476134298572 
node 1 1 1 1
node 2 1 1 1
node 3 1 1 1
node 4 1 1 1
node 5 1 1 1
node 6 1 1 1
node 7 1 1 3
node 8 1 0 0
node 9 1 0 0
node 10 1 0 0
node 13 1 0 2
node 14 1 0 2
node 28 1 0 0
node 41 1 0 0
node 43 1 0 0
node 47 1 0 0
node 62 1 0 0
gene  1 1 8 -0.9791832855292443 0 98.0 -0.9791832855292443 1
gene  1 3 8 -0.7764855392706267 0 100.0 -0.7764855392706267 1
gene  1 5 8 -2.667243769547813 0 102.0 -2.667243769547813 1
gene  1 6 8 -2.4198137233756816 0 103.0 -2.4198137233756816 1
gene  1 8 8 4.749444934281563 1 105.0 4.749444934281563 1
gene  1 1 9 5.74490658709074 0 112.0 5.74490658709074 1
gene  1 2 9 -0.0732031102620187 0 113.0 -0.0732031102620187 1
gene  1 3 9 3.95688515466992 0 114.0 3.95688515466992 1
gene  1 5 9 -3.0744584569706257 0 116.0 -3.0744584569706257 1
gene  1 7 9 -1.0554832185800582 0 118.0 -1.0554832185800582 1
gene  1 9 9 -0.420295081233481 1 120.0 -0.420295081233481 1
gene  1 10 9 -1.5878618757888363 1 121.0 -1.5878618757888363 1
gene  1 13 9 6.239568913364575 1 124.0 6.239568913364575 1
gene  1 2 10 1.8713183205496295 0 127.0 1.8713183205496295 1
gene  1 4 10 -1.0038831253351834 0 129.0 -1.0038831253351834 1
gene  1 5 10 -1.892187992797853 0 130.0 -1.892187992797853 1
gene  1 8 10 -1.9316342011052234 0 133.0 -1.9316342011052234 1
gene  1 9 10 5.827123445289987 0 134.0 5.827123445289987 1
gene  1 10 10 -0.25842295567157253 1 135.0 -0.25842295567157253 1
gene  1 13 10 6.19448909975252 1 138.0 6.19448909975252 1
gene  1 14 10 -1.0082087918946865 1 139.0 -1.0082087918946865 1
gene  1 2 13 0.23998802918062667 0 169.0 0.23998802918062667 1
gene  1 3 13 -12.15310923433552 0 170.0 -12.15310923433552 1
gene  1 6 13 7.8121404752406765 0 173.0 7.8121404752406765 1
gene  1 7 13 5.329586499781096 0 174.0 5.329586499781096 1
gene  1 9 13 3.3958788143199143 0 176.0 3.3958788143199143 1
gene  1 13 13 -2.9064854709332626 1 180.0 -2.9064854709332626 1
gene  1 14 13 10.484543513917911 1 181.0 10.484543513917911 1
gene  1 1 14 -1.7552066265043134 0 182.0 -1.7552066265043134 1
gene  1 3 14 -6.005269153934641 0 184.0 -6.005269153934641 1
gene  1 9 14 -6.761312879355521 0 190.0 -6.761312879355521 1
gene  1 10 14 6.192942554191715 0 191.0 6.192942554191715 1
gene  1 8 13 1.8296574511865784 0 207.0 1.8296574511865784 1
gene  1 1 10 -1.2387969507928607 0 226.0 -1.2387969507928607 1
gene  1 6 14 0.31112371533686956 0 234.0 0.31112371533686956 1
gene  1 8 28 -0.02391305141064759 1 293.0 -0.02391305141064759 1
gene  1 28 8 1.7814074069388817 0 294.0 1.7814074069388817 1
gene  1 8 9 -3.12744494292589 0 328.0 -3.12744494292589 1
gene  1 8 41 -0.9129709774935204 1 357.0 -0.9129709774935204 1
gene  1 41 8 -0.5889595311329452 0 358.0 -0.5889595311329452 1
gene  1 14 43 -6.485049314787744 1 364.0 -6.485049314787744 1
gene  1 43 10 3.9165041652243366 0 365.0 3.9165041652243366 1
gene  1 5 47 2.093843261542883 0 375.0 2.093843261542883 1
gene  1 47 9 -4.437684164722315 0 376.0 -4.437684164722315 1
gene  1 41 14 6.701528473563794 0 387.0 6.701528473563794 1
gene  1 4 28 -0.4520483914112225 0 419.0 -0.4520483914112225 1
gene  1 2 28 -1.4624146180922661 0 429.0 -1.4624146180922661 1
gene  1 1 62 -3.3392845592461926 0 470.0 -3.3392845592461926 1
gene  1 62 9 -0.6198220547819536 0 471.0 -0.6198220547819536 1
gene  1 8 14 4.202410698854372 0 484.0 4.202410698854372 1
gene  1 1 13 0.8972417196693263 0 489.0 0.8972417196693263 1
gene  1 28 10 1.3377566604932178 0 510.0 1.3377566604932178 1
gene  1 2 41 -0.1744690634934687 0 515.0 -0.1744690634934687 1
genomeend 8
genomestart  9
trait 1 2.732431393943948 0.0 0.0 1.4177942504429533 0.9382603138953756 0.0 1.9280392103089152 1.4020476134298572 
node 1 1 1 1
node 2 1 1 1
node 3 1 1 1
node 4 1 1 1
node 5 1 1 1
node 6 1 1 1
node 7 1 1 3
node 8 1 0 0
node 9 1 0 0
node 10 1 0 0
node 13 1 0 2
node 14 1 0 2
node 28 1 0 0
node 41 1 0 0
node 43 1 0 0
node 47 1 0 0
node 62 1 0 0
gene  1 1 8 2.5780732033526474 0 98.0 2.5780732033526474 1
gene  1 3 8 -1.522703766434923 0 100.0 -1.522703766434923 1
gene  1 5 8 -2.0773365086308844 0 102.0 -2.0773365086308844 1
gene  1 6 8 -1.5611223703255064 0 103.0 -1.5611223703255064 1
gene  1 8 8 1.8987391701718626 1 105.0 1.8987391701718626 1
gene  1 1 9 1.4464183935837758 0 112.0 1.4464183935837758 1
gene  1 2 9 -1.4753454419679004 0 113.0 -1.4753454419679004 1
gene  1 3 9 6.884364567709705 0 114.0 6.884364567709705 1
gene  1 5 9 -4.483552353438272 0 116.0 -4.483552353438272 1
gene  1 7 9 2.4830643298538573 0 118.0 2.4830643298538573 1
gene  1 9 9 -1.1075897464049973 1 120.0 -1.1075897464049973 1
gene  1 10 9 2.036097297229666 1 121.0 2.036097297229666 1
gene  1 13 9 5.916292185099052 1 124.0 5.916292185099052 1
gene  1 2 10 -1.5374799498599017 0 127.0 -1.5374799498599017 1
gene  1 4 10 1.43320174601709 0 129.0 1.43320174601709 1
gene  1 5 10 2.3809712792075466 0 130.0 2.3809712792075466 1
gene  1 8 10 -2.2149471735782624 0 133.0 -2.2149471735782624 1
gene  1 9 10 6.178219264761083 0 134.0 6.178219264761083 1
gene  1 10 10 -4.029452356618594 1 135.0 -4.029452356618594 1
gene  1 13 10 6.6511960274757795 1 138.0 6.6511960274757795 1
gene  1 14 10 -0.923042042041436 1 139.0 -0.923042042041436 1
gene  1 2 13 1.7193876070971372 0 169.0 1.7193876070971372 1
gene  1 3 13 -9.778903991028457 0 170.0 -9.778903991028457 1
gene  1 6 13 10.5987059608742 0 173.0 10.5987059608742 1
gene  1 7 13 -1.1549919561804824 0 174.0 -1.1549919561804824 1
gene  1 9 13 0.9201216234577201 0 176.0 0.9201216234577201 1
gene  1 13 13 -1.9810681794160492 1 180.0 -1.9810681794160492 1
gene  1 14 13 -0.02642719335442356 1 181.0 -0.02642719335442356 1
gene  1 1 14 -1.3510447115294053 0 182.0 -1.3510447115294053 1
gene  1 3 14 -3.3932048122571574 0 184.0 -3.3932048122571574 1
gene  1 9 14 -6.428219384789546 0 190.0 -6.428219384789546 1
gene  1 10 14 -0.3185794662815114 0 191.0 -0.3185794662815114 1
gene  1 8 13 -1.6913678664159355 0 207.0 -1.6913678664159355 1
gene  1 1 10 2.1777678741721664 0 226.0 2.1777678741721664 1
gene  1 6 14 3.352224607595974 0 234.0 3.352224607595974 1
gene  1 8 28 -2.351196103396825 1 293.0 -2.351196103396825 1
gene  1 28 8 -1.2703029946760154 0 294.0 -1.2703029946760154 1
gene  1 8 9 -0.40087796449524093 0 328.0 -0.40087796449524093 1
gene  1 8 41 2.035579589676619 1 357.0 2.035579589676619 1
gene  1 41 8 1.075755852698801 0 358.0 1.075755852698801 1
gene  1 14 43 -4.981463369312443 1 364.0 -4.981463369312443 1
gene  1 43 10 -1.0012136682163053 0 365.0 -1.0012136682163053 1
gene  1 5 47 -0.7914319463794879 0 375.0 -0.7914319463794879 1
gene  1 47 9 -5.212961496593296 0 376.0 -5.212961496593296 1
gene  1 41 14 1.382300432377428 0 387.0 1.382300432377428 1
gene  1 4 28 0.6752649932541455 0 419.0 0.6752649932541455 1
gene  1 2 28 -3.7759759077539368 0 429.0 -3.7759759077539368 1
gene  1 1 62 -5.4889252546992005 0 470.0 -5.4889252546992005 1
gene  1 62 9 -1.5654473122694619 0 471.0 -1.5654473122694619 1
gene  1 8 14 2.4418334667213344 0 484.0 2.4418334667213344 1
gene  1 1 13 1.5801277019726228 0 489.0 1.5801277019726228 1
gene  1 28 10 -0.7693609053851758 0 510.0 -0.7693609053851758 1
gene  1 2 41 0.14355578310557116 0 515.0 0.14355578310557116 1
genomeend 9
genomestart  10
trait 1 0.0 0.0 0.18016573799761848 0.007880455156273225 3.0347432330657154 0.45322605837968266 0.9983210840752836 0.868067118942248 
node 1 1 1 1
node 2 1 1 1
node 3 1 1 1
node 4 1 1 1
node 5 1 1 1
node 6 1 1 1
node 7 1 1 3
node 8 1 0 0
node 13 1 0 2
node 14 1 0 2
node 22 1 0 0
node 25 1 0 0
node 29 1 0 0
node 57 1 0 0
node 65 1 0 0
node 76 1 0 0
gene  1 1 8 1.3062685915944214 0 98.0 1.3062685915944214 1
gene  1 3 8 0.5529002603177857 0 100.0 0.5529002603177857 1
gene  1 4 8 -2.0236082805116182 0 101.0 -2.0236082805116182 1
gene  1 5 8 0.7663232299072503 0 102.0 0.7663232299072503 1
gene  1 6 8 1.289823647599674 0 103.0 1.289823647599674 1
gene  1 8 8 2.699862673306154 1 105.0 2.699862673306154 1
gene  1 1 13 -2.638124419655102 0 168.0 -2.638124419655102 1
gene  1 5 13 -1.7985618342954701 0 172.0 -1.7985618342954701 1
gene  1 13 13 1.414597665327018 1 180.0 1.414597665327018 1
gene  1 14 13 -1.021407822649265 1 181.0 -1.021407822649265 1
gene  1 2 14 0.45347290081770497 0 183.0 0.45347290081770497 1
gene  1 3 14 0.07169998182670362 0 184.0 0.07169998182670362 1
gene  1 5 14 -0.05180504924773649 0 186.0 -0.05180504924773649 1
gene  1 7 14 -2.6957789804690693 0 188.0 -2.6957789804690693 1
gene  1 8 14 -2.088281865397561 0 189.0 -2.088281865397561 1
gene  1 13 14 2.879522284238175 0 194.0 2.879522284238175 1
gene  1 2 13 -1.844815199417159 0 236.0 -1.844815199417159 1
gene  1 8 22 3.0352907645784595 0 240.0 3.0352907645784595 0
gene  1 22 14 -0.04073266591927971 0 241.0 -0.04073266591927971 1
gene  1 1 22 -0.8070977217157489 0 245.0 -0.8070977217157489 1
gene  1 13 8 -2.4400284836363126 0 257.0 -2.4400284836363126 1
gene  1 5 22 3.0690565760652913 0 265.0 3.0690565760652913 1
gene  1 1 25 0.18173388230334653 0 279.0 0.18173388230334653 1
gene  1 25 8 1.9387761435695445 0 280.0 1.9387761435695445 1
gene  1 8 29 3.6199634956756 0 297.0 3.6199634956756 1
gene  1 29 14 0.18257300257155884 0 298.0 0.18257300257155884 1
gene  1 1 14 12.562949677812849 0 312.0 12.562949677812849 1
gene  1 2 29 -0.23651892931603136 0 330.0 -0.23651892931603136 1
gene  1 5 25 2.2097252584426528 0 343.0 2.2097252584426528 1
gene  1 6 29 11.284586844060923 0 386.0 11.284586844060923 1
gene  1 22 29 -1.8812955602190828 0 416.0 -1.8812955602190828 1
gene  1 4 14 1.6426141233152882 0 424.0 1.6426141233152882 1
gene  1 4 29 7.4620560713569954 0 432.0 7.4620560713569954 1
gene  1 8 57 2.855497820373341 0 437.0 2.855497820373341 1
gene  1 57 14 2.076212563920716 0 438.0 2.076212563920716 1
gene  1 3 22 -5.538465282146941 0 440.0 -5.538465282146941 1
gene  1 2 25 6.478306430117587 0 455.0 6.478306430117587 1
gene  1 1 65 -3.42554660417001 0 481.0 -3.42554660417001 1
gene  1 65 25 4.794086439121293 0 482.0 4.794086439121293 1
gene  1 8 76 1.0 0 525.0 0.0 1
gene  1 76 22 3.0352907645784595 0 526.0 0.0 1
genomeend 10
genomestart  11
trait 1 0.0 0.0 0.18016573799761848 0.007880455156273225 3.0347432330657154 0.45322605837968266 0.9983210840752836 0.868067118942248 
node 1 1 1 1
node 2 1 1 1
node 3 1 1 1
node 4 1 1 1
node 5 1 1 1
node 6 1 1 1
node 7 1 1 3
node 8 1 0 0
node 13 1 0 2
node 14 1 0 2
node 22 1 0 0
node 25 1 0 0
node 29 1 0 0
node 57 1 0 0
node 65 1 0 0
gene  1 1 8 -1.7526219036361321 0 98.0 -1.7526219036361321 1
gene  1 3 8 -1.6622399381604436 0 100.0 -1.6622399381604436 1
gene  1 4 8 -2.097612498649042 0 101.0 -2.097612498649042 1
gene  1 5 8 0.16925048302806112 0 102.0 0.16925048302806112 1
gene  1 6 8 1.3541665666809215 0 103.0 1.3541665666809215 1
gene  1 8 8 1.2402946262450993 1 105.0 1.2402946262450993 1
gene  1 1 13 -1.553827730859206 0 168.0 -1.553827730859206 1
gene  1 5 13 -1.2921268654326217 0 172.0 -1.2921268654326217 1
gene  1 13 13 2.301845637032561 1 180.0 2.301845637032561 1
gene  1 14 13 -1.021407822649265 1 181.0 -1.021407822649265 1
gene  1 2 14 2.3989817501506034 0 183.0 2.3989817501506034 1
gene  1 3 14 1.7979736335329246 0 184.0 1.7979736335329246 1
gene  1 5 14 -2.486252842400186 0 186.0 -2.486252842400186 1
gene  1 7 14 -0.5021848778974336 0 188.0 -0.5021848778974336 1
gene  1 8 14 2.255421051556695 0 189.0 2.255421051556695 1
gene  1 13 14 3.4927672262956575 0 194.0 3.4927672262956575 1
gene  1 2 13 -1.2667553475319349 0 236.0 -1.2667553475319349 1
gene  1 8 22 3.0352907645784595 0 240.0 3.0352907645784595 1
gene  1 22 14 0.8476505251545849 0 241.0 0.8476505251545849 1
gene  1 1 22 -1.437562387444732 0 245.0 -1.437562387444732 1
gene  1 13 8 -0.004552455068647543 0 257.0 -0.004552455068647543 1
gene  1 5 22 3.0571476380726113 0 265.0 3.0571476380726113 1
gene  1 1 25 -0.7374031770547376 0 279.0 -0.7374031770547376 0
gene  1 25 8 1.9387761435695445 0 280.0 1.9387761435695445 1
gene  1 8 29 6.113482785412395 0 297.0 6.113482785412395 1
gene  1 29 14 0.18257300257155884 0 298.0 0.18257300257155884 1
gene  1 1 14 14.152970720064848 0 312.0 14.152970720064848 1
gene  1 2 29 0.4044855531096306 0 330.0 0.4044855531096306 1
gene  1 5 25 1.8316398507190552 0 343.0 1.8316398507190552 1
gene  1 6 29 13.591016840156351 0 386.0 13.591016840156351 1
gene  1 22 29 -2.3139397685387655 0 416.0 -2.3139397685387655 1
gene  1 4 14 2.014710872327464 0 424.0 2.014710872327464 1
gene  1 4 29 7.375984518681152 0 432.0 7.375984518681152 1
gene  1 8 57 -1.4591966612656875 0 437.0 -1.4591966612656875 1
gene  1 57 14 2.2944385901857562 0 438.0 2.2944385901857562 1
gene  1 3 22 -7.589213276539327 0 440.0 -7.589213276539327 1
gene  1 2 25 6.478306430117587 0 455.0 6.478306430117587 1
gene  1 1 65 0.727092913474445 0 481.0 0.727092913474445 1
gene  1 65 25 5.498138792045102 0 482.0 5.498138792045102 1
genomeend 11
genomestart  12
trait 1 1.4119270573538159 0.0 0.4289699328456915 0.3704441264278152 0.0 0.7294252873384013 0.042201429445747896 0.0 
node 1 1 1 1
node 2 1 1 1
node 3 1 1 1
node 4 1 1 1
node 5 1 1 1
node 6 1 1 1
node 7 1 1 3
node 13 1 0 2
node 14 1 0 2
node 49 1 0 0
node 73 1 0 0
gene  1 1 13 -4.15416528121826 0 168.0 -4.15416528121826 1
gene  1 2 13 9.594426503964181 0 169.0 9.594426503964181 1
gene  1 3 13 -4.550528550168254 0 170.0 -4.550528550168254 1
gene  1 4 13 -9.84234023313163 0 171.0 -9.84234023313163 1
gene  1 5 13 5.193009469077073 0 172.0 5.193009469077073 1
gene  1 6 13 0.6739427380122189 0 173.0 0.6739427380122189 1
gene  1 7 13 -2.1938814578615493 0 174.0 -2.1938814578615493 1
gene  1 14 13 0.7896671152280232 1 181.0 0.7896671152280232 1
gene  1 1 14 -4.530183336435069 0 182.0 -4.530183336435069 1
gene  1 2 14 -2.975649437259441 0 183.0 -2.975649437259441 1
gene  1 3 14 -1.8225092867084003 0 184.0 -1.8225092867084003 1
gene  1 13 14 -0.4268509314150215 0 194.0 -0.4268509314150215 1
gene  1 14 14 1.2412906414550107 1 195.0 1.2412906414550107 1
gene  1 7 14 -2.6231175177267603 0 273.0 -2.6231175177267603 1
gene  1 4 14 1.7764262337780936 0 283.0 1.7764262337780936 1
gene  1 5 14 0.028232261614809184 0 303.0 0.028232261614809184 1
gene  1 6 14 0.34463272486853036 0 307.0 0.34463272486853036 1
gene  1 3 49 2.673326300416318 0 389.0 2.673326300416318 1
gene  1 49 13 -0.869233468365807 0 390.0 -0.869233468365807 1
gene  1 5 49 -2.5258795893343153 0 403.0 -2.5258795893343153 1
gene  1 1 49 -4.855898153466382 0 430.0 -4.855898153466382 1
gene  1 7 49 2.767222917608186 0 456.0 2.767222917608186 1
gene  1 4 49 -0.2963278249028162 0 495.0 -0.2963278249028162 1
gene  1 6 73 4.4641707925645555 0 508.0 4.4641707925645555 1
gene  1 73 13 1.3555814316297452 0 509.0 1.3555814316297452 1
genomeend 12
genomestart  13
trait 1 1.4119270573538159 0.0 0.4289699328456915 0.3704441264278152 0.0 0.7294252873384013 0.042201429445747896 0.0 
node 1 1 1 1
node 2 1 1 1
node 3 1 1 1
node 4 1 1 1
node 5 1 1 1
node 6 1 1 1
node 7 1 1 3
node 13 1 0 2
node 14 1 0 2
node 49 1 0 0
node 73 1 0 0
node 75 1 0 0
gene  1 1 13 -4.564216991766978 0 168.0 -4.564216991766978 1
gene  1 2 13 8.95988688393266 0 169.0 8.95988688393266 1
gene  1 3 13 -2.447766767783892 0 170.0 -2.447766767783892 1
gene  1 4 13 -8.96239130134909 0 171.0 -8.96239130134909 1
gene  1 5 13 3.7740253644175117 0 172.0 3.7740253644175117 1
gene  1 6 13 -0.6639290249826608 0 173.0 -0.6639290249826608 1
gene  1 7 13 -2.2139142111406795 0 174.0 -2.2139142111406795 1
gene  1 14 13 2.191699861957382 1 181.0 2.191699861957382 1
gene  1 1 14 -6.633833451567174 0 182.0 -6.633833451567174 1
gene  1 2 14 -1.3821342118122923 0 183.0 -1.3821342118122923 1
gene  1 3 14 0.3195357547213442 0 184.0 0.3195357547213442 1
gene  1 13 14 -1.0186399551038663 0 194.0 -1.0186399551038663 1
gene  1 14 14 -0.3771790997857358 1 195.0 -0.3771790997857358 1
gene  1 7 14 -0.9420706239264959 0 273.0 -0.9420706239264959 1
gene  1 4 14 1.9212322002540088 0 283.0 1.9212322002540088 1
gene  1 5 14 -1.7068912660120426 0 303.0 -1.7068912660120426 0
gene  1 6 14 -0.9226632775842567 0 307.0 -0.9226632775842567 1
gene  1 3 49 1.0588406992522978 0 389.0 1.0588406992522978 1
gene  1 49 13 -2.8216271215046813 0 390.0 -2.8216271215046813 1
gene  1 5 49 -3.3392730467636182 0 403.0 -3.3392730467636182 1
gene  1 1 49 -5.858680051943691 0 430.0 -5.858680051943691 1
gene  1 7 49 2.767222917608186 0 456.0 2.767222917608186 1
gene  1 4 49 2.2894988920299 0 495.0 2.2894988920299 1
gene  1 6 73 4.7698199727855055 0 508.0 4.7698199727855055 1
gene  1 73 13 1.3555814316297452 0 509.0 1.3555814316297452 1
gene  1 5 75 1.0 0 523.0 0.0 1
gene  1 75 14 -1.7068912660120426 0 524.0 0.0 1
genomeend 13
genomestart  14
trait 1 0.04702751910613956 0.5319433208524987 0.8875428902212121 1.1036226464327767 0.10522835245191364 0.39032959932087685 0.0 0.0 
node 1 1 1 1
node 2 1 1 1
node 3 1 1 1
node 4 1 1 1
node 5 1 1 1
node 6 1 1 1
node 7 1 1 3
node 8 1 0 0
node 9 1 0 0
node 13 1 0 2
node 14 1 0 2
node 20 1 0 0
node 56 1 0 0
node 60 1 0 0
gene  1 1 8 -1.0752359382988044 0 98.0 -1.0752359382988044 1
gene  1 2 8 -0.8396215008122028 0 99.0 -0.8396215008122028 1
gene  1 3 8 1.654513517331794 0 100.0 1.654513517331794 1
gene  1 6 8 -9.028038702765004 0 103.0 -9.028038702765004 1
gene  1 8 8 -2.0741809850992956 1 105.0 -2.0741809850992956 1
gene  1 9 8 2.0279181796642995 1 106.0 2.0279181796642995 1
gene  1 13 8 -5.274091117841925 1 110.0 -5.274091117841925 1
gene  1 14 8 5.480827721808035 1 111.0 5.480827721808035 1
gene  1 1 9 -0.04767848866452651 0 112.0 -0.04767848866452651 1
gene  1 4 9 14.757081997906702 0 115.0 14.757081997906702 1
gene  1 5 9 -0.9499993754014036 0 116.0 -0.9499993754014036 1
gene  1 7 9 -2.417346056860298 0 118.0 -2.417346056860298 1
gene  1 9 9 -3.9983045893396687 1 120.0 -3.9983045893396687 1
gene  1 14 9 -19.078820296882352 1 125.0 -19.078820296882352 1
gene  1 2 13 -0.7386706741003528 0 169.0 -0.7386706741003528 1
gene  1 5 13 8.96140231456446 0 172.0 8.96140231456446 1
gene  1 8 13 2.731172807950497 0 175.0 2.731172807950497 1
gene  1 1 14 -2.160275786440906 0 182.0 -2.160275786440906 1
gene  1 2 14 7.085311941733729 0 183.0 7.085311941733729 1
gene  1 3 14 1.120866065438778 0 184.0 1.120866065438778 1
gene  1 6 14 4.624901661541868 0 187.0 4.624901661541868 1
gene  1 13 14 4.1902328813272325 0 194.0 4.1902328813272325 1
gene  1 14 14 -2.0533806466542055 1 195.0 -2.0533806466542055 1
gene  1 5 8 -0.3873554906706497 0 202.0 -0.3873554906706497 1
gene  1 4 13 -2.0670446889390375 0 220.0 -2.0670446889390375 1
gene  1 1 20 1.416678051304531 0 231.0 1.416678051304531 1
gene  1 20 14 3.209672526405751 0 232.0 3.209672526405751 1
gene  1 1 13 -5.03103666626457 0 329.0 -5.03103666626457 1
gene  1 13 20 2.6291754899046667 0 337.0 2.6291754899046667 1
gene  1 4 20 -2.165818652072894 0 339.0 -2.165818652072894 1
gene  1 9 8 -2.9659820607190226 0 404.0 -2.9659820607190226 1
gene  1 8 14 -2.334910038928062 0 410.0 -2.334910038928062 1
gene  1 5 56 -1.1614006376075592 0 434.0 -1.1614006376075592 1
gene  1 56 8 1.1738654294361215 0 435.0 1.1738654294361215 1
gene  1 2 9 1.8868230093609955 0 448.0 1.8868230093609955 1
gene  1 3 60 -1.9948878757636346 0 458.0 -1.9948878757636346 1
gene  1 60 8 -0.15947492890721082 0 459.0 -0.15947492890721082 1
gene  1 1 60 -0.625784800544835 0 479.0 -0.625784800544835 1
gene  1 7 56 -1.1586870817784898 0 520.0 -1.1586870817784898 1
genomeend 14
genomestart  15
trait 1 0.47657273823710955 0.4888065251731665 0.41703037046507174 1.1036226464327767 0.786551578595282 0.39032959932087685 0.5684550583724243 0.7297413971923586 
node 1 1 1 1
node 2 1 1 1
node 3 1 1 1
node 4 1 1 1
node 5 1 1 1
node 6 1 1 1
node 7 1 1 3
node 8 1 0 0
node 9 1 0 0
node 13 1 0 2
node 14 1 0 2
node 20 1 0 0
node 56 1 0 0
node 60 1 0 0
gene  1 1 8 -0.42785403846237324 0 98.0 -0.42785403846237324 1
gene  1 2 8 -1.326028324984771 0 99.0 -1.326028324984771 1
gene  1 3 8 4.505332298363003 0 100.0 4.505332298363003 1
gene  1 6 8 -4.961530687690261 0 103.0 -4.961530687690261 1
gene  1 8 8 1.5864131011654585 1 105.0 1.5864131011654585 1
gene  1 9 8 -4.291950838468781 1 106.0 -4.291950838468781 1
gene  1 13 8 -6.0830011525649255 1 110.0 -6.0830011525649255 1
gene  1 14 8 5.538197389563923 1 111.0 5.538197389563923 1
gene  1 1 9 0.8739015145977858 0 112.0 0.8739015145977858 1
gene  1 4 9 11.915646580987694 0 115.0 11.915646580987694 1
gene  1 5 9 0.858052040843277 0 116.0 0.858052040843277 1
gene  1 7 9 -2.427781022782119 0 118.0 -2.427781022782119 1
gene  1 9 9 -2.804753478480971 1 120.0 -2.804753478480971 1
gene  1 14 9 -19.255944272796725 1 125.0 -19.255944272796725 1
gene  1 2 13 -1.6833719580829167 0 169.0 -1.6833719580829167 1
gene  1 5 13 -1.058111462383697 0 172.0 -1.058111462383697 1
gene  1 8 13 5.737678782118041 0 175.0 5.737678782118041 1
gene  1 1 14 -4.196568813041824 0 182.0 -4.196568813041824 1
gene  1 2 14 6.768773504011796 0 183.0 6.768773504011796 1
gene  1 3 14 2.372682395712526 0 184.0 2.372682395712526 1
gene  1 6 14 2.1369979448642216 0 187.0 2.1369979448642216 1
gene  1 13 14 2.3698476710963545 0 194.0 2.3698476710963545 1
gene  1 14 14 1.8489664195384472 1 195.0 1.8489664195384472 1
gene  1 5 8 2.055344799065848 0 202.0 2.055344799065848 1
gene  1 4 13 2.0997808042883412 0 220.0 2.0997808042883412 1
gene  1 1 20 3.4149251267597815 0 231.0 3.4149251267597815 1
gene  1 20 14 5.106790170194411 0 232.0 5.106790170194411 1
gene  1 1 13 -2.8315216195088944 0 329.0 -2.8315216195088944 1
gene  1 13 20 0.5174805720033899 0 337.0 0.5174805720033899 1
gene  1 4 20 0.0713927933181423 0 339.0 0.0713927933181423 1
gene  1 9 8 -1.4373350642854643 0 404.0 -1.4373350642854643 1
gene  1 8 14 1.4253471843068213 0 410.0 1.4253471843068213 1
gene  1 5 56 1.302025543659811 0 434.0 1.302025543659811 1
gene  1 56 8 0.4473885985631398 0 435.0 0.4473885985631398 1
gene  1 2 9 -0.5884644237150611 0 448.0 -0.5884644237150611 1
gene  1 3 60 -7.256588342885275 0 458.0 -7.256588342885275 1
gene  1 60 8 -1.7191181329869512 0 459.0 -1.7191181329869512 1
gene  1 1 60 1.0302723221857588 0 479.0 1.0302723221857588 1
gene  1 7 56 -1.341122599091418 0 520.0 -1.341122599091418 1
genomeend 15
genomestart  16
trait 1 0.04702751910613956 0.5319433208524987 0.8875428902212121 1.1036226464327767 0.10522835245191364 0.39032959932087685 0.0 0.0 
node 1 1 1 1
node 2 1 1 1
node 3 1 1 1
node 4 1 1 1
node 5 1 1 1
node 6 1 1 1
node 7 1 1 3
node 8 1 0 0
node 9 1 0 0
node 13 1 0 2
node 14 1 0 2
node 20 1 0 0
node 56 1 0 0
node 60 1 0 0
gene  1 1 8 1.3978582015142331 0 98.0 1.3978582015142331 1
gene  1 2 8 0.7883270361273997 0 99.0 0.7883270361273997 1
gene  1 3 8 4.720082772291641 0 100.0 4.720082772291641 1
gene  1 6 8 -6.60676848557226 0 103.0 -6.60676848557226 1
gene  1 8 8 -2.5734478023975598 1 105.0 -2.5734478023975598 1
gene  1 9 8 -4.011526023162624 1 106.0 -4.011526023162624 1
gene  1 13 8 -5.274091117841925 1 110.0 -5.274091117841925 1
gene  1 14 8 1.575823880629076 1 111.0 1.575823880629076 1
gene  1 1 9 -2.75033568853277 0 112.0 -2.75033568853277 1
gene  1 4 9 12.961649242930635 0 115.0 12.961649242930635 1
gene  1 5 9 -1.885870895356761 0 116.0 -1.885870895356761 1
gene  1 7 9 -2.1202088336440212 0 118.0 -2.1202088336440212 1
gene  1 9 9 -2.645478744534172 1 120.0 -2.645478744534172 1
gene  1 14 9 2.1035377585379162 1 125.0 2.1035377585379162 1
gene  1 2 13 1.095245659955677 0 169.0 1.095245659955677 1
gene  1 5 13 1.950021886003105 0 172.0 1.950021886003105 1
gene  1 8 13 4.025782794246304 0 175.0 4.025782794246304 1
gene  1 1 14 0.7131916017880902 0 182.0 0.7131916017880902 1
gene  1 2 14 7.318481913408495 0 183.0 7.318481913408495 1
gene  1 3 14 1.1327748806825915 0 184.0 1.1327748806825915 1
gene  1 6 14 -1.2166173127225157 0 187.0 -1.2166173127225157 1
gene  1 13 14 1.3387209545823109 0 194.0 1.3387209545823109 1
gene  1 14 14 1.823687185407371 1 195.0 1.823687185407371 1
gene  1 5 8 1.097489746397211 0 202.0 1.097489746397211 1
gene  1 4 13 -0.9791146380478983 0 220.0 -0.9791146380478983 1
gene  1 1 20 1.6324877472180395 0 231.0 1.6324877472180395 1
gene  1 20 14 6.267379596893149 0 232.0 6.267379596893149 1
gene  1 1 13 -0.4215081612867557 0 329.0 -0.4215081612867557 1
gene  1 13 20 3.7285592715515916 0 337.0 3.7285592715515916 1
gene  1 4 20 -0.6413544168807729 0 339.0 -0.6413544168807729 1
gene  1 9 8 -3.4307264965749233 0 404.0 -3.4307264965749233 1
gene  1 8 14 0.6313543715247301 0 410.0 0.6313543715247301 1
gene  1 5 56 1.3922898609554806 0 434.0 1.3922898609554806 1
gene  1 56 8 0.2834904862242568 0 435.0 0.2834904862242568 1
gene  1 2 9 1.9731382516618152 0 448.0 1.9731382516618152 1
gene  1 3 60 0.3493394770612232 0 458.0 0.3493394770612232 1
gene  1 60 8 -0.9087366192131946 0 459.0 -0.9087366192131946 1
gene  1 1 60 2.911945044629138 0 479.0 2.911945044629138 1
gene  1 7 56 -0.33588041261732454 0 520.0 -0.33588041261732454 1
genomeend 16
genomestart  17
trait 1 0.0 0.13288052470053657 2.0400788442298796 0.0 0.9774676473893938 0.5916859962196944 0.0 0.0 
node 1 1 1 1
node 2 1 1 1
node 3 1 1 1
node 4 1 1 1
node 5 1 1 1
node 6 1 1 1
node 7 1 1 3
node 13 1 0 2
node 14 1 0 2
node 45 1 0 0
node 71 1 0 0
gene  1 1 13 -4.199985251379476 0 168.0 -4.199985251379476 1
gene  1 2 13 -2.043577412150313 0 169.0 -2.043577412150313 1
gene  1 5 13 -3.765647490260958 0 172.0 -3.765647490260958 1
gene  1 6 13 0.3085497922913157 0 173.0 0.3085497922913157 1
gene  1 7 13 -4.151347584466496 0 174.0 -4.151347584466496 1
gene  1 3 14 7.744796325695979 0 184.0 7.744796325695979 1
gene  1 4 14 -2.942886777422279 0 185.0 -2.942886777422279 1
gene  1 7 14 -1.9615356002974609 0 188.0 -1.9615356002974609 1
gene  1 13 14 -9.340436185457799 0 194.0 -9.340436185457799 1
gene  1 14 14 0.47113149875443017 1 195.0 0.47113149875443017 1
gene  1 4 13 -2.649258424812725 0 235.0 -2.649258424812725 1
gene  1 1 14 1.8277294476738453 0 242.0 1.8277294476738453 1
gene  1 5 14 5.137577349526152 0 319.0 5.137577349526152 1
gene  1 1 45 1.4600615342241983 0 370.0 1.4600615342241983 1
gene  1 45 13 -1.3793103996794716 0 371.0 -1.3793103996794716 1
gene  1 4 45 -0.8180620835786145 0 497.0 -0.8180620835786145 1
gene  1 6 71 -0.09829015078077852 0 502.0 -0.09829015078077852 1
gene  1 71 13 1.0509659978822108 0 503.0 1.0509659978822108 1
genomeend 17
genomestart  18
trait 1 0.0 0.13288052470053657 2.0400788442298796 0.6611334755170242 1.901093270671936 0.4943158208989521 0.0 0.0 
node 1 1 1 1
node 2 1 1 1
node 3 1 1 1
node 4 1 1 1
node 5 1 1 1
node 6 1 1 1
node 7 1 1 3
node 13 1 0 2
node 14 1 0 2
node 45 1 0 0
node 71 1 0 0
gene  1 1 13 -4.654972427263916 0 168.0 -4.654972427263916 1
gene  1 2 13 -2.5256436313909334 0 169.0 -2.5256436313909334 1
gene  1 5 13 -2.629339526839969 0 172.0 -2.629339526839969 1
gene  1 6 13 2.042310067847199 0 173.0 2.042310067847199 1
gene  1 7 13 -2.653772083955851 0 174.0 -2.653772083955851 1
gene  1 3 14 3.648189219114178 0 184.0 3.648189219114178 1
gene  1 4 14 0.7555164566380741 0 185.0 0.7555164566380741 1
gene  1 7 14 -2.487904048802334 0 188.0 -2.487904048802334 1
gene  1 13 14 -12.463427202541277 0 194.0 -12.463427202541277 1
gene  1 14 14 -0.18215759770666784 1 195.0 -0.18215759770666784 1
gene  1 4 13 -2.31964356724467 0 235.0 -2.31964356724467 1
gene  1 1 14 1.2498248246379307 0 242.0 1.2498248246379307 1
gene  1 5 14 4.465091886928098 0 319.0 4.465091886928098 1
gene  1 1 45 3.5871095610712036 0 370.0 3.5871095610712036 1
gene  1 45 13 0.9920009870613908 0 371.0 0.9920009870613908 1
gene  1 4 45 -4.497262959131774 0 497.0 -4.497262959131774 1
gene  1 6 71 -3.05342084293424 0 502.0 -3.05342084293424 1
gene  1 71 13 -0.22206620983573316 0 503.0 -0.22206620983573316 1
genomeend 18
genomestart  19
trait 1 0.0 0.13288052470053657 2.0400788442298796 0.6611334755170242 1.901093270671936 0.4943158208989521 0.0 0.0 
node 1 1 1 1
node 2 1 1 1
node 3 1 1 1
node 4 1 1 1
node 5 1 1 1
node 6 1 1 1
node 7 1 1 3
node 13 1 0 2
node 14 1 0 2
node 45 1 0 0
node 71 1 0 0
gene  1 1 13 -1.2032315855601272 0 168.0 -1.2032315855601272 1
gene  1 2 13 -0.30289771312709957 0 169.0 -0.30289771312709957 1
gene  1 5 13 -1.8612303454740478 0 172.0 -1.8612303454740478 1
gene  1 6 13 0.4988431583355506 0 173.0 0.4988431583355506 1
gene  1 7 13 -0.4162762670790161 0 174.0 -0.4162762670790161 1
gene  1 3 14 5.754594788519736 0 184.0 5.754594788519736 1
gene  1 4 14 -2.374939338331932 0 185.0 -2.374939338331932 1
gene  1 7 14 -1.9303329978842456 0 188.0 -1.9303329978842456 1
gene  1 13 14 -12.275644412390907 0 194.0 -12.275644412390907 1
gene  1 14 14 2.698122421926736 1 195.0 2.698122421926736 1
gene  1 4 13 -5.454177829593789 0 235.0 -5.454177829593789 1
gene  1 1 14 0.6207240179714533 0 242.0 0.6207240179714533 1
gene  1 5 14 3.6894777858736623 0 319.0 3.6894777858736623 1
gene  1 1 45 4.061261898889039 0 370.0 4.061261898889039 1
gene  1 45 13 -0.4751609093139175 0 371.0 -0.4751609093139175 1
gene  1 4 45 -2.476148605497865 0 497.0 -2.476148605497865 1
gene  1 6 71 -2.62520139228113 0 502.0 -2.62520139228113 1
gene  1 71 13 0.9526255908859973 0 503.0 0.9526255908859973 1
genomeend 19
