genomestart  0
trait 1 0.12236385032328645 0.11996509262718169 0.0 1.2348572107762614 0.0 1.3168578850843018 1.0590140864502917 1.7905313975538821 
node 1 1 1 1
node 2 1 1 1
node 3 1 1 1
node 4 1 1 1
node 5 1 1 1
node 6 1 1 1
node 7 1 1 3
node 13 1 0 2
node 14 1 0 2
node 33 1 0 0
node 48 1 0 0
node 55 1 0 0
gene  1 2 13 -0.4935073236256651 0 169.0 -0.4935073236256651 1
gene  1 3 13 0.9434978090546599 0 170.0 0.9434978090546599 1
gene  1 4 13 1.1295962539688007 0 171.0 1.1295962539688007 1
gene  1 6 13 -8.70360941220998 0 173.0 -8.70360941220998 1
gene  1 7 13 -1.311312808506022 0 174.0 -1.311312808506022 1
gene  1 13 13 5.7609233149227395 1 180.0 5.7609233149227395 1
gene  1 1 14 -1.6144330890464813 0 182.0 -1.6144330890464813 1
gene  1 2 14 2.706694606074852 0 183.0 2.706694606074852 1
gene  1 5 14 1.4811255924951734 0 186.0 1.4811255924951734 1
gene  1 6 14 0.13194009470133272 0 187.0 0.13194009470133272 1
gene  1 7 14 4.435672926588538 0 188.0 4.435672926588538 1
gene  1 13 14 2.076124836194791 0 194.0 2.076124836194791 0
gene  1 14 14 -0.5631611657129068 1 195.0 -0.5631611657129068 1
gene  1 4 14 -0.7848728630273758 0 196.0 -0.7848728630273758 1
gene  1 1 13 1.8554239596592284 0 216.0 1.8554239596592284 1
gene  1 1 33 2.3653737526094867 0 313.0 2.3653737526094867 1
gene  1 33 14 -4.699966675835177 0 314.0 -4.699966675835177 1
gene  1 14 48 2.6799512148332605 1 379.0 2.6799512148332605 1
gene  1 48 14 2.9508896723919844 0 380.0 2.9508896723919844 1
gene  1 48 33 -0.5852542586601335 0 381.0 -0.5852542586601335 1
gene  1 4 33 -2.592294365668781 0 384.0 -2.592294365668781 1
gene  1 13 55 1.2172365094380633 0 407.0 1.2172365094380633 1
gene  1 55 14 3.0654314480153366 0 408.0 3.0654314480153366 1
genomeend 0
genomestart  1
trait 1 0.12236385032328645 0.11996509262718169 0.0 1.2348572107762614 0.0 1.3168578850843018 1.0590140864502917 1.7905313975538821 
node 1 1 1 1
node 2 1 1 1
node 3 1 1 1
node 4 1 1 1
node 5 1 1 1
node 6 1 1 1
node 7 1 1 3
node 13 1 0 2
node 14 1 0 2
node 33 1 0 0
node 48 1 0 0
node 55 1 0 0
gene  1 2 13 -1.3993499267263811 0 169.0 -1.3993499267263811 1
gene  1 3 13 1.2866174985779373 0 170.0 1.2866174985779373 1
gene  1 4 13 9.074682157051281 0 171.0 9.074682157051281 1
gene  1 6 13 -6.423592685908924 0 173.0 -6.423592685908924 1
gene  1 7 13 -0.3164952826588721 0 174.0 -0.3164952826588721 1
gene  1 13 13 5.7609233149227395 1 180.0 5.7609233149227395 1
gene  1 1 14 0.11621585301009402 0 182.0 0.11621585301009402 1
gene  1 2 14 2.706694606074852 0 183.0 2.706694606074852 1
gene  1 5 14 2.1683561750809943 0 186.0 2.1683561750809943 1
gene  1 6 14 -0.3294320269850234 0 187.0 -0.3294320269850234 1
gene  1 7 14 6.755824151883335 0 188.0 6.755824151883335 1
gene  1 13 14 1.867220157885558 0 194.0 1.867220157885558 0
gene  1 14 14 2.4197303313693372 1 195.0 2.4197303313693372 1
gene  1 4 14 -2.366739774176277 0 196.0 -2.366739774176277 1
gene  1 1 13 1.0009997402753203 0 216.0 1.0009997402753203 1
gene  1 1 33 -1.1930308480880345 0 313.0 -1.1930308480880345 1
gene  1 33 14 -3.163537487432583 0 314.0 -3.163537487432583 1
gene  1 14 48 1.914154677476875 1 379.0 1.914154677476875 1
gene  1 48 14 3.074077520627489 0 380.0 3.074077520627489 1
gene  1 48 33 -0.2766021388848148 0 381.0 -0.2766021388848148 1
gene  1 4 33 -4.171422577704211 0 384.0 -4.171422577704211 1
gene  1 13 55 1.0 0 407.0 0.0 1
gene  1 55 14 1.867220157885558 0 408.0 0.0 1
genomeend 1
genomestart  2
trait 1 0.3582596345510627 0.4388362906987652 0.8146270411081855 0.1911620597009413 0.9392615996835805 0.41262400137975846 0.0 0.4309961400637684 
node 1 1 1 1
node 2 1 1 1
node 3 1 1 1
node 4 1 1 1
node 5 1 1 1
node 6 1 1 1
node 7 1 1 3
node 13 1 0 2
node 14 1 0 2
node 21 1 0 0
node 24 1 0 0
node 34 1 0 0
gene  1 1 13 4.97879146004511 0 168.0 4.97879146004511 1
gene  1 4 13 -2.58260187740504 0 171.0 -2.58260187740504 1
gene  1 5 13 -0.7375239368103415 0 172.0 -0.7375239368103415 1
gene  1 7 13 6.096162602494785 0 174.0 6.096162602494785 1
gene  1 13 13 1.3937261653317132 1 180.0 1.3937261653317132 1
gene  1 2 14 2.015699064698415 0 183.0 2.015699064698415 1
gene  1 3 14 -1.5319513329557835 0 184.0 -1.5319513329557835 1
gene  1 6 14 -4.764327464907375 0 187.0 -4.764327464907375 1
gene  1 13 14 -2.8456767656026996 0 194.0 -2.8456767656026996 1
gene  1 14 14 -3.1411289975829786 1 195.0 -3.1411289975829786 1
gene  1 6 13 1.0958384540201573 0 205.0 1.0958384540201573 1
gene  1 5 14 -3.3100993414841327 0 223.0 -3.3100993414841327 1
gene  1 3 13 -5.22519118837055 0 229.0 -5.22519118837055 1
gene  1 2 13 -5.08941175174275 0 233.0 -5.08941175174275 1
gene  1 1 21 -0.35187345954436555 0 238.0 -0.35187345954436555 1
gene  1 21 13 -2.9262236824334473 0 239.0 -2.9262236824334473 1
gene  1 5 21 -1.6543318464195989 0 253.0 -1.6543318464195989 1
gene  1 3 21 -5.176926608608884 0 270.0 -5.176926608608884 1
gene  1 1 24 8.651422299382235 0 275.0 8.651422299382235 1
gene  1 24 13 -1.468944208999801 0 276.0 -1.468944208999801 1
gene  1 3 34 -3.0401826543474453 0 315.0 -3.0401826543474453 1
gene  1 34 14 1.782076317844215 0 316.0 1.782076317844215 1
gene  1 3 24 -1.144988421134612 0 324.0 -1.144988421134612 1
gene  1 2 21 2.9407376846380107 0 350.0 2.9407376846380107 1
gene  1 34 13 -1.9628815744231605 0 355.0 -1.9628815744231605 1
gene  1 1 34 -1.8095486076706764 0 361.0 -1.8095486076706764 1
gene  1 7 14 5.036224806172612 0 388.0 5.036224806172612 1
genomeend 2
genomestart  3
trait 1 0.3582596345510627 0.4388362906987652 0.8146270411081855 0.1911620597009413 0.9392615996835805 0.41262400137975846 0.0 0.4309961400637684 
node 1 1 1 1
node 2 1 1 1
node 3 1 1 1
node 4 1 1 1
node 5 1 1 1
node 6 1 1 1
node 7 1 1 3
node 13 1 0 2
node 14 1 0 2
node 21 1 0 0
node 24 1 0 0
node 34 1 0 0
gene  1 1 13 2.68050562726821 0 168.0 2.68050562726821 1
gene  1 4 13 -1.8435755526574256 0 171.0 -1.8435755526574256 1
gene  1 5 13 -0.6678528684531582 0 172.0 -0.6678528684531582 1
gene  1 7 13 3.578427101251381 0 174.0 3.578427101251381 1
gene  1 13 13 4.280311915066759 1 180.0 4.280311915066759 1
gene  1 2 14 0.5046385986296484 0 183.0 0.5046385986296484 1
gene  1 3 14 -4.068845649606436 0 184.0 -4.068845649606436 1
gene  1 6 14 -3.9050585296100833 0 187.0 -3.9050585296100833 1
gene  1 13 14 -0.8459827975281026 0 194.0 -0.8459827975281026 1
gene  1 14 14 -1.715252755594814 1 195.0 -1.715252755594814 1
gene  1 6 13 -1.3511384517333778 0 205.0 -1.3511384517333778 1
gene  1 5 14 -3.0474703141690833 0 223.0 -3.0474703141690833 1
gene  1 3 13 2.022609471996122 0 229.0 2.022609471996122 1
gene  1 2 13 -3.638202140461579 0 233.0 -3.638202140461579 1
gene  1 1 21 -1.0806363812528266 0 238.0 -1.0806363812528266 1
gene  1 21 13 1.8868373078711012 0 239.0 1.8868373078711012 1
gene  1 5 21 -0.17341124427941912 0 253.0 -0.17341124427941912 1
gene  1 3 21 1.382601446214893 0 270.0 1.382601446214893 1
gene  1 1 24 5.6885527032841114 0 275.0 5.6885527032841114 1
gene  1 24 13 -2.7964116709000884 0 276.0 -2.7964116709000884 1
gene  1 3 34 -0.281306138353555 0 315.0 -0.281306138353555 1
gene  1 34 14 -0.2592359125699204 0 316.0 -0.2592359125699204 1
gene  1 3 24 4.384695257603095 0 324.0 4.384695257603095 1
gene  1 2 21 5.24001253415556 0 350.0 5.24001253415556 1
gene  1 34 13 -3.394104174327907 0 355.0 -3.394104174327907 1
gene  1 1 34 0.6222319882061389 0 361.0 0.6222319882061389 1
gene  1 7 14 7.017458707771873 0 388.0 7.017458707771873 1
genomeend 3
genomestart  4
trait 1 0.3582596345510627 0.4388362906987652 0.8146270411081855 0.1911620597009413 0.9392615996835805 0.41262400137975846 0.0 0.4309961400637684 
node 1 1 1 1
node 2 1 1 1
node 3 1 1 1
node 4 1 1 1
node 5 1 1 1
node 6 1 1 1
node 7 1 1 3
node 13 1 0 2
node 14 1 0 2
node 21 1 0 0
node 24 1 0 0
node 34 1 0 0
gene  1 1 13 0.8322711190730949 0 168.0 0.8322711190730949 1
gene  1 4 13 1.8833861692283307 0 171.0 1.8833861692283307 1
gene  1 5 13 2.369116469530085 0 172.0 2.369116469530085 1
gene  1 7 13 4.540060782963711 0 174.0 4.540060782963711 1
gene  1 13 13 1.084428493257975 1 180.0 1.084428493257975 1
gene  1 2 14 2.6777964316483787 0 183.0 2.6777964316483787 1
gene  1 3 14 -3.3391511531991203 0 184.0 -3.3391511531991203 1
gene  1 6 14 -3.2077785197206157 0 187.0 -3.2077785197206157 1
gene  1 13 14 -3.648768282136276 0 194.0 -3.648768282136276 1
gene  1 14 14 1.37790660647816 1 195.0 1.37790660647816 1
gene  1 6 13 -1.0266060374625547 0 205.0 -1.0266060374625547 1
gene  1 5 14 -0.8854732522206716 0 223.0 -0.8854732522206716 1
gene  1 3 13 -4.85565108756741 0 229.0 -4.85565108756741 1
gene  1 2 13 -5.659030632962415 0 233.0 -5.659030632962415 1
gene  1 1 21 -1.2391243315112934 0 238.0 -1.2391243315112934 1
gene  1 21 13 -2.620685711025598 0 239.0 -2.620685711025598 1
gene  1 5 21 -3.641399155724016 0 253.0 -3.641399155724016 1
gene  1 3 21 -7.365668679849671 0 270.0 -7.365668679849671 1
gene  1 1 24 4.719267037677618 0 275.0 4.719267037677618 1
gene  1 24 13 -2.806457482656005 0 276.0 -2.806457482656005 1
gene  1 3 34 -1.452961106157845 0 315.0 -1.452961106157845 1
gene  1 34 14 0.29015455389684286 0 316.0 0.29015455389684286 1
gene  1 3 24 -0.7256029527841518 0 324.0 -0.7256029527841518 1
gene  1 2 21 6.997496932454181 0 350.0 6.997496932454181 1
gene  1 34 13 -3.7654320559676844 0 355.0 -3.7654320559676844 1
gene  1 1 34 -2.1048672477906236 0 361.0 -2.1048672477906236 1
gene  1 7 14 2.6832670958777194 0 388.0 2.6832670958777194 1
genomeend 4
genomestart  5
trait 1 2.8264831974358327 1.038817852750874 0.43173212214279244 1.2383225027221012 1.329334485592839 0.0 0.6456726887502329 1.0929932745483306 
node 1 1 1 1
node 2 1 1 1
node 3 1 1 1
node 4 1 1 1
node 5 1 1 1
node 6 1 1 1
node 7 1 1 3
node 8 1 0 0
node 13 1 0 2
node 14 1 0 2
node 39 1 0 0
node 42 1 0 0
node 51 1 0 0
gene  1 1 8 -2.1155548422719876 0 98.0 -2.1155548422719876 1
gene  1 2 8 -0.9802787571584437 0 99.0 -0.9802787571584437 1
gene  1 3 8 4.93594951274116 0 100.0 4.93594951274116 1
gene  1 4 8 2.870919486189707 0 101.0 2.870919486189707 1
gene  1 5 8 -1.4283760499920533 0 102.0 -1.4283760499920533 1
gene  1 6 8 1.681280934753094 0 103.0 1.681280934753094 1
gene  1 8 8 -2.029729730662953 1 105.0 -2.029729730662953 1
gene  1 13 8 -2.7994417811991825 1 110.0 -2.7994417811991825 1
gene  1 14 8 3.62026430965178 1 111.0 3.62026430965178 1
gene  1 3 13 2.142902740562277 0 170.0 2.142902740562277 1
gene  1 5 13 3.441386816950761 0 172.0 3.441386816950761 1
gene  1 7 13 0.22800254791045083 0 174.0 0.22800254791045083 1
gene  1 13 13 -3.72141551745577 1 180.0 -3.72141551745577 1
gene  1 2 14 3.2498441517787597 0 183.0 3.2498441517787597 1
gene  1 4 14 -0.032823361585585076 0 185.0 -0.032823361585585076 1
gene  1 6 14 -0.5644844456998533 0 187.0 -0.5644844456998533 1
gene  1 8 14 -0.5438918689978074 0 189.0 -0.5438918689978074 1
gene  1 13 14 -4.596639366251772 0 194.0 -4.596639366251772 1
gene  1 2 13 -10.341177092602788 0 213.0 -10.341177092602788 1
gene  1 4 13 2.479317024935488 0 230.0 2.479317024935488 1
gene  1 13 8 -3.8556364364037936 0 244.0 -3.8556364364037936 1
gene  1 7 14 -0.6772968169843643 0 264.0 -0.6772968169843643 1
gene  1 1 14 -0.56275884258674 0 299.0 -0.56275884258674 1
gene  1 5 14 9.215331441117275 0 310.0 9.215331441117275 0
gene  1 1 13 2.435326328748789 0 311.0 2.435326328748789 1
gene  1 13 39 0.3378507258371499 0 344.0 0.3378507258371499 1
gene  1 39 8 0.598587416897159 0 345.0 0.598587416897159 1
gene  1 6 13 -1.1874132608314034 0 348.0 -1.1874132608314034 1
gene  1 2 42 2.0876554970552683 0 359.0 2.0876554970552683 1
gene  1 42 14 -0.9363548314932335 0 360.0 -0.9363548314932335 1
gene  1 13 42 1.0231206995186084 0 366.0 1.0231206995186084 1
gene  1 5 51 -1.6845318284127997 0 396.0 -1.6845318284127997 1
gene  1 51 14 -2.097101343378033 0 397.0 -2.097101343378033 1
genomeend 5
genomestart  6
trait 1 2.8264831974358327 1.038817852750874 0.43173212214279244 1.2383225027221012 1.329334485592839 0.0 0.6456726887502329 1.0929932745483306 
node 1 1 1 1
node 2 1 1 1
node 3 1 1 1
node 4 1 1 1
node 5 1 1 1
node 6 1 1 1
node 7 1 1 3
node 8 1 0 0
node 13 1 0 2
node 14 1 0 2
node 39 1 0 0
node 42 1 0 0
node 51 1 0 0
gene  1 1 8 -0.6228317361649387 0 98.0 -0.6228317361649387 1
gene  1 2 8 -2.0064034278543668 0 99.0 -2.0064034278543668 1
gene  1 3 8 2.8961068098502545 0 100.0 2.8961068098502545 1
gene  1 4 8 1.1502688117027071 0 101.0 1.1502688117027071 1
gene  1 5 8 -3.515741421513919 0 102.0 -3.515741421513919 1
gene  1 6 8 1.094607327194432 0 103.0 1.094607327194432 1
gene  1 8 8 -3.4708766528196797 1 105.0 -3.4708766528196797 1
gene  1 13 8 -0.9397055341879286 1 110.0 -0.9397055341879286 1
gene  1 14 8 3.505099986421043 1 111.0 3.505099986421043 1
gene  1 3 13 3.8955427369335593 0 170.0 3.8955427369335593 1
gene  1 5 13 3.930178133867127 0 172.0 3.930178133867127 1
gene  1 7 13 2.726949735270704 0 174.0 2.726949735270704 1
gene  1 13 13 -4.423678042566617 1 180.0 -4.423678042566617 1
gene  1 2 14 4.104670165106746 0 183.0 4.104670165106746 1
gene  1 4 14 -2.298133658446002 0 185.0 -2.298133658446002 1
gene  1 6 14 -0.3388794659268408 0 187.0 -0.3388794659268408 1
gene  1 8 14 0.4438809020238537 0 189.0 0.4438809020238537 1
gene  1 13 14 -3.9488545366051393 0 194.0 -3.9488545366051393 1
gene  1 2 13 -9.496118333068864 0 213.0 -9.496118333068864 1
gene  1 4 13 0.2878779502795141 0 230.0 0.2878779502795141 1
gene  1 13 8 -3.8757344661844852 0 244.0 -3.8757344661844852 1
gene  1 7 14 -2.278890453961445 0 264.0 -2.278890453961445 1
gene  1 1 14 -1.723234327971325 0 299.0 -1.723234327971325 1
gene  1 5 14 9.611720971360702 0 310.0 9.611720971360702 0
gene  1 1 13 2.255404498100524 0 311.0 2.255404498100524 1
gene  1 13 39 -0.7268875050732084 0 344.0 -0.7268875050732084 1
gene  1 39 8 2.3965479934409037 0 345.0 2.3965479934409037 1
gene  1 6 13 -1.1089769582590725 0 348.0 -1.1089769582590725 1
gene  1 2 42 -2.814191642924284 0 359.0 -2.814191642924284 1
gene  1 42 14 -0.3484507561007643 0 360.0 -0.3484507561007643 1
gene  1 13 42 0.5507387040427203 0 366.0 0.5507387040427203 1
gene  1 5 51 -1.3205247043878656 0 396.0 -1.3205247043878656 1
gene  1 51 14 -2.097101343378033 0 397.0 -2.097101343378033 1
gene  1 2 51 5.229335326570225 0 411.0 5.229335326570225 1
genomeend 6
genomestart  7
trait 1 2.225061889405073 0.0 0.0 1.3327232120186472 1.3666937545645097 0.9677289903260735 1.091719119822867 0.9886345967811722 
node 1 1 1 1
node 2 1 1 1
node 3 1 1 1
node 4 1 1 1
node 5 1 1 1
node 6 1 1 1
node 7 1 1 3
node 8 1 0 0
node 9 1 0 0
node 10 1 0 0
node 13 1 0 2
node 14 1 0 2
node 28 1 0 0
node 41 1 0 0
node 43 1 0 0
node 47 1 0 0
gene  1 1 8 -3.453018430855985 0 98.0 -3.453018430855985 1
gene  1 3 8 -7.634240084608868 0 100.0 -7.634240084608868 1
gene  1 5 8 -3.79849616913177 0 102.0 -3.79849616913177 1
gene  1 6 8 11.19312588438541 0 103.0 11.19312588438541 1
gene  1 8 8 -0.01239789043008821 1 105.0 -0.01239789043008821 1
gene  1 1 9 -2.8679987118471635 0 112.0 -2.8679987118471635 1
gene  1 2 9 -1.9560548450743336 0 113.0 -1.9560548450743336 1
gene  1 3 9 5.595593475669438 0 114.0 5.595593475669438 1
gene  1 5 9 7.119050425469523 0 116.0 7.119050425469523 1
gene  1 7 9 3.496216885602698 0 118.0 3.496216885602698 1
gene  1 9 9 -0.7305663151158857 1 120.0 -0.7305663151158857 1
gene  1 10 9 -0.23118824942977362 1 121.0 -0.23118824942977362 1
gene  1 13 9 5.3005941996380255 1 124.0 5.3005941996380255 1
gene  1 2 10 -3.02872362081313 0 127.0 -3.02872362081313 1
gene  1 4 10 -2.207193393362843 0 129.0 -2.207193393362843 1
gene  1 5 10 -5.0124106864443565 0 130.0 -5.0124106864443565 1
gene  1 8 10 5.060354779030668 0 133.0 5.060354779030668 1
gene  1 9 10 -7.826797253955248 0 134.0 -7.826797253955248 1
gene  1 10 10 -0.49338799437717373 1 135.0 -0.49338799437717373 1
gene  1 13 10 1.2675092208247656 1 138.0 1.2675092208247656 1
gene  1 14 10 3.1354666448063853 1 139.0 3.1354666448063853 1
gene  1 2 13 -8.26481967958352 0 169.0 -8.26481967958352 1
gene  1 3 13 -7.237844846720652 0 170.0 -7.237844846720652 1
gene  1 6 13 -4.361411826811031 0 173.0 -4.361411826811031 1
gene  1 7 13 -2.4308118983166596 0 174.0 -2.4308118983166596 1
gene  1 9 13 4.937527923382226 0 176.0 4.937527923382226 1
gene  1 13 13 0.6154031878203055 1 180.0 0.6154031878203055 1
gene  1 14 13 4.469734526554122 1 181.0 4.469734526554122 1
gene  1 1 14 6.736780930261878 0 182.0 6.736780930261878 1
gene  1 3 14 6.562716059890359 0 184.0 6.562716059890359 1
gene  1 9 14 4.273639649729901 0 190.0 4.273639649729901 1
gene  1 10 14 -4.930333395456306 0 191.0 -4.930333395456306 1
gene  1 8 13 -3.0024022097289027 0 207.0 -3.0024022097289027 1
gene  1 1 10 -7.509833738245991 0 226.0 -7.509833738245991 1
gene  1 6 14 9.645198777582044 0 234.0 9.645198777582044 1
gene  1 8 28 -0.8986175714087998 1 293.0 -0.8986175714087998 1
gene  1 28 8 -0.10554533282729772 0 294.0 -0.10554533282729772 1
gene  1 8 9 2.3608507811307358 0 328.0 2.3608507811307358 1
gene  1 8 41 0.15610168682991532 1 357.0 0.15610168682991532 1
gene  1 41 8 0.3219431906876138 0 358.0 0.3219431906876138 1
gene  1 14 43 -2.763929794550392 1 364.0 -2.763929794550392 1
gene  1 43 10 -2.2893904077311293 0 365.0 -2.2893904077311293 1
gene  1 5 47 1.34450806204474 0 375.0 1.34450806204474 1
gene  1 47 9 1.373540824993607 0 376.0 1.373540824993607 1
gene  1 41 14 5.610354033421297 0 387.0 5.610354033421297 1
genomeend 7
genomestart  8
trait 1 2.225061889405073 0.0 0.0 1.3327232120186472 1.3666937545645097 0.9677289903260735 1.091719119822867 0.9886345967811722 
node 1 1 1 1
node 2 1 1 1
node 3 1 1 1
node 4 1 1 1
node 5 1 1 1
node 6 1 1 1
node 7 1 1 3
node 8 1 0 0
node 9 1 0 0
node 10 1 0 0
node 13 1 0 2
node 14 1 0 2
node 28 1 0 0
node 41 1 0 0
node 43 1 0 0
node 47 1 0 0
gene  1 1 8 -2.2215887205176528 0 98.0 -2.2215887205176528 1
gene  1 3 8 -8.868722623477186 0 100.0 -8.868722623477186 1
gene  1 5 8 -2.6482832988512635 0 102.0 -2.6482832988512635 1
gene  1 6 8 9.243154951046973 0 103.0 9.243154951046973 1
gene  1 8 8 -2.4978076480897378 1 105.0 -2.4978076480897378 1
gene  1 1 9 -5.475062019027087 0 112.0 -5.475062019027087 1
gene  1 2 9 -2.6378889144747997 0 113.0 -2.6378889144747997 1
gene  1 3 9 6.551048484654291 0 114.0 6.551048484654291 1
gene  1 5 9 4.349181681343546 0 116.0 4.349181681343546 0
gene  1 7 9 5.695999027589554 0 118.0 5.695999027589554 1
gene  1 9 9 -2.272795312443121 1 120.0 -2.272795312443121 1
gene  1 10 9 2.096249717338899 1 121.0 2.096249717338899 1
gene  1 13 9 8.876011558242837 1 124.0 8.876011558242837 1
gene  1 2 10 -0.9354310831194894 0 127.0 -0.9354310831194894 1
gene  1 4 10 -3.6780858781652572 0 129.0 -3.6780858781652572 1
gene  1 5 10 -5.43290210476349 0 130.0 -5.43290210476349 1
gene  1 8 10 7.89739340804806 0 133.0 7.89739340804806 1
gene  1 9 10 -7.805176858396173 0 134.0 -7.805176858396173 1
gene  1 10 10 -1.8692759693370624 1 135.0 -1.8692759693370624 1
gene  1 13 10 -1.2632118648371524 1 138.0 -1.2632118648371524 1
gene  1 14 10 2.023779230096656 1 139.0 2.023779230096656 1
gene  1 2 13 -9.412731630581398 0 169.0 -9.412731630581398 1
gene  1 3 13 -5.508705497310513 0 170.0 -5.508705497310513 1
gene  1 6 13 -4.054132052354612 0 173.0 -4.054132052354612 1
gene  1 7 13 -3.6580668639592266 0 174.0 -3.6580668639592266 1
gene  1 9 13 5.956931206357547 0 176.0 5.956931206357547 1
gene  1 13 13 0.19303671989279914 1 180.0 0.19303671989279914 1
gene  1 14 13 2.0417925627904294 1 181.0 2.0417925627904294 1
gene  1 1 14 8.904901705142464 0 182.0 8.904901705142464 1
gene  1 3 14 8.413916060484846 0 184.0 8.413916060484846 1
gene  1 9 14 6.804721869276536 0 190.0 6.804721869276536 1
gene  1 10 14 -5.593507712916571 0 191.0 -5.593507712916571 1
gene  1 8 13 -4.229787147116356 0 207.0 -4.229787147116356 1
gene  1 1 10 -4.904416738641992 0 226.0 -4.904416738641992 1
gene  1 6 14 9.379166816828668 0 234.0 9.379166816828668 1
gene  1 8 28 -1.7671047998835525 1 293.0 -1.7671047998835525 1
gene  1 28 8 0.5648129041167211 0 294.0 0.5648129041167211 1
gene  1 8 9 0.3208522617999299 0 328.0 0.3208522617999299 1
gene  1 8 41 1.1823680681388309 1 357.0 1.1823680681388309 1
gene  1 41 8 1.1504803292718626 0 358.0 1.1504803292718626 1
gene  1 14 43 -1.7277584166690476 1 364.0 -1.7277584166690476 1
gene  1 43 10 0.6995374878236897 0 365.0 0.6995374878236897 1
gene  1 5 47 -1.8158604441360184 0 375.0 -1.8158604441360184 1
gene  1 47 9 4.635397227331749 0 376.0 4.635397227331749 1
gene  1 41 14 4.523395126726741 0 387.0 4.523395126726741 1
genomeend 8
genomestart  9
trait 1 0.0 0.32178538158330217 0.0 1.336083291708453 2.3145837249829695 0.737591564731313 0.0 0.8037282521971413 
node 1 1 1 1
node 2 1 1 1
node 3 1 1 1
node 4 1 1 1
node 5 1 1 1
node 6 1 1 1
node 7 1 1 3
node 8 1 0 0
node 13 1 0 2
node 14 1 0 2
node 22 1 0 0
node 25 1 0 0
node 29 1 0 0
gene  1 1 8 -0.7063543106416996 0 98.0 -0.7063543106416996 1
gene  1 3 8 -5.29964358885111 0 100.0 -5.29964358885111 1
gene  1 4 8 1.9740881248893536 0 101.0 1.9740881248893536 1
gene  1 5 8 -1.1913086456578723 0 102.0 -1.1913086456578723 1
gene  1 6 8 -7.032655594510237 0 103.0 -7.032655594510237 1
gene  1 8 8 3.6677571520839725 1 105.0 3.6677571520839725 1
gene  1 1 13 -2.0308995333360524 0 168.0 -2.0308995333360524 1
gene  1 5 13 0.7251481923111878 0 172.0 0.7251481923111878 1
gene  1 13 13 -0.5740898041205285 1 180.0 -0.5740898041205285 1
gene  1 14 13 0.9339832598695877 1 181.0 0.9339832598695877 1
gene  1 2 14 -1.1238157310335248 0 183.0 -1.1238157310335248 1
gene  1 3 14 0.3491229744253914 0 184.0 0.3491229744253914 1
gene  1 5 14 -0.357390226592553 0 186.0 -0.357390226592553 1
gene  1 7 14 1.1689321184659507 0 188.0 1.1689321184659507 1
gene  1 8 14 1.2628725819697597 0 189.0 1.2628725819697597 1
gene  1 13 14 -1.0741497618767348 0 194.0 -1.0741497618767348 1
gene  1 2 13 2.6178821215998003 0 236.0 2.6178821215998003 1
gene  1 8 22 -5.617562756850729 0 240.0 -5.617562756850729 1
gene  1 22 14 3.642617094422488 0 241.0 3.642617094422488 1
gene  1 1 22 -2.0618721975917054 0 245.0 -2.0618721975917054 1
gene  1 13 8 -0.13875536172855685 0 257.0 -0.13875536172855685 1
gene  1 5 22 -2.9696105571887674 0 265.0 -2.9696105571887674 1
gene  1 1 25 -2.377204890599398 0 279.0 -2.377204890599398 1
gene  1 25 8 -2.166208041213685 0 280.0 -2.166208041213685 1
gene  1 8 29 -5.079879736543512 0 297.0 -5.079879736543512 1
gene  1 29 14 0.9127251343970901 0 298.0 0.9127251343970901 1
gene  1 1 14 0.7524084104150086 0 312.0 0.7524084104150086 1
gene  1 2 29 2.4542982781760294 0 330.0 2.4542982781760294 1
gene  1 5 25 -5.534364336359818 0 343.0 -5.534364336359818 1
gene  1 6 29 1.1572368398885169 0 386.0 1.1572368398885169 1
genomeend 9
genomestart  10
trait 1 0.0 0.507208509242693 0.0 1.336083291708453 2.3145837249829695 0.0 0.0 0.868067118942248 
node 1 1 1 1
node 2 1 1 1
node 3 1 1 1
node 4 1 1 1
node 5 1 1 1
node 6 1 1 1
node 7 1 1 3
node 8 1 0 0
node 13 1 0 2
node 14 1 0 2
node 22 1 0 0
node 25 1 0 0
node 29 1 0 0
gene  1 1 8 -3.761402784299685 0 98.0 -3.761402784299685 1
gene  1 3 8 -2.2658905128699125 0 100.0 -2.2658905128699125 1
gene  1 4 8 -1.335946692018371 0 101.0 -1.335946692018371 1
gene  1 5 8 0.5430971909653886 0 102.0 0.5430971909653886 1
gene  1 6 8 -9.769006819374566 0 103.0 -9.769006819374566 1
gene  1 8 8 3.8271049879269357 1 105.0 3.8271049879269357 1
gene  1 1 13 -1.749866984931086 0 168.0 -1.749866984931086 1
gene  1 5 13 2.386275517501863 0 172.0 2.386275517501863 1
gene  1 13 13 -0.9562287474927792 1 180.0 -0.9562287474927792 1
gene  1 14 13 1.4163264401996711 1 181.0 1.4163264401996711 1
gene  1 2 14 -0.4209544188663923 0 183.0 -0.4209544188663923 1
gene  1 3 14 0.08916938097262783 0 184.0 0.08916938097262783 1
gene  1 5 14 1.4533884644625312 0 186.0 1.4533884644625312 1
gene  1 7 14 -1.7902040581057346 0 188.0 -1.7902040581057346 1
gene  1 8 14 1.0038352152957766 0 189.0 1.0038352152957766 1
gene  1 13 14 -3.8630899383861417 0 194.0 -3.8630899383861417 1
gene  1 2 13 2.5340519311981087 0 236.0 2.5340519311981087 1
gene  1 8 22 -1.0152162722852518 0 240.0 -1.0152162722852518 1
gene  1 22 14 3.9189589956750477 0 241.0 3.9189589956750477 1
gene  1 1 22 -0.18655782153769862 0 245.0 -0.18655782153769862 1
gene  1 13 8 -0.04454389681603366 0 257.0 -0.04454389681603366 1
gene  1 5 22 -3.737213779680875 0 265.0 -3.737213779680875 1
gene  1 1 25 -0.405645435771008 0 279.0 -0.405645435771008 1
gene  1 25 8 0.1275811927667283 0 280.0 0.1275811927667283 1
gene  1 8 29 -4.373727226919138 0 297.0 -4.373727226919138 1
gene  1 29 14 -2.2458326406562206 0 298.0 -2.2458326406562206 1
gene  1 1 14 1.2782629351095687 0 312.0 1.2782629351095687 1
gene  1 2 29 2.4542982781760294 0 330.0 2.4542982781760294 1
gene  1 5 25 -5.491125167502514 0 343.0 -5.491125167502514 1
gene  1 6 29 1.3866744539677687 0 386.0 1.3866744539677687 1
genomeend 10
genomestart  11
trait 1 0.0 0.507208509242693 0.0 1.336083291708453 2.3145837249829695 0.0 0.0 0.868067118942248 
node 1 1 1 1
node 2 1 1 1
node 3 1 1 1
node 4 1 1 1
node 5 1 1 1
node 6 1 1 1
node 7 1 1 3
node 8 1 0 0
node 13 1 0 2
node 14 1 0 2
node 22 1 0 0
node 25 1 0 0
node 29 1 0 0
gene  1 1 8 -1.2644996630795697 0 98.0 -1.2644996630795697 1
gene  1 3 8 -3.8676219121337168 0 100.0 -3.8676219121337168 1
gene  1 4 8 0.9360071929921476 0 101.0 0.9360071929921476 1
gene  1 5 8 -1.4069776443493374 0 102.0 -1.4069776443493374 1
gene  1 6 8 -7.326933721649139 0 103.0 -7.326933721649139 1
gene  1 8 8 4.750623155666984 1 105.0 4.750623155666984 1
gene  1 1 13 -0.8882176649451969 0 168.0 -0.8882176649451969 1
gene  1 5 13 0.0802530576635061 0 172.0 0.0802530576635061 1
gene  1 13 13 -0.9639548203485169 1 180.0 -0.9639548203485169 1
gene  1 14 13 0.888816991993284 1 181.0 0.888816991993284 1
gene  1 2 14 -1.4783320655268755 0 183.0 -1.4783320655268755 1
gene  1 3 14 -0.08548864987658233 0 184.0 -0.08548864987658233 1
gene  1 5 14 -0.7247577517277903 0 186.0 -0.7247577517277903 1
gene  1 7 14 -0.6750350962942825 0 188.0 -0.6750350962942825 1
gene  1 8 14 0.5799427887568603 0 189.0 0.5799427887568603 1
gene  1 13 14 -2.929801675364987 0 194.0 -2.929801675364987 1
gene  1 2 13 2.6481601394621386 0 236.0 2.6481601394621386 1
gene  1 8 22 -3.1502523170863954 0 240.0 -3.1502523170863954 1
gene  1 22 14 2.5847022388845247 0 241.0 2.5847022388845247 1
gene  1 1 22 -1.198989394808673 0 245.0 -1.198989394808673 1
gene  1 13 8 1.1059853959987553 0 257.0 1.1059853959987553 1
gene  1 5 22 -2.342833199920094 0 265.0 -2.342833199920094 1
gene  1 1 25 -2.157505266774528 0 279.0 -2.157505266774528 1
gene  1 25 8 -1.6512455731088818 0 280.0 -1.6512455731088818 1
gene  1 8 29 -2.924921198793186 0 297.0 -2.924921198793186 1
gene  1 29 14 -3.9909985495805227 0 298.0 -3.9909985495805227 1
gene  1 1 14 1.101632637696559 0 312.0 1.101632637696559 1
gene  1 2 29 2.4542982781760294 0 330.0 2.4542982781760294 1
gene  1 5 25 -5.534364336359818 0 343.0 -5.534364336359818 1
gene  1 6 29 1.3866744539677687 0 386.0 1.3866744539677687 1
gene  1 25 13 0.1858641435668673 0 409.0 0.1858641435668673 1
genomeend 11
genomestart  12
trait 1 0.0 0.0 0.0697072373684462 0.0 0.0 1.2871131578344006 1.106386715936813 0.0 
node 1 1 1 1
node 2 1 1 1
node 3 1 1 1
node 4 1 1 1
node 5 1 1 1
node 6 1 1 1
node 7 1 1 3
node 13 1 0 2
node 14 1 0 2
node 49 1 0 0
gene  1 1 13 -2.0788715619805354 0 168.0 -2.0788715619805354 1
gene  1 2 13 2.8205341481523734 0 169.0 2.8205341481523734 1
gene  1 3 13 3.358116999636888 0 170.0 3.358116999636888 0
gene  1 4 13 5.869136467863938 0 171.0 5.869136467863938 1
gene  1 5 13 0.32302689365959747 0 172.0 0.32302689365959747 1
gene  1 6 13 -6.427259306538451 0 173.0 -6.427259306538451 1
gene  1 7 13 2.674421625769791 0 174.0 2.674421625769791 1
gene  1 14 13 -1.4291411166451806 1 181.0 -1.4291411166451806 1
gene  1 1 14 -3.4608405247970424 0 182.0 -3.4608405247970424 1
gene  1 2 14 -2.2753940584422043 0 183.0 -2.2753940584422043 1
gene  1 3 14 -12.047942924382202 0 184.0 -12.047942924382202 1
gene  1 13 14 2.149513601560677 0 194.0 2.149513601560677 1
gene  1 14 14 -1.6067354823435869 1 195.0 -1.6067354823435869 1
gene  1 7 14 -3.775082911791735 0 273.0 -3.775082911791735 1
gene  1 4 14 -0.040423548523457864 0 283.0 -0.040423548523457864 1
gene  1 5 14 -2.4753027089981487 0 303.0 -2.4753027089981487 1
gene  1 6 14 -1.1701029832699612 0 307.0 -1.1701029832699612 1
gene  1 3 49 -1.5235734381936452 0 389.0 -1.5235734381936452 1
gene  1 49 13 -1.7066882207734357 0 390.0 -1.7066882207734357 1
gene  1 5 49 4.541390650386807 0 403.0 4.541390650386807 1
genomeend 12
genomestart  13
trait 1 0.0 0.0 0.0697072373684462 0.0 0.0 1.2871131578344006 1.106386715936813 0.0 
node 1 1 1 1
node 2 1 1 1
node 3 1 1 1
node 4 1 1 1
node 5 1 1 1
node 6 1 1 1
node 7 1 1 3
node 13 1 0 2
node 14 1 0 2
node 49 1 0 0
gene  1 1 13 -0.547593440264946 0 168.0 -0.547593440264946 1
gene  1 2 13 2.1311339003434764 0 169.0 2.1311339003434764 1
gene  1 3 13 3.4065206679600006 0 170.0 3.4065206679600006 0
gene  1 4 13 -1.414395730560913 0 171.0 -1.414395730560913 1
gene  1 5 13 -1.367892247424745 0 172.0 -1.367892247424745 1
gene  1 6 13 -4.311027915233474 0 173.0 -4.311027915233474 1
gene  1 7 13 4.440141193467087 0 174.0 4.440141193467087 1
gene  1 14 13 -3.680504319388499 1 181.0 -3.680504319388499 1
gene  1 1 14 -2.469797528624604 0 182.0 -2.469797528624604 1
gene  1 2 14 -1.1450302727213055 0 183.0 -1.1450302727213055 1
gene  1 3 14 -12.502269296221682 0 184.0 -12.502269296221682 1
gene  1 13 14 0.6119336219310261 0 194.0 0.6119336219310261 1
gene  1 14 14 -1.3624707880965512 1 195.0 -1.3624707880965512 1
gene  1 7 14 0.014471761416846585 0 273.0 0.014471761416846585 1
gene  1 4 14 0.48127700126801726 0 283.0 0.48127700126801726 1
gene  1 5 14 -2.846911929011814 0 303.0 -2.846911929011814 1
gene  1 6 14 -1.4822151855035788 0 307.0 -1.4822151855035788 1
gene  1 3 49 -3.7967734611739066 0 389.0 -3.7967734611739066 1
gene  1 49 13 -0.8016303383267598 0 390.0 -0.8016303383267598 1
gene  1 5 49 2.22875338915719 0 403.0 2.22875338915719 1
genomeend 13
genomestart  14
trait 1 0.731715373568969 0.5319433208524987 0.8875428902212121 1.0172554146688002 0.2545070174269727 0.6799681748259421 0.0 0.0 
node 1 1 1 1
node 2 1 1 1
node 3 1 1 1
node 4 1 1 1
node 5 1 1 1
node 6 1 1 1
node 7 1 1 3
node 8 1 0 0
node 9 1 0 0
node 13 1 0 2
node 14 1 0 2
node 20 1 0 0
gene  1 1 8 0.5690931135012813 0 98.0 0.5690931135012813 1
gene  1 2 8 3.4863975112340633 0 99.0 3.4863975112340633 1
gene  1 3 8 1.7574799128648517 0 100.0 1.7574799128648517 1
gene  1 6 8 6.355338428785896 0 103.0 6.355338428785896 1
gene  1 8 8 -0.8288648761982653 1 105.0 -0.8288648761982653 1
gene  1 9 8 -1.187066825673693 1 106.0 -1.187066825673693 1
gene  1 13 8 2.530381964037669 1 110.0 2.530381964037669 1
gene  1 14 8 -2.8523311227944887 1 111.0 -2.8523311227944887 1
gene  1 1 9 2.093850341308487 0 112.0 2.093850341308487 1
gene  1 4 9 -7.572425395379792 0 115.0 -7.572425395379792 1
gene  1 5 9 13.73820897143208 0 116.0 13.73820897143208 1
gene  1 7 9 2.2952135504110656 0 118.0 2.2952135504110656 1
gene  1 9 9 -5.610965467541008 1 120.0 -5.610965467541008 1
gene  1 14 9 -13.906422576390899 1 125.0 -13.906422576390899 1
gene  1 2 13 -16.025841538734493 0 169.0 -16.025841538734493 1
gene  1 5 13 -0.3846586365975932 0 172.0 -0.3846586365975932 1
gene  1 8 13 2.561216309437179 0 175.0 2.561216309437179 1
gene  1 1 14 -1.5802358702217616 0 182.0 -1.5802358702217616 1
gene  1 2 14 -0.4700970141034 0 183.0 -0.4700970141034 1
gene  1 3 14 3.5271376935440317 0 184.0 3.5271376935440317 1
gene  1 6 14 -0.2060565143680279 0 187.0 -0.2060565143680279 1
gene  1 13 14 0.2501924392961685 0 194.0 0.2501924392961685 1
gene  1 14 14 6.606155355123045 1 195.0 6.606155355123045 1
gene  1 5 8 -2.719655706986782 0 202.0 -2.719655706986782 1
gene  1 4 13 -4.017857563968699 0 220.0 -4.017857563968699 1
gene  1 1 20 2.2234118522861905 0 231.0 2.2234118522861905 1
gene  1 20 14 0.5459218646269917 0 232.0 0.5459218646269917 1
gene  1 1 13 -1.9152989322832012 0 329.0 -1.9152989322832012 1
gene  1 13 20 1.0784352424963632 0 337.0 1.0784352424963632 1
gene  1 4 20 1.8540888590417808 0 339.0 1.8540888590417808 1
gene  1 9 8 -2.2053061715087923 0 404.0 -2.2053061715087923 1
genomeend 14
genomestart  15
trait 1 0.731715373568969 0.5319433208524987 0.8875428902212121 1.0172554146688002 0.2545070174269727 0.6799681748259421 0.0 0.0 
node 1 1 1 1
node 2 1 1 1
node 3 1 1 1
node 4 1 1 1
node 5 1 1 1
node 6 1 1 1
node 7 1 1 3
node 8 1 0 0
node 9 1 0 0
node 13 1 0 2
node 14 1 0 2
node 20 1 0 0
gene  1 1 8 -3.614820241597831 0 98.0 -3.614820241597831 1
gene  1 2 8 1.0367252841533405 0 99.0 1.0367252841533405 1
gene  1 3 8 2.5967562588193744 0 100.0 2.5967562588193744 1
gene  1 6 8 6.355338428785896 0 103.0 6.355338428785896 1
gene  1 8 8 -2.193979486575353 1 105.0 -2.193979486575353 1
gene  1 9 8 -2.032795195479782 1 106.0 -2.032795195479782 1
gene  1 13 8 2.5015971585958496 1 110.0 2.5015971585958496 1
gene  1 14 8 -2.8523311227944887 1 111.0 -2.8523311227944887 1
gene  1 1 9 0.12067776831656912 0 112.0 0.12067776831656912 1
gene  1 4 9 -6.227062431228774 0 115.0 -6.227062431228774 1
gene  1 5 9 13.73820897143208 0 116.0 13.73820897143208 1
gene  1 7 9 1.0443274009587915 0 118.0 1.0443274009587915 1
gene  1 9 9 -4.285636785828675 1 120.0 -4.285636785828675 1
gene  1 14 9 -13.64586310953994 1 125.0 -13.64586310953994 1
gene  1 2 13 -14.978924181259629 0 169.0 -14.978924181259629 1
gene  1 5 13 4.254395634797806 0 172.0 4.254395634797806 1
gene  1 8 13 2.561216309437179 0 175.0 2.561216309437179 1
gene  1 1 14 -2.068351598493307 0 182.0 -2.068351598493307 1
gene  1 2 14 -1.2038391031376736 0 183.0 -1.2038391031376736 1
gene  1 3 14 1.5406274783986653 0 184.0 1.5406274783986653 1
gene  1 6 14 -2.8422135809123024 0 187.0 -2.8422135809123024 1
gene  1 13 14 -1.5749876556221545 0 194.0 -1.5749876556221545 1
gene  1 14 14 8.285520510410887 1 195.0 8.285520510410887 1
gene  1 5 8 -2.530596936406746 0 202.0 -2.530596936406746 1
gene  1 4 13 -6.106785330375868 0 220.0 -6.106785330375868 1
gene  1 1 20 0.6972575209702616 0 231.0 0.6972575209702616 1
gene  1 20 14 -0.43528760046786713 0 232.0 -0.43528760046786713 1
gene  1 1 13 0.004292646189773264 0 329.0 0.004292646189773264 1
gene  1 13 20 1.2936915902828472 0 337.0 1.2936915902828472 1
gene  1 4 20 1.380850004365061 0 339.0 1.380850004365061 1
gene  1 9 8 -1.6887674609919356 0 404.0 -1.6887674609919356 1
genomeend 15
genomestart  16
trait 1 0.731715373568969 0.5319433208524987 0.8875428902212121 1.0172554146688002 0.2545070174269727 0.6799681748259421 0.0 0.0 
node 1 1 1 1
node 2 1 1 1
node 3 1 1 1
node 4 1 1 1
node 5 1 1 1
node 6 1 1 1
node 7 1 1 3
node 8 1 0 0
node 9 1 0 0
node 13 1 0 2
node 14 1 0 2
node 20 1 0 0
gene  1 1 8 -3.614820241597831 0 98.0 -3.614820241597831 1
gene  1 2 8 1.0367252841533405 0 99.0 1.0367252841533405 1
gene  1 3 8 2.5967562588193744 0 100.0 2.5967562588193744 1
gene  1 6 8 6.355338428785896 0 103.0 6.355338428785896 1
gene  1 8 8 -2.193979486575353 1 105.0 -2.193979486575353 1
gene  1 9 8 -2.032795195479782 1 106.0 -2.032795195479782 1
gene  1 13 8 2.5015971585958496 1 110.0 2.5015971585958496 1
gene  1 14 8 -2.8523311227944887 1 111.0 -2.8523311227944887 1
gene  1 1 9 0.12067776831656912 0 112.0 0.12067776831656912 1
gene  1 4 9 -6.227062431228774 0 115.0 -6.227062431228774 1
gene  1 5 9 13.73820897143208 0 116.0 13.73820897143208 1
gene  1 7 9 1.0443274009587915 0 118.0 1.0443274009587915 1
gene  1 9 9 -4.285636785828675 1 120.0 -4.285636785828675 1
gene  1 14 9 -13.64586310953994 1 125.0 -13.64586310953994 1
gene  1 2 13 -14.978924181259629 0 169.0 -14.978924181259629 1
gene  1 5 13 4.254395634797806 0 172.0 4.254395634797806 1
gene  1 8 13 2.561216309437179 0 175.0 2.561216309437179 1
gene  1 1 14 -2.068351598493307 0 182.0 -2.068351598493307 1
gene  1 2 14 -1.2038391031376736 0 183.0 -1.2038391031376736 1
gene  1 3 14 1.5406274783986653 0 184.0 1.5406274783986653 1
gene  1 6 14 -2.8422135809123024 0 187.0 -2.8422135809123024 1
gene  1 13 14 -1.5749876556221545 0 194.0 -1.5749876556221545 1
gene  1 14 14 8.285520510410887 1 195.0 8.285520510410887 1
gene  1 5 8 -2.530596936406746 0 202.0 -2.530596936406746 1
gene  1 4 13 -6.106785330375868 0 220.0 -6.106785330375868 1
gene  1 1 20 0.6972575209702616 0 231.0 0.6972575209702616 1
gene  1 20 14 -0.43528760046786713 0 232.0 -0.43528760046786713 1
gene  1 1 13 0.004292646189773264 0 329.0 0.004292646189773264 1
gene  1 13 20 1.2936915902828472 0 337.0 1.2936915902828472 1
gene  1 4 20 1.380850004365061 0 339.0 1.380850004365061 1
gene  1 9 8 -1.6887674609919356 0 404.0 -1.6887674609919356 1
gene  1 8 14 9.370884385807885 0 410.0 9.370884385807885 1
genomeend 16
genomestart  17
trait 1 0.685217197429974 0.045999949801929785 1.6981216406750186 0.0 2.045848425656073 0.515587326912087 0.1310567887214703 0.07895419735974474 
node 1 1 1 1
node 2 1 1 1
node 3 1 1 1
node 4 1 1 1
node 5 1 1 1
node 6 1 1 1
node 7 1 1 3
node 13 1 0 2
node 14 1 0 2
node 45 1 0 0
gene  1 1 13 -3.835549891291792 0 168.0 -3.835549891291792 0
gene  1 2 13 1.0106777048548552 0 169.0 1.0106777048548552 1
gene  1 5 13 0.5404888036801081 0 172.0 0.5404888036801081 1
gene  1 6 13 -9.329782388858481 0 173.0 -9.329782388858481 1
gene  1 7 13 -9.230060045129129 0 174.0 -9.230060045129129 1
gene  1 3 14 -4.493235646386857 0 184.0 -4.493235646386857 1
gene  1 4 14 8.181745176982288 0 185.0 8.181745176982288 1
gene  1 7 14 3.1898703486824753 0 188.0 3.1898703486824753 1
gene  1 13 14 -2.168673771001747 0 194.0 -2.168673771001747 1
gene  1 14 14 -1.8869111483901528 1 195.0 -1.8869111483901528 1
gene  1 4 13 5.731432716718719 0 235.0 5.731432716718719 1
gene  1 1 14 4.292354077008223 0 242.0 4.292354077008223 1
gene  1 5 14 0.1753312270327378 0 319.0 0.1753312270327378 1
gene  1 1 45 1.0396878735653474 0 370.0 1.0396878735653474 1
gene  1 45 13 0.5630781922549042 0 371.0 0.5630781922549042 1
genomeend 17
genomestart  18
trait 1 0.685217197429974 0.0 1.6981216406750186 0.11493069212669116 2.5335643132798116 0.515587326912087 0.0 0.07895419735974474 
node 1 1 1 1
node 2 1 1 1
node 3 1 1 1
node 4 1 1 1
node 5 1 1 1
node 6 1 1 1
node 7 1 1 3
node 13 1 0 2
node 14 1 0 2
node 45 1 0 0
gene  1 1 13 -5.4980164205569 0 168.0 -5.4980164205569 0
gene  1 2 13 3.030899427514576 0 169.0 3.030899427514576 1
gene  1 5 13 0.41339038748690204 0 172.0 0.41339038748690204 1
gene  1 6 13 -9.758612163016638 0 173.0 -9.758612163016638 1
gene  1 7 13 -10.914039606862564 0 174.0 -10.914039606862564 1
gene  1 3 14 -5.590630820549677 0 184.0 -5.590630820549677 1
gene  1 4 14 9.295352686186135 0 185.0 9.295352686186135 1
gene  1 7 14 3.4643700292511754 0 188.0 3.4643700292511754 1
gene  1 13 14 0.19332750480712413 0 194.0 0.19332750480712413 1
gene  1 14 14 -0.19975403540648018 1 195.0 -0.19975403540648018 1
gene  1 4 13 8.181740270468062 0 235.0 8.181740270468062 1
gene  1 1 14 1.7257507705433246 0 242.0 1.7257507705433246 1
gene  1 5 14 0.11146319487072698 0 319.0 0.11146319487072698 1
gene  1 1 45 1.7472212598940533 0 370.0 1.7472212598940533 1
gene  1 45 13 -0.29242309634820357 0 371.0 -0.29242309634820357 1
genomeend 18
genomestart  19
trait 1 0.685217197429974 0.0 1.6981216406750186 0.11493069212669116 2.5335643132798116 0.515587326912087 0.0 0.07895419735974474 
node 1 1 1 1
node 2 1 1 1
node 3 1 1 1
node 4 1 1 1
node 5 1 1 1
node 6 1 1 1
node 7 1 1 3
node 13 1 0 2
node 14 1 0 2
node 45 1 0 0
gene  1 1 13 -2.249020681992998 0 168.0 -2.249020681992998 0
gene  1 2 13 0.07851001630683907 0 169.0 0.07851001630683907 1
gene  1 5 13 2.3625520943324196 0 172.0 2.3625520943324196 1
gene  1 6 13 -8.34889806863859 0 173.0 -8.34889806863859 1
gene  1 7 13 -11.396910577294666 0 174.0 -11.396910577294666 1
gene  1 3 14 -4.47996021849772 0 184.0 -4.47996021849772 1
gene  1 4 14 7.520460793369043 0 185.0 7.520460793369043 1
gene  1 7 14 2.540556505534009 0 188.0 2.540556505534009 1
gene  1 13 14 0.39927657723136445 0 194.0 0.39927657723136445 1
gene  1 14 14 -1.786269386864695 1 195.0 -1.786269386864695 1
gene  1 4 13 5.602126617859474 0 235.0 5.602126617859474 1
gene  1 1 14 1.8083851196949827 0 242.0 1.8083851196949827 1
gene  1 5 14 1.1301125259263767 0 319.0 1.1301125259263767 1
gene  1 1 45 -0.11745936191717848 0 370.0 -0.11745936191717848 1
gene  1 45 13 -2.0092495946507354 0 371.0 -2.0092495946507354 1
genomeend 19
