genomestart  0
trait 1 1.939229322238783 2.3343119142163693 0.747276035170299 2.969549466943627 1.5076454025049317 0.0 1.5989666598479386 0.2837832966800675 
node 1 1 1 1
node 2 1 1 1
node 3 1 1 1
node 4 1 1 1
node 5 1 1 1
node 6 1 1 1
node 7 1 1 3
node 8 1 0 0
node 13 1 0 2
node 14 1 0 2
node 39 1 0 0
node 42 1 0 0
node 51 1 0 0
node 68 1 0 0
node 77 1 0 0
gene  1 1 8 -2.2153242489609264 0 98.0 -2.2153242489609264 1
gene  1 2 8 2.0233140891410697 0 99.0 2.0233140891410697 1
gene  1 3 8 4.169973172580595 0 100.0 4.169973172580595 1
gene  1 4 8 -2.404459621477232 0 101.0 -2.404459621477232 1
gene  1 5 8 -1.305159368934985 0 102.0 -1.305159368934985 1
gene  1 6 8 -8.032359145649473 0 103.0 -8.032359145649473 1
gene  1 8 8 1.0492969057882124 1 105.0 1.0492969057882124 1
gene  1 13 8 1.8082068057873946 1 110.0 1.8082068057873946 1
gene  1 14 8 0.29699199893340694 1 111.0 0.29699199893340694 1
gene  1 3 13 -3.9498336950229627 0 170.0 -3.9498336950229627 1
gene  1 5 13 -1.605784543866531 0 172.0 -1.605784543866531 1
gene  1 7 13 -2.22576593204875 0 174.0 -2.22576593204875 1
gene  1 13 13 11.359874100973846 1 180.0 11.359874100973846 1
gene  1 2 14 1.1218015760435114 0 183.0 1.1218015760435114 1
gene  1 4 14 7.935058169244304 0 185.0 7.935058169244304 1
gene  1 6 14 1.0306822677837024 0 187.0 1.0306822677837024 1
gene  1 8 14 -5.142108443215381 0 189.0 -5.142108443215381 1
gene  1 13 14 2.923123228431039 0 194.0 2.923123228431039 1
gene  1 2 13 4.710025782265724 0 213.0 4.710025782265724 1
gene  1 4 13 -0.5638129564944911 0 230.0 -0.5638129564944911 1
gene  1 13 8 -0.1811069922580491 0 244.0 -0.1811069922580491 1
gene  1 7 14 0.9367179412615665 0 264.0 0.9367179412615665 1
gene  1 1 14 -0.07838003969913054 0 299.0 -0.07838003969913054 1
gene  1 5 14 -9.98637655143958 0 310.0 -9.98637655143958 1
gene  1 1 13 2.498144924819055 0 311.0 2.498144924819055 1
gene  1 13 39 -1.2235102829904816 0 344.0 -1.2235102829904816 1
gene  1 39 8 -3.0871505579022114 0 345.0 -3.0871505579022114 1
gene  1 6 13 2.926089320795782 0 348.0 2.926089320795782 1
gene  1 2 42 2.466643984773263 0 359.0 2.466643984773263 1
gene  1 42 14 6.173924173592995 0 360.0 6.173924173592995 1
gene  1 13 42 -1.2476267697503063 0 366.0 -1.2476267697503063 1
gene  1 5 51 -6.775850887391718 0 396.0 -6.775850887391718 1
gene  1 51 14 16.600801987215114 0 397.0 16.600801987215114 1
gene  1 6 42 -9.96904029066867 0 423.0 -9.96904029066867 1
gene  1 39 42 -4.611116345370503 0 426.0 -4.611116345370503 1
gene  1 51 13 5.196396706169358 0 475.0 5.196396706169358 1
gene  1 39 14 0.9103364072301487 0 476.0 0.9103364072301487 1
gene  1 5 39 -1.178335886091929 0 485.0 -1.178335886091929 1
gene  1 5 68 0.8739908457977341 0 493.0 0.8739908457977341 1
gene  1 68 39 -4.928055416017344 0 494.0 -4.928055416017344 1
gene  1 4 51 2.18948454809685 0 514.0 2.18948454809685 1
gene  1 39 77 0.11092319891108815 0 528.0 0.11092319891108815 1
gene  1 77 8 -2.2278954244410656 0 529.0 -2.2278954244410656 1
gene  1 3 39 0.9476932275748795 0 630.0 0.9476932275748795 1
genomeend 0
genomestart  1
trait 1 1.939229322238783 1.3435646476663192 0.747276035170299 2.0582030814895265 1.5076454025049317 0.613882352886216 1.5989666598479386 0.2837832966800675 
node 1 1 1 1
node 2 1 1 1
node 3 1 1 1
node 4 1 1 1
node 5 1 1 1
node 6 1 1 1
node 7 1 1 3
node 8 1 0 0
node 13 1 0 2
node 14 1 0 2
node 39 1 0 0
node 42 1 0 0
node 51 1 0 0
node 68 1 0 0
node 77 1 0 0
gene  1 1 8 -6.1004499038481015 0 98.0 -6.1004499038481015 1
gene  1 2 8 2.1102119670561845 0 99.0 2.1102119670561845 1
gene  1 3 8 2.226870393523551 0 100.0 2.226870393523551 1
gene  1 4 8 -0.20371810409279378 0 101.0 -0.20371810409279378 1
gene  1 5 8 -0.4228559998452692 0 102.0 -0.4228559998452692 1
gene  1 6 8 -0.4862091396721968 0 103.0 -0.4862091396721968 1
gene  1 8 8 1.709333833603933 1 105.0 1.709333833603933 1
gene  1 13 8 4.514871181758601 1 110.0 4.514871181758601 1
gene  1 14 8 -1.3553741135589932 1 111.0 -1.3553741135589932 1
gene  1 3 13 -4.222520061919825 0 170.0 -4.222520061919825 1
gene  1 5 13 -1.1815440101663062 0 172.0 -1.1815440101663062 1
gene  1 7 13 1.4620546030708994 0 174.0 1.4620546030708994 1
gene  1 13 13 14.799781296219388 1 180.0 14.799781296219388 1
gene  1 2 14 2.466883232852282 0 183.0 2.466883232852282 1
gene  1 4 14 0.1205628663026731 0 185.0 0.1205628663026731 1
gene  1 6 14 0.14278994028923475 0 187.0 0.14278994028923475 1
gene  1 8 14 -1.6474106084032711 0 189.0 -1.6474106084032711 1
gene  1 13 14 4.767999292696867 0 194.0 4.767999292696867 1
gene  1 2 13 4.548247451041063 0 213.0 4.548247451041063 1
gene  1 4 13 0.8724040770142985 0 230.0 0.8724040770142985 1
gene  1 13 8 0.5453547496146744 0 244.0 0.5453547496146744 1
gene  1 7 14 14.028673307352362 0 264.0 14.028673307352362 1
gene  1 1 14 1.1345363680145248 0 299.0 1.1345363680145248 1
gene  1 5 14 -8.589941822673426 0 310.0 -8.589941822673426 1
gene  1 1 13 -2.4455726651165115 0 311.0 -2.4455726651165115 1
gene  1 13 39 -1.2642230963413061 0 344.0 -1.2642230963413061 1
gene  1 39 8 -2.155296573320805 0 345.0 -2.155296573320805 1
gene  1 6 13 2.3710021391603435 0 348.0 2.3710021391603435 1
gene  1 2 42 3.99868647111293 0 359.0 3.99868647111293 1
gene  1 42 14 4.092245115182012 0 360.0 4.092245115182012 1
gene  1 13 42 -3.04901883877377 0 366.0 -3.04901883877377 1
gene  1 5 51 -5.184071141508358 0 396.0 -5.184071141508358 1
gene  1 51 14 17.099310608151537 0 397.0 17.099310608151537 1
gene  1 6 42 -1.0283952828312302 0 423.0 -1.0283952828312302 1
gene  1 39 42 1.7795666780309563 0 426.0 1.7795666780309563 1
gene  1 51 13 9.30086323468202 0 475.0 9.30086323468202 1
gene  1 39 14 1.9917808346430337 0 476.0 1.9917808346430337 1
gene  1 5 39 -1.9143219102768692 0 485.0 -1.9143219102768692 1
gene  1 5 68 2.8937030592090633 0 493.0 2.8937030592090633 1
gene  1 68 39 -1.6780120488137809 0 494.0 -1.6780120488137809 1
gene  1 4 51 1.684586702849481 0 514.0 1.684586702849481 1
gene  1 39 77 -0.8609397078090788 0 528.0 -0.8609397078090788 1
gene  1 77 8 -2.0081314316680254 0 529.0 -2.0081314316680254 1
gene  1 3 39 -0.9420230428971439 0 630.0 -0.9420230428971439 1
genomeend 1
genomestart  2
trait 1 1.939229322238783 2.3343119142163693 0.747276035170299 2.969549466943627 1.5076454025049317 0.0 1.5989666598479386 0.2837832966800675 
node 1 1 1 1
node 2 1 1 1
node 3 1 1 1
node 4 1 1 1
node 5 1 1 1
node 6 1 1 1
node 7 1 1 3
node 8 1 0 0
node 13 1 0 2
node 14 1 0 2
node 39 1 0 0
node 42 1 0 0
node 51 1 0 0
node 68 1 0 0
node 77 1 0 0
gene  1 1 8 -4.565095197513838 0 98.0 -4.565095197513838 1
gene  1 2 8 -2.1080255522140963 0 99.0 -2.1080255522140963 1
gene  1 3 8 1.7239604847995786 0 100.0 1.7239604847995786 1
gene  1 4 8 -2.249376637220003 0 101.0 -2.249376637220003 1
gene  1 5 8 -0.0705564391028568 0 102.0 -0.0705564391028568 1
gene  1 6 8 -6.707701519215666 0 103.0 -6.707701519215666 1
gene  1 8 8 0.29592753969051167 1 105.0 0.29592753969051167 1
gene  1 13 8 3.6016655544643736 1 110.0 3.6016655544643736 1
gene  1 14 8 2.55831793438458 1 111.0 2.55831793438458 1
gene  1 3 13 -2.4161309811784477 0 170.0 -2.4161309811784477 1
gene  1 5 13 -1.568088394841355 0 172.0 -1.568088394841355 1
gene  1 7 13 0.3620454620612905 0 174.0 0.3620454620612905 1
gene  1 13 13 12.251010744571825 1 180.0 12.251010744571825 1
gene  1 2 14 3.407125347227244 0 183.0 3.407125347227244 1
gene  1 4 14 4.677103001776471 0 185.0 4.677103001776471 1
gene  1 6 14 1.8928237110019035 0 187.0 1.8928237110019035 1
gene  1 8 14 -4.586822442065469 0 189.0 -4.586822442065469 1
gene  1 13 14 4.021256762646645 0 194.0 4.021256762646645 1
gene  1 2 13 4.581897993188857 0 213.0 4.581897993188857 1
gene  1 4 13 -2.8690891888157353 0 230.0 -2.8690891888157353 1
gene  1 13 8 1.481654597462329 0 244.0 1.481654597462329 1
gene  1 7 14 10.998118021385054 0 264.0 10.998118021385054 1
gene  1 1 14 -0.8288863560000859 0 299.0 -0.8288863560000859 1
gene  1 5 14 -9.05695752099996 0 310.0 -9.05695752099996 1
gene  1 1 13 3.0712016665750106 0 311.0 3.0712016665750106 1
gene  1 13 39 -1.1468297367297962 0 344.0 -1.1468297367297962 1
gene  1 39 8 -4.834233900438804 0 345.0 -4.834233900438804 1
gene  1 6 13 1.5510095220750373 0 348.0 1.5510095220750373 1
gene  1 2 42 5.240454724282798 0 359.0 5.240454724282798 1
gene  1 42 14 2.845638093512093 0 360.0 2.845638093512093 1
gene  1 13 42 -0.6225314014406345 0 366.0 -0.6225314014406345 1
gene  1 5 51 -8.12804495528143 0 396.0 -8.12804495528143 1
gene  1 51 14 16.30432518687865 0 397.0 16.30432518687865 1
gene  1 6 42 -9.741637532951215 0 423.0 -9.741637532951215 1
gene  1 39 42 -6.541188830444732 0 426.0 -6.541188830444732 1
gene  1 51 13 4.556548750375445 0 475.0 4.556548750375445 1
gene  1 39 14 1.9233310229386094 0 476.0 1.9233310229386094 1
gene  1 5 39 0.09355815804574452 0 485.0 0.09355815804574452 1
gene  1 5 68 0.042319566094696226 0 493.0 0.042319566094696226 1
gene  1 68 39 -4.935352088792351 0 494.0 -4.935352088792351 1
gene  1 4 51 0.07840378003245996 0 514.0 0.07840378003245996 1
gene  1 39 77 -1.1141490454039613 0 528.0 -1.1141490454039613 1
gene  1 77 8 -1.4935692356853343 0 529.0 -1.4935692356853343 1
gene  1 3 39 0.6444034138621282 0 630.0 0.6444034138621282 1
genomeend 2
genomestart  3
trait 1 2.732431393943948 0.0 0.0 1.1988274876269247 1.2130057639623044 0.0 1.9280392103089152 0.5064240700990379 
node 1 1 1 1
node 2 1 1 1
node 3 1 1 1
node 4 1 1 1
node 5 1 1 1
node 6 1 1 1
node 7 1 1 3
node 8 1 0 0
node 9 1 0 0
node 10 1 0 0
node 13 1 0 2
node 14 1 0 2
node 28 1 0 0
node 41 1 0 0
node 43 1 0 0
node 47 1 0 0
node 62 1 0 0
gene  1 1 8 -3.9906390628272272 0 98.0 -3.9906390628272272 1
gene  1 3 8 2.3524889762975754 0 100.0 2.3524889762975754 1
gene  1 5 8 1.9200971817304364 0 102.0 1.9200971817304364 1
gene  1 6 8 13.351638722994744 0 103.0 13.351638722994744 1
gene  1 8 8 11.366552369893082 1 105.0 11.366552369893082 1
gene  1 1 9 -9.412774013634087 0 112.0 -9.412774013634087 1
gene  1 2 9 8.291872798386485 0 113.0 8.291872798386485 1
gene  1 3 9 -6.4294203597787 0 114.0 -6.4294203597787 1
gene  1 5 9 -5.172140726129115 0 116.0 -5.172140726129115 1
gene  1 7 9 -5.880213609584985 0 118.0 -5.880213609584985 1
gene  1 9 9 -1.8618708776012098 1 120.0 -1.8618708776012098 1
gene  1 10 9 -3.8218919645247387 1 121.0 -3.8218919645247387 1
gene  1 13 9 11.502581678244365 1 124.0 11.502581678244365 1
gene  1 2 10 -3.3524640674940795 0 127.0 -3.3524640674940795 1
gene  1 4 10 -6.3113357038082745 0 129.0 -6.3113357038082745 1
gene  1 5 10 11.204078366028071 0 130.0 11.204078366028071 1
gene  1 8 10 -1.7750739956877297 0 133.0 -1.7750739956877297 1
gene  1 9 10 0.9077338529679468 0 134.0 0.9077338529679468 1
gene  1 10 10 7.120443306800408 1 135.0 7.120443306800408 1
gene  1 13 10 -4.095678171231302 1 138.0 -4.095678171231302 1
gene  1 14 10 0.2518017420796099 1 139.0 0.2518017420796099 1
gene  1 2 13 -1.5226995958016787 0 169.0 -1.5226995958016787 1
gene  1 3 13 3.1185602919557436 0 170.0 3.1185602919557436 1
gene  1 6 13 6.232806477554057 0 173.0 6.232806477554057 1
gene  1 7 13 -1.4141403762204174 0 174.0 -1.4141403762204174 1
gene  1 9 13 -7.139691348940544 0 176.0 -7.139691348940544 1
gene  1 13 13 0.10266024009940805 1 180.0 0.10266024009940805 1
gene  1 14 13 -2.3507996183652278 1 181.0 -2.3507996183652278 1
gene  1 1 14 2.9301177553782938 0 182.0 2.9301177553782938 1
gene  1 3 14 -0.2647122608213097 0 184.0 -0.2647122608213097 1
gene  1 9 14 9.02085139844805 0 190.0 9.02085139844805 1
gene  1 10 14 7.3142727604120275 0 191.0 7.3142727604120275 1
gene  1 8 13 4.297181064169386 0 207.0 4.297181064169386 1
gene  1 1 10 -6.367385685376314 0 226.0 -6.367385685376314 1
gene  1 6 14 -11.81189617968852 0 234.0 -11.81189617968852 1
gene  1 8 28 10.251212911741781 1 293.0 10.251212911741781 1
gene  1 28 8 0.032648989571707476 0 294.0 0.032648989571707476 1
gene  1 8 9 1.7982860443081468 0 328.0 1.7982860443081468 1
gene  1 8 41 5.863631439406561 1 357.0 5.863631439406561 1
gene  1 41 8 0.799790036195047 0 358.0 0.799790036195047 1
gene  1 14 43 1.8633032776632232 1 364.0 1.8633032776632232 1
gene  1 43 10 3.1844307592594623 0 365.0 3.1844307592594623 1
gene  1 5 47 -13.664014528502468 0 375.0 -13.664014528502468 1
gene  1 47 9 6.569037395501223 0 376.0 6.569037395501223 1
gene  1 41 14 0.8021221926498396 0 387.0 0.8021221926498396 1
gene  1 4 28 -0.11192633705068156 0 419.0 -0.11192633705068156 1
gene  1 2 28 2.424325286820621 0 429.0 2.424325286820621 1
gene  1 1 62 4.132225893751253 0 470.0 4.132225893751253 1
gene  1 62 9 0.033987877992163185 0 471.0 0.033987877992163185 1
gene  1 8 14 1.7264730964993058 0 484.0 1.7264730964993058 1
gene  1 1 13 1.0476167322700813 0 489.0 1.0476167322700813 1
gene  1 28 10 0.3158338345954552 0 510.0 0.3158338345954552 1
gene  1 2 41 0.05635688253009724 0 515.0 0.05635688253009724 1
gene  1 41 47 -2.182987732275738 0 548.0 -2.182987732275738 1
genomeend 3
genomestart  4
trait 1 2.732431393943948 0.0 0.0 0.798512545900133 0.9382603138953756 0.0 1.9280392103089152 0.8152719799274877 
node 1 1 1 1
node 2 1 1 1
node 3 1 1 1
node 4 1 1 1
node 5 1 1 1
node 6 1 1 1
node 7 1 1 3
node 8 1 0 0
node 9 1 0 0
node 10 1 0 0
node 13 1 0 2
node 14 1 0 2
node 28 1 0 0
node 41 1 0 0
node 43 1 0 0
node 47 1 0 0
node 62 1 0 0
gene  1 1 8 -5.675226483021046 0 98.0 -5.675226483021046 1
gene  1 3 8 -1.850752136707752 0 100.0 -1.850752136707752 1
gene  1 5 8 1.527842446716977 0 102.0 1.527842446716977 1
gene  1 6 8 13.10309382264135 0 103.0 13.10309382264135 1
gene  1 8 8 11.108597506479477 1 105.0 11.108597506479477 1
gene  1 1 9 -8.386400244145536 0 112.0 -8.386400244145536 1
gene  1 2 9 7.36531028594075 0 113.0 7.36531028594075 1
gene  1 3 9 -5.646130314946827 0 114.0 -5.646130314946827 1
gene  1 5 9 -4.2661544770264275 0 116.0 -4.2661544770264275 1
gene  1 7 9 -4.429832956361567 0 118.0 -4.429832956361567 1
gene  1 9 9 0.4810771756589607 1 120.0 0.4810771756589607 1
gene  1 10 9 -2.6491692624748655 1 121.0 -2.6491692624748655 1
gene  1 13 9 14.874921228194456 1 124.0 14.874921228194456 1
gene  1 2 10 -3.5523251827595295 0 127.0 -3.5523251827595295 1
gene  1 4 10 -4.942902545452917 0 129.0 -4.942902545452917 1
gene  1 5 10 7.678522229224249 0 130.0 7.678522229224249 1
gene  1 8 10 -1.6677872520774226 0 133.0 -1.6677872520774226 1
gene  1 9 10 1.105562430975585 0 134.0 1.105562430975585 1
gene  1 10 10 7.736019316262572 1 135.0 7.736019316262572 1
gene  1 13 10 -4.421331788967741 1 138.0 -4.421331788967741 1
gene  1 14 10 1.1984180989009272 1 139.0 1.1984180989009272 1
gene  1 2 13 0.1510684025653266 0 169.0 0.1510684025653266 1
gene  1 3 13 2.6143450845558354 0 170.0 2.6143450845558354 1
gene  1 6 13 1.9852835383877334 0 173.0 1.9852835383877334 1
gene  1 7 13 -2.4084076579132603 0 174.0 -2.4084076579132603 1
gene  1 9 13 -5.507033719720063 0 176.0 -5.507033719720063 1
gene  1 13 13 0.40217919660673335 1 180.0 0.40217919660673335 1
gene  1 14 13 -2.933179620418522 1 181.0 -2.933179620418522 1
gene  1 1 14 -0.1482938631102586 0 182.0 -0.1482938631102586 1
gene  1 3 14 -0.5327007637122223 0 184.0 -0.5327007637122223 1
gene  1 9 14 11.025857595691546 0 190.0 11.025857595691546 1
gene  1 10 14 3.1073810081170916 0 191.0 3.1073810081170916 1
gene  1 8 13 4.63446194746688 0 207.0 4.63446194746688 1
gene  1 1 10 -7.195083887529874 0 226.0 -7.195083887529874 1
gene  1 6 14 -12.156332083283186 0 234.0 -12.156332083283186 1
gene  1 8 28 7.416017396687661 1 293.0 7.416017396687661 1
gene  1 28 8 0.14223022694215048 0 294.0 0.14223022694215048 1
gene  1 8 9 -3.1021981027740857 0 328.0 -3.1021981027740857 1
gene  1 8 41 1.422268446813134 1 357.0 1.422268446813134 1
gene  1 41 8 2.9432105757724694 0 358.0 2.9432105757724694 1
gene  1 14 43 0.8265188812057374 1 364.0 0.8265188812057374 1
gene  1 43 10 5.854511627451885 0 365.0 5.854511627451885 1
gene  1 5 47 -14.461031241691744 0 375.0 -14.461031241691744 1
gene  1 47 9 4.273420636352047 0 376.0 4.273420636352047 1
gene  1 41 14 0.7487136367884593 0 387.0 0.7487136367884593 1
gene  1 4 28 -2.4822445801555943 0 419.0 -2.4822445801555943 1
gene  1 2 28 3.405773804390826 0 429.0 3.405773804390826 1
gene  1 1 62 -0.2816368208567471 0 470.0 -0.2816368208567471 1
gene  1 62 9 -1.7557241500978094 0 471.0 -1.7557241500978094 1
gene  1 8 14 2.3866650589970044 0 484.0 2.3866650589970044 1
gene  1 1 13 -1.8736607660907316 0 489.0 -1.8736607660907316 1
gene  1 28 10 2.1856849625575716 0 510.0 2.1856849625575716 1
gene  1 2 41 0.05635688253009724 0 515.0 0.05635688253009724 1
gene  1 41 47 -0.3692894833523974 0 548.0 -0.3692894833523974 1
genomeend 4
genomestart  5
trait 1 2.732431393943948 0.0 0.0 0.798512545900133 0.9382603138953756 0.0 1.9280392103089152 0.8152719799274877 
node 1 1 1 1
node 2 1 1 1
node 3 1 1 1
node 4 1 1 1
node 5 1 1 1
node 6 1 1 1
node 7 1 1 3
node 8 1 0 0
node 9 1 0 0
node 10 1 0 0
node 13 1 0 2
node 14 1 0 2
node 28 1 0 0
node 41 1 0 0
node 43 1 0 0
node 47 1 0 0
node 62 1 0 0
gene  1 1 8 -7.652826695700671 0 98.0 -7.652826695700671 1
gene  1 3 8 -0.7479398925039198 0 100.0 -0.7479398925039198 1
gene  1 5 8 0.624849770857259 0 102.0 0.624849770857259 1
gene  1 6 8 12.7361974700652 0 103.0 12.7361974700652 1
gene  1 8 8 8.391198042063214 1 105.0 8.391198042063214 1
gene  1 1 9 -7.987905657455132 0 112.0 -7.987905657455132 1
gene  1 2 9 4.745110851035203 0 113.0 4.745110851035203 1
gene  1 3 9 -6.648474964005633 0 114.0 -6.648474964005633 1
gene  1 5 9 -4.202228576837016 0 116.0 -4.202228576837016 1
gene  1 7 9 -6.320071827595598 0 118.0 -6.320071827595598 1
gene  1 9 9 -3.49550426986179 1 120.0 -3.49550426986179 1
gene  1 10 9 -5.003866573899794 1 121.0 -5.003866573899794 1
gene  1 13 9 12.007797519288712 1 124.0 12.007797519288712 1
gene  1 2 10 -6.112939952580223 0 127.0 -6.112939952580223 1
gene  1 4 10 -7.90363353548367 0 129.0 -7.90363353548367 1
gene  1 5 10 8.815247366280229 0 130.0 8.815247366280229 1
gene  1 8 10 -4.395236366591849 0 133.0 -4.395236366591849 1
gene  1 9 10 -0.1837457176434809 0 134.0 -0.1837457176434809 1
gene  1 10 10 8.394926188481739 1 135.0 8.394926188481739 1
gene  1 13 10 -6.907389808582996 1 138.0 -6.907389808582996 1
gene  1 14 10 -0.6475292251533472 1 139.0 -0.6475292251533472 1
gene  1 2 13 -1.7779503113858257 0 169.0 -1.7779503113858257 1
gene  1 3 13 5.911742863954142 0 170.0 5.911742863954142 1
gene  1 6 13 4.588015675084549 0 173.0 4.588015675084549 1
gene  1 7 13 0.6597424113510963 0 174.0 0.6597424113510963 1
gene  1 9 13 -4.898091882480212 0 176.0 -4.898091882480212 1
gene  1 13 13 0.7609916736890754 1 180.0 0.7609916736890754 1
gene  1 14 13 0.2180937517770396 1 181.0 0.2180937517770396 1
gene  1 1 14 2.1025872836295907 0 182.0 2.1025872836295907 1
gene  1 3 14 -1.4813020337763074 0 184.0 -1.4813020337763074 1
gene  1 9 14 10.048318618492148 0 190.0 10.048318618492148 1
gene  1 10 14 4.193242191258449 0 191.0 4.193242191258449 1
gene  1 8 13 4.361235310533052 0 207.0 4.361235310533052 1
gene  1 1 10 -8.09961909772167 0 226.0 -8.09961909772167 1
gene  1 6 14 -11.542966991825066 0 234.0 -11.542966991825066 1
gene  1 8 28 6.464379957349708 1 293.0 6.464379957349708 1
gene  1 28 8 0.6087026397106154 0 294.0 0.6087026397106154 1
gene  1 8 9 -1.3811001916350925 0 328.0 -1.3811001916350925 1
gene  1 8 41 4.8841788217322994 1 357.0 4.8841788217322994 1
gene  1 41 8 5.00735548154291 0 358.0 5.00735548154291 1
gene  1 14 43 3.313181193534534 1 364.0 3.313181193534534 1
gene  1 43 10 3.4823032937930307 0 365.0 3.4823032937930307 1
gene  1 5 47 -14.276277314075541 0 375.0 -14.276277314075541 1
gene  1 47 9 6.631576474963382 0 376.0 6.631576474963382 1
gene  1 41 14 -0.30607094716919225 0 387.0 -0.30607094716919225 1
gene  1 4 28 -0.08680583993426016 0 419.0 -0.08680583993426016 1
gene  1 2 28 1.9886444128278264 0 429.0 1.9886444128278264 1
gene  1 1 62 2.086825919690965 0 470.0 2.086825919690965 1
gene  1 62 9 1.2803064799062236 0 471.0 1.2803064799062236 1
gene  1 8 14 -1.3602356145052115 0 484.0 -1.3602356145052115 1
gene  1 1 13 -0.05645591602614397 0 489.0 -0.05645591602614397 1
gene  1 28 10 2.183097661676172 0 510.0 2.183097661676172 1
gene  1 2 41 2.1761336331028347 0 515.0 2.1761336331028347 1
gene  1 41 47 -2.182987732275738 0 548.0 -2.182987732275738 1
genomeend 5
genomestart  6
trait 1 2.732431393943948 0.0 0.0 0.798512545900133 0.9382603138953756 0.0 1.9280392103089152 0.8152719799274877 
node 1 1 1 1
node 2 1 1 1
node 3 1 1 1
node 4 1 1 1
node 5 1 1 1
node 6 1 1 1
node 7 1 1 3
node 8 1 0 0
node 9 1 0 0
node 10 1 0 0
node 13 1 0 2
node 14 1 0 2
node 28 1 0 0
node 41 1 0 0
node 43 1 0 0
node 47 1 0 0
node 62 1 0 0
gene  1 1 8 -5.480337875369073 0 98.0 -5.480337875369073 1
gene  1 3 8 2.2901685720317104 0 100.0 2.2901685720317104 1
gene  1 5 8 -1.3878661978297302 0 102.0 -1.3878661978297302 1
gene  1 6 8 -0.02066754721139985 0 103.0 -0.02066754721139985 1
gene  1 8 8 9.764666427496405 1 105.0 9.764666427496405 1
gene  1 1 9 -6.8558683423127285 0 112.0 -6.8558683423127285 1
gene  1 2 9 1.8542957065950136 0 113.0 1.8542957065950136 1
gene  1 3 9 -3.7853316170823206 0 114.0 -3.7853316170823206 1
gene  1 5 9 -5.5460848853857305 0 116.0 -5.5460848853857305 1
gene  1 7 9 -7.977394257266527 0 118.0 -7.977394257266527 1
gene  1 9 9 -0.30813512892677375 1 120.0 -0.30813512892677375 1
gene  1 10 9 -5.191389118804753 1 121.0 -5.191389118804753 1
gene  1 13 9 12.007925924328081 1 124.0 12.007925924328081 1
gene  1 2 10 -4.227701494205821 0 127.0 -4.227701494205821 1
gene  1 4 10 -5.444986287618535 0 129.0 -5.444986287618535 1
gene  1 5 10 7.440928886232549 0 130.0 7.440928886232549 1
gene  1 8 10 -2.459869756035616 0 133.0 -2.459869756035616 1
gene  1 9 10 2.4148332055089523 0 134.0 2.4148332055089523 1
gene  1 10 10 5.015442777562253 1 135.0 5.015442777562253 1
gene  1 13 10 -4.4285240317716275 1 138.0 -4.4285240317716275 1
gene  1 14 10 -1.4393256526767535 1 139.0 -1.4393256526767535 1
gene  1 2 13 0.31332156279062184 0 169.0 0.31332156279062184 1
gene  1 3 13 3.173545514892861 0 170.0 3.173545514892861 1
gene  1 6 13 6.415662173522469 0 173.0 6.415662173522469 1
gene  1 7 13 -1.522861709974424 0 174.0 -1.522861709974424 1
gene  1 9 13 -7.078591085416482 0 176.0 -7.078591085416482 1
gene  1 13 13 1.3278107662850174 1 180.0 1.3278107662850174 1
gene  1 14 13 -1.1928194748132948 1 181.0 -1.1928194748132948 1
gene  1 1 14 -0.5393719962921522 0 182.0 -0.5393719962921522 1
gene  1 3 14 -2.460674179493212 0 184.0 -2.460674179493212 1
gene  1 9 14 10.125016709223749 0 190.0 10.125016709223749 1
gene  1 10 14 2.281764673878242 0 191.0 2.281764673878242 1
gene  1 8 13 7.017802946483517 0 207.0 7.017802946483517 1
gene  1 1 10 -8.833557245040922 0 226.0 -8.833557245040922 1
gene  1 6 14 -10.638844821746387 0 234.0 -10.638844821746387 1
gene  1 8 28 7.86254012232305 1 293.0 7.86254012232305 1
gene  1 28 8 -0.64082846606239 0 294.0 -0.64082846606239 1
gene  1 8 9 -1.4145740740547454 0 328.0 -1.4145740740547454 1
gene  1 8 41 4.229814454800469 1 357.0 4.229814454800469 1
gene  1 41 8 3.8658781533069666 0 358.0 3.8658781533069666 1
gene  1 14 43 3.2446824467774986 1 364.0 3.2446824467774986 1
gene  1 43 10 3.886669354975922 0 365.0 3.886669354975922 1
gene  1 5 47 -12.206340269076055 0 375.0 -12.206340269076055 1
gene  1 47 9 5.920911663389353 0 376.0 5.920911663389353 1
gene  1 41 14 0.2209052363890578 0 387.0 0.2209052363890578 1
gene  1 4 28 2.378794546728516 0 419.0 2.378794546728516 1
gene  1 2 28 1.9886444128278264 0 429.0 1.9886444128278264 1
gene  1 1 62 1.545892253665079 0 470.0 1.545892253665079 1
gene  1 62 9 -2.771583384537303 0 471.0 -2.771583384537303 1
gene  1 8 14 3.048991645183584 0 484.0 3.048991645183584 1
gene  1 1 13 0.6798602752974223 0 489.0 0.6798602752974223 1
gene  1 28 10 2.5198011391675066 0 510.0 2.5198011391675066 1
gene  1 2 41 -1.1695268350486574 0 515.0 -1.1695268350486574 1
gene  1 41 47 0.23302205780735635 0 548.0 0.23302205780735635 1
genomeend 6
genomestart  7
trait 1 1.0196578134443977 0.9084683164675542 0.6999743588928883 0.0 2.8168037350296773 0.47666626507790444 0.826280999839004 1.190943612630714 
node 1 1 1 1
node 2 1 1 1
node 3 1 1 1
node 4 1 1 1
node 5 1 1 1
node 6 1 1 1
node 7 1 1 3
node 8 1 0 0
node 13 1 0 2
node 14 1 0 2
node 22 1 0 0
node 25 1 0 0
node 29 1 0 0
node 57 1 0 0
node 65 1 0 0
node 76 1 0 0
node 87 1 0 0
node 107 1 0 0
gene  1 1 8 1.494605566268556 0 98.0 1.494605566268556 1
gene  1 3 8 -1.8885693411321471 0 100.0 -1.8885693411321471 1
gene  1 4 8 5.5240756964491675 0 101.0 5.5240756964491675 1
gene  1 5 8 -4.184252516391953 0 102.0 -4.184252516391953 1
gene  1 6 8 5.307472751086055 0 103.0 5.307472751086055 1
gene  1 8 8 1.5272632465627964 1 105.0 1.5272632465627964 1
gene  1 1 13 -7.665929753230462 0 168.0 -7.665929753230462 1
gene  1 5 13 -0.3499205111356776 0 172.0 -0.3499205111356776 1
gene  1 13 13 3.78294444824568 1 180.0 3.78294444824568 1
gene  1 14 13 -9.868553522684376 1 181.0 -9.868553522684376 1
gene  1 2 14 0.2932516473533624 0 183.0 0.2932516473533624 1
gene  1 3 14 0.34823311340868823 0 184.0 0.34823311340868823 1
gene  1 5 14 -1.1034116802134966 0 186.0 -1.1034116802134966 1
gene  1 7 14 0.9272339316343468 0 188.0 0.9272339316343468 1
gene  1 8 14 -0.9612372410477918 0 189.0 -0.9612372410477918 1
gene  1 13 14 3.363400694987678 0 194.0 3.363400694987678 1
gene  1 2 13 1.227410344134371 0 236.0 1.227410344134371 1
gene  1 8 22 -3.2591421725094847 0 240.0 -3.2591421725094847 1
gene  1 22 14 -13.0683926140253 0 241.0 -13.0683926140253 1
gene  1 1 22 -1.4977469949751587 0 245.0 -1.4977469949751587 1
gene  1 13 8 0.029356394947394282 0 257.0 0.029356394947394282 1
gene  1 5 22 0.37530850715033903 0 265.0 0.37530850715033903 1
gene  1 1 25 -9.58885931915056 0 279.0 -9.58885931915056 1
gene  1 25 8 4.778686304356864 0 280.0 4.778686304356864 1
gene  1 8 29 0.937963858106148 0 297.0 0.937963858106148 1
gene  1 29 14 -1.5561801108357423 0 298.0 -1.5561801108357423 1
gene  1 1 14 2.5473710530600124 0 312.0 2.5473710530600124 1
gene  1 2 29 -3.7985092323278566 0 330.0 -3.7985092323278566 1
gene  1 5 25 0.9763016423429496 0 343.0 0.9763016423429496 1
gene  1 6 29 1.7314657488227376 0 386.0 1.7314657488227376 1
gene  1 22 29 2.906583122070612 0 416.0 2.906583122070612 1
gene  1 4 14 -4.6338309759696195 0 424.0 -4.6338309759696195 1
gene  1 4 29 -0.29974586182052404 0 432.0 -0.29974586182052404 1
gene  1 8 57 -9.521145835677466 0 437.0 -9.521145835677466 1
gene  1 57 14 1.5130897077478447 0 438.0 1.5130897077478447 1
gene  1 3 22 6.779098824170428 0 440.0 6.779098824170428 1
gene  1 2 25 1.4304537608677637 0 455.0 1.4304537608677637 1
gene  1 1 65 -1.0451955599969645 0 481.0 -1.0451955599969645 1
gene  1 65 25 -0.7489441043448405 0 482.0 -0.7489441043448405 1
gene  1 8 76 -0.19154071837108977 0 525.0 -0.19154071837108977 1
gene  1 76 22 0.5761978140486981 0 526.0 0.5761978140486981 1
gene  1 2 87 -2.158631036506822 0 560.0 -2.158631036506822 1
gene  1 87 14 -1.0821607298248277 0 561.0 -1.0821607298248277 1
gene  1 6 87 1.3669824035728328 0 629.0 1.3669824035728328 1
gene  1 4 107 2.291619470429667 0 644.0 2.291619470429667 1
gene  1 107 8 0.1084465965201667 0 645.0 0.1084465965201667 1
genomeend 7
genomestart  8
trait 1 1.0196578134443977 0.9084683164675542 0.6999743588928883 0.0 2.8168037350296773 0.47666626507790444 0.826280999839004 1.190943612630714 
node 1 1 1 1
node 2 1 1 1
node 3 1 1 1
node 4 1 1 1
node 5 1 1 1
node 6 1 1 1
node 7 1 1 3
node 8 1 0 0
node 13 1 0 2
node 14 1 0 2
node 22 1 0 0
node 25 1 0 0
node 29 1 0 0
node 57 1 0 0
node 65 1 0 0
node 76 1 0 0
node 87 1 0 0
node 107 1 0 0
gene  1 1 8 -1.4908378966136622 0 98.0 -1.4908378966136622 1
gene  1 3 8 -2.5384209886211844 0 100.0 -2.5384209886211844 1
gene  1 4 8 5.148398606785916 0 101.0 5.148398606785916 1
gene  1 5 8 -4.106963561708832 0 102.0 -4.106963561708832 1
gene  1 6 8 6.713345704635655 0 103.0 6.713345704635655 1
gene  1 8 8 0.920918507069389 1 105.0 0.920918507069389 1
gene  1 1 13 -6.175851036376757 0 168.0 -6.175851036376757 1
gene  1 5 13 1.4531130857495733 0 172.0 1.4531130857495733 1
gene  1 13 13 4.796133857343107 1 180.0 4.796133857343107 1
gene  1 14 13 -13.00097569047544 1 181.0 -13.00097569047544 1
gene  1 2 14 2.9213209683048964 0 183.0 2.9213209683048964 1
gene  1 3 14 0.69396589390991 0 184.0 0.69396589390991 1
gene  1 5 14 -1.9970058864764613 0 186.0 -1.9970058864764613 1
gene  1 7 14 -0.0447254980963927 0 188.0 -0.0447254980963927 1
gene  1 8 14 2.066094873999193 0 189.0 2.066094873999193 1
gene  1 13 14 -0.5349139321509784 0 194.0 -0.5349139321509784 1
gene  1 2 13 0.6425647980475904 0 236.0 0.6425647980475904 1
gene  1 8 22 -5.667807645324939 0 240.0 -5.667807645324939 1
gene  1 22 14 -14.585916251580342 0 241.0 -14.585916251580342 1
gene  1 1 22 -2.542461837863336 0 245.0 -2.542461837863336 1
gene  1 13 8 -3.1090017804485948 0 257.0 -3.1090017804485948 1
gene  1 5 22 1.9507933303117002 0 265.0 1.9507933303117002 1
gene  1 1 25 -6.207717931651683 0 279.0 -6.207717931651683 1
gene  1 25 8 4.467598074314226 0 280.0 4.467598074314226 1
gene  1 8 29 -2.003875175781295 0 297.0 -2.003875175781295 1
gene  1 29 14 -0.32490801419799586 0 298.0 -0.32490801419799586 1
gene  1 1 14 3.7094883016629607 0 312.0 3.7094883016629607 1
gene  1 2 29 -2.212190138072366 0 330.0 -2.212190138072366 1
gene  1 5 25 -3.1933310279179414 0 343.0 -3.1933310279179414 1
gene  1 6 29 1.5925156519811594 0 386.0 1.5925156519811594 1
gene  1 22 29 1.4464190128890146 0 416.0 1.4464190128890146 1
gene  1 4 14 -2.5513695737344957 0 424.0 -2.5513695737344957 1
gene  1 4 29 0.806424314301714 0 432.0 0.806424314301714 1
gene  1 8 57 -10.834209994983178 0 437.0 -10.834209994983178 1
gene  1 57 14 1.3659801153143678 0 438.0 1.3659801153143678 1
gene  1 3 22 3.716570622506744 0 440.0 3.716570622506744 1
gene  1 2 25 -2.2005147218475836 0 455.0 -2.2005147218475836 1
gene  1 1 65 0.09843588354392452 0 481.0 0.09843588354392452 1
gene  1 65 25 -0.907603350016381 0 482.0 -0.907603350016381 1
gene  1 8 76 -2.4180757764447574 0 525.0 -2.4180757764447574 1
gene  1 76 22 0.5761978140486981 0 526.0 0.5761978140486981 1
gene  1 2 87 -1.2269534191572795 0 560.0 -1.2269534191572795 1
gene  1 87 14 -3.036391588829962 0 561.0 -3.036391588829962 1
gene  1 6 87 1.3669824035728328 0 629.0 1.3669824035728328 1
gene  1 4 107 1.6762084030668587 0 644.0 1.6762084030668587 1
gene  1 107 8 -1.1678074807797354 0 645.0 -1.1678074807797354 1
genomeend 8
genomestart  9
trait 1 1.8800904145867527 0.9084683164675542 1.468414264610303 0.0 1.9732821651717782 0.049730555457798364 0.826280999839004 0.632079140455542 
node 1 1 1 1
node 2 1 1 1
node 3 1 1 1
node 4 1 1 1
node 5 1 1 1
node 6 1 1 1
node 7 1 1 3
node 8 1 0 0
node 13 1 0 2
node 14 1 0 2
node 22 1 0 0
node 25 1 0 0
node 29 1 0 0
node 57 1 0 0
node 65 1 0 0
node 76 1 0 0
node 87 1 0 0
node 107 1 0 0
gene  1 1 8 1.7379189409479943 0 98.0 1.7379189409479943 1
gene  1 3 8 -2.118175932727977 0 100.0 -2.118175932727977 1
gene  1 4 8 2.8397013918763285 0 101.0 2.8397013918763285 1
gene  1 5 8 -4.653874446048777 0 102.0 -4.653874446048777 1
gene  1 6 8 5.648256751848811 0 103.0 5.648256751848811 1
gene  1 8 8 2.655667900265878 1 105.0 2.655667900265878 1
gene  1 1 13 -6.541799070632476 0 168.0 -6.541799070632476 1
gene  1 5 13 -1.008257143816602 0 172.0 -1.008257143816602 1
gene  1 13 13 0.480806444660133 1 180.0 0.480806444660133 1
gene  1 14 13 -10.727579444731482 1 181.0 -10.727579444731482 1
gene  1 2 14 -1.655950681756104 0 183.0 -1.655950681756104 1
gene  1 3 14 2.249867189036078 0 184.0 2.249867189036078 1
gene  1 5 14 -1.1272499877376496 0 186.0 -1.1272499877376496 1
gene  1 7 14 1.8468103917348997 0 188.0 1.8468103917348997 1
gene  1 8 14 2.4277045006523723 0 189.0 2.4277045006523723 1
gene  1 13 14 3.091247767107811 0 194.0 3.091247767107811 1
gene  1 2 13 4.122925648134492 0 236.0 4.122925648134492 1
gene  1 8 22 -4.857542532041551 0 240.0 -4.857542532041551 1
gene  1 22 14 -12.79767444314012 0 241.0 -12.79767444314012 1
gene  1 1 22 -0.7917075292679809 0 245.0 -0.7917075292679809 1
gene  1 13 8 0.37602156932281666 0 257.0 0.37602156932281666 1
gene  1 5 22 1.8362561255478969 0 265.0 1.8362561255478969 1
gene  1 1 25 -7.980773692156236 0 279.0 -7.980773692156236 1
gene  1 25 8 5.697815816172836 0 280.0 5.697815816172836 1
gene  1 8 29 2.770981398596662 0 297.0 2.770981398596662 1
gene  1 29 14 0.2073631216451255 0 298.0 0.2073631216451255 1
gene  1 1 14 0.2841428930945841 0 312.0 0.2841428930945841 1
gene  1 2 29 -0.8829056635340617 0 330.0 -0.8829056635340617 1
gene  1 5 25 -2.67431299859086 0 343.0 -2.67431299859086 1
gene  1 6 29 0.40861991733051334 0 386.0 0.40861991733051334 1
gene  1 22 29 1.867512986862038 0 416.0 1.867512986862038 1
gene  1 4 14 -2.1099826330389915 0 424.0 -2.1099826330389915 1
gene  1 4 29 0.4876314559954116 0 432.0 0.4876314559954116 1
gene  1 8 57 -12.818575210316228 0 437.0 -12.818575210316228 1
gene  1 57 14 0.15272815964864433 0 438.0 0.15272815964864433 1
gene  1 3 22 5.924677910392508 0 440.0 5.924677910392508 1
gene  1 2 25 -2.077304944546051 0 455.0 -2.077304944546051 1
gene  1 1 65 2.557010991944276 0 481.0 2.557010991944276 1
gene  1 65 25 2.3607525041101676 0 482.0 2.3607525041101676 1
gene  1 8 76 -1.653955956743189 0 525.0 -1.653955956743189 1
gene  1 76 22 -1.2570265020248794 0 526.0 -1.2570265020248794 1
gene  1 2 87 -2.293388757504439 0 560.0 -2.293388757504439 1
gene  1 87 14 -0.7744902462649181 0 561.0 -0.7744902462649181 1
gene  1 6 87 -0.49456385332205177 0 629.0 -0.49456385332205177 1
gene  1 4 107 -0.11397078220089674 0 644.0 -0.11397078220089674 1
gene  1 107 8 -2.6344131355033498 0 645.0 -2.6344131355033498 1
genomeend 9
genomestart  10
trait 1 1.8712665038090677 0.0 0.4289699328456915 1.1835456827051778 0.0 0.7294252873384013 0.0 0.0 
node 1 1 1 1
node 2 1 1 1
node 3 1 1 1
node 4 1 1 1
node 5 1 1 1
node 6 1 1 1
node 7 1 1 3
node 13 1 0 2
node 14 1 0 2
node 49 1 0 0
node 73 1 0 0
node 81 1 0 0
gene  1 1 13 -0.3512050690793589 0 168.0 -0.3512050690793589 1
gene  1 2 13 -4.185382171460218 0 169.0 -4.185382171460218 1
gene  1 3 13 1.6864797454836897 0 170.0 1.6864797454836897 1
gene  1 4 13 -0.02106228731274551 0 171.0 -0.02106228731274551 1
gene  1 5 13 0.5810861605150224 0 172.0 0.5810861605150224 1
gene  1 6 13 -4.098443223259341 0 173.0 -4.098443223259341 1
gene  1 7 13 1.7353696499703795 0 174.0 1.7353696499703795 1
gene  1 14 13 -0.4943138160533751 1 181.0 -0.4943138160533751 1
gene  1 1 14 0.7030351301557782 0 182.0 0.7030351301557782 1
gene  1 2 14 1.1906320680948776 0 183.0 1.1906320680948776 1
gene  1 3 14 0.5188823536524032 0 184.0 0.5188823536524032 1
gene  1 13 14 1.5369495975885088 0 194.0 1.5369495975885088 1
gene  1 14 14 4.792640729252405 1 195.0 4.792640729252405 1
gene  1 7 14 -0.6383502304182174 0 273.0 -0.6383502304182174 1
gene  1 4 14 -0.0034044685439929556 0 283.0 -0.0034044685439929556 1
gene  1 5 14 -1.2573556823518228 0 303.0 -1.2573556823518228 1
gene  1 6 14 -2.1895186050672697 0 307.0 -2.1895186050672697 1
gene  1 3 49 -0.7955235643012206 0 389.0 -0.7955235643012206 1
gene  1 49 13 4.1588927535174225 0 390.0 4.1588927535174225 1
gene  1 5 49 -1.2318043746309462 0 403.0 -1.2318043746309462 1
gene  1 1 49 -0.06886447755796915 0 430.0 -0.06886447755796915 1
gene  1 7 49 -0.774626577966468 0 456.0 -0.774626577966468 1
gene  1 4 49 -2.3279795535993117 0 495.0 -2.3279795535993117 1
gene  1 6 73 1.5921636011599136 0 508.0 1.5921636011599136 1
gene  1 73 13 -1.2497479482328488 0 509.0 -1.2497479482328488 1
gene  1 6 81 -0.5128560495514745 0 542.0 -0.5128560495514745 1
gene  1 81 73 0.3292991269738162 0 543.0 0.3292991269738162 1
gene  1 81 49 -3.504800951266887 0 569.0 -3.504800951266887 1
gene  1 49 14 -1.7484739159005183 0 610.0 -1.7484739159005183 1
gene  1 4 73 -4.814776091660104 0 655.0 -4.814776091660104 1
genomeend 10
genomestart  11
trait 1 1.8712665038090677 0.0 0.4289699328456915 1.1835456827051778 0.0 0.7294252873384013 0.0 0.0 
node 1 1 1 1
node 2 1 1 1
node 3 1 1 1
node 4 1 1 1
node 5 1 1 1
node 6 1 1 1
node 7 1 1 3
node 13 1 0 2
node 14 1 0 2
node 49 1 0 0
node 73 1 0 0
node 81 1 0 0
gene  1 1 13 -1.0824260846464702 0 168.0 -1.0824260846464702 1
gene  1 2 13 -0.5466597053809802 0 169.0 -0.5466597053809802 1
gene  1 3 13 -1.397940330591216 0 170.0 -1.397940330591216 1
gene  1 4 13 -2.7411379984983344 0 171.0 -2.7411379984983344 1
gene  1 5 13 -1.345554452883042 0 172.0 -1.345554452883042 1
gene  1 6 13 -6.461954101944208 0 173.0 -6.461954101944208 1
gene  1 7 13 0.9688676559029765 0 174.0 0.9688676559029765 1
gene  1 14 13 -2.02320459887044 1 181.0 -2.02320459887044 1
gene  1 1 14 4.699194286623419 0 182.0 4.699194286623419 1
gene  1 2 14 0.31639483935789775 0 183.0 0.31639483935789775 1
gene  1 3 14 -9.22303866057609 0 184.0 -9.22303866057609 1
gene  1 13 14 -0.4028612190270628 0 194.0 -0.4028612190270628 1
gene  1 14 14 5.489068319849347 1 195.0 5.489068319849347 1
gene  1 7 14 -0.003275523364486277 0 273.0 -0.003275523364486277 1
gene  1 4 14 -5.871186941303337 0 283.0 -5.871186941303337 1
gene  1 5 14 0.17432619607889804 0 303.0 0.17432619607889804 1
gene  1 6 14 1.393119449820038 0 307.0 1.393119449820038 1
gene  1 3 49 0.8272868527376112 0 389.0 0.8272868527376112 1
gene  1 49 13 4.302626313563813 0 390.0 4.302626313563813 1
gene  1 5 49 -1.2746135753758483 0 403.0 -1.2746135753758483 1
gene  1 1 49 2.452266193519461 0 430.0 2.452266193519461 1
gene  1 7 49 -0.774626577966468 0 456.0 -0.774626577966468 1
gene  1 4 49 -6.290670547877513 0 495.0 -6.290670547877513 1
gene  1 6 73 -4.8834004231476715 0 508.0 -4.8834004231476715 1
gene  1 73 13 1.0153891567102502 0 509.0 1.0153891567102502 1
gene  1 6 81 -1.9395019100253397 0 542.0 -1.9395019100253397 1
gene  1 81 73 0.022942933880276406 0 543.0 0.022942933880276406 1
gene  1 81 49 -0.7244305685320629 0 569.0 -0.7244305685320629 1
gene  1 49 14 0.900316284150309 0 610.0 0.900316284150309 1
gene  1 4 73 -7.028587999251248 0 655.0 -7.028587999251248 1
genomeend 11
genomestart  12
trait 1 1.8712665038090677 0.0 0.4289699328456915 1.1835456827051778 0.0 0.7294252873384013 0.0 0.0 
node 1 1 1 1
node 2 1 1 1
node 3 1 1 1
node 4 1 1 1
node 5 1 1 1
node 6 1 1 1
node 7 1 1 3
node 13 1 0 2
node 14 1 0 2
node 49 1 0 0
node 73 1 0 0
node 81 1 0 0
gene  1 1 13 -3.1459171626357616 0 168.0 -3.1459171626357616 1
gene  1 2 13 -5.931756053616029 0 169.0 -5.931756053616029 1
gene  1 3 13 1.3564477338886614 0 170.0 1.3564477338886614 1
gene  1 4 13 -2.969160245528929 0 171.0 -2.969160245528929 1
gene  1 5 13 0.5810861605150224 0 172.0 0.5810861605150224 1
gene  1 6 13 -4.859254575763984 0 173.0 -4.859254575763984 1
gene  1 7 13 -1.5003916991708413 0 174.0 -1.5003916991708413 1
gene  1 14 13 -2.5360525148163293 1 181.0 -2.5360525148163293 1
gene  1 1 14 0.6804718022828058 0 182.0 0.6804718022828058 1
gene  1 2 14 0.6326728507379512 0 183.0 0.6326728507379512 1
gene  1 3 14 -8.311893914820171 0 184.0 -8.311893914820171 1
gene  1 13 14 -4.220756007509982 0 194.0 -4.220756007509982 1
gene  1 14 14 6.462955450777985 1 195.0 6.462955450777985 1
gene  1 7 14 -0.06979245161908887 0 273.0 -0.06979245161908887 1
gene  1 4 14 -6.682517481340111 0 283.0 -6.682517481340111 1
gene  1 5 14 0.06748463255502307 0 303.0 0.06748463255502307 1
gene  1 6 14 2.7879768980300748 0 307.0 2.7879768980300748 1
gene  1 3 49 0.645539793608557 0 389.0 0.645539793608557 1
gene  1 49 13 5.70981548497486 0 390.0 5.70981548497486 1
gene  1 5 49 0.24719031840809869 0 403.0 0.24719031840809869 1
gene  1 1 49 -0.09227605475541911 0 430.0 -0.09227605475541911 1
gene  1 7 49 -0.774626577966468 0 456.0 -0.774626577966468 1
gene  1 4 49 -5.853745779624807 0 495.0 -5.853745779624807 1
gene  1 6 73 -1.154917080486726 0 508.0 -1.154917080486726 1
gene  1 73 13 -0.9016376161127464 0 509.0 -0.9016376161127464 1
gene  1 6 81 -1.878825747044123 0 542.0 -1.878825747044123 1
gene  1 81 73 0.0467145509405924 0 543.0 0.0467145509405924 1
gene  1 81 49 -0.5318566996403931 0 569.0 -0.5318566996403931 1
gene  1 49 14 -7.726268278117442 0 610.0 -7.726268278117442 1
gene  1 4 73 -3.0244761788644707 0 655.0 -3.0244761788644707 1
genomeend 12
genomestart  13
trait 1 0.0 0.7972318660819309 1.9692270263017169 0.19579356259357072 0.10522835245191364 0.1113794974477037 0.3883084111555485 0.0 
node 1 1 1 1
node 2 1 1 1
node 3 1 1 1
node 4 1 1 1
node 5 1 1 1
node 6 1 1 1
node 7 1 1 3
node 8 1 0 0
node 9 1 0 0
node 13 1 0 2
node 14 1 0 2
node 20 1 0 0
node 56 1 0 0
node 60 1 0 0
node 79 1 0 0
node 92 1 0 0
node 94 1 0 0
node 97 1 0 0
gene  1 1 8 3.822042728981749 0 98.0 3.822042728981749 1
gene  1 2 8 -0.12391617979859149 0 99.0 -0.12391617979859149 1
gene  1 3 8 -0.015661187812676225 0 100.0 -0.015661187812676225 1
gene  1 6 8 -3.824855493781997 0 103.0 -3.824855493781997 1
gene  1 8 8 -3.480583162812356 1 105.0 -3.480583162812356 1
gene  1 9 8 -1.0078679250528664 1 106.0 -1.0078679250528664 1
gene  1 13 8 -0.37561862566400106 1 110.0 -0.37561862566400106 1
gene  1 14 8 -0.8393699273758439 1 111.0 -0.8393699273758439 1
gene  1 1 9 -4.120374529897521 0 112.0 -4.120374529897521 1
gene  1 4 9 0.5684458626661066 0 115.0 0.5684458626661066 1
gene  1 5 9 -8.737565714646596 0 116.0 -8.737565714646596 1
gene  1 7 9 -3.4504725958662377 0 118.0 -3.4504725958662377 1
gene  1 9 9 9.797020118214999 1 120.0 9.797020118214999 1
gene  1 14 9 8.134423342205917 1 125.0 8.134423342205917 1
gene  1 2 13 -1.8248346746590989 0 169.0 -1.8248346746590989 1
gene  1 5 13 -0.22769999466525126 0 172.0 -0.22769999466525126 1
gene  1 8 13 3.219418323029055 0 175.0 3.219418323029055 1
gene  1 1 14 -0.10847487652266441 0 182.0 -0.10847487652266441 1
gene  1 2 14 -3.317495566689109 0 183.0 -3.317495566689109 1
gene  1 3 14 0.2756236852996998 0 184.0 0.2756236852996998 1
gene  1 6 14 -3.507821053444098 0 187.0 -3.507821053444098 1
gene  1 13 14 -1.770471954119984 0 194.0 -1.770471954119984 1
gene  1 14 14 0.8092340121721605 1 195.0 0.8092340121721605 1
gene  1 5 8 -7.983872395465953 0 202.0 -7.983872395465953 1
gene  1 4 13 1.5751320196115108 0 220.0 1.5751320196115108 1
gene  1 1 20 -1.526432225170751 0 231.0 -1.526432225170751 1
gene  1 20 14 2.5096431325813997 0 232.0 2.5096431325813997 1
gene  1 1 13 -1.3576471573238067 0 329.0 -1.3576471573238067 1
gene  1 13 20 0.9818953502188348 0 337.0 0.9818953502188348 1
gene  1 4 20 -12.787629843338378 0 339.0 -12.787629843338378 1
gene  1 9 8 -1.5029477790773538 0 404.0 -1.5029477790773538 1
gene  1 8 14 5.395524766745693 0 410.0 5.395524766745693 1
gene  1 5 56 2.303875015563867 0 434.0 2.303875015563867 1
gene  1 56 8 2.8839861562463636 0 435.0 2.8839861562463636 1
gene  1 2 9 -4.4435852066353885 0 448.0 -4.4435852066353885 1
gene  1 3 60 7.040245562276344 0 458.0 7.040245562276344 1
gene  1 60 8 -0.2645674587267055 0 459.0 -0.2645674587267055 1
gene  1 1 60 -2.5027806970597757 0 479.0 -2.5027806970597757 1
gene  1 7 56 5.530626477174346 0 520.0 5.530626477174346 1
gene  1 13 79 1.47028299512817 0 537.0 1.47028299512817 1
gene  1 79 20 0.9584083083075826 0 538.0 0.9584083083075826 1
gene  1 3 79 -0.08133442413338976 0 556.0 -0.08133442413338976 1
gene  1 5 92 -0.7354828807896044 0 575.0 -0.7354828807896044 1
gene  1 92 13 -2.154298568602492 0 576.0 -2.154298568602492 1
gene  1 14 94 4.437922383723126 1 582.0 4.437922383723126 1
gene  1 94 8 -1.5366653430654458 0 583.0 -1.5366653430654458 1
gene  1 13 97 2.8732299118594966 1 593.0 2.8732299118594966 1
gene  1 97 8 -0.4627788480493997 0 594.0 -0.4627788480493997 1
gene  1 9 56 -2.2240232560338873 0 596.0 -2.2240232560338873 1
gene  1 60 20 -3.521503315158563 0 603.0 -3.521503315158563 1
gene  1 6 97 -2.579340616087233 0 616.0 -2.579340616087233 1
gene  1 4 8 4.130252811048005 0 619.0 4.130252811048005 1
gene  1 1 92 1.1530263592342804 0 641.0 1.1530263592342804 1
genomeend 13
genomestart  14
trait 1 0.0 0.7972318660819309 2.4481725716893417 0.14663137100705792 0.0 0.5463778330696563 0.3883084111555485 0.662706939895585 
node 1 1 1 1
node 2 1 1 1
node 3 1 1 1
node 4 1 1 1
node 5 1 1 1
node 6 1 1 1
node 7 1 1 3
node 8 1 0 0
node 9 1 0 0
node 13 1 0 2
node 14 1 0 2
node 20 1 0 0
node 56 1 0 0
node 60 1 0 0
node 79 1 0 0
node 92 1 0 0
node 94 1 0 0
node 97 1 0 0
gene  1 1 8 -1.188893409925994 0 98.0 -1.188893409925994 1
gene  1 2 8 0.13503796755221986 0 99.0 0.13503796755221986 1
gene  1 3 8 -3.4878464085783576 0 100.0 -3.4878464085783576 1
gene  1 6 8 -9.188362740602027 0 103.0 -9.188362740602027 1
gene  1 8 8 -0.13755408680541314 1 105.0 -0.13755408680541314 1
gene  1 9 8 -4.619525788547134 1 106.0 -4.619525788547134 1
gene  1 13 8 -1.9140519590168872 1 110.0 -1.9140519590168872 1
gene  1 14 8 -3.4770216092314428 1 111.0 -3.4770216092314428 1
gene  1 1 9 3.2200782602377362 0 112.0 3.2200782602377362 1
gene  1 4 9 3.558235522752676 0 115.0 3.558235522752676 1
gene  1 5 9 -4.351229989321131 0 116.0 -4.351229989321131 1
gene  1 7 9 -3.4502740212393093 0 118.0 -3.4502740212393093 1
gene  1 9 9 8.984742738434251 1 120.0 8.984742738434251 1
gene  1 14 9 4.660498591442996 1 125.0 4.660498591442996 1
gene  1 2 13 0.9417432909621029 0 169.0 0.9417432909621029 1
gene  1 5 13 2.7508390126316953 0 172.0 2.7508390126316953 1
gene  1 8 13 -0.1190061901823456 0 175.0 -0.1190061901823456 1
gene  1 1 14 -1.8293527101985134 0 182.0 -1.8293527101985134 1
gene  1 2 14 -2.9538783934356445 0 183.0 -2.9538783934356445 1
gene  1 3 14 1.483966844500288 0 184.0 1.483966844500288 1
gene  1 6 14 -2.3382398419692745 0 187.0 -2.3382398419692745 1
gene  1 13 14 -0.6938544142413041 0 194.0 -0.6938544142413041 1
gene  1 14 14 0.21972271549535938 1 195.0 0.21972271549535938 1
gene  1 5 8 -8.126116248206236 0 202.0 -8.126116248206236 1
gene  1 4 13 4.355480780715378 0 220.0 4.355480780715378 1
gene  1 1 20 -1.717388813358777 0 231.0 -1.717388813358777 1
gene  1 20 14 3.6084279925223486 0 232.0 3.6084279925223486 1
gene  1 1 13 -1.5069727119945626 0 329.0 -1.5069727119945626 1
gene  1 13 20 3.4588509958372633 0 337.0 3.4588509958372633 1
gene  1 4 20 -11.943994891074087 0 339.0 -11.943994891074087 1
gene  1 9 8 -0.5862382931246946 0 404.0 -0.5862382931246946 1
gene  1 8 14 4.786268236013983 0 410.0 4.786268236013983 1
gene  1 5 56 1.5601508058402331 0 434.0 1.5601508058402331 1
gene  1 56 8 3.191157392449006 0 435.0 3.191157392449006 1
gene  1 2 9 -6.346788123344495 0 448.0 -6.346788123344495 1
gene  1 3 60 2.5990502259377486 0 458.0 2.5990502259377486 1
gene  1 60 8 -0.475346551189046 0 459.0 -0.475346551189046 1
gene  1 1 60 -0.5192118303458977 0 479.0 -0.5192118303458977 1
gene  1 7 56 4.96443609112249 0 520.0 4.96443609112249 1
gene  1 13 79 -0.5472135054846394 0 537.0 -0.5472135054846394 1
gene  1 79 20 0.08506259922147263 0 538.0 0.08506259922147263 1
gene  1 3 79 3.493328783936808 0 556.0 3.493328783936808 1
gene  1 5 92 -3.9205613971549393 0 575.0 -3.9205613971549393 1
gene  1 92 13 -11.651943795988984 0 576.0 -11.651943795988984 1
gene  1 14 94 -2.38405465560535 1 582.0 -2.38405465560535 1
gene  1 94 8 0.4553825255989477 0 583.0 0.4553825255989477 1
gene  1 13 97 0.7310044939110688 1 593.0 0.7310044939110688 1
gene  1 97 8 1.1993019102472706 0 594.0 1.1993019102472706 1
gene  1 9 56 0.2901736830686308 0 596.0 0.2901736830686308 1
gene  1 60 20 -3.521503315158563 0 603.0 -3.521503315158563 1
gene  1 6 97 -1.4686533266596784 0 616.0 -1.4686533266596784 1
gene  1 4 8 3.5097801455811872 0 619.0 3.5097801455811872 1
gene  1 1 92 -9.423827701817883 0 641.0 -9.423827701817883 1
genomeend 14
genomestart  15
trait 1 0.0 0.7972318660819309 1.9692270263017169 0.19579356259357072 0.10522835245191364 0.1113794974477037 0.3883084111555485 0.0 
node 1 1 1 1
node 2 1 1 1
node 3 1 1 1
node 4 1 1 1
node 5 1 1 1
node 6 1 1 1
node 7 1 1 3
node 8 1 0 0
node 9 1 0 0
node 13 1 0 2
node 14 1 0 2
node 20 1 0 0
node 56 1 0 0
node 60 1 0 0
node 79 1 0 0
node 92 1 0 0
node 94 1 0 0
node 97 1 0 0
gene  1 1 8 3.7434690168542226 0 98.0 3.7434690168542226 1
gene  1 2 8 0.3743625118393812 0 99.0 0.3743625118393812 1
gene  1 3 8 -1.6786837833483867 0 100.0 -1.6786837833483867 1
gene  1 6 8 -1.3556826803134556 0 103.0 -1.3556826803134556 1
gene  1 8 8 -2.9350510685111475 1 105.0 -2.9350510685111475 1
gene  1 9 8 -4.21937950736292 1 106.0 -4.21937950736292 1
gene  1 13 8 0.028162995415203118 1 110.0 0.028162995415203118 1
gene  1 14 8 0.1781591071157329 1 111.0 0.1781591071157329 1
gene  1 1 9 1.7184882138490196 0 112.0 1.7184882138490196 1
gene  1 4 9 1.0688477623604151 0 115.0 1.0688477623604151 1
gene  1 5 9 -7.191021950866461 0 116.0 -7.191021950866461 1
gene  1 7 9 -1.5688385923468484 0 118.0 -1.5688385923468484 1
gene  1 9 9 1.79989856574096 1 120.0 1.79989856574096 1
gene  1 14 9 7.737128425699628 1 125.0 7.737128425699628 1
gene  1 2 13 -2.6102265211226263 0 169.0 -2.6102265211226263 1
gene  1 5 13 0.09169611632291197 0 172.0 0.09169611632291197 1
gene  1 8 13 -0.9354621475666849 0 175.0 -0.9354621475666849 1
gene  1 1 14 -1.4658420127646377 0 182.0 -1.4658420127646377 1
gene  1 2 14 1.914226748309432 0 183.0 1.914226748309432 1
gene  1 3 14 0.5788144523823677 0 184.0 0.5788144523823677 1
gene  1 6 14 -1.6002190240614826 0 187.0 -1.6002190240614826 1
gene  1 13 14 -0.9491865639382158 0 194.0 -0.9491865639382158 1
gene  1 14 14 3.796779073104968 1 195.0 3.796779073104968 1
gene  1 5 8 -2.2812227464485293 0 202.0 -2.2812227464485293 1
gene  1 4 13 2.4828486699423298 0 220.0 2.4828486699423298 1
gene  1 1 20 -1.3599387868455843 0 231.0 -1.3599387868455843 1
gene  1 20 14 -2.012547038472951 0 232.0 -2.012547038472951 1
gene  1 1 13 -0.42684414090528394 0 329.0 -0.42684414090528394 1
gene  1 13 20 0.5574557657246606 0 337.0 0.5574557657246606 1
gene  1 4 20 -14.093797516052476 0 339.0 -14.093797516052476 1
gene  1 9 8 0.7553288654833867 0 404.0 0.7553288654833867 1
gene  1 8 14 6.339456400534173 0 410.0 6.339456400534173 1
gene  1 5 56 2.618370700142102 0 434.0 2.618370700142102 1
gene  1 56 8 -0.6963794482881847 0 435.0 -0.6963794482881847 1
gene  1 2 9 -5.174085290741601 0 448.0 -5.174085290741601 1
gene  1 3 60 5.335909440649599 0 458.0 5.335909440649599 1
gene  1 60 8 2.8516854638630216 0 459.0 2.8516854638630216 1
gene  1 1 60 -0.21470825821781087 0 479.0 -0.21470825821781087 1
gene  1 7 56 3.7750933633700523 0 520.0 3.7750933633700523 1
gene  1 13 79 -2.264262269204299 0 537.0 -2.264262269204299 1
gene  1 79 20 1.2547983801490457 0 538.0 1.2547983801490457 1
gene  1 3 79 -1.05418951555112 0 556.0 -1.05418951555112 1
gene  1 5 92 0.21540684961337236 0 575.0 0.21540684961337236 1
gene  1 92 13 -12.597255893177312 0 576.0 -12.597255893177312 1
gene  1 14 94 3.6901632289270503 1 582.0 3.6901632289270503 1
gene  1 94 8 0.16166192953307523 0 583.0 0.16166192953307523 1
gene  1 13 97 1.803715101181313 1 593.0 1.803715101181313 1
gene  1 97 8 0.8747114984821125 0 594.0 0.8747114984821125 1
gene  1 9 56 0.16029530692063054 0 596.0 0.16029530692063054 1
gene  1 60 20 -3.521503315158563 0 603.0 -3.521503315158563 1
gene  1 6 97 -2.175648808368299 0 616.0 -2.175648808368299 1
gene  1 4 8 2.0936672126594362 0 619.0 2.0936672126594362 1
gene  1 1 92 -0.07410347967005321 0 641.0 -0.07410347967005321 1
genomeend 15
genomestart  16
trait 1 0.0 0.1374939593498462 3.3575146996934553 0.0 0.23073292095274345 0.0 0.008509650538832902 0.4674416177192936 
node 1 1 1 1
node 2 1 1 1
node 3 1 1 1
node 4 1 1 1
node 5 1 1 1
node 6 1 1 1
node 7 1 1 3
node 13 1 0 2
node 14 1 0 2
node 45 1 0 0
node 71 1 0 0
node 89 1 0 0
gene  1 1 13 1.6168381604694706 0 168.0 1.6168381604694706 1
gene  1 2 13 2.6110093983962033 0 169.0 2.6110093983962033 1
gene  1 5 13 -0.3913018735624745 0 172.0 -0.3913018735624745 1
gene  1 6 13 7.647628327125795 0 173.0 7.647628327125795 1
gene  1 7 13 -1.433222351652441 0 174.0 -1.433222351652441 1
gene  1 3 14 0.19699434287512335 0 184.0 0.19699434287512335 1
gene  1 4 14 -7.005862280531385 0 185.0 -7.005862280531385 1
gene  1 7 14 7.427936358589876 0 188.0 7.427936358589876 1
gene  1 13 14 -1.8637993563855333 0 194.0 -1.8637993563855333 1
gene  1 14 14 3.685797770283336 1 195.0 3.685797770283336 1
gene  1 4 13 -7.0271061353218 0 235.0 -7.0271061353218 1
gene  1 1 14 9.508989446431896 0 242.0 9.508989446431896 1
gene  1 5 14 -1.8277306043060095 0 319.0 -1.8277306043060095 1
gene  1 1 45 -5.054301669492006 0 370.0 -5.054301669492006 1
gene  1 45 13 -10.110772694959898 0 371.0 -10.110772694959898 1
gene  1 4 45 -0.6800966004365921 0 497.0 -0.6800966004365921 1
gene  1 6 71 -0.48284458235735905 0 502.0 -0.48284458235735905 1
gene  1 71 13 -2.3558337206279782 0 503.0 -2.3558337206279782 1
gene  1 45 71 1.971435006279891 0 534.0 1.971435006279891 1
gene  1 3 13 3.338884285522928 0 535.0 3.338884285522928 1
gene  1 45 89 3.550202577420207 0 566.0 3.550202577420207 1
gene  1 89 13 -1.5350551953760818 0 567.0 -1.5350551953760818 1
genomeend 16
genomestart  17
trait 1 0.0 0.1374939593498462 3.3575146996934553 0.0 0.23073292095274345 0.0 0.008509650538832902 0.4674416177192936 
node 1 1 1 1
node 2 1 1 1
node 3 1 1 1
node 4 1 1 1
node 5 1 1 1
node 6 1 1 1
node 7 1 1 3
node 13 1 0 2
node 14 1 0 2
node 45 1 0 0
node 71 1 0 0
node 89 1 0 0
gene  1 1 13 -6.179471733418278 0 168.0 -6.179471733418278 1
gene  1 2 13 3.972562291980773 0 169.0 3.972562291980773 1
gene  1 5 13 1.311959411987483 0 172.0 1.311959411987483 1
gene  1 6 13 7.570196974300142 0 173.0 7.570196974300142 1
gene  1 7 13 -1.240664311722894 0 174.0 -1.240664311722894 1
gene  1 3 14 9.753706982761218 0 184.0 9.753706982761218 1
gene  1 4 14 -3.0341499283751436 0 185.0 -3.0341499283751436 1
gene  1 7 14 5.216179128193703 0 188.0 5.216179128193703 1
gene  1 13 14 -0.7307671040601009 0 194.0 -0.7307671040601009 1
gene  1 14 14 0.1881228818355698 1 195.0 0.1881228818355698 1
gene  1 4 13 -6.906723139515952 0 235.0 -6.906723139515952 1
gene  1 1 14 7.925952046561836 0 242.0 7.925952046561836 1
gene  1 5 14 -2.6792283696859203 0 319.0 -2.6792283696859203 1
gene  1 1 45 -3.7241462491667408 0 370.0 -3.7241462491667408 1
gene  1 45 13 -9.119817235155006 0 371.0 -9.119817235155006 0
gene  1 4 45 -2.3979625568487872 0 497.0 -2.3979625568487872 1
gene  1 6 71 -8.620901657344747 0 502.0 -8.620901657344747 1
gene  1 71 13 -2.245717356911654 0 503.0 -2.245717356911654 1
gene  1 45 71 3.9157838928987028 0 534.0 3.9157838928987028 1
gene  1 3 13 2.8183696039234314 0 535.0 2.8183696039234314 1
gene  1 45 89 -0.3881878578681594 0 566.0 -0.3881878578681594 1
gene  1 89 13 -2.614197260067871 0 567.0 -2.614197260067871 1
genomeend 17
genomestart  18
trait 1 0.0 1.095755040810885 3.3575146996934553 0.0 0.23073292095274345 0.0 0.008509650538832902 1.274669408616738 
node 1 1 1 1
node 2 1 1 1
node 3 1 1 1
node 4 1 1 1
node 5 1 1 1
node 6 1 1 1
node 7 1 1 3
node 13 1 0 2
node 14 1 0 2
node 45 1 0 0
node 71 1 0 0
node 89 1 0 0
gene  1 1 13 -5.828585874567357 0 168.0 -5.828585874567357 1
gene  1 2 13 5.18938198820004 0 169.0 5.18938198820004 1
gene  1 5 13 -2.734846852830999 0 172.0 -2.734846852830999 1
gene  1 6 13 7.465888789106328 0 173.0 7.465888789106328 1
gene  1 7 13 0.5343692730313145 0 174.0 0.5343692730313145 1
gene  1 3 14 11.23589035919359 0 184.0 11.23589035919359 1
gene  1 4 14 -7.344517672122995 0 185.0 -7.344517672122995 1
gene  1 7 14 7.370243137082293 0 188.0 7.370243137082293 1
gene  1 13 14 0.11611503262790324 0 194.0 0.11611503262790324 1
gene  1 14 14 1.6873800888949781 1 195.0 1.6873800888949781 1
gene  1 4 13 -5.619319594793384 0 235.0 -5.619319594793384 1
gene  1 1 14 10.406215955554558 0 242.0 10.406215955554558 1
gene  1 5 14 -3.4746912868064648 0 319.0 -3.4746912868064648 1
gene  1 1 45 -6.532001077345705 0 370.0 -6.532001077345705 1
gene  1 45 13 -9.024184832973251 0 371.0 -9.024184832973251 0
gene  1 4 45 0.8036191032259055 0 497.0 0.8036191032259055 1
gene  1 6 71 -9.90220039936252 0 502.0 -9.90220039936252 1
gene  1 71 13 1.3310969523780558 0 503.0 1.3310969523780558 1
gene  1 45 71 -0.05348580161239097 0 534.0 -0.05348580161239097 1
gene  1 3 13 1.1776162011984388 0 535.0 1.1776162011984388 1
gene  1 45 89 5.872189127916453 0 566.0 5.872189127916453 1
gene  1 89 13 -1.7819578049479725 0 567.0 -1.7819578049479725 1
genomeend 18
genomestart  19
trait 1 0.0 0.1374939593498462 3.3575146996934553 0.0 0.23073292095274345 0.0 0.008509650538832902 0.4674416177192936 
node 1 1 1 1
node 2 1 1 1
node 3 1 1 1
node 4 1 1 1
node 5 1 1 1
node 6 1 1 1
node 7 1 1 3
node 13 1 0 2
node 14 1 0 2
node 45 1 0 0
node 71 1 0 0
node 89 1 0 0
gene  1 1 13 -6.555847226982134 0 168.0 -6.555847226982134 1
gene  1 2 13 5.479075591021897 0 169.0 5.479075591021897 1
gene  1 5 13 -1.1051880439813426 0 172.0 -1.1051880439813426 1
gene  1 6 13 6.331240053057362 0 173.0 6.331240053057362 1
gene  1 7 13 -3.184414085481972 0 174.0 -3.184414085481972 1
gene  1 3 14 10.864572019926833 0 184.0 10.864572019926833 1
gene  1 4 14 -4.127805227267265 0 185.0 -4.127805227267265 1
gene  1 7 14 9.237960174235562 0 188.0 9.237960174235562 1
gene  1 13 14 -0.01002511335460965 0 194.0 -0.01002511335460965 1
gene  1 14 14 4.126238624821964 1 195.0 4.126238624821964 1
gene  1 4 13 -5.6355147327080815 0 235.0 -5.6355147327080815 1
gene  1 1 14 6.309265434950909 0 242.0 6.309265434950909 1
gene  1 5 14 -0.8509993571301211 0 319.0 -0.8509993571301211 1
gene  1 1 45 -3.2853374067763133 0 370.0 -3.2853374067763133 1
gene  1 45 13 -13.851186987011793 0 371.0 -13.851186987011793 0
gene  1 4 45 -2.8247848298782348 0 497.0 -2.8247848298782348 1
gene  1 6 71 -6.530591250196667 0 502.0 -6.530591250196667 1
gene  1 71 13 -3.5459484515487585 0 503.0 -3.5459484515487585 1
gene  1 45 71 1.971435006279891 0 534.0 1.971435006279891 1
gene  1 3 13 4.781202835363118 0 535.0 4.781202835363118 1
gene  1 45 89 3.464516497163134 0 566.0 3.464516497163134 1
gene  1 89 13 -0.7934385635771473 0 567.0 -0.7934385635771473 1
genomeend 19
