genomestart  0
trait 1 0.12236385032328645 0.7740871510987878 0.0 1.2348572107762614 0.0 1.3168578850843018 1.0590140864502917 1.2664732725793504 
node 1 1 1 1
node 2 1 1 1
node 3 1 1 1
node 4 1 1 1
node 5 1 1 1
node 6 1 1 1
node 7 1 1 3
node 13 1 0 2
node 14 1 0 2
node 33 1 0 0
node 48 1 0 0
node 55 1 0 0
node 61 1 0 0
gene  1 2 13 3.72951519148557 0 169.0 3.72951519148557 1
gene  1 3 13 -0.3961618471333659 0 170.0 -0.3961618471333659 1
gene  1 4 13 -0.3248718416843139 0 171.0 -0.3248718416843139 1
gene  1 6 13 0.5698907200358965 0 173.0 0.5698907200358965 1
gene  1 7 13 0.5413471610564686 0 174.0 0.5413471610564686 1
gene  1 13 13 -0.26826817494955696 1 180.0 -0.26826817494955696 1
gene  1 1 14 0.25575412196416436 0 182.0 0.25575412196416436 1
gene  1 2 14 -2.0237715457398378 0 183.0 -2.0237715457398378 1
gene  1 5 14 -6.155040071471425 0 186.0 -6.155040071471425 1
gene  1 6 14 5.531435201306964 0 187.0 5.531435201306964 1
gene  1 7 14 -5.43953302069184 0 188.0 -5.43953302069184 1
gene  1 13 14 -4.436005559560851 0 194.0 -4.436005559560851 1
gene  1 14 14 -0.15057670176831506 1 195.0 -0.15057670176831506 1
gene  1 4 14 1.129747992540178 0 196.0 1.129747992540178 1
gene  1 1 13 -11.112489080986109 0 216.0 -11.112489080986109 1
gene  1 1 33 -2.3904307498878756 0 313.0 -2.3904307498878756 1
gene  1 33 14 -6.103693805684605 0 314.0 -6.103693805684605 1
gene  1 14 48 -1.967547237146263 1 379.0 -1.967547237146263 1
gene  1 48 14 -0.9100282410243994 0 380.0 -0.9100282410243994 1
gene  1 48 33 2.6903523739009145 0 381.0 2.6903523739009145 1
gene  1 4 33 -1.6154926171740702 0 384.0 -1.6154926171740702 1
gene  1 13 55 -1.9476441467745933 0 407.0 -1.9476441467745933 1
gene  1 55 14 -1.667459589594659 0 408.0 -1.667459589594659 1
gene  1 2 33 -8.836938400267845 0 425.0 -8.836938400267845 1
gene  1 13 33 1.138157462464489 0 427.0 1.138157462464489 1
gene  1 5 13 0.583631540841186 0 436.0 0.583631540841186 1
gene  1 7 33 2.092955504904426 0 465.0 2.092955504904426 1
gene  1 2 61 -5.055665094861183 0 466.0 -5.055665094861183 1
gene  1 61 33 1.6055507632721775 0 467.0 1.6055507632721775 1
genomeend 0
genomestart  1
trait 1 0.12236385032328645 0.7740871510987878 0.0 1.2348572107762614 0.0 1.3168578850843018 1.0590140864502917 1.2664732725793504 
node 1 1 1 1
node 2 1 1 1
node 3 1 1 1
node 4 1 1 1
node 5 1 1 1
node 6 1 1 1
node 7 1 1 3
node 13 1 0 2
node 14 1 0 2
node 33 1 0 0
node 48 1 0 0
node 55 1 0 0
node 61 1 0 0
gene  1 2 13 1.6037010014954194 0 169.0 1.6037010014954194 1
gene  1 3 13 -4.746143213770588 0 170.0 -4.746143213770588 1
gene  1 4 13 0.10932300338725498 0 171.0 0.10932300338725498 1
gene  1 6 13 -2.197934416886537 0 173.0 -2.197934416886537 1
gene  1 7 13 0.501637653707236 0 174.0 0.501637653707236 1
gene  1 13 13 0.6402637716395192 1 180.0 0.6402637716395192 1
gene  1 1 14 -0.5630555708056388 0 182.0 -0.5630555708056388 1
gene  1 2 14 -1.5974107214821704 0 183.0 -1.5974107214821704 1
gene  1 5 14 -3.806969042351844 0 186.0 -3.806969042351844 1
gene  1 6 14 4.88789329752927 0 187.0 4.88789329752927 1
gene  1 7 14 0.031715524793816396 0 188.0 0.031715524793816396 1
gene  1 13 14 -5.114816289474135 0 194.0 -5.114816289474135 1
gene  1 14 14 -1.5166313843870436 1 195.0 -1.5166313843870436 1
gene  1 4 14 0.986044563369449 0 196.0 0.986044563369449 1
gene  1 1 13 -9.77109746993537 0 216.0 -9.77109746993537 1
gene  1 1 33 3.7145008462813154 0 313.0 3.7145008462813154 1
gene  1 33 14 -2.6800164555784036 0 314.0 -2.6800164555784036 1
gene  1 14 48 -0.3612065670001477 1 379.0 -0.3612065670001477 1
gene  1 48 14 -1.8674082193844501 0 380.0 -1.8674082193844501 1
gene  1 48 33 0.3273214221635626 0 381.0 0.3273214221635626 1
gene  1 4 33 1.9076313850690734 0 384.0 1.9076313850690734 1
gene  1 13 55 -4.072696586936636 0 407.0 -4.072696586936636 1
gene  1 55 14 2.226329812648452 0 408.0 2.226329812648452 1
gene  1 2 33 -8.785220677031749 0 425.0 -8.785220677031749 1
gene  1 13 33 2.5677649697758267 0 427.0 2.5677649697758267 1
gene  1 5 13 -1.1775277025049706 0 436.0 -1.1775277025049706 1
gene  1 7 33 10.374241102268929 0 465.0 10.374241102268929 1
gene  1 2 61 -5.055665094861183 0 466.0 -5.055665094861183 1
gene  1 61 33 0.40953040453264844 0 467.0 0.40953040453264844 1
genomeend 1
genomestart  2
trait 1 0.26937214532678067 0.0 1.896310652799719 1.0664206773141058 1.8651080668398228 0.9057529697611906 1.2186392275033897 1.6429921308966946 
node 1 1 1 1
node 2 1 1 1
node 3 1 1 1
node 4 1 1 1
node 5 1 1 1
node 6 1 1 1
node 7 1 1 3
node 13 1 0 2
node 14 1 0 2
node 21 1 0 0
node 24 1 0 0
node 34 1 0 0
node 67 1 0 0
node 72 1 0 0
node 78 1 0 0
gene  1 1 13 9.188637249697608 0 168.0 9.188637249697608 0
gene  1 4 13 -1.8596531074575129 0 171.0 -1.8596531074575129 1
gene  1 5 13 -3.340599548222995 0 172.0 -3.340599548222995 1
gene  1 7 13 -3.7900566056119196 0 174.0 -3.7900566056119196 1
gene  1 13 13 -5.007586998181936 1 180.0 -5.007586998181936 1
gene  1 2 14 1.3834415899668062 0 183.0 1.3834415899668062 1
gene  1 3 14 1.009487570904477 0 184.0 1.009487570904477 1
gene  1 6 14 1.81842880638856 0 187.0 1.81842880638856 1
gene  1 13 14 -3.8521919680044623 0 194.0 -3.8521919680044623 1
gene  1 14 14 0.32229903592369513 1 195.0 0.32229903592369513 1
gene  1 6 13 0.5836108525119779 0 205.0 0.5836108525119779 1
gene  1 5 14 -2.4866947634055947 0 223.0 -2.4866947634055947 1
gene  1 3 13 1.359569236367066 0 229.0 1.359569236367066 1
gene  1 2 13 3.8212177502408378 0 233.0 3.8212177502408378 1
gene  1 1 21 19.614721962643628 0 238.0 19.614721962643628 1
gene  1 21 13 -0.7107569909118685 0 239.0 -0.7107569909118685 1
gene  1 5 21 2.7573933360085974 0 253.0 2.7573933360085974 1
gene  1 3 21 -2.2659295806599027 0 270.0 -2.2659295806599027 1
gene  1 1 24 -3.348056837500275 0 275.0 -3.348056837500275 1
gene  1 24 13 2.6721545773965762 0 276.0 2.6721545773965762 1
gene  1 3 34 5.691066597516417 0 315.0 5.691066597516417 1
gene  1 34 14 2.010835540834764 0 316.0 2.010835540834764 0
gene  1 3 24 -1.0677588040500887 0 324.0 -1.0677588040500887 1
gene  1 2 21 -8.627933175008392 0 350.0 -8.627933175008392 1
gene  1 34 13 3.5400803475454974 0 355.0 3.5400803475454974 1
gene  1 1 34 0.25174725729417524 0 361.0 0.25174725729417524 1
gene  1 7 14 -2.5873206458586795 0 388.0 -2.5873206458586795 1
gene  1 24 14 -5.936477553051963 0 468.0 -5.936477553051963 1
gene  1 34 67 0.8748369754846972 0 491.0 0.8748369754846972 1
gene  1 67 14 -2.6779741022128696 0 492.0 -2.6779741022128696 1
gene  1 1 72 -5.545068281089083 0 505.0 -5.545068281089083 1
gene  1 72 13 5.968870865047809 0 506.0 5.968870865047809 1
gene  1 1 78 -1.3493891637395696 0 530.0 -1.3493891637395696 1
gene  1 78 72 1.683748953668315 0 531.0 1.683748953668315 1
gene  1 5 72 1.2694733534806553 0 565.0 1.2694733534806553 1
gene  1 78 14 3.6606800429087363 0 577.0 3.6606800429087363 1
genomeend 2
genomestart  3
trait 1 0.26937214532678067 0.0 1.896310652799719 1.0664206773141058 1.8651080668398228 0.9057529697611906 1.2186392275033897 1.6429921308966946 
node 1 1 1 1
node 2 1 1 1
node 3 1 1 1
node 4 1 1 1
node 5 1 1 1
node 6 1 1 1
node 7 1 1 3
node 13 1 0 2
node 14 1 0 2
node 21 1 0 0
node 24 1 0 0
node 34 1 0 0
node 67 1 0 0
node 72 1 0 0
node 78 1 0 0
gene  1 1 13 11.555219004050361 0 168.0 11.555219004050361 0
gene  1 4 13 -3.235380817703597 0 171.0 -3.235380817703597 1
gene  1 5 13 -4.1539532985799035 0 172.0 -4.1539532985799035 1
gene  1 7 13 -5.728850441564988 0 174.0 -5.728850441564988 1
gene  1 13 13 -6.934580806662062 1 180.0 -6.934580806662062 1
gene  1 2 14 0.16000048316899584 0 183.0 0.16000048316899584 1
gene  1 3 14 1.399784755685804 0 184.0 1.399784755685804 1
gene  1 6 14 0.5081967384625576 0 187.0 0.5081967384625576 1
gene  1 13 14 -6.027783961264387 0 194.0 -6.027783961264387 1
gene  1 14 14 -2.033136397289603 1 195.0 -2.033136397289603 1
gene  1 6 13 -0.9813444038345105 0 205.0 -0.9813444038345105 1
gene  1 5 14 -3.467894767828975 0 223.0 -3.467894767828975 1
gene  1 3 13 0.4484657668265847 0 229.0 0.4484657668265847 1
gene  1 2 13 1.821225850914577 0 233.0 1.821225850914577 1
gene  1 1 21 20.246677433145557 0 238.0 20.246677433145557 1
gene  1 21 13 -2.8753087500439367 0 239.0 -2.8753087500439367 1
gene  1 5 21 1.3825696141191866 0 253.0 1.3825696141191866 1
gene  1 3 21 -0.8621504805993234 0 270.0 -0.8621504805993234 1
gene  1 1 24 -1.1782180880863065 0 275.0 -1.1782180880863065 1
gene  1 24 13 4.990420365351406 0 276.0 4.990420365351406 1
gene  1 3 34 3.354084268869115 0 315.0 3.354084268869115 1
gene  1 34 14 3.723984862060591 0 316.0 3.723984862060591 0
gene  1 3 24 -1.219881929352044 0 324.0 -1.219881929352044 1
gene  1 2 21 -7.391475413757572 0 350.0 -7.391475413757572 1
gene  1 34 13 1.1130599089063669 0 355.0 1.1130599089063669 1
gene  1 1 34 1.9011482689705088 0 361.0 1.9011482689705088 1
gene  1 7 14 -2.0850340986277773 0 388.0 -2.0850340986277773 1
gene  1 24 14 -7.552161665853314 0 468.0 -7.552161665853314 1
gene  1 34 67 -1.0452442718939519 0 491.0 -1.0452442718939519 1
gene  1 67 14 2.2298697455086227 0 492.0 2.2298697455086227 1
gene  1 1 72 -5.094616880680315 0 505.0 -5.094616880680315 1
gene  1 72 13 5.968870865047809 0 506.0 5.968870865047809 1
gene  1 1 78 -3.1913551707698202 0 530.0 -3.1913551707698202 1
gene  1 78 72 1.3882773397896753 0 531.0 1.3882773397896753 1
gene  1 5 72 1.2694733534806553 0 565.0 1.2694733534806553 1
gene  1 78 14 3.6606800429087363 0 577.0 3.6606800429087363 1
genomeend 3
genomestart  4
trait 1 0.7406206948073408 1.010449726541541 0.747276035170299 2.969549466943627 0.4651853155222945 0.0 0.7201715107197918 0.5567444199729891 
node 1 1 1 1
node 2 1 1 1
node 3 1 1 1
node 4 1 1 1
node 5 1 1 1
node 6 1 1 1
node 7 1 1 3
node 8 1 0 0
node 13 1 0 2
node 14 1 0 2
node 39 1 0 0
node 42 1 0 0
node 51 1 0 0
node 68 1 0 0
node 77 1 0 0
gene  1 1 8 0.5902270104868019 0 98.0 0.5902270104868019 1
gene  1 2 8 -4.774969696277504 0 99.0 -4.774969696277504 1
gene  1 3 8 -4.74072360256861 0 100.0 -4.74072360256861 1
gene  1 4 8 -9.139323863209707 0 101.0 -9.139323863209707 1
gene  1 5 8 3.0688890499678623 0 102.0 3.0688890499678623 1
gene  1 6 8 -1.017458542427273 0 103.0 -1.017458542427273 1
gene  1 8 8 -0.08066375363996925 1 105.0 -0.08066375363996925 1
gene  1 13 8 -3.8286954065334418 1 110.0 -3.8286954065334418 1
gene  1 14 8 14.701275783153253 1 111.0 14.701275783153253 1
gene  1 3 13 0.7867957137154082 0 170.0 0.7867957137154082 1
gene  1 5 13 1.1650506051560359 0 172.0 1.1650506051560359 1
gene  1 7 13 6.633948050194347 0 174.0 6.633948050194347 1
gene  1 13 13 -6.063507398797711 1 180.0 -6.063507398797711 1
gene  1 2 14 4.707442829762018 0 183.0 4.707442829762018 1
gene  1 4 14 -1.5798785498277548 0 185.0 -1.5798785498277548 1
gene  1 6 14 2.2519528436997205 0 187.0 2.2519528436997205 1
gene  1 8 14 1.3710087014052985 0 189.0 1.3710087014052985 1
gene  1 13 14 -1.021686326705986 0 194.0 -1.021686326705986 1
gene  1 2 13 1.4342613031751026 0 213.0 1.4342613031751026 1
gene  1 4 13 1.2100977861250903 0 230.0 1.2100977861250903 1
gene  1 13 8 -0.2976411462051436 0 244.0 -0.2976411462051436 1
gene  1 7 14 5.845597732223217 0 264.0 5.845597732223217 1
gene  1 1 14 -5.381135000182708 0 299.0 -5.381135000182708 1
gene  1 5 14 -3.594471161857793 0 310.0 -3.594471161857793 1
gene  1 1 13 -1.1688742460120036 0 311.0 -1.1688742460120036 1
gene  1 13 39 -1.1778080387030396 0 344.0 -1.1778080387030396 1
gene  1 39 8 -4.44374896759517 0 345.0 -4.44374896759517 1
gene  1 6 13 2.1055885598319524 0 348.0 2.1055885598319524 1
gene  1 2 42 -1.0637587410670755 0 359.0 -1.0637587410670755 1
gene  1 42 14 5.597178803300995 0 360.0 5.597178803300995 1
gene  1 13 42 -3.11128490495706 0 366.0 -3.11128490495706 1
gene  1 5 51 1.0494752157354452 0 396.0 1.0494752157354452 1
gene  1 51 14 -2.805850520522579 0 397.0 -2.805850520522579 1
gene  1 6 42 1.9350674457271926 0 423.0 1.9350674457271926 1
gene  1 39 42 -3.7421204079075365 0 426.0 -3.7421204079075365 1
gene  1 51 13 -0.9700865446745066 0 475.0 -0.9700865446745066 1
gene  1 39 14 -0.371806952424909 0 476.0 -0.371806952424909 1
gene  1 5 39 -2.881640741840417 0 485.0 -2.881640741840417 1
gene  1 5 68 0.6406684169449417 0 493.0 0.6406684169449417 1
gene  1 68 39 2.676253781431579 0 494.0 2.676253781431579 1
gene  1 4 51 3.385430710353363 0 514.0 3.385430710353363 1
gene  1 39 77 -2.902760553496196 0 528.0 -2.902760553496196 1
gene  1 77 8 0.8212174325843131 0 529.0 0.8212174325843131 1
genomeend 4
genomestart  5
trait 1 0.7406206948073408 1.010449726541541 0.747276035170299 2.969549466943627 0.4651853155222945 0.0 0.7201715107197918 0.5567444199729891 
node 1 1 1 1
node 2 1 1 1
node 3 1 1 1
node 4 1 1 1
node 5 1 1 1
node 6 1 1 1
node 7 1 1 3
node 8 1 0 0
node 13 1 0 2
node 14 1 0 2
node 39 1 0 0
node 42 1 0 0
node 51 1 0 0
node 68 1 0 0
node 77 1 0 0
gene  1 1 8 -0.6348556162429517 0 98.0 -0.6348556162429517 1
gene  1 2 8 -7.076062862804591 0 99.0 -7.076062862804591 1
gene  1 3 8 -5.492809026479783 0 100.0 -5.492809026479783 1
gene  1 4 8 1.2393362478942178 0 101.0 1.2393362478942178 1
gene  1 5 8 1.6701068930425258 0 102.0 1.6701068930425258 1
gene  1 6 8 -1.9175905571913374 0 103.0 -1.9175905571913374 1
gene  1 8 8 0.648044536097182 1 105.0 0.648044536097182 1
gene  1 13 8 -2.617447256796736 1 110.0 -2.617447256796736 1
gene  1 14 8 17.003636421276276 1 111.0 17.003636421276276 1
gene  1 3 13 0.9224550863629429 0 170.0 0.9224550863629429 1
gene  1 5 13 1.290268665921463 0 172.0 1.290268665921463 1
gene  1 7 13 0.04676309722448202 0 174.0 0.04676309722448202 1
gene  1 13 13 -5.848808538951397 1 180.0 -5.848808538951397 1
gene  1 2 14 5.02936086514946 0 183.0 5.02936086514946 1
gene  1 4 14 -2.215608171259867 0 185.0 -2.215608171259867 1
gene  1 6 14 -1.4075466097476816 0 187.0 -1.4075466097476816 1
gene  1 8 14 2.6326685630357773 0 189.0 2.6326685630357773 1
gene  1 13 14 -0.14127220487428788 0 194.0 -0.14127220487428788 1
gene  1 2 13 4.375426799750104 0 213.0 4.375426799750104 1
gene  1 4 13 4.740869225089634 0 230.0 4.740869225089634 1
gene  1 13 8 -0.14598341376631496 0 244.0 -0.14598341376631496 1
gene  1 7 14 4.856776781838886 0 264.0 4.856776781838886 1
gene  1 1 14 0.6716214036118042 0 299.0 0.6716214036118042 1
gene  1 5 14 -2.5118376716174673 0 310.0 -2.5118376716174673 1
gene  1 1 13 -3.4080673992477806 0 311.0 -3.4080673992477806 1
gene  1 13 39 -1.4645125131934589 0 344.0 -1.4645125131934589 1
gene  1 39 8 -2.338509274993156 0 345.0 -2.338509274993156 1
gene  1 6 13 0.3478103251878731 0 348.0 0.3478103251878731 1
gene  1 2 42 -1.467188238616322 0 359.0 -1.467188238616322 1
gene  1 42 14 -2.1199036881887174 0 360.0 -2.1199036881887174 1
gene  1 13 42 1.2104591026691025 0 366.0 1.2104591026691025 1
gene  1 5 51 1.160749307577242 0 396.0 1.160749307577242 1
gene  1 51 14 -0.05129367914986577 0 397.0 -0.05129367914986577 1
gene  1 6 42 0.44523884374668254 0 423.0 0.44523884374668254 1
gene  1 39 42 -3.310635764532112 0 426.0 -3.310635764532112 1
gene  1 51 13 -2.7485138593272613 0 475.0 -2.7485138593272613 1
gene  1 39 14 0.5288755045300381 0 476.0 0.5288755045300381 1
gene  1 5 39 -4.7769611620869075 0 485.0 -4.7769611620869075 1
gene  1 5 68 -2.2725130637634505 0 493.0 -2.2725130637634505 1
gene  1 68 39 4.91365349826561 0 494.0 4.91365349826561 1
gene  1 4 51 2.3691261675579596 0 514.0 2.3691261675579596 1
gene  1 39 77 -2.9064298197406906 0 528.0 -2.9064298197406906 1
gene  1 77 8 4.056138729472257 0 529.0 4.056138729472257 1
genomeend 5
genomestart  6
trait 1 0.7406206948073408 1.010449726541541 0.747276035170299 2.969549466943627 0.4651853155222945 0.0 0.7201715107197918 0.5567444199729891 
node 1 1 1 1
node 2 1 1 1
node 3 1 1 1
node 4 1 1 1
node 5 1 1 1
node 6 1 1 1
node 7 1 1 3
node 8 1 0 0
node 13 1 0 2
node 14 1 0 2
node 39 1 0 0
node 42 1 0 0
node 51 1 0 0
node 68 1 0 0
node 77 1 0 0
gene  1 1 8 0.07309617582242534 0 98.0 0.07309617582242534 1
gene  1 2 8 -4.186067888821923 0 99.0 -4.186067888821923 1
gene  1 3 8 -7.415449255523431 0 100.0 -7.415449255523431 1
gene  1 4 8 -9.186707169889113 0 101.0 -9.186707169889113 1
gene  1 5 8 1.9433276078712582 0 102.0 1.9433276078712582 1
gene  1 6 8 -0.2199501056126827 0 103.0 -0.2199501056126827 1
gene  1 8 8 0.5365227606768646 1 105.0 0.5365227606768646 1
gene  1 13 8 -0.9018623613990369 1 110.0 -0.9018623613990369 1
gene  1 14 8 12.746541043470776 1 111.0 12.746541043470776 1
gene  1 3 13 0.029821345109018127 0 170.0 0.029821345109018127 1
gene  1 5 13 3.086127316855105 0 172.0 3.086127316855105 1
gene  1 7 13 8.731976163018032 0 174.0 8.731976163018032 1
gene  1 13 13 -5.949169365239536 1 180.0 -5.949169365239536 1
gene  1 2 14 4.173696562516324 0 183.0 4.173696562516324 1
gene  1 4 14 -3.853288675417541 0 185.0 -3.853288675417541 1
gene  1 6 14 -0.6087364241311488 0 187.0 -0.6087364241311488 1
gene  1 8 14 2.2765521548282996 0 189.0 2.2765521548282996 1
gene  1 13 14 -2.3553379665471352 0 194.0 -2.3553379665471352 1
gene  1 2 13 4.747232722864558 0 213.0 4.747232722864558 1
gene  1 4 13 0.96115328442297 0 230.0 0.96115328442297 1
gene  1 13 8 -4.419773879117552 0 244.0 -4.419773879117552 1
gene  1 7 14 2.970671832963864 0 264.0 2.970671832963864 1
gene  1 1 14 -8.315671785595613 0 299.0 -8.315671785595613 1
gene  1 5 14 -6.357322224089421 0 310.0 -6.357322224089421 1
gene  1 1 13 -2.134862309740757 0 311.0 -2.134862309740757 1
gene  1 13 39 -0.6036740482725418 0 344.0 -0.6036740482725418 1
gene  1 39 8 -1.4698149013989363 0 345.0 -1.4698149013989363 1
gene  1 6 13 -0.7106631792857614 0 348.0 -0.7106631792857614 1
gene  1 2 42 -0.22529486729103 0 359.0 -0.22529486729103 1
gene  1 42 14 7.6940525053729765 0 360.0 7.6940525053729765 1
gene  1 13 42 1.86094882848735 0 366.0 1.86094882848735 1
gene  1 5 51 2.187021648519157 0 396.0 2.187021648519157 1
gene  1 51 14 -1.9188286046692655 0 397.0 -1.9188286046692655 1
gene  1 6 42 -1.99252724123463 0 423.0 -1.99252724123463 1
gene  1 39 42 -1.8237609589357542 0 426.0 -1.8237609589357542 1
gene  1 51 13 -0.9490289585952438 0 475.0 -0.9490289585952438 1
gene  1 39 14 -1.4379730666266521 0 476.0 -1.4379730666266521 1
gene  1 5 39 -2.7977937966251805 0 485.0 -2.7977937966251805 1
gene  1 5 68 0.46435959872397986 0 493.0 0.46435959872397986 1
gene  1 68 39 0.929932571253302 0 494.0 0.929932571253302 1
gene  1 4 51 2.3691261675579596 0 514.0 2.3691261675579596 1
gene  1 39 77 -1.8751287185823562 0 528.0 -1.8751287185823562 1
gene  1 77 8 -0.31278162537827864 0 529.0 -0.31278162537827864 1
genomeend 6
genomestart  7
trait 1 2.732431393943948 0.0 0.0 0.798512545900133 0.9382603138953756 0.0 1.9280392103089152 0.8152719799274877 
node 1 1 1 1
node 2 1 1 1
node 3 1 1 1
node 4 1 1 1
node 5 1 1 1
node 6 1 1 1
node 7 1 1 3
node 8 1 0 0
node 9 1 0 0
node 10 1 0 0
node 13 1 0 2
node 14 1 0 2
node 28 1 0 0
node 41 1 0 0
node 43 1 0 0
node 47 1 0 0
node 62 1 0 0
gene  1 1 8 -12.379113505343346 0 98.0 -12.379113505343346 1
gene  1 3 8 -2.6265537468692233 0 100.0 -2.6265537468692233 1
gene  1 5 8 -2.5139881389046517 0 102.0 -2.5139881389046517 1
gene  1 6 8 -1.3747004139604062 0 103.0 -1.3747004139604062 1
gene  1 8 8 4.083247747505425 1 105.0 4.083247747505425 1
gene  1 1 9 1.462796335462376 0 112.0 1.462796335462376 1
gene  1 2 9 -1.4512732774491088 0 113.0 -1.4512732774491088 1
gene  1 3 9 6.626857738159748 0 114.0 6.626857738159748 1
gene  1 5 9 -6.136901266227001 0 116.0 -6.136901266227001 1
gene  1 7 9 -0.7897798073705882 0 118.0 -0.7897798073705882 1
gene  1 9 9 1.7991581541718789 1 120.0 1.7991581541718789 1
gene  1 10 9 1.9653532210998013 1 121.0 1.9653532210998013 1
gene  1 13 9 2.9385290304704856 1 124.0 2.9385290304704856 1
gene  1 2 10 2.408336026561769 0 127.0 2.408336026561769 1
gene  1 4 10 -2.1575000509746163 0 129.0 -2.1575000509746163 1
gene  1 5 10 -5.261265892680984 0 130.0 -5.261265892680984 1
gene  1 8 10 -5.505839908238446 0 133.0 -5.505839908238446 1
gene  1 9 10 3.8897032534841482 0 134.0 3.8897032534841482 1
gene  1 10 10 -6.073669798548413 1 135.0 -6.073669798548413 1
gene  1 13 10 -3.8587177071766354 1 138.0 -3.8587177071766354 1
gene  1 14 10 -10.341971715855474 1 139.0 -10.341971715855474 1
gene  1 2 13 2.6048245885972254 0 169.0 2.6048245885972254 1
gene  1 3 13 5.816265941536356 0 170.0 5.816265941536356 1
gene  1 6 13 -6.322381289992229 0 173.0 -6.322381289992229 1
gene  1 7 13 3.8938139909718377 0 174.0 3.8938139909718377 1
gene  1 9 13 -3.762243088406078 0 176.0 -3.762243088406078 1
gene  1 13 13 -7.800135637363204 1 180.0 -7.800135637363204 1
gene  1 14 13 2.1434734097016834 1 181.0 2.1434734097016834 1
gene  1 1 14 3.555829935579386 0 182.0 3.555829935579386 1
gene  1 3 14 -4.10031580291139 0 184.0 -4.10031580291139 1
gene  1 9 14 -7.663834311720509 0 190.0 -7.663834311720509 1
gene  1 10 14 -2.8046277369895396 0 191.0 -2.8046277369895396 1
gene  1 8 13 1.6619564669395839 0 207.0 1.6619564669395839 1
gene  1 1 10 -7.837715172844522 0 226.0 -7.837715172844522 1
gene  1 6 14 -1.6451557053407129 0 234.0 -1.6451557053407129 1
gene  1 8 28 0.09618067013654019 1 293.0 0.09618067013654019 1
gene  1 28 8 1.4287828907002653 0 294.0 1.4287828907002653 1
gene  1 8 9 -5.096041471823867 0 328.0 -5.096041471823867 1
gene  1 8 41 -2.692428917294647 1 357.0 -2.692428917294647 1
gene  1 41 8 3.131850980538701 0 358.0 3.131850980538701 1
gene  1 14 43 6.045694631640054 1 364.0 6.045694631640054 1
gene  1 43 10 6.890625896929926 0 365.0 6.890625896929926 1
gene  1 5 47 -1.5949654901075638 0 375.0 -1.5949654901075638 1
gene  1 47 9 1.8283642769757984 0 376.0 1.8283642769757984 1
gene  1 41 14 0.7358018465860217 0 387.0 0.7358018465860217 1
gene  1 4 28 -3.829568679289002 0 419.0 -3.829568679289002 1
gene  1 2 28 1.2307148353188293 0 429.0 1.2307148353188293 1
gene  1 1 62 -1.498372965841544 0 470.0 -1.498372965841544 1
gene  1 62 9 -6.435442473709227 0 471.0 -6.435442473709227 1
gene  1 8 14 -1.837403885474289 0 484.0 -1.837403885474289 1
gene  1 1 13 0.1033927138593918 0 489.0 0.1033927138593918 1
gene  1 28 10 -0.34365531576749486 0 510.0 -0.34365531576749486 1
gene  1 2 41 -5.8600304402515775 0 515.0 -5.8600304402515775 1
gene  1 41 47 4.769632272051387 0 548.0 4.769632272051387 1
genomeend 7
genomestart  8
trait 1 2.732431393943948 0.0 0.04153710983761094 0.39074872620260703 0.9382603138953756 0.0 1.040168555381388 0.8152719799274877 
node 1 1 1 1
node 2 1 1 1
node 3 1 1 1
node 4 1 1 1
node 5 1 1 1
node 6 1 1 1
node 7 1 1 3
node 8 1 0 0
node 9 1 0 0
node 10 1 0 0
node 13 1 0 2
node 14 1 0 2
node 28 1 0 0
node 41 1 0 0
node 43 1 0 0
node 47 1 0 0
node 62 1 0 0
gene  1 1 8 -11.127113100832434 0 98.0 -11.127113100832434 1
gene  1 3 8 -0.3444885251677951 0 100.0 -0.3444885251677951 1
gene  1 5 8 1.7521610710752178 0 102.0 1.7521610710752178 1
gene  1 6 8 1.1474514003449556 0 103.0 1.1474514003449556 1
gene  1 8 8 2.2282137929286563 1 105.0 2.2282137929286563 1
gene  1 1 9 0.45646178573002727 0 112.0 0.45646178573002727 1
gene  1 2 9 -1.6041418359799562 0 113.0 -1.6041418359799562 1
gene  1 3 9 -0.6051049701549784 0 114.0 -0.6051049701549784 1
gene  1 5 9 -4.473939240908275 0 116.0 -4.473939240908275 1
gene  1 7 9 1.5047021095615187 0 118.0 1.5047021095615187 1
gene  1 9 9 0.041059292346137866 1 120.0 0.041059292346137866 1
gene  1 10 9 3.6551094922775373 1 121.0 3.6551094922775373 1
gene  1 13 9 3.260760588495934 1 124.0 3.260760588495934 1
gene  1 2 10 3.5083360951922504 0 127.0 3.5083360951922504 1
gene  1 4 10 -3.9955953177045247 0 129.0 -3.9955953177045247 1
gene  1 5 10 -3.020062924497452 0 130.0 -3.020062924497452 1
gene  1 8 10 -2.971294588640036 0 133.0 -2.971294588640036 1
gene  1 9 10 0.7585863731565414 0 134.0 0.7585863731565414 1
gene  1 10 10 -4.272073789955913 1 135.0 -4.272073789955913 1
gene  1 13 10 -1.9397145768273178 1 138.0 -1.9397145768273178 1
gene  1 14 10 -0.21164218763152942 1 139.0 -0.21164218763152942 1
gene  1 2 13 2.1094892801715446 0 169.0 2.1094892801715446 1
gene  1 3 13 4.346200536178439 0 170.0 4.346200536178439 1
gene  1 6 13 -5.023656437862571 0 173.0 -5.023656437862571 1
gene  1 7 13 -0.08601322575639503 0 174.0 -0.08601322575639503 1
gene  1 9 13 -2.231868611332876 0 176.0 -2.231868611332876 1
gene  1 13 13 -8.026131543331054 1 180.0 -8.026131543331054 1
gene  1 14 13 2.153809454658191 1 181.0 2.153809454658191 1
gene  1 1 14 -0.5369471929379238 0 182.0 -0.5369471929379238 1
gene  1 3 14 -4.471555560361665 0 184.0 -4.471555560361665 1
gene  1 9 14 -8.599267719816492 0 190.0 -8.599267719816492 1
gene  1 10 14 -0.3676028327719808 0 191.0 -0.3676028327719808 1
gene  1 8 13 1.980246334145435 0 207.0 1.980246334145435 1
gene  1 1 10 -8.583159487447835 0 226.0 -8.583159487447835 1
gene  1 6 14 -1.578693906360658 0 234.0 -1.578693906360658 1
gene  1 8 28 1.0586915786931779 1 293.0 1.0586915786931779 1
gene  1 28 8 -2.1278578016739695 0 294.0 -2.1278578016739695 1
gene  1 8 9 -3.1787612153367393 0 328.0 -3.1787612153367393 1
gene  1 8 41 0.20552095078815613 1 357.0 0.20552095078815613 1
gene  1 41 8 2.7202415592141937 0 358.0 2.7202415592141937 1
gene  1 14 43 1.779798002309233 1 364.0 1.779798002309233 1
gene  1 43 10 5.830088516627773 0 365.0 5.830088516627773 1
gene  1 5 47 -1.852161452473301 0 375.0 -1.852161452473301 1
gene  1 47 9 0.7989116416403518 0 376.0 0.7989116416403518 1
gene  1 41 14 -0.5760545928008785 0 387.0 -0.5760545928008785 1
gene  1 4 28 -1.9936719472061752 0 419.0 -1.9936719472061752 1
gene  1 2 28 -1.649491042130011 0 429.0 -1.649491042130011 1
gene  1 1 62 -2.615055523255945 0 470.0 -2.615055523255945 1
gene  1 62 9 -6.648096871411086 0 471.0 -6.648096871411086 1
gene  1 8 14 -2.95574941846788 0 484.0 -2.95574941846788 1
gene  1 1 13 -0.7339867436805327 0 489.0 -0.7339867436805327 1
gene  1 28 10 0.4726747637054782 0 510.0 0.4726747637054782 1
gene  1 2 41 0.17828296715519998 0 515.0 0.17828296715519998 1
gene  1 41 47 0.7645779179062187 0 548.0 0.7645779179062187 1
genomeend 8
genomestart  9
trait 1 2.732431393943948 0.0 0.0 0.798512545900133 0.9382603138953756 0.0 1.9280392103089152 0.8152719799274877 
node 1 1 1 1
node 2 1 1 1
node 3 1 1 1
node 4 1 1 1
node 5 1 1 1
node 6 1 1 1
node 7 1 1 3
node 8 1 0 0
node 9 1 0 0
node 10 1 0 0
node 13 1 0 2
node 14 1 0 2
node 28 1 0 0
node 41 1 0 0
node 43 1 0 0
node 47 1 0 0
node 62 1 0 0
gene  1 1 8 -11.311848916967778 0 98.0 -11.311848916967778 1
gene  1 3 8 -0.5925662302351964 0 100.0 -0.5925662302351964 1
gene  1 5 8 -1.5434629814830094 0 102.0 -1.5434629814830094 1
gene  1 6 8 -3.7877089114278615 0 103.0 -3.7877089114278615 1
gene  1 8 8 2.2282137929286563 1 105.0 2.2282137929286563 1
gene  1 1 9 1.4869202663732648 0 112.0 1.4869202663732648 1
gene  1 2 9 -1.6041418359799562 0 113.0 -1.6041418359799562 1
gene  1 3 9 4.203309028532896 0 114.0 4.203309028532896 1
gene  1 5 9 -4.473939240908275 0 116.0 -4.473939240908275 1
gene  1 7 9 -1.44844820808302 0 118.0 -1.44844820808302 1
gene  1 9 9 0.041059292346137866 1 120.0 0.041059292346137866 1
gene  1 10 9 3.6551094922775373 1 121.0 3.6551094922775373 1
gene  1 13 9 3.675560165594405 1 124.0 3.675560165594405 1
gene  1 2 10 1.1742511781493932 0 127.0 1.1742511781493932 1
gene  1 4 10 -3.720393909385726 0 129.0 -3.720393909385726 1
gene  1 5 10 -4.921707827965246 0 130.0 -4.921707827965246 1
gene  1 8 10 -3.261609388572672 0 133.0 -3.261609388572672 1
gene  1 9 10 1.8536001771862693 0 134.0 1.8536001771862693 1
gene  1 10 10 -4.370701498015045 1 135.0 -4.370701498015045 1
gene  1 13 10 -2.442256365906451 1 138.0 -2.442256365906451 1
gene  1 14 10 -9.405615755530238 1 139.0 -9.405615755530238 1
gene  1 2 13 4.6664869109363885 0 169.0 4.6664869109363885 1
gene  1 3 13 3.4819154223627584 0 170.0 3.4819154223627584 1
gene  1 6 13 -3.842904890253916 0 173.0 -3.842904890253916 1
gene  1 7 13 1.8400034075790133 0 174.0 1.8400034075790133 1
gene  1 9 13 -2.231868611332876 0 176.0 -2.231868611332876 1
gene  1 13 13 -8.256077608974888 1 180.0 -8.256077608974888 1
gene  1 14 13 -0.13995722951473644 1 181.0 -0.13995722951473644 1
gene  1 1 14 1.151749639586908 0 182.0 1.151749639586908 1
gene  1 3 14 -4.622428026415136 0 184.0 -4.622428026415136 1
gene  1 9 14 -9.611096910951753 0 190.0 -9.611096910951753 1
gene  1 10 14 -0.3676028327719808 0 191.0 -0.3676028327719808 1
gene  1 8 13 1.7699715607802422 0 207.0 1.7699715607802422 1
gene  1 1 10 -8.41192254515947 0 226.0 -8.41192254515947 1
gene  1 6 14 -3.652795266632054 0 234.0 -3.652795266632054 1
gene  1 8 28 1.0586915786931779 1 293.0 1.0586915786931779 1
gene  1 28 8 -0.6596420669171084 0 294.0 -0.6596420669171084 1
gene  1 8 9 -3.2487579650303475 0 328.0 -3.2487579650303475 1
gene  1 8 41 -2.16337890455687 1 357.0 -2.16337890455687 1
gene  1 41 8 5.008776616088613 0 358.0 5.008776616088613 1
gene  1 14 43 3.7333808545629266 1 364.0 3.7333808545629266 1
gene  1 43 10 5.830088516627773 0 365.0 5.830088516627773 1
gene  1 5 47 0.4623882434879978 0 375.0 0.4623882434879978 1
gene  1 47 9 -0.1419727109684391 0 376.0 -0.1419727109684391 1
gene  1 41 14 -0.7969690605625066 0 387.0 -0.7969690605625066 1
gene  1 4 28 -3.829568679289002 0 419.0 -3.829568679289002 1
gene  1 2 28 -1.1081635558977139 0 429.0 -1.1081635558977139 1
gene  1 1 62 -0.23147237781426522 0 470.0 -0.23147237781426522 1
gene  1 62 9 -4.428362961034181 0 471.0 -4.428362961034181 1
gene  1 8 14 -1.837403885474289 0 484.0 -1.837403885474289 1
gene  1 1 13 0.1033927138593918 0 489.0 0.1033927138593918 1
gene  1 28 10 -0.34365531576749486 0 510.0 -0.34365531576749486 1
gene  1 2 41 -4.060750756078893 0 515.0 -4.060750756078893 1
gene  1 41 47 4.769632272051387 0 548.0 4.769632272051387 1
gene  1 43 8 8.634654086850556 0 584.0 8.634654086850556 1
genomeend 9
genomestart  10
trait 1 0.5140788408839586 0.28986478643217717 0.2441704853234845 0.5314796224840325 3.1752136023158166 0.0 0.8455906169698789 0.4629835320970156 
node 1 1 1 1
node 2 1 1 1
node 3 1 1 1
node 4 1 1 1
node 5 1 1 1
node 6 1 1 1
node 7 1 1 3
node 8 1 0 0
node 13 1 0 2
node 14 1 0 2
node 22 1 0 0
node 25 1 0 0
node 29 1 0 0
node 57 1 0 0
node 65 1 0 0
node 76 1 0 0
node 87 1 0 0
gene  1 1 8 -2.1720794668088925 0 98.0 -2.1720794668088925 1
gene  1 3 8 0.3346793786543245 0 100.0 0.3346793786543245 1
gene  1 4 8 -8.169774065284471 0 101.0 -8.169774065284471 1
gene  1 5 8 -2.9768628555501975 0 102.0 -2.9768628555501975 1
gene  1 6 8 0.5864546978947693 0 103.0 0.5864546978947693 1
gene  1 8 8 -3.7655433799586975 1 105.0 -3.7655433799586975 1
gene  1 1 13 2.1327559310027473 0 168.0 2.1327559310027473 1
gene  1 5 13 0.9948118994602897 0 172.0 0.9948118994602897 1
gene  1 13 13 1.569267213964545 1 180.0 1.569267213964545 1
gene  1 14 13 -2.8614561621991728 1 181.0 -2.8614561621991728 1
gene  1 2 14 -1.7154087473047062 0 183.0 -1.7154087473047062 1
gene  1 3 14 9.98097800465307 0 184.0 9.98097800465307 1
gene  1 5 14 0.9015161121294006 0 186.0 0.9015161121294006 1
gene  1 7 14 -2.62195632852581 0 188.0 -2.62195632852581 1
gene  1 8 14 7.2899578967792 0 189.0 7.2899578967792 1
gene  1 13 14 -2.242103153006935 0 194.0 -2.242103153006935 1
gene  1 2 13 -1.1967594548789726 0 236.0 -1.1967594548789726 1
gene  1 8 22 -0.5077697184438348 0 240.0 -0.5077697184438348 0
gene  1 22 14 -2.4694418118722723 0 241.0 -2.4694418118722723 1
gene  1 1 22 2.0652768619961352 0 245.0 2.0652768619961352 1
gene  1 13 8 -1.298518045065458 0 257.0 -1.298518045065458 1
gene  1 5 22 -0.044905432876832574 0 265.0 -0.044905432876832574 1
gene  1 1 25 -3.022696164718387 0 279.0 -3.022696164718387 1
gene  1 25 8 0.4665464746253982 0 280.0 0.4665464746253982 1
gene  1 8 29 -1.249550394696949 0 297.0 -1.249550394696949 1
gene  1 29 14 -6.869863424569746 0 298.0 -6.869863424569746 1
gene  1 1 14 -1.008391302144832 0 312.0 -1.008391302144832 1
gene  1 2 29 -1.978388894253822 0 330.0 -1.978388894253822 1
gene  1 5 25 0.7378512573458599 0 343.0 0.7378512573458599 1
gene  1 6 29 0.5399557851035824 0 386.0 0.5399557851035824 1
gene  1 22 29 -4.392607539802377 0 416.0 -4.392607539802377 1
gene  1 4 14 1.693479628269001 0 424.0 1.693479628269001 1
gene  1 4 29 4.310276178937541 0 432.0 4.310276178937541 1
gene  1 8 57 -1.607206275437845 0 437.0 -1.607206275437845 1
gene  1 57 14 -4.480046000980777 0 438.0 -4.480046000980777 1
gene  1 3 22 -7.292509455936832 0 440.0 -7.292509455936832 1
gene  1 2 25 -2.820829429672419 0 455.0 -2.820829429672419 1
gene  1 1 65 -1.0351306191345102 0 481.0 -1.0351306191345102 1
gene  1 65 25 1.5186524156609607 0 482.0 1.5186524156609607 1
gene  1 8 76 1.2357725734643887 0 525.0 1.2357725734643887 1
gene  1 76 22 0.8367890013565342 0 526.0 0.8367890013565342 1
gene  1 2 87 1.6130367961356722 0 560.0 1.6130367961356722 1
gene  1 87 14 0.03443373399142269 0 561.0 0.03443373399142269 1
genomeend 10
genomestart  11
trait 1 0.5140788408839586 0.5689419363471926 0.14284319337987905 0.5446730612237772 2.4052047009231075 0.0 0.8455906169698789 0.4629835320970156 
node 1 1 1 1
node 2 1 1 1
node 3 1 1 1
node 4 1 1 1
node 5 1 1 1
node 6 1 1 1
node 7 1 1 3
node 8 1 0 0
node 13 1 0 2
node 14 1 0 2
node 22 1 0 0
node 25 1 0 0
node 29 1 0 0
node 57 1 0 0
node 65 1 0 0
node 76 1 0 0
node 87 1 0 0
gene  1 1 8 0.17584194715077062 0 98.0 0.17584194715077062 1
gene  1 3 8 -0.4384128592224976 0 100.0 -0.4384128592224976 1
gene  1 4 8 -6.29730635463409 0 101.0 -6.29730635463409 1
gene  1 5 8 -4.269231845185056 0 102.0 -4.269231845185056 1
gene  1 6 8 2.3044600328404927 0 103.0 2.3044600328404927 1
gene  1 8 8 -2.6351328997360532 1 105.0 -2.6351328997360532 1
gene  1 1 13 -2.086043972940481 0 168.0 -2.086043972940481 1
gene  1 5 13 -1.1820273625230113 0 172.0 -1.1820273625230113 1
gene  1 13 13 -2.085020721312161 1 180.0 -2.085020721312161 1
gene  1 14 13 -1.7002416551252681 1 181.0 -1.7002416551252681 1
gene  1 2 14 6.890660634017943 0 183.0 6.890660634017943 1
gene  1 3 14 11.346462808093758 0 184.0 11.346462808093758 1
gene  1 5 14 -0.5866377370117117 0 186.0 -0.5866377370117117 1
gene  1 7 14 -4.109700657951302 0 188.0 -4.109700657951302 1
gene  1 8 14 7.137409754511516 0 189.0 7.137409754511516 1
gene  1 13 14 1.0106942132094958 0 194.0 1.0106942132094958 1
gene  1 2 13 -6.129054161491613 0 236.0 -6.129054161491613 1
gene  1 8 22 2.181533042047173 0 240.0 2.181533042047173 0
gene  1 22 14 13.510632297999235 0 241.0 13.510632297999235 1
gene  1 1 22 -2.4489365508986127 0 245.0 -2.4489365508986127 1
gene  1 13 8 -2.082924776185587 0 257.0 -2.082924776185587 1
gene  1 5 22 0.2671863146464811 0 265.0 0.2671863146464811 1
gene  1 1 25 -0.8751015005331295 0 279.0 -0.8751015005331295 1
gene  1 25 8 0.40522690709400644 0 280.0 0.40522690709400644 1
gene  1 8 29 -2.7602188088586503 0 297.0 -2.7602188088586503 1
gene  1 29 14 -8.412573463340452 0 298.0 -8.412573463340452 1
gene  1 1 14 4.705453068649135 0 312.0 4.705453068649135 1
gene  1 2 29 2.14757771786695 0 330.0 2.14757771786695 1
gene  1 5 25 -1.459571900094025 0 343.0 -1.459571900094025 1
gene  1 6 29 1.3661113077599323 0 386.0 1.3661113077599323 1
gene  1 22 29 -6.6055857967833855 0 416.0 -6.6055857967833855 1
gene  1 4 14 -1.785324357641359 0 424.0 -1.785324357641359 1
gene  1 4 29 2.894031621872175 0 432.0 2.894031621872175 1
gene  1 8 57 6.789161855712962 0 437.0 6.789161855712962 1
gene  1 57 14 -3.2940463075880007 0 438.0 -3.2940463075880007 1
gene  1 3 22 -1.5508573000181134 0 440.0 -1.5508573000181134 1
gene  1 2 25 -0.59203086173758 0 455.0 -0.59203086173758 1
gene  1 1 65 0.4919329067412981 0 481.0 0.4919329067412981 1
gene  1 65 25 6.099692856483505 0 482.0 6.099692856483505 1
gene  1 8 76 0.2867964291084138 0 525.0 0.2867964291084138 1
gene  1 76 22 3.462714388854243 0 526.0 3.462714388854243 1
gene  1 2 87 0.7631798187058086 0 560.0 0.7631798187058086 1
gene  1 87 14 1.7632732555225727 0 561.0 1.7632732555225727 1
genomeend 11
genomestart  12
trait 1 0.5140788408839586 0.28986478643217717 0.2441704853234845 0.5314796224840325 3.1752136023158166 0.0 0.8455906169698789 0.4629835320970156 
node 1 1 1 1
node 2 1 1 1
node 3 1 1 1
node 4 1 1 1
node 5 1 1 1
node 6 1 1 1
node 7 1 1 3
node 8 1 0 0
node 13 1 0 2
node 14 1 0 2
node 22 1 0 0
node 25 1 0 0
node 29 1 0 0
node 57 1 0 0
node 65 1 0 0
node 76 1 0 0
node 87 1 0 0
gene  1 1 8 -1.0632147677914159 0 98.0 -1.0632147677914159 1
gene  1 3 8 0.3346793786543245 0 100.0 0.3346793786543245 1
gene  1 4 8 -8.169774065284471 0 101.0 -8.169774065284471 1
gene  1 5 8 -3.385263804790137 0 102.0 -3.385263804790137 1
gene  1 6 8 0.5864546978947693 0 103.0 0.5864546978947693 1
gene  1 8 8 -1.2802874063209115 1 105.0 -1.2802874063209115 1
gene  1 1 13 0.02280416179664857 0 168.0 0.02280416179664857 1
gene  1 5 13 0.9948118994602897 0 172.0 0.9948118994602897 1
gene  1 13 13 0.27055873745810394 1 180.0 0.27055873745810394 1
gene  1 14 13 -1.3425441941347724 1 181.0 -1.3425441941347724 1
gene  1 2 14 5.873420147379004 0 183.0 5.873420147379004 1
gene  1 3 14 9.98097800465307 0 184.0 9.98097800465307 1
gene  1 5 14 -0.7176137022246425 0 186.0 -0.7176137022246425 1
gene  1 7 14 -4.633397930052775 0 188.0 -4.633397930052775 1
gene  1 8 14 9.175459279079444 0 189.0 9.175459279079444 1
gene  1 13 14 -1.4621325249898067 0 194.0 -1.4621325249898067 1
gene  1 2 13 -3.9496723987100752 0 236.0 -3.9496723987100752 1
gene  1 8 22 1.086833107534438 0 240.0 1.086833107534438 1
gene  1 22 14 12.298865222118557 0 241.0 12.298865222118557 1
gene  1 1 22 -0.2841128771063123 0 245.0 -0.2841128771063123 1
gene  1 13 8 -3.6007701008722925 0 257.0 -3.6007701008722925 1
gene  1 5 22 1.0512405064991817 0 265.0 1.0512405064991817 1
gene  1 1 25 -2.193590324525412 0 279.0 -2.193590324525412 1
gene  1 25 8 1.2386231730823263 0 280.0 1.2386231730823263 1
gene  1 8 29 -0.3098032809103768 0 297.0 -0.3098032809103768 1
gene  1 29 14 -9.306801019503084 0 298.0 -9.306801019503084 1
gene  1 1 14 4.929581022143996 0 312.0 4.929581022143996 1
gene  1 2 29 2.265484329358625 0 330.0 2.265484329358625 1
gene  1 5 25 0.706942377548657 0 343.0 0.706942377548657 1
gene  1 6 29 2.51951845730541 0 386.0 2.51951845730541 1
gene  1 22 29 -4.392607539802377 0 416.0 -4.392607539802377 1
gene  1 4 14 0.5426209716058386 0 424.0 0.5426209716058386 1
gene  1 4 29 4.023696579852278 0 432.0 4.023696579852278 1
gene  1 8 57 9.267312480237448 0 437.0 9.267312480237448 1
gene  1 57 14 -4.266812201787147 0 438.0 -4.266812201787147 1
gene  1 3 22 -7.292509455936832 0 440.0 -7.292509455936832 1
gene  1 2 25 -1.3625713608060785 0 455.0 -1.3625713608060785 1
gene  1 1 65 1.0193892810926861 0 481.0 1.0193892810926861 1
gene  1 65 25 6.179494297399007 0 482.0 6.179494297399007 1
gene  1 8 76 0.2867964291084138 0 525.0 0.2867964291084138 1
gene  1 76 22 1.2972824718072844 0 526.0 1.2972824718072844 1
gene  1 2 87 0.7631798187058086 0 560.0 0.7631798187058086 1
gene  1 87 14 0.20354724022432347 0 561.0 0.20354724022432347 1
gene  1 29 87 -9.766697207246347 0 585.0 -9.766697207246347 1
genomeend 12
genomestart  13
trait 1 1.9492969961009945 0.0 0.4289699328456915 1.1835456827051778 0.0 0.7294252873384013 0.042201429445747896 0.0 
node 1 1 1 1
node 2 1 1 1
node 3 1 1 1
node 4 1 1 1
node 5 1 1 1
node 6 1 1 1
node 7 1 1 3
node 13 1 0 2
node 14 1 0 2
node 49 1 0 0
node 73 1 0 0
node 81 1 0 0
gene  1 1 13 -0.446147926148783 0 168.0 -0.446147926148783 1
gene  1 2 13 -3.6723188662936717 0 169.0 -3.6723188662936717 1
gene  1 3 13 1.5427526563967944 0 170.0 1.5427526563967944 1
gene  1 4 13 0.49755624569815277 0 171.0 0.49755624569815277 1
gene  1 5 13 -4.089478481424418 0 172.0 -4.089478481424418 1
gene  1 6 13 -1.5442410518480187 0 173.0 -1.5442410518480187 1
gene  1 7 13 3.8289027294638402 0 174.0 3.8289027294638402 1
gene  1 14 13 2.127212409946532 1 181.0 2.127212409946532 1
gene  1 1 14 -1.8844587975505718 0 182.0 -1.8844587975505718 1
gene  1 2 14 2.7747113850174174 0 183.0 2.7747113850174174 1
gene  1 3 14 -0.4750444301316847 0 184.0 -0.4750444301316847 1
gene  1 13 14 1.200042215422667 0 194.0 1.200042215422667 1
gene  1 14 14 6.0844334917325185 1 195.0 6.0844334917325185 1
gene  1 7 14 -3.8775935864926554 0 273.0 -3.8775935864926554 1
gene  1 4 14 1.8809112605239164 0 283.0 1.8809112605239164 1
gene  1 5 14 1.5866535367092265 0 303.0 1.5866535367092265 1
gene  1 6 14 2.9169927967827602 0 307.0 2.9169927967827602 1
gene  1 3 49 2.2421331270699643 0 389.0 2.2421331270699643 1
gene  1 49 13 -1.102728432356302 0 390.0 -1.102728432356302 1
gene  1 5 49 4.991831590102248 0 403.0 4.991831590102248 1
gene  1 1 49 5.165071725797935 0 430.0 5.165071725797935 1
gene  1 7 49 1.334950081040439 0 456.0 1.334950081040439 1
gene  1 4 49 -7.486399501493439 0 495.0 -7.486399501493439 1
gene  1 6 73 -1.282056101450881 0 508.0 -1.282056101450881 1
gene  1 73 13 0.4317385518026282 0 509.0 0.4317385518026282 1
gene  1 6 81 -0.9619178090152138 0 542.0 -0.9619178090152138 1
gene  1 81 73 -3.012892948272146 0 543.0 -3.012892948272146 1
gene  1 81 49 -4.174276375571513 0 569.0 -4.174276375571513 1
genomeend 13
genomestart  14
trait 1 1.9492969961009945 0.0 0.4289699328456915 1.1835456827051778 0.0 0.7294252873384013 0.042201429445747896 0.0 
node 1 1 1 1
node 2 1 1 1
node 3 1 1 1
node 4 1 1 1
node 5 1 1 1
node 6 1 1 1
node 7 1 1 3
node 13 1 0 2
node 14 1 0 2
node 49 1 0 0
node 73 1 0 0
node 81 1 0 0
gene  1 1 13 -5.177560689491374 0 168.0 -5.177560689491374 1
gene  1 2 13 -7.4742807323277525 0 169.0 -7.4742807323277525 1
gene  1 3 13 1.4624281691293988 0 170.0 1.4624281691293988 1
gene  1 4 13 -0.18543361436379158 0 171.0 -0.18543361436379158 1
gene  1 5 13 -3.070078883848106 0 172.0 -3.070078883848106 1
gene  1 6 13 -1.3041853681458404 0 173.0 -1.3041853681458404 1
gene  1 7 13 1.98019082943067 0 174.0 1.98019082943067 1
gene  1 14 13 -0.08597899014740018 1 181.0 -0.08597899014740018 1
gene  1 1 14 -1.3941082767513922 0 182.0 -1.3941082767513922 1
gene  1 2 14 6.358360358721088 0 183.0 6.358360358721088 1
gene  1 3 14 -0.7935318014703796 0 184.0 -0.7935318014703796 1
gene  1 13 14 1.396716839120608 0 194.0 1.396716839120608 1
gene  1 14 14 3.7599916829149485 1 195.0 3.7599916829149485 1
gene  1 7 14 -3.400092980348517 0 273.0 -3.400092980348517 1
gene  1 4 14 -1.8704234612615598 0 283.0 -1.8704234612615598 1
gene  1 5 14 1.3024348252989664 0 303.0 1.3024348252989664 1
gene  1 6 14 3.2354869372942954 0 307.0 3.2354869372942954 1
gene  1 3 49 1.9439161565156102 0 389.0 1.9439161565156102 1
gene  1 49 13 -2.914382015969057 0 390.0 -2.914382015969057 1
gene  1 5 49 5.020164652568887 0 403.0 5.020164652568887 1
gene  1 1 49 3.199256601041779 0 430.0 3.199256601041779 1
gene  1 7 49 1.0098719982088995 0 456.0 1.0098719982088995 1
gene  1 4 49 -6.490101662234947 0 495.0 -6.490101662234947 1
gene  1 6 73 1.953804186891621 0 508.0 1.953804186891621 1
gene  1 73 13 -1.908556542484856 0 509.0 -1.908556542484856 1
gene  1 6 81 -1.1818690656304354 0 542.0 -1.1818690656304354 1
gene  1 81 73 -0.38869995380924593 0 543.0 -0.38869995380924593 1
gene  1 81 49 -3.9595653992400215 0 569.0 -3.9595653992400215 1
genomeend 14
genomestart  15
trait 1 0.0 0.5319433208524987 1.2381570377802138 1.1036226464327767 0.10522835245191364 0.39032959932087685 0.0 0.0 
node 1 1 1 1
node 2 1 1 1
node 3 1 1 1
node 4 1 1 1
node 5 1 1 1
node 6 1 1 1
node 7 1 1 3
node 8 1 0 0
node 9 1 0 0
node 13 1 0 2
node 14 1 0 2
node 20 1 0 0
node 56 1 0 0
node 60 1 0 0
node 79 1 0 0
node 92 1 0 0
node 94 1 0 0
gene  1 1 8 -2.362902934494059 0 98.0 -2.362902934494059 1
gene  1 2 8 -0.7365542750297566 0 99.0 -0.7365542750297566 1
gene  1 3 8 -0.705634711467179 0 100.0 -0.705634711467179 1
gene  1 6 8 -0.5408570117976812 0 103.0 -0.5408570117976812 1
gene  1 8 8 -2.6814128380959534 1 105.0 -2.6814128380959534 1
gene  1 9 8 -1.2286849800855109 1 106.0 -1.2286849800855109 1
gene  1 13 8 -6.729821109673956 1 110.0 -6.729821109673956 1
gene  1 14 8 -0.34831656146147527 1 111.0 -0.34831656146147527 1
gene  1 1 9 3.551276749567422 0 112.0 3.551276749567422 1
gene  1 4 9 3.630788641682184 0 115.0 3.630788641682184 1
gene  1 5 9 4.787188353591844 0 116.0 4.787188353591844 1
gene  1 7 9 -3.5053599630281687 0 118.0 -3.5053599630281687 1
gene  1 9 9 2.1508342054649168 1 120.0 2.1508342054649168 1
gene  1 14 9 -2.9133381194950765 1 125.0 -2.9133381194950765 1
gene  1 2 13 2.5983573845588954 0 169.0 2.5983573845588954 1
gene  1 5 13 -4.7501356603444265 0 172.0 -4.7501356603444265 0
gene  1 8 13 -1.4887432608702718 0 175.0 -1.4887432608702718 1
gene  1 1 14 -0.7952452722488244 0 182.0 -0.7952452722488244 1
gene  1 2 14 -1.7339710321468464 0 183.0 -1.7339710321468464 1
gene  1 3 14 0.9921048384046065 0 184.0 0.9921048384046065 1
gene  1 6 14 -2.5446489219612367 0 187.0 -2.5446489219612367 1
gene  1 13 14 -2.2911514434188924 0 194.0 -2.2911514434188924 1
gene  1 14 14 0.6741732178723894 1 195.0 0.6741732178723894 1
gene  1 5 8 0.4095033262742709 0 202.0 0.4095033262742709 1
gene  1 4 13 -3.127832773499496 0 220.0 -3.127832773499496 1
gene  1 1 20 3.002483908283404 0 231.0 3.002483908283404 1
gene  1 20 14 3.866683716058449 0 232.0 3.866683716058449 1
gene  1 1 13 -0.6133420785974347 0 329.0 -0.6133420785974347 1
gene  1 13 20 -5.218155255213205 0 337.0 -5.218155255213205 1
gene  1 4 20 -0.7585152776988093 0 339.0 -0.7585152776988093 1
gene  1 9 8 1.6396208865033297 0 404.0 1.6396208865033297 1
gene  1 8 14 1.6680328195176726 0 410.0 1.6680328195176726 1
gene  1 5 56 -3.0436175725534342 0 434.0 -3.0436175725534342 1
gene  1 56 8 -2.543755196616651 0 435.0 -2.543755196616651 1
gene  1 2 9 -0.48389295833557605 0 448.0 -0.48389295833557605 1
gene  1 3 60 2.66111914453879 0 458.0 2.66111914453879 1
gene  1 60 8 1.565805917674915 0 459.0 1.565805917674915 1
gene  1 1 60 1.499070716816213 0 479.0 1.499070716816213 1
gene  1 7 56 8.541144969632033 0 520.0 8.541144969632033 1
gene  1 13 79 0.571573714397066 0 537.0 0.571573714397066 1
gene  1 79 20 -0.5181562479815743 0 538.0 -0.5181562479815743 1
gene  1 3 79 6.398109017572615 0 556.0 6.398109017572615 1
gene  1 5 92 2.4356587196097 0 575.0 2.4356587196097 1
gene  1 92 13 -5.487885799050386 0 576.0 -5.487885799050386 1
gene  1 14 94 -0.06899884836813763 1 582.0 -0.06899884836813763 1
gene  1 94 8 -8.173188014288243 0 583.0 -8.173188014288243 1
genomeend 15
genomestart  16
trait 1 0.0 0.5319433208524987 1.2381570377802138 1.1036226464327767 0.10522835245191364 0.39032959932087685 0.0 0.0 
node 1 1 1 1
node 2 1 1 1
node 3 1 1 1
node 4 1 1 1
node 5 1 1 1
node 6 1 1 1
node 7 1 1 3
node 8 1 0 0
node 9 1 0 0
node 13 1 0 2
node 14 1 0 2
node 20 1 0 0
node 56 1 0 0
node 60 1 0 0
node 79 1 0 0
node 92 1 0 0
node 94 1 0 0
node 95 1 0 0
gene  1 1 8 -2.4401130322281 0 98.0 -2.4401130322281 1
gene  1 2 8 -0.746839824501925 0 99.0 -0.746839824501925 1
gene  1 3 8 0.058923769442749296 0 100.0 0.058923769442749296 1
gene  1 6 8 1.5322684653632679 0 103.0 1.5322684653632679 1
gene  1 8 8 -4.118334484717661 1 105.0 -4.118334484717661 1
gene  1 9 8 -0.7247570906990103 1 106.0 -0.7247570906990103 1
gene  1 13 8 -8.527326576136563 1 110.0 -8.527326576136563 0
gene  1 14 8 -8.173188014288243 1 111.0 -8.173188014288243 0
gene  1 1 9 1.9868107537930109 0 112.0 1.9868107537930109 1
gene  1 4 9 4.640502100911643 0 115.0 4.640502100911643 1
gene  1 5 9 4.787188353591844 0 116.0 4.787188353591844 1
gene  1 7 9 -4.92085856262217 0 118.0 -4.92085856262217 1
gene  1 9 9 1.3644351376868302 1 120.0 1.3644351376868302 1
gene  1 14 9 -1.740848624100174 1 125.0 -1.740848624100174 1
gene  1 2 13 0.7931754724775644 0 169.0 0.7931754724775644 1
gene  1 5 13 -3.9713113499732025 0 172.0 -3.9713113499732025 0
gene  1 8 13 -1.360387759887372 0 175.0 -1.360387759887372 1
gene  1 1 14 2.133959980765934 0 182.0 2.133959980765934 1
gene  1 2 14 -2.119112879986472 0 183.0 -2.119112879986472 1
gene  1 3 14 -0.6764472891087339 0 184.0 -0.6764472891087339 1
gene  1 6 14 -3.7190598711035365 0 187.0 -3.7190598711035365 1
gene  1 13 14 0.20931845328167498 0 194.0 0.20931845328167498 1
gene  1 14 14 4.103942616060234 1 195.0 4.103942616060234 1
gene  1 5 8 -0.5268568869159931 0 202.0 -0.5268568869159931 1
gene  1 4 13 -3.127832773499496 0 220.0 -3.127832773499496 1
gene  1 1 20 0.8927013731371863 0 231.0 0.8927013731371863 1
gene  1 20 14 4.762711966052468 0 232.0 4.762711966052468 1
gene  1 1 13 -7.853906280722734 0 329.0 -7.853906280722734 1
gene  1 13 20 -3.0016597380685344 0 337.0 -3.0016597380685344 0
gene  1 4 20 1.5009318553679112 0 339.0 1.5009318553679112 1
gene  1 9 8 -1.2990342386594698 0 404.0 -1.2990342386594698 1
gene  1 8 14 0.8044300921864682 0 410.0 0.8044300921864682 1
gene  1 5 56 -1.1338835088091856 0 434.0 -1.1338835088091856 1
gene  1 56 8 -2.543755196616651 0 435.0 -2.543755196616651 1
gene  1 2 9 -0.877683549097992 0 448.0 -0.877683549097992 1
gene  1 3 60 0.5816060303652082 0 458.0 0.5816060303652082 1
gene  1 60 8 1.5751068592287887 0 459.0 1.5751068592287887 1
gene  1 1 60 3.6118614687492983 0 479.0 3.6118614687492983 1
gene  1 7 56 6.985541950818748 0 520.0 6.985541950818748 1
gene  1 13 79 -0.20752275854726776 0 537.0 -0.20752275854726776 1
gene  1 79 20 1.0963940324006767 0 538.0 1.0963940324006767 1
gene  1 3 79 4.159921097525132 0 556.0 4.159921097525132 1
gene  1 5 92 1.0 0 575.0 0.0 1
gene  1 92 13 -3.9713113499732025 0 576.0 0.0 1
gene  1 14 94 1.0 1 582.0 0.0 1
gene  1 94 8 -8.173188014288243 0 583.0 0.0 1
gene  1 13 95 1.0 1 586.0 0.0 1
gene  1 95 8 -8.527326576136563 0 587.0 0.0 1
genomeend 16
genomestart  17
trait 1 0.0 0.9380171225566565 2.8572292317689647 0.0 0.9774676473893938 0.5916859962196944 0.0 0.0 
node 1 1 1 1
node 2 1 1 1
node 3 1 1 1
node 4 1 1 1
node 5 1 1 1
node 6 1 1 1
node 7 1 1 3
node 13 1 0 2
node 14 1 0 2
node 45 1 0 0
node 71 1 0 0
node 89 1 0 0
gene  1 1 13 -1.5521386386047396 0 168.0 -1.5521386386047396 1
gene  1 2 13 4.2990522094279715 0 169.0 4.2990522094279715 1
gene  1 5 13 -1.8881082665179225 0 172.0 -1.8881082665179225 1
gene  1 6 13 -3.132647398414795 0 173.0 -3.132647398414795 1
gene  1 7 13 0.27290889132883644 0 174.0 0.27290889132883644 1
gene  1 3 14 -0.9462136449059027 0 184.0 -0.9462136449059027 1
gene  1 4 14 0.8772509880737583 0 185.0 0.8772509880737583 1
gene  1 7 14 0.6495213394599373 0 188.0 0.6495213394599373 1
gene  1 13 14 1.8670068898395193 0 194.0 1.8670068898395193 1
gene  1 14 14 2.4198734156346227 1 195.0 2.4198734156346227 1
gene  1 4 13 1.6009222175684097 0 235.0 1.6009222175684097 1
gene  1 1 14 0.5181764032828114 0 242.0 0.5181764032828114 1
gene  1 5 14 2.5500651952744953 0 319.0 2.5500651952744953 1
gene  1 1 45 -2.315473492424165 0 370.0 -2.315473492424165 1
gene  1 45 13 -0.45181034616064397 0 371.0 -0.45181034616064397 0
gene  1 4 45 -2.4651212811451297 0 497.0 -2.4651212811451297 1
gene  1 6 71 1.5820556821943148 0 502.0 1.5820556821943148 1
gene  1 71 13 1.630535898969482 0 503.0 1.630535898969482 1
gene  1 45 71 2.6943820411843324 0 534.0 2.6943820411843324 1
gene  1 3 13 0.9556719896146626 0 535.0 0.9556719896146626 1
gene  1 45 89 -1.9780739770576115 0 566.0 -1.9780739770576115 1
gene  1 89 13 -0.3540471303452897 0 567.0 -0.3540471303452897 1
genomeend 17
genomestart  18
trait 1 0.0 0.9380171225566565 2.8572292317689647 0.0 0.9774676473893938 0.5916859962196944 0.0 0.0 
node 1 1 1 1
node 2 1 1 1
node 3 1 1 1
node 4 1 1 1
node 5 1 1 1
node 6 1 1 1
node 7 1 1 3
node 13 1 0 2
node 14 1 0 2
node 45 1 0 0
node 71 1 0 0
node 89 1 0 0
gene  1 1 13 0.8209968456105217 0 168.0 0.8209968456105217 1
gene  1 2 13 4.2990522094279715 0 169.0 4.2990522094279715 1
gene  1 5 13 -0.722599991189026 0 172.0 -0.722599991189026 1
gene  1 6 13 -5.031207519891689 0 173.0 -5.031207519891689 1
gene  1 7 13 0.27290889132883644 0 174.0 0.27290889132883644 1
gene  1 3 14 -2.5240434482445235 0 184.0 -2.5240434482445235 1
gene  1 4 14 1.5428696402644801 0 185.0 1.5428696402644801 1
gene  1 7 14 -0.0964712222071189 0 188.0 -0.0964712222071189 1
gene  1 13 14 -1.9950649403429028 0 194.0 -1.9950649403429028 1
gene  1 14 14 2.4198734156346227 1 195.0 2.4198734156346227 1
gene  1 4 13 -0.5064870137112201 0 235.0 -0.5064870137112201 1
gene  1 1 14 -1.6083811480271795 0 242.0 -1.6083811480271795 1
gene  1 5 14 0.9402698422898943 0 319.0 0.9402698422898943 1
gene  1 1 45 -4.519002388231527 0 370.0 -4.519002388231527 1
gene  1 45 13 -0.49290891374126256 0 371.0 -0.49290891374126256 0
gene  1 4 45 -1.4770462921980356 0 497.0 -1.4770462921980356 1
gene  1 6 71 -0.5551405181853799 0 502.0 -0.5551405181853799 1
gene  1 71 13 1.630535898969482 0 503.0 1.630535898969482 1
gene  1 45 71 0.8474940896992669 0 534.0 0.8474940896992669 1
gene  1 3 13 0.9556719896146626 0 535.0 0.9556719896146626 1
gene  1 45 89 -2.2875726312208426 0 566.0 -2.2875726312208426 1
gene  1 89 13 1.3636981742344745 0 567.0 1.3636981742344745 1
genomeend 18
genomestart  19
trait 1 0.0 0.9380171225566565 2.8572292317689647 0.0 0.9774676473893938 0.5916859962196944 0.0 0.0 
node 1 1 1 1
node 2 1 1 1
node 3 1 1 1
node 4 1 1 1
node 5 1 1 1
node 6 1 1 1
node 7 1 1 3
node 13 1 0 2
node 14 1 0 2
node 45 1 0 0
node 71 1 0 0
node 89 1 0 0
gene  1 1 13 0.4232919237444137 0 168.0 0.4232919237444137 1
gene  1 2 13 5.5635568158718804 0 169.0 5.5635568158718804 1
gene  1 5 13 0.2915045086180281 0 172.0 0.2915045086180281 1
gene  1 6 13 -3.806212147742843 0 173.0 -3.806212147742843 1
gene  1 7 13 1.2744370745541673 0 174.0 1.2744370745541673 1
gene  1 3 14 -1.445359150070487 0 184.0 -1.445359150070487 1
gene  1 4 14 1.141806771685836 0 185.0 1.141806771685836 1
gene  1 7 14 -1.5754336612180013 0 188.0 -1.5754336612180013 1
gene  1 13 14 3.295748964421602 0 194.0 3.295748964421602 1
gene  1 14 14 0.3490371288467209 1 195.0 0.3490371288467209 1
gene  1 4 13 0.5147812922980015 0 235.0 0.5147812922980015 1
gene  1 1 14 0.36125512496099016 0 242.0 0.36125512496099016 1
gene  1 5 14 4.27281294587157 0 319.0 4.27281294587157 1
gene  1 1 45 -2.868903810801804 0 370.0 -2.868903810801804 1
gene  1 45 13 1.3998045574009805 0 371.0 1.3998045574009805 0
gene  1 4 45 -4.496702298152901 0 497.0 -4.496702298152901 1
gene  1 6 71 0.8901989279729963 0 502.0 0.8901989279729963 1
gene  1 71 13 0.0027874789603059558 0 503.0 0.0027874789603059558 1
gene  1 45 71 -0.5494831804683092 0 534.0 -0.5494831804683092 1
gene  1 3 13 1.6782378057200085 0 535.0 1.6782378057200085 1
gene  1 45 89 -2.2388561311720396 0 566.0 -2.2388561311720396 1
gene  1 89 13 0.15576165601002967 0 567.0 0.15576165601002967 1
genomeend 19
