genomestart  0
trait 1 1.7151251452115233 1.1629682757719437 0.0 0.0 0.34861870450370325 0.18084195503611378 0.0 0.9093525967191587 
node 1 1 1 1
node 2 1 1 1
node 3 1 1 1
node 4 1 1 1
node 5 1 1 1
node 6 1 1 1
node 7 1 1 3
node 13 1 0 2
node 14 1 0 2
gene  1 1 13 -3.252526061958096 0 168.0 -3.252526061958096 1
gene  1 3 13 2.221663559963587 0 170.0 2.221663559963587 1
gene  1 5 13 2.399939363786423 0 172.0 2.399939363786423 1
gene  1 6 13 -0.438846285086541 0 173.0 -0.438846285086541 1
gene  1 14 13 -2.5888687168665285 1 181.0 -2.5888687168665285 1
gene  1 1 14 -1.6967224368941918 0 182.0 -1.6967224368941918 1
gene  1 2 14 -3.471672649724522 0 183.0 -3.471672649724522 1
gene  1 4 14 5.1195771540163015 0 185.0 5.1195771540163015 1
gene  1 5 14 -1.274874078273415 0 186.0 -1.274874078273415 1
gene  1 6 14 -8.10762178120816 0 187.0 -8.10762178120816 1
gene  1 7 14 4.236883456485375 0 188.0 4.236883456485375 1
gene  1 13 14 3.1634325890050015 0 194.0 3.1634325890050015 1
gene  1 14 14 -4.393327116974981 1 195.0 -4.393327116974981 1
gene  1 2 13 -5.573375806317696 0 261.0 -5.573375806317696 1
genomeend 0
genomestart  1
trait 1 1.7151251452115233 1.1629682757719437 0.0 0.0 0.34861870450370325 0.18084195503611378 0.0 0.9093525967191587 
node 1 1 1 1
node 2 1 1 1
node 3 1 1 1
node 4 1 1 1
node 5 1 1 1
node 6 1 1 1
node 7 1 1 3
node 13 1 0 2
node 14 1 0 2
gene  1 1 13 -0.5250189815678072 0 168.0 -0.5250189815678072 1
gene  1 3 13 1.1831733707622287 0 170.0 1.1831733707622287 1
gene  1 5 13 4.632495082645119 0 172.0 4.632495082645119 1
gene  1 6 13 0.4705491614557892 0 173.0 0.4705491614557892 1
gene  1 14 13 -2.452698947676753 1 181.0 -2.452698947676753 1
gene  1 1 14 -2.541753956958874 0 182.0 -2.541753956958874 1
gene  1 2 14 -0.4684046307809048 0 183.0 -0.4684046307809048 1
gene  1 4 14 7.2610223048016875 0 185.0 7.2610223048016875 1
gene  1 5 14 -1.1015008636661436 0 186.0 -1.1015008636661436 1
gene  1 6 14 -8.266390634447248 0 187.0 -8.266390634447248 1
gene  1 7 14 2.7422247005283085 0 188.0 2.7422247005283085 1
gene  1 13 14 -0.9268676284864328 0 194.0 -0.9268676284864328 1
gene  1 14 14 0.9501789627965579 1 195.0 0.9501789627965579 1
gene  1 2 13 2.069768698558796 0 261.0 2.069768698558796 1
genomeend 1
genomestart  2
trait 1 0.4195349490326866 0.11996509262718169 0.11196815064335597 0.0 0.0 0.6942297431411419 1.1113032223074408 1.129602463927845 
node 1 1 1 1
node 2 1 1 1
node 3 1 1 1
node 4 1 1 1
node 5 1 1 1
node 6 1 1 1
node 7 1 1 3
node 13 1 0 2
node 14 1 0 2
gene  1 2 13 2.707395075943144 0 169.0 2.707395075943144 1
gene  1 3 13 -15.69042980372738 0 170.0 -15.69042980372738 1
gene  1 4 13 2.3377075427381135 0 171.0 2.3377075427381135 1
gene  1 6 13 -1.8576594674793867 0 173.0 -1.8576594674793867 1
gene  1 7 13 -1.61253624141442 0 174.0 -1.61253624141442 1
gene  1 13 13 1.7874890972233857 1 180.0 1.7874890972233857 1
gene  1 1 14 -1.2062530523617923 0 182.0 -1.2062530523617923 1
gene  1 2 14 3.5413392838866535 0 183.0 3.5413392838866535 1
gene  1 5 14 -0.01699216819749605 0 186.0 -0.01699216819749605 1
gene  1 6 14 5.832278360797716 0 187.0 5.832278360797716 1
gene  1 7 14 1.759456480060697 0 188.0 1.759456480060697 1
gene  1 13 14 -4.818329907735228 0 194.0 -4.818329907735228 1
gene  1 14 14 6.118457654680036 1 195.0 6.118457654680036 1
gene  1 4 14 2.6335724022604605 0 196.0 2.6335724022604605 1
gene  1 1 13 -0.4210566273406635 0 216.0 -0.4210566273406635 1
gene  1 3 14 0.4373425698539257 0 285.0 0.4373425698539257 1
genomeend 2
genomestart  3
trait 1 0.4195349490326866 0.11996509262718169 0.11196815064335597 0.0 0.0 0.6942297431411419 1.1113032223074408 1.129602463927845 
node 1 1 1 1
node 2 1 1 1
node 3 1 1 1
node 4 1 1 1
node 5 1 1 1
node 6 1 1 1
node 7 1 1 3
node 13 1 0 2
node 14 1 0 2
gene  1 2 13 3.9917344626963223 0 169.0 3.9917344626963223 1
gene  1 3 13 -15.266198297428648 0 170.0 -15.266198297428648 1
gene  1 4 13 1.1333130305521493 0 171.0 1.1333130305521493 1
gene  1 6 13 -2.5221481768100356 0 173.0 -2.5221481768100356 1
gene  1 7 13 -2.9687111820099448 0 174.0 -2.9687111820099448 1
gene  1 13 13 -0.15233886082499581 1 180.0 -0.15233886082499581 1
gene  1 1 14 -2.3584811877220515 0 182.0 -2.3584811877220515 1
gene  1 2 14 5.270738944753608 0 183.0 5.270738944753608 1
gene  1 5 14 0.6697287969263849 0 186.0 0.6697287969263849 1
gene  1 6 14 3.4657701097491476 0 187.0 3.4657701097491476 1
gene  1 7 14 3.097633221344079 0 188.0 3.097633221344079 1
gene  1 13 14 -5.631252036071235 0 194.0 -5.631252036071235 1
gene  1 14 14 7.092201692057355 1 195.0 7.092201692057355 1
gene  1 4 14 2.6335724022604605 0 196.0 2.6335724022604605 1
gene  1 1 13 -0.4210566273406635 0 216.0 -0.4210566273406635 1
genomeend 3
genomestart  4
trait 1 0.12933280474767544 0.29425544536966464 0.08853489118479813 0.07766507438443143 0.0 0.41262400137975846 0.0 0.0 
node 1 1 1 1
node 2 1 1 1
node 3 1 1 1
node 4 1 1 1
node 5 1 1 1
node 6 1 1 1
node 7 1 1 3
node 13 1 0 2
node 14 1 0 2
node 21 1 0 0
node 24 1 0 0
gene  1 1 13 2.9036422792369083 0 168.0 2.9036422792369083 0
gene  1 4 13 1.200412642108879 0 171.0 1.200412642108879 1
gene  1 5 13 -4.044797841188406 0 172.0 -4.044797841188406 1
gene  1 7 13 -5.076535260789992 0 174.0 -5.076535260789992 1
gene  1 13 13 -0.43197238621997136 1 180.0 -0.43197238621997136 1
gene  1 2 14 -2.0122849235964346 0 183.0 -2.0122849235964346 1
gene  1 3 14 -5.567853787259699 0 184.0 -5.567853787259699 1
gene  1 6 14 -0.279988833806043 0 187.0 -0.279988833806043 1
gene  1 13 14 -0.6957619268495147 0 194.0 -0.6957619268495147 1
gene  1 14 14 4.081525920417498 1 195.0 4.081525920417498 1
gene  1 6 13 0.5626200761577488 0 205.0 0.5626200761577488 1
gene  1 5 14 -4.600499634798931 0 223.0 -4.600499634798931 1
gene  1 3 13 11.457886329176123 0 229.0 11.457886329176123 1
gene  1 2 13 4.5783617477878655 0 233.0 4.5783617477878655 1
gene  1 1 21 6.282671733484229 0 238.0 6.282671733484229 1
gene  1 21 13 -3.709996738506633 0 239.0 -3.709996738506633 1
gene  1 5 21 3.8221968680452316 0 253.0 3.8221968680452316 1
gene  1 3 21 0.4441760329224423 0 270.0 0.4441760329224423 1
gene  1 1 24 -0.5476625161389554 0 275.0 -0.5476625161389554 1
gene  1 24 13 0.4069665803545426 0 276.0 0.4069665803545426 1
genomeend 4
genomestart  5
trait 1 0.12933280474767544 0.29425544536966464 0.08853489118479813 0.07766507438443143 0.0 0.41262400137975846 0.0 0.0 
node 1 1 1 1
node 2 1 1 1
node 3 1 1 1
node 4 1 1 1
node 5 1 1 1
node 6 1 1 1
node 7 1 1 3
node 13 1 0 2
node 14 1 0 2
node 21 1 0 0
node 24 1 0 0
gene  1 1 13 4.2369689443330785 0 168.0 4.2369689443330785 0
gene  1 4 13 3.419614598612754 0 171.0 3.419614598612754 1
gene  1 5 13 -2.7835085835348443 0 172.0 -2.7835085835348443 1
gene  1 7 13 -2.841684114018567 0 174.0 -2.841684114018567 1
gene  1 13 13 -2.033186363487162 1 180.0 -2.033186363487162 1
gene  1 2 14 0.7751162420871818 0 183.0 0.7751162420871818 1
gene  1 3 14 -6.45399865291134 0 184.0 -6.45399865291134 1
gene  1 6 14 0.19001733025213918 0 187.0 0.19001733025213918 1
gene  1 13 14 -4.423805163633304 0 194.0 -4.423805163633304 1
gene  1 14 14 8.409529736789263 1 195.0 8.409529736789263 1
gene  1 6 13 1.7907654267208337 0 205.0 1.7907654267208337 1
gene  1 5 14 -5.449556279208871 0 223.0 -5.449556279208871 1
gene  1 3 13 13.16026045154938 0 229.0 13.16026045154938 1
gene  1 2 13 6.517457412886623 0 233.0 6.517457412886623 1
gene  1 1 21 4.246797047263561 0 238.0 4.246797047263561 1
gene  1 21 13 -3.3476657770042286 0 239.0 -3.3476657770042286 1
gene  1 5 21 0.5574605377983217 0 253.0 0.5574605377983217 1
gene  1 3 21 -1.344815331931218 0 270.0 -1.344815331931218 1
gene  1 1 24 -1.2651816547692265 0 275.0 -1.2651816547692265 1
gene  1 24 13 3.517050715878075 0 276.0 3.517050715878075 1
genomeend 5
genomestart  6
trait 1 0.6013816486831691 1.1820041572981141 0.0 1.7517696786279573 1.3947101319955317 0.0 0.02194736910820827 0.0 
node 1 1 1 1
node 2 1 1 1
node 3 1 1 1
node 4 1 1 1
node 5 1 1 1
node 6 1 1 1
node 7 1 1 3
node 8 1 0 0
node 13 1 0 2
node 14 1 0 2
gene  1 1 8 2.8709901919607974 0 98.0 2.8709901919607974 1
gene  1 2 8 -0.20053449218402997 0 99.0 -0.20053449218402997 1
gene  1 3 8 -0.7368311487213761 0 100.0 -0.7368311487213761 1
gene  1 4 8 1.083776668984377 0 101.0 1.083776668984377 1
gene  1 5 8 -4.379502719696898 0 102.0 -4.379502719696898 1
gene  1 6 8 -1.9090175805362657 0 103.0 -1.9090175805362657 1
gene  1 8 8 3.951237048840232 1 105.0 3.951237048840232 1
gene  1 13 8 0.3118391769831479 1 110.0 0.3118391769831479 1
gene  1 14 8 1.9368393167236024 1 111.0 1.9368393167236024 1
gene  1 3 13 -1.1857911737347804 0 170.0 -1.1857911737347804 1
gene  1 5 13 0.2890137063500814 0 172.0 0.2890137063500814 1
gene  1 7 13 2.320255747908746 0 174.0 2.320255747908746 1
gene  1 13 13 2.0693777930832984 1 180.0 2.0693777930832984 1
gene  1 2 14 2.03004833746985 0 183.0 2.03004833746985 1
gene  1 4 14 -3.852495679696848 0 185.0 -3.852495679696848 1
gene  1 6 14 -0.14911250433624484 0 187.0 -0.14911250433624484 1
gene  1 8 14 2.5375170123928408 0 189.0 2.5375170123928408 1
gene  1 13 14 -0.0681776863118494 0 194.0 -0.0681776863118494 1
gene  1 2 13 -5.431882054656448 0 213.0 -5.431882054656448 1
gene  1 4 13 4.814970675180979 0 230.0 4.814970675180979 1
gene  1 13 8 3.2463640841550903 0 244.0 3.2463640841550903 1
gene  1 7 14 -2.4615236339653186 0 264.0 -2.4615236339653186 1
genomeend 6
genomestart  7
trait 1 0.6013816486831691 1.1820041572981141 0.0 1.7517696786279573 1.3947101319955317 0.0 0.02194736910820827 0.0 
node 1 1 1 1
node 2 1 1 1
node 3 1 1 1
node 4 1 1 1
node 5 1 1 1
node 6 1 1 1
node 7 1 1 3
node 8 1 0 0
node 13 1 0 2
node 14 1 0 2
node 27 1 0 0
gene  1 1 8 3.090560731798611 0 98.0 3.090560731798611 1
gene  1 2 8 -0.20053449218402997 0 99.0 -0.20053449218402997 1
gene  1 3 8 0.27825335061384293 0 100.0 0.27825335061384293 1
gene  1 4 8 0.005633791035690727 0 101.0 0.005633791035690727 0
gene  1 5 8 -4.738904087489258 0 102.0 -4.738904087489258 1
gene  1 6 8 -2.394697090479571 0 103.0 -2.394697090479571 1
gene  1 8 8 1.8275682655524281 1 105.0 1.8275682655524281 1
gene  1 13 8 -1.928358535954527 1 110.0 -1.928358535954527 1
gene  1 14 8 0.0018269695186596824 1 111.0 0.0018269695186596824 1
gene  1 3 13 0.9942568613716969 0 170.0 0.9942568613716969 1
gene  1 5 13 -1.225316566592713 0 172.0 -1.225316566592713 1
gene  1 7 13 0.07585808901182256 0 174.0 0.07585808901182256 1
gene  1 13 13 1.6044431946481095 1 180.0 1.6044431946481095 1
gene  1 2 14 6.0115615368481645 0 183.0 6.0115615368481645 1
gene  1 4 14 -3.565024424640595 0 185.0 -3.565024424640595 1
gene  1 6 14 -6.416529210492034 0 187.0 -6.416529210492034 1
gene  1 8 14 2.5920050359118276 0 189.0 2.5920050359118276 1
gene  1 13 14 4.012901256735226 0 194.0 4.012901256735226 1
gene  1 2 13 -3.04508720575424 0 213.0 -3.04508720575424 1
gene  1 4 13 3.859668379023377 0 230.0 3.859668379023377 1
gene  1 13 8 2.3081688525759088 0 244.0 2.3081688525759088 1
gene  1 7 14 -0.029627862897268487 0 264.0 -0.029627862897268487 1
gene  1 4 27 1.0 0 286.0 0.0 1
gene  1 27 8 0.005633791035690727 0 287.0 0.0 1
genomeend 7
genomestart  8
trait 1 1.3449282699683267 0.0 0.6715679179718652 0.876858839596525 1.5174143118965362 0.3493210991972051 0.4130893652942357 0.0 
node 1 1 1 1
node 2 1 1 1
node 3 1 1 1
node 4 1 1 1
node 5 1 1 1
node 6 1 1 1
node 7 1 1 3
node 8 1 0 0
node 9 1 0 0
node 10 1 0 0
node 13 1 0 2
node 14 1 0 2
gene  1 1 8 -2.5677482733398795 0 98.0 -2.5677482733398795 1
gene  1 3 8 2.4123757571781552 0 100.0 2.4123757571781552 1
gene  1 5 8 5.417234879967048 0 102.0 5.417234879967048 1
gene  1 6 8 2.3419551966934353 0 103.0 2.3419551966934353 1
gene  1 8 8 4.466811740377651 1 105.0 4.466811740377651 1
gene  1 1 9 5.421240591086138 0 112.0 5.421240591086138 1
gene  1 2 9 -5.077924745042452 0 113.0 -5.077924745042452 1
gene  1 3 9 -3.67757811494498 0 114.0 -3.67757811494498 1
gene  1 5 9 2.071668529927531 0 116.0 2.071668529927531 1
gene  1 7 9 -4.615897110690227 0 118.0 -4.615897110690227 1
gene  1 9 9 0.5125648506411331 1 120.0 0.5125648506411331 1
gene  1 10 9 0.36379314147539343 1 121.0 0.36379314147539343 1
gene  1 13 9 6.479340263480978 1 124.0 6.479340263480978 1
gene  1 2 10 0.17227343546009677 0 127.0 0.17227343546009677 1
gene  1 4 10 -1.6381135780277496 0 129.0 -1.6381135780277496 1
gene  1 5 10 -1.163134115223674 0 130.0 -1.163134115223674 1
gene  1 8 10 2.785689443132543 0 133.0 2.785689443132543 1
gene  1 9 10 0.6727140383783353 0 134.0 0.6727140383783353 1
gene  1 10 10 -1.0766615525840835 1 135.0 -1.0766615525840835 1
gene  1 13 10 7.09365423995255 1 138.0 7.09365423995255 1
gene  1 14 10 0.17714567498669442 1 139.0 0.17714567498669442 1
gene  1 2 13 0.8726986450262932 0 169.0 0.8726986450262932 1
gene  1 3 13 -3.02641999013342 0 170.0 -3.02641999013342 1
gene  1 6 13 -1.4742511701724674 0 173.0 -1.4742511701724674 1
gene  1 7 13 3.1933312498691446 0 174.0 3.1933312498691446 1
gene  1 9 13 -2.162731310888524 0 176.0 -2.162731310888524 1
gene  1 13 13 2.913576298509301 1 180.0 2.913576298509301 1
gene  1 14 13 -1.225005466777031 1 181.0 -1.225005466777031 1
gene  1 1 14 0.09578748129485071 0 182.0 0.09578748129485071 1
gene  1 3 14 3.7000789191940946 0 184.0 3.7000789191940946 1
gene  1 9 14 -2.0545391870984417 0 190.0 -2.0545391870984417 1
gene  1 10 14 -2.4494294446247085 0 191.0 -2.4494294446247085 1
gene  1 8 13 -6.2002417804927346 0 207.0 -6.2002417804927346 1
gene  1 1 10 5.458822340437985 0 226.0 5.458822340437985 1
gene  1 6 14 -2.875259841492282 0 234.0 -2.875259841492282 1
genomeend 8
genomestart  9
trait 1 1.3449282699683267 0.0 0.6715679179718652 0.876858839596525 1.5174143118965362 0.3493210991972051 0.4130893652942357 0.0 
node 1 1 1 1
node 2 1 1 1
node 3 1 1 1
node 4 1 1 1
node 5 1 1 1
node 6 1 1 1
node 7 1 1 3
node 8 1 0 0
node 9 1 0 0
node 10 1 0 0
node 13 1 0 2
node 14 1 0 2
gene  1 1 8 -2.894136986011869 0 98.0 -2.894136986011869 1
gene  1 3 8 -0.32172189779306687 0 100.0 -0.32172189779306687 1
gene  1 5 8 3.875699349266835 0 102.0 3.875699349266835 1
gene  1 6 8 0.42012135605991796 0 103.0 0.42012135605991796 1
gene  1 8 8 2.754326198826358 1 105.0 2.754326198826358 1
gene  1 1 9 -1.5592161414002648 0 112.0 -1.5592161414002648 1
gene  1 2 9 -0.8587589519987671 0 113.0 -0.8587589519987671 1
gene  1 3 9 -3.277542171019425 0 114.0 -3.277542171019425 1
gene  1 5 9 -1.290047598708953 0 116.0 -1.290047598708953 1
gene  1 7 9 -4.615897110690227 0 118.0 -4.615897110690227 1
gene  1 9 9 0.8634432307259043 1 120.0 0.8634432307259043 1
gene  1 10 9 -1.1710369776058471 1 121.0 -1.1710369776058471 1
gene  1 13 9 3.744687175074371 1 124.0 3.744687175074371 1
gene  1 2 10 2.425744784742047 0 127.0 2.425744784742047 1
gene  1 4 10 -0.4421250306630109 0 129.0 -0.4421250306630109 1
gene  1 5 10 3.618189392784517 0 130.0 3.618189392784517 1
gene  1 8 10 -2.031048575747811 0 133.0 -2.031048575747811 1
gene  1 9 10 -2.4983144566104407 0 134.0 -2.4983144566104407 1
gene  1 10 10 -1.2037215362385365 1 135.0 -1.2037215362385365 1
gene  1 13 10 7.991266477859056 1 138.0 7.991266477859056 1
gene  1 14 10 -0.5659780511959214 1 139.0 -0.5659780511959214 1
gene  1 2 13 1.351999781928903 0 169.0 1.351999781928903 1
gene  1 3 13 -1.9925902361640226 0 170.0 -1.9925902361640226 1
gene  1 6 13 -2.351139656397442 0 173.0 -2.351139656397442 1
gene  1 7 13 1.2866645414257156 0 174.0 1.2866645414257156 1
gene  1 9 13 -0.015671951786098648 0 176.0 -0.015671951786098648 1
gene  1 13 13 0.6125795771503326 1 180.0 0.6125795771503326 1
gene  1 14 13 -3.191439610971374 1 181.0 -3.191439610971374 1
gene  1 1 14 0.5973167737978142 0 182.0 0.5973167737978142 1
gene  1 3 14 4.500141145504617 0 184.0 4.500141145504617 1
gene  1 9 14 0.6969238401016276 0 190.0 0.6969238401016276 1
gene  1 10 14 1.1653385782285532 0 191.0 1.1653385782285532 1
gene  1 8 13 -4.419215062333436 0 207.0 -4.419215062333436 1
gene  1 1 10 6.9292721115339395 0 226.0 6.9292721115339395 1
gene  1 6 14 -0.9659544004943947 0 234.0 -0.9659544004943947 1
genomeend 9
genomestart  10
trait 1 1.3449282699683267 0.0 0.6715679179718652 0.876858839596525 1.5174143118965362 0.3493210991972051 0.4130893652942357 0.0 
node 1 1 1 1
node 2 1 1 1
node 3 1 1 1
node 4 1 1 1
node 5 1 1 1
node 6 1 1 1
node 7 1 1 3
node 8 1 0 0
node 9 1 0 0
node 10 1 0 0
node 13 1 0 2
node 14 1 0 2
gene  1 1 8 -2.668751702265753 0 98.0 -2.668751702265753 1
gene  1 3 8 -1.8700870012228836 0 100.0 -1.8700870012228836 1
gene  1 5 8 6.012765110159033 0 102.0 6.012765110159033 1
gene  1 6 8 -0.6659940399148072 0 103.0 -0.6659940399148072 1
gene  1 8 8 2.908698366792938 1 105.0 2.908698366792938 1
gene  1 1 9 2.9436393115542696 0 112.0 2.9436393115542696 1
gene  1 2 9 -3.664585441351572 0 113.0 -3.664585441351572 1
gene  1 3 9 -2.9879323069695243 0 114.0 -2.9879323069695243 1
gene  1 5 9 -0.7575134498380595 0 116.0 -0.7575134498380595 1
gene  1 7 9 -3.507156301264345 0 118.0 -3.507156301264345 1
gene  1 9 9 1.7847509010284601 1 120.0 1.7847509010284601 1
gene  1 10 9 -0.5423470258036722 1 121.0 -0.5423470258036722 1
gene  1 13 9 2.578871835058571 1 124.0 2.578871835058571 1
gene  1 2 10 2.5342141481404337 0 127.0 2.5342141481404337 1
gene  1 4 10 -3.455441520367522 0 129.0 -3.455441520367522 1
gene  1 5 10 1.379605260864852 0 130.0 1.379605260864852 1
gene  1 8 10 3.7843572438304833 0 133.0 3.7843572438304833 1
gene  1 9 10 -2.966510500505984 0 134.0 -2.966510500505984 1
gene  1 10 10 -1.922683257770726 1 135.0 -1.922683257770726 1
gene  1 13 10 4.497110136254955 1 138.0 4.497110136254955 1
gene  1 14 10 -2.844634479889676 1 139.0 -2.844634479889676 1
gene  1 2 13 1.962314505392659 0 169.0 1.962314505392659 1
gene  1 3 13 -3.493178151935918 0 170.0 -3.493178151935918 1
gene  1 6 13 2.783668200589635 0 173.0 2.783668200589635 1
gene  1 7 13 3.9904611298225765 0 174.0 3.9904611298225765 1
gene  1 9 13 -1.3296373517234632 0 176.0 -1.3296373517234632 1
gene  1 13 13 -1.8165592847958951 1 180.0 -1.8165592847958951 1
gene  1 14 13 -2.1259459941919827 1 181.0 -2.1259459941919827 1
gene  1 1 14 2.1383597032410995 0 182.0 2.1383597032410995 1
gene  1 3 14 6.790235229863587 0 184.0 6.790235229863587 1
gene  1 9 14 -1.9011318090468436 0 190.0 -1.9011318090468436 1
gene  1 10 14 2.252675206816721 0 191.0 2.252675206816721 1
gene  1 8 13 -5.394479626270922 0 207.0 -5.394479626270922 1
gene  1 1 10 4.817655667522203 0 226.0 4.817655667522203 1
gene  1 6 14 -1.2712105673986445 0 234.0 -1.2712105673986445 1
genomeend 10
genomestart  11
trait 1 0.0 0.0 0.4047372828381034 0.0 1.1905783516961135 0.0 0.0 0.6290818923229079 
node 1 1 1 1
node 2 1 1 1
node 3 1 1 1
node 4 1 1 1
node 5 1 1 1
node 6 1 1 1
node 7 1 1 3
node 8 1 0 0
node 13 1 0 2
node 14 1 0 2
node 22 1 0 0
node 25 1 0 0
gene  1 1 8 3.61346837109191 0 98.0 3.61346837109191 0
gene  1 3 8 -5.898285343786415 0 100.0 -5.898285343786415 1
gene  1 4 8 -5.489663932202092 0 101.0 -5.489663932202092 1
gene  1 5 8 -0.3456340844371326 0 102.0 -0.3456340844371326 1
gene  1 6 8 9.820719190718137 0 103.0 9.820719190718137 1
gene  1 8 8 -2.680874040271474 1 105.0 -2.680874040271474 1
gene  1 1 13 -2.814639225000171 0 168.0 -2.814639225000171 1
gene  1 5 13 -1.50874694475205 0 172.0 -1.50874694475205 1
gene  1 13 13 -2.7684971562408736 1 180.0 -2.7684971562408736 1
gene  1 14 13 -2.930256664184708 1 181.0 -2.930256664184708 1
gene  1 2 14 -0.3872067859344792 0 183.0 -0.3872067859344792 1
gene  1 3 14 -5.92957544873381 0 184.0 -5.92957544873381 1
gene  1 5 14 4.238314897532397 0 186.0 4.238314897532397 1
gene  1 7 14 -4.019921805659493 0 188.0 -4.019921805659493 1
gene  1 8 14 -4.536393408860345 0 189.0 -4.536393408860345 1
gene  1 13 14 -0.2991629207354414 0 194.0 -0.2991629207354414 1
gene  1 2 13 8.086545356991106 0 236.0 8.086545356991106 1
gene  1 8 22 -2.020588116102845 0 240.0 -2.020588116102845 1
gene  1 22 14 -0.22533950172855488 0 241.0 -0.22533950172855488 1
gene  1 1 22 -2.373374958274438 0 245.0 -2.373374958274438 1
gene  1 13 8 -2.0383547384311265 0 257.0 -2.0383547384311265 1
gene  1 5 22 -3.1314208644178727 0 265.0 -3.1314208644178727 1
gene  1 1 25 -0.5867812805197619 0 279.0 -0.5867812805197619 1
gene  1 25 8 0.2426810657955305 0 280.0 0.2426810657955305 1
genomeend 11
genomestart  12
trait 1 0.0 0.0 0.4047372828381034 0.0 1.1905783516961135 0.0 0.0 0.6290818923229079 
node 1 1 1 1
node 2 1 1 1
node 3 1 1 1
node 4 1 1 1
node 5 1 1 1
node 6 1 1 1
node 7 1 1 3
node 8 1 0 0
node 13 1 0 2
node 14 1 0 2
node 22 1 0 0
node 25 1 0 0
gene  1 1 8 4.092790708448205 0 98.0 4.092790708448205 0
gene  1 3 8 -4.375220796306955 0 100.0 -4.375220796306955 1
gene  1 4 8 -4.854367153648914 0 101.0 -4.854367153648914 1
gene  1 5 8 -0.8979717085239596 0 102.0 -0.8979717085239596 1
gene  1 6 8 9.411032260708732 0 103.0 9.411032260708732 1
gene  1 8 8 0.45011648979916485 1 105.0 0.45011648979916485 1
gene  1 1 13 -5.227515573880206 0 168.0 -5.227515573880206 1
gene  1 5 13 1.2232292381249197 0 172.0 1.2232292381249197 1
gene  1 13 13 -1.370806085652825 1 180.0 -1.370806085652825 1
gene  1 14 13 -3.4276258405985263 1 181.0 -3.4276258405985263 1
gene  1 2 14 -1.1734330679242042 0 183.0 -1.1734330679242042 1
gene  1 3 14 1.7580983744929943 0 184.0 1.7580983744929943 1
gene  1 5 14 3.7618895855151075 0 186.0 3.7618895855151075 1
gene  1 7 14 -5.105937605166723 0 188.0 -5.105937605166723 1
gene  1 8 14 -4.709416269298792 0 189.0 -4.709416269298792 1
gene  1 13 14 -1.5127156015353784 0 194.0 -1.5127156015353784 1
gene  1 2 13 -1.4811269261209592 0 236.0 -1.4811269261209592 1
gene  1 8 22 1.1914300324097307 0 240.0 1.1914300324097307 1
gene  1 22 14 1.9821129848965422 0 241.0 1.9821129848965422 1
gene  1 1 22 0.7322204859144341 0 245.0 0.7322204859144341 1
gene  1 13 8 -2.054078089223799 0 257.0 -2.054078089223799 1
gene  1 5 22 -1.53186887715371 0 265.0 -1.53186887715371 1
gene  1 1 25 1.4863097634452713 0 279.0 1.4863097634452713 1
gene  1 25 8 1.0424265189079602 0 280.0 1.0424265189079602 1
genomeend 12
genomestart  13
trait 1 0.08741220862442833 0.0 0.808586694965737 0.0 0.37563723564248874 0.16725497665413347 0.25417113514219947 0.0 
node 1 1 1 1
node 2 1 1 1
node 3 1 1 1
node 4 1 1 1
node 5 1 1 1
node 6 1 1 1
node 7 1 1 3
node 13 1 0 2
node 14 1 0 2
gene  1 1 13 4.8001554236300255 0 168.0 4.8001554236300255 1
gene  1 2 13 -1.97816353745529 0 169.0 -1.97816353745529 1
gene  1 3 13 0.7233881759362548 0 170.0 0.7233881759362548 1
gene  1 4 13 3.2372026583298137 0 171.0 3.2372026583298137 1
gene  1 5 13 1.8015918645589744 0 172.0 1.8015918645589744 1
gene  1 6 13 1.9184279998508806 0 173.0 1.9184279998508806 1
gene  1 7 13 0.7032623354604979 0 174.0 0.7032623354604979 1
gene  1 14 13 4.4203904157050165 1 181.0 4.4203904157050165 1
gene  1 1 14 5.871628668911628 0 182.0 5.871628668911628 1
gene  1 2 14 -1.4115786608880434 0 183.0 -1.4115786608880434 1
gene  1 3 14 4.51083360074414 0 184.0 4.51083360074414 1
gene  1 13 14 2.4242562314127314 0 194.0 2.4242562314127314 1
gene  1 14 14 -2.6208781684671303 1 195.0 -2.6208781684671303 1
gene  1 7 14 -1.6503540315353145 0 273.0 -1.6503540315353145 1
gene  1 4 14 -2.2780455037828764 0 283.0 -2.2780455037828764 1
genomeend 13
genomestart  14
trait 1 0.08741220862442833 0.0 0.808586694965737 0.0 0.37563723564248874 0.16725497665413347 0.25417113514219947 0.0 
node 1 1 1 1
node 2 1 1 1
node 3 1 1 1
node 4 1 1 1
node 5 1 1 1
node 6 1 1 1
node 7 1 1 3
node 13 1 0 2
node 14 1 0 2
gene  1 1 13 4.883576620564514 0 168.0 4.883576620564514 1
gene  1 2 13 -1.1118222312001094 0 169.0 -1.1118222312001094 1
gene  1 3 13 3.7335905106871854 0 170.0 3.7335905106871854 1
gene  1 4 13 -0.06896100930192484 0 171.0 -0.06896100930192484 1
gene  1 5 13 1.0489088456916327 0 172.0 1.0489088456916327 1
gene  1 6 13 -1.0859401374318265 0 173.0 -1.0859401374318265 1
gene  1 7 13 -1.032253751604202 0 174.0 -1.032253751604202 1
gene  1 14 13 3.213212896954076 1 181.0 3.213212896954076 1
gene  1 1 14 7.184368709524373 0 182.0 7.184368709524373 1
gene  1 2 14 -1.6037583556376083 0 183.0 -1.6037583556376083 1
gene  1 3 14 6.047687480151461 0 184.0 6.047687480151461 1
gene  1 13 14 3.5940791814021784 0 194.0 3.5940791814021784 1
gene  1 14 14 0.6346669950415758 1 195.0 0.6346669950415758 1
gene  1 7 14 -0.8387566052675008 0 273.0 -0.8387566052675008 1
gene  1 4 14 -6.334706710682637 0 283.0 -6.334706710682637 1
genomeend 14
genomestart  15
trait 1 0.731715373568969 0.5319433208524987 0.2958241585930085 1.0172554146688002 0.2545070174269727 0.6799681748259421 0.0 0.0 
node 1 1 1 1
node 2 1 1 1
node 3 1 1 1
node 4 1 1 1
node 5 1 1 1
node 6 1 1 1
node 7 1 1 3
node 8 1 0 0
node 9 1 0 0
node 13 1 0 2
node 14 1 0 2
node 20 1 0 0
gene  1 1 8 -2.972268458409694 0 98.0 -2.972268458409694 1
gene  1 2 8 1.515507374673541 0 99.0 1.515507374673541 1
gene  1 3 8 3.445723888559673 0 100.0 3.445723888559673 1
gene  1 6 8 -0.30492415804992 0 103.0 -0.30492415804992 1
gene  1 8 8 1.9269691564344937 1 105.0 1.9269691564344937 1
gene  1 9 8 1.3136687907241056 1 106.0 1.3136687907241056 1
gene  1 13 8 0.7167280519210366 1 110.0 0.7167280519210366 1
gene  1 14 8 -2.4380325704215546 1 111.0 -2.4380325704215546 1
gene  1 1 9 6.2979505075508015 0 112.0 6.2979505075508015 1
gene  1 4 9 -3.1038526610358774 0 115.0 -3.1038526610358774 1
gene  1 5 9 -0.45157129893070014 0 116.0 -0.45157129893070014 1
gene  1 7 9 -8.089196543991262 0 118.0 -8.089196543991262 1
gene  1 9 9 3.9130457574124344 1 120.0 3.9130457574124344 1
gene  1 14 9 4.355346028632824 1 125.0 4.355346028632824 1
gene  1 2 13 -5.452557140149885 0 169.0 -5.452557140149885 1
gene  1 5 13 2.242040862596257 0 172.0 2.242040862596257 1
gene  1 8 13 3.8450158387160176 0 175.0 3.8450158387160176 1
gene  1 1 14 -0.13780819266648048 0 182.0 -0.13780819266648048 0
gene  1 2 14 13.867328095501632 0 183.0 13.867328095501632 1
gene  1 3 14 -3.638653102615879 0 184.0 -3.638653102615879 1
gene  1 6 14 7.491146626290245 0 187.0 7.491146626290245 1
gene  1 13 14 3.5795664774973104 0 194.0 3.5795664774973104 1
gene  1 14 14 -4.792247779362871 1 195.0 -4.792247779362871 1
gene  1 5 8 -0.3324355881719826 0 202.0 -0.3324355881719826 1
gene  1 4 13 4.578773395516306 0 220.0 4.578773395516306 1
gene  1 1 20 0.9510662168006506 0 231.0 0.9510662168006506 1
gene  1 20 14 2.2708491890282394 0 232.0 2.2708491890282394 1
genomeend 15
genomestart  16
trait 1 0.731715373568969 0.5319433208524987 0.2958241585930085 1.0172554146688002 0.2545070174269727 0.6799681748259421 0.0 0.0 
node 1 1 1 1
node 2 1 1 1
node 3 1 1 1
node 4 1 1 1
node 5 1 1 1
node 6 1 1 1
node 7 1 1 3
node 8 1 0 0
node 9 1 0 0
node 13 1 0 2
node 14 1 0 2
node 20 1 0 0
gene  1 1 8 -1.9614861433590325 0 98.0 -1.9614861433590325 1
gene  1 2 8 0.30758015317731396 0 99.0 0.30758015317731396 1
gene  1 3 8 2.885908257683005 0 100.0 2.885908257683005 1
gene  1 6 8 -3.2820334382528262 0 103.0 -3.2820334382528262 1
gene  1 8 8 0.957936852948057 1 105.0 0.957936852948057 1
gene  1 9 8 4.1565409204004835 1 106.0 4.1565409204004835 1
gene  1 13 8 3.479415337552231 1 110.0 3.479415337552231 1
gene  1 14 8 1.4789919863297025 1 111.0 1.4789919863297025 1
gene  1 1 9 2.3634739453298605 0 112.0 2.3634739453298605 1
gene  1 4 9 -4.472340198159478 0 115.0 -4.472340198159478 1
gene  1 5 9 -3.7135056165135705 0 116.0 -3.7135056165135705 1
gene  1 7 9 1.3591624378709968 0 118.0 1.3591624378709968 1
gene  1 9 9 3.6777528592002247 1 120.0 3.6777528592002247 1
gene  1 14 9 2.694309354063776 1 125.0 2.694309354063776 1
gene  1 2 13 -4.606172950806743 0 169.0 -4.606172950806743 1
gene  1 5 13 0.8568269197294012 0 172.0 0.8568269197294012 1
gene  1 8 13 5.529329718466344 0 175.0 5.529329718466344 1
gene  1 1 14 -0.271446754867924 0 182.0 -0.271446754867924 0
gene  1 2 14 12.687288523492734 0 183.0 12.687288523492734 1
gene  1 3 14 -4.868409325356624 0 184.0 -4.868409325356624 1
gene  1 6 14 -0.3064770676462922 0 187.0 -0.3064770676462922 1
gene  1 13 14 6.368845828630738 0 194.0 6.368845828630738 1
gene  1 14 14 -3.437512029240393 1 195.0 -3.437512029240393 1
gene  1 5 8 -0.8510261808960671 0 202.0 -0.8510261808960671 1
gene  1 4 13 4.683120911160152 0 220.0 4.683120911160152 1
gene  1 1 20 2.0212530914607383 0 231.0 2.0212530914607383 1
gene  1 20 14 -0.1565468970399796 0 232.0 -0.1565468970399796 1
genomeend 16
genomestart  17
trait 1 0.0 0.8507286365631731 0.8412243628926098 0.8164647912856297 0.6061681788876561 0.0 0.0 0.07895419735974474 
node 1 1 1 1
node 2 1 1 1
node 3 1 1 1
node 4 1 1 1
node 5 1 1 1
node 6 1 1 1
node 7 1 1 3
node 13 1 0 2
node 14 1 0 2
gene  1 1 13 4.097031254101065 0 168.0 4.097031254101065 1
gene  1 2 13 -2.0588574060923626 0 169.0 -2.0588574060923626 1
gene  1 5 13 -4.092041530545012 0 172.0 -4.092041530545012 1
gene  1 6 13 -5.435784471097396 0 173.0 -5.435784471097396 1
gene  1 7 13 6.053516702075644 0 174.0 6.053516702075644 1
gene  1 3 14 2.762401232680079 0 184.0 2.762401232680079 1
gene  1 4 14 -0.3289940751351991 0 185.0 -0.3289940751351991 1
gene  1 7 14 -1.4078713334210775 0 188.0 -1.4078713334210775 1
gene  1 13 14 1.2816618227302765 0 194.0 1.2816618227302765 1
gene  1 14 14 2.6885660449657047 1 195.0 2.6885660449657047 1
gene  1 4 13 -0.576313618273955 0 235.0 -0.576313618273955 1
gene  1 1 14 2.6646726516836763 0 242.0 2.6646726516836763 1
gene  1 3 13 -9.24177639105934 0 288.0 -9.24177639105934 1
genomeend 17
genomestart  18
trait 1 0.0 0.8507286365631731 0.8412243628926098 0.8164647912856297 0.6061681788876561 0.0 0.0 0.07895419735974474 
node 1 1 1 1
node 2 1 1 1
node 3 1 1 1
node 4 1 1 1
node 5 1 1 1
node 6 1 1 1
node 7 1 1 3
node 13 1 0 2
node 14 1 0 2
gene  1 1 13 1.1441802995326844 0 168.0 1.1441802995326844 1
gene  1 2 13 -0.2251513488972492 0 169.0 -0.2251513488972492 1
gene  1 5 13 -3.3208563830577007 0 172.0 -3.3208563830577007 1
gene  1 6 13 -7.877332906970731 0 173.0 -7.877332906970731 1
gene  1 7 13 0.510233931650067 0 174.0 0.510233931650067 1
gene  1 3 14 2.762401232680079 0 184.0 2.762401232680079 1
gene  1 4 14 0.20048561517770708 0 185.0 0.20048561517770708 1
gene  1 7 14 -3.74387190486231 0 188.0 -3.74387190486231 1
gene  1 13 14 0.6711176496874045 0 194.0 0.6711176496874045 1
gene  1 14 14 2.3568068633698442 1 195.0 2.3568068633698442 1
gene  1 4 13 1.5801636766099665 0 235.0 1.5801636766099665 1
gene  1 1 14 2.6646726516836763 0 242.0 2.6646726516836763 1
genomeend 18
genomestart  19
trait 1 0.0 0.8507286365631731 0.8412243628926098 0.8164647912856297 0.6061681788876561 0.0 0.0 0.07895419735974474 
node 1 1 1 1
node 2 1 1 1
node 3 1 1 1
node 4 1 1 1
node 5 1 1 1
node 6 1 1 1
node 7 1 1 3
node 13 1 0 2
node 14 1 0 2
gene  1 1 13 3.319689390937843 0 168.0 3.319689390937843 1
gene  1 2 13 -0.14835904306342385 0 169.0 -0.14835904306342385 1
gene  1 5 13 -2.4373233776716363 0 172.0 -2.4373233776716363 1
gene  1 6 13 -5.1134831056090535 0 173.0 -5.1134831056090535 1
gene  1 7 13 4.415752541699339 0 174.0 4.415752541699339 1
gene  1 3 14 1.1868633292236648 0 184.0 1.1868633292236648 1
gene  1 4 14 -2.043495748390388 0 185.0 -2.043495748390388 1
gene  1 7 14 -1.0731873023419076 0 188.0 -1.0731873023419076 1
gene  1 13 14 1.2325938966973702 0 194.0 1.2325938966973702 1
gene  1 14 14 1.5553335503751216 1 195.0 1.5553335503751216 1
gene  1 4 13 -0.576313618273955 0 235.0 -0.576313618273955 1
gene  1 1 14 5.015465933068787 0 242.0 5.015465933068787 1
genomeend 19
