genomestart  0
trait 1 0.12236385032328645 0.11996509262718169 0.0 1.2348572107762614 0.0 1.3168578850843018 1.0590140864502917 1.7905313975538821 
node 1 1 1 1
node 2 1 1 1
node 3 1 1 1
node 4 1 1 1
node 5 1 1 1
node 6 1 1 1
node 7 1 1 3
node 13 1 0 2
node 14 1 0 2
node 33 1 0 0
gene  1 2 13 -0.675329430552567 0 169.0 -0.675329430552567 1
gene  1 3 13 4.7337732807513095 0 170.0 4.7337732807513095 1
gene  1 4 13 -3.759202134941045 0 171.0 -3.759202134941045 1
gene  1 6 13 -1.214831119318003 0 173.0 -1.214831119318003 1
gene  1 7 13 -3.802399782285092 0 174.0 -3.802399782285092 1
gene  1 13 13 3.477007380274639 1 180.0 3.477007380274639 1
gene  1 1 14 0.5912877929583753 0 182.0 0.5912877929583753 0
gene  1 2 14 17.88172277179664 0 183.0 17.88172277179664 1
gene  1 5 14 -1.8018909663247067 0 186.0 -1.8018909663247067 1
gene  1 6 14 7.033224690969863 0 187.0 7.033224690969863 1
gene  1 7 14 -0.5213696628800901 0 188.0 -0.5213696628800901 1
gene  1 13 14 -5.03616064487166 0 194.0 -5.03616064487166 1
gene  1 14 14 13.389060576482155 1 195.0 13.389060576482155 1
gene  1 4 14 -2.994926780610278 0 196.0 -2.994926780610278 1
gene  1 1 13 -0.694877776747494 0 216.0 -0.694877776747494 1
gene  1 1 33 -2.095784918612175 0 313.0 -2.095784918612175 1
gene  1 33 14 2.3626186995919736 0 314.0 2.3626186995919736 1
genomeend 0
genomestart  1
trait 1 0.12236385032328645 0.11996509262718169 0.0 1.2348572107762614 0.0 1.3168578850843018 1.0590140864502917 1.7905313975538821 
node 1 1 1 1
node 2 1 1 1
node 3 1 1 1
node 4 1 1 1
node 5 1 1 1
node 6 1 1 1
node 7 1 1 3
node 13 1 0 2
node 14 1 0 2
node 33 1 0 0
gene  1 2 13 0.9867285009735303 0 169.0 0.9867285009735303 1
gene  1 3 13 1.6435777631071566 0 170.0 1.6435777631071566 1
gene  1 4 13 -3.051807820673991 0 171.0 -3.051807820673991 1
gene  1 6 13 -0.5189070435696719 0 173.0 -0.5189070435696719 1
gene  1 7 13 -3.8863791537218337 0 174.0 -3.8863791537218337 1
gene  1 13 13 3.055040351985199 1 180.0 3.055040351985199 1
gene  1 1 14 1.2785610105846934 0 182.0 1.2785610105846934 0
gene  1 2 14 15.92576454334061 0 183.0 15.92576454334061 1
gene  1 5 14 -3.0866348242748525 0 186.0 -3.0866348242748525 1
gene  1 6 14 8.170003852061967 0 187.0 8.170003852061967 1
gene  1 7 14 0.4792235399611 0 188.0 0.4792235399611 1
gene  1 13 14 -6.112761254113227 0 194.0 -6.112761254113227 1
gene  1 14 14 13.196933855533125 1 195.0 13.196933855533125 1
gene  1 4 14 -5.050500845761878 0 196.0 -5.050500845761878 1
gene  1 1 13 2.590349716434514 0 216.0 2.590349716434514 1
gene  1 1 33 -2.2001041945799598 0 313.0 -2.2001041945799598 1
gene  1 33 14 3.0571725513650745 0 314.0 3.0571725513650745 1
genomeend 1
genomestart  2
trait 1 0.8313848170184033 0.29425544536966464 0.8345681790297872 0.07766507438443143 0.7226901151585414 0.41262400137975846 0.0 0.6750180349138831 
node 1 1 1 1
node 2 1 1 1
node 3 1 1 1
node 4 1 1 1
node 5 1 1 1
node 6 1 1 1
node 7 1 1 3
node 13 1 0 2
node 14 1 0 2
node 21 1 0 0
node 24 1 0 0
node 34 1 0 0
gene  1 1 13 7.009612790483318 0 168.0 7.009612790483318 1
gene  1 4 13 -1.0125774955010232 0 171.0 -1.0125774955010232 1
gene  1 5 13 2.5754374215870723 0 172.0 2.5754374215870723 1
gene  1 7 13 1.1728073220087905 0 174.0 1.1728073220087905 1
gene  1 13 13 -9.159220897058328 1 180.0 -9.159220897058328 1
gene  1 2 14 -2.7267066844712557 0 183.0 -2.7267066844712557 1
gene  1 3 14 0.8768332839424577 0 184.0 0.8768332839424577 0
gene  1 6 14 -0.6178004795509704 0 187.0 -0.6178004795509704 1
gene  1 13 14 -6.396547942230059 0 194.0 -6.396547942230059 1
gene  1 14 14 -4.19941051333082 1 195.0 -4.19941051333082 1
gene  1 6 13 -4.181081869072251 0 205.0 -4.181081869072251 1
gene  1 5 14 -0.6529922801785073 0 223.0 -0.6529922801785073 1
gene  1 3 13 6.272993918164123 0 229.0 6.272993918164123 1
gene  1 2 13 5.301498029772376 0 233.0 5.301498029772376 1
gene  1 1 21 0.29760875529660824 0 238.0 0.29760875529660824 1
gene  1 21 13 -4.610509577226778 0 239.0 -4.610509577226778 1
gene  1 5 21 1.2376565379394426 0 253.0 1.2376565379394426 1
gene  1 3 21 -2.9406264865664897 0 270.0 -2.9406264865664897 1
gene  1 1 24 1.4500924611317023 0 275.0 1.4500924611317023 1
gene  1 24 13 1.6454717584103387 0 276.0 1.6454717584103387 1
gene  1 3 34 3.188583972431397 0 315.0 3.188583972431397 1
gene  1 34 14 -1.8484108331465579 0 316.0 -1.8484108331465579 1
gene  1 3 24 2.732507484321957 0 324.0 2.732507484321957 1
genomeend 2
genomestart  3
trait 1 0.8313848170184033 0.29425544536966464 0.8345681790297872 0.07766507438443143 0.7226901151585414 0.41262400137975846 0.0 0.6750180349138831 
node 1 1 1 1
node 2 1 1 1
node 3 1 1 1
node 4 1 1 1
node 5 1 1 1
node 6 1 1 1
node 7 1 1 3
node 13 1 0 2
node 14 1 0 2
node 21 1 0 0
node 24 1 0 0
node 34 1 0 0
gene  1 1 13 5.203499246624219 0 168.0 5.203499246624219 1
gene  1 4 13 10.376887789423822 0 171.0 10.376887789423822 1
gene  1 5 13 2.0021982820821647 0 172.0 2.0021982820821647 1
gene  1 7 13 -2.5724831961352903 0 174.0 -2.5724831961352903 1
gene  1 13 13 -6.9649286631737155 1 180.0 -6.9649286631737155 1
gene  1 2 14 -2.578938108001344 0 183.0 -2.578938108001344 1
gene  1 3 14 0.057660051339420315 0 184.0 0.057660051339420315 0
gene  1 6 14 -3.683104590858416 0 187.0 -3.683104590858416 1
gene  1 13 14 -4.6215305575256975 0 194.0 -4.6215305575256975 1
gene  1 14 14 -2.6027018390215364 1 195.0 -2.6027018390215364 1
gene  1 6 13 -5.248429246458503 0 205.0 -5.248429246458503 1
gene  1 5 14 -4.4400135410828385 0 223.0 -4.4400135410828385 1
gene  1 3 13 3.3164150740844294 0 229.0 3.3164150740844294 1
gene  1 2 13 3.106243598309748 0 233.0 3.106243598309748 1
gene  1 1 21 -3.0426715467685757 0 238.0 -3.0426715467685757 1
gene  1 21 13 -7.809064073145362 0 239.0 -7.809064073145362 1
gene  1 5 21 -1.735600657675795 0 253.0 -1.735600657675795 1
gene  1 3 21 -5.426320145840087 0 270.0 -5.426320145840087 1
gene  1 1 24 -0.7189352300469007 0 275.0 -0.7189352300469007 1
gene  1 24 13 -2.3586431839552624 0 276.0 -2.3586431839552624 1
gene  1 3 34 2.642058937365936 0 315.0 2.642058937365936 1
gene  1 34 14 2.4296865827012235 0 316.0 2.4296865827012235 1
gene  1 3 24 1.6507830314436378 0 324.0 1.6507830314436378 1
genomeend 3
genomestart  4
trait 1 2.3156897472124616 1.038817852750874 0.43173212214279244 1.2383225027221012 0.8876970332296057 0.0 1.118561686491879 0.2231066753882277 
node 1 1 1 1
node 2 1 1 1
node 3 1 1 1
node 4 1 1 1
node 5 1 1 1
node 6 1 1 1
node 7 1 1 3
node 8 1 0 0
node 13 1 0 2
node 14 1 0 2
gene  1 1 8 -2.504213261700014 0 98.0 -2.504213261700014 1
gene  1 2 8 -1.042137920180192 0 99.0 -1.042137920180192 1
gene  1 3 8 -1.5261200507746484 0 100.0 -1.5261200507746484 1
gene  1 4 8 7.638161920114761 0 101.0 7.638161920114761 1
gene  1 5 8 -1.4558529993370746 0 102.0 -1.4558529993370746 1
gene  1 6 8 -4.098252243894766 0 103.0 -4.098252243894766 1
gene  1 8 8 -1.9045106864669616 1 105.0 -1.9045106864669616 1
gene  1 13 8 4.300738133059891 1 110.0 4.300738133059891 1
gene  1 14 8 -0.649203088059067 1 111.0 -0.649203088059067 1
gene  1 3 13 1.9992373156163816 0 170.0 1.9992373156163816 1
gene  1 5 13 2.9049821724200027 0 172.0 2.9049821724200027 1
gene  1 7 13 0.8832960184240111 0 174.0 0.8832960184240111 1
gene  1 13 13 -0.6262355340647543 1 180.0 -0.6262355340647543 1
gene  1 2 14 0.787127035305675 0 183.0 0.787127035305675 1
gene  1 4 14 -7.901323297689206 0 185.0 -7.901323297689206 1
gene  1 6 14 0.2307735041994592 0 187.0 0.2307735041994592 1
gene  1 8 14 -3.8171642876321887 0 189.0 -3.8171642876321887 1
gene  1 13 14 -4.245414152769001 0 194.0 -4.245414152769001 1
gene  1 2 13 -1.2103523077229537 0 213.0 -1.2103523077229537 1
gene  1 4 13 0.22032589934719526 0 230.0 0.22032589934719526 1
gene  1 13 8 0.15890236564251792 0 244.0 0.15890236564251792 1
gene  1 7 14 4.404124436994728 0 264.0 4.404124436994728 1
gene  1 1 14 0.4605202745522455 0 299.0 0.4605202745522455 1
gene  1 5 14 -2.4993022516218577 0 310.0 -2.4993022516218577 1
gene  1 1 13 -3.107885485833169 0 311.0 -3.107885485833169 1
genomeend 4
genomestart  5
trait 1 2.3156897472124616 1.038817852750874 0.43173212214279244 1.2383225027221012 0.8876970332296057 0.0 1.118561686491879 0.2231066753882277 
node 1 1 1 1
node 2 1 1 1
node 3 1 1 1
node 4 1 1 1
node 5 1 1 1
node 6 1 1 1
node 7 1 1 3
node 8 1 0 0
node 13 1 0 2
node 14 1 0 2
node 39 1 0 0
gene  1 1 8 -2.446232531621199 0 98.0 -2.446232531621199 1
gene  1 2 8 -2.3048012828279836 0 99.0 -2.3048012828279836 1
gene  1 3 8 -2.0390823495611765 0 100.0 -2.0390823495611765 1
gene  1 4 8 5.649816939137401 0 101.0 5.649816939137401 1
gene  1 5 8 -3.5735885344956464 0 102.0 -3.5735885344956464 1
gene  1 6 8 -2.8947958076693627 0 103.0 -2.8947958076693627 1
gene  1 8 8 -1.6600189428008514 1 105.0 -1.6600189428008514 1
gene  1 13 8 3.2673652778893842 1 110.0 3.2673652778893842 1
gene  1 14 8 -1.2315033598860974 1 111.0 -1.2315033598860974 1
gene  1 3 13 2.891028763343936 0 170.0 2.891028763343936 1
gene  1 5 13 5.270657938914255 0 172.0 5.270657938914255 1
gene  1 7 13 -1.2208654300237034 0 174.0 -1.2208654300237034 1
gene  1 13 13 -2.556158839379951 1 180.0 -2.556158839379951 1
gene  1 2 14 -0.8349797375505428 0 183.0 -0.8349797375505428 1
gene  1 4 14 -10.147025179199193 0 185.0 -10.147025179199193 1
gene  1 6 14 -1.7864014810076534 0 187.0 -1.7864014810076534 1
gene  1 8 14 -6.235027940443876 0 189.0 -6.235027940443876 1
gene  1 13 14 -2.6447646652468038 0 194.0 -2.6447646652468038 1
gene  1 2 13 -0.9950415325988087 0 213.0 -0.9950415325988087 1
gene  1 4 13 1.5332144191057424 0 230.0 1.5332144191057424 1
gene  1 13 8 -0.5395271605708845 0 244.0 -0.5395271605708845 0
gene  1 7 14 2.6124363661039283 0 264.0 2.6124363661039283 1
gene  1 1 14 3.6810728267552895 0 299.0 3.6810728267552895 1
gene  1 5 14 -2.4993022516218577 0 310.0 -2.4993022516218577 1
gene  1 1 13 -2.475535944683661 0 311.0 -2.475535944683661 1
gene  1 13 39 1.0 0 344.0 0.0 1
gene  1 39 8 -0.5395271605708845 0 345.0 0.0 1
genomeend 5
genomestart  6
trait 1 2.3156897472124616 0.6033816360745976 0.43173212214279244 1.2383225027221012 0.8876970332296057 0.8330445254185066 0.9272365962577741 0.30262800243113464 
node 1 1 1 1
node 2 1 1 1
node 3 1 1 1
node 4 1 1 1
node 5 1 1 1
node 6 1 1 1
node 7 1 1 3
node 8 1 0 0
node 13 1 0 2
node 14 1 0 2
gene  1 1 8 -2.446232531621199 0 98.0 -2.446232531621199 1
gene  1 2 8 -2.3048012828279836 0 99.0 -2.3048012828279836 1
gene  1 3 8 -2.0390823495611765 0 100.0 -2.0390823495611765 1
gene  1 4 8 5.649816939137401 0 101.0 5.649816939137401 1
gene  1 5 8 -3.5735885344956464 0 102.0 -3.5735885344956464 1
gene  1 6 8 -2.8947958076693627 0 103.0 -2.8947958076693627 1
gene  1 8 8 -1.6600189428008514 1 105.0 -1.6600189428008514 1
gene  1 13 8 3.2673652778893842 1 110.0 3.2673652778893842 1
gene  1 14 8 -1.2315033598860974 1 111.0 -1.2315033598860974 1
gene  1 3 13 2.891028763343936 0 170.0 2.891028763343936 1
gene  1 5 13 5.270657938914255 0 172.0 5.270657938914255 1
gene  1 7 13 -1.2208654300237034 0 174.0 -1.2208654300237034 1
gene  1 13 13 -2.556158839379951 1 180.0 -2.556158839379951 1
gene  1 2 14 -0.8349797375505428 0 183.0 -0.8349797375505428 1
gene  1 4 14 -10.147025179199193 0 185.0 -10.147025179199193 1
gene  1 6 14 -1.7864014810076534 0 187.0 -1.7864014810076534 1
gene  1 8 14 -6.235027940443876 0 189.0 -6.235027940443876 1
gene  1 13 14 -2.6447646652468038 0 194.0 -2.6447646652468038 1
gene  1 2 13 -0.9950415325988087 0 213.0 -0.9950415325988087 1
gene  1 4 13 1.5332144191057424 0 230.0 1.5332144191057424 1
gene  1 13 8 -0.5395271605708845 0 244.0 -0.5395271605708845 1
gene  1 7 14 2.6124363661039283 0 264.0 2.6124363661039283 1
gene  1 1 14 3.6810728267552895 0 299.0 3.6810728267552895 1
gene  1 5 14 -2.4993022516218577 0 310.0 -2.4993022516218577 1
gene  1 1 13 -2.475535944683661 0 311.0 -2.475535944683661 1
genomeend 6
genomestart  7
trait 1 1.3246046552763442 0.0 0.0 0.876858839596525 0.8918704007246525 0.4004553947000543 0.4130893652942357 0.0 
node 1 1 1 1
node 2 1 1 1
node 3 1 1 1
node 4 1 1 1
node 5 1 1 1
node 6 1 1 1
node 7 1 1 3
node 8 1 0 0
node 9 1 0 0
node 10 1 0 0
node 13 1 0 2
node 14 1 0 2
node 28 1 0 0
gene  1 1 8 5.435874878820241 0 98.0 5.435874878820241 1
gene  1 3 8 2.2238586001451353 0 100.0 2.2238586001451353 1
gene  1 5 8 -1.4150314730107842 0 102.0 -1.4150314730107842 1
gene  1 6 8 3.868771983981796 0 103.0 3.868771983981796 1
gene  1 8 8 5.261091705082553 1 105.0 5.261091705082553 1
gene  1 1 9 2.0600540076561904 0 112.0 2.0600540076561904 1
gene  1 2 9 6.018904415709363 0 113.0 6.018904415709363 1
gene  1 3 9 6.778973942556618 0 114.0 6.778973942556618 1
gene  1 5 9 0.20602321240039773 0 116.0 0.20602321240039773 1
gene  1 7 9 4.694642040330477 0 118.0 4.694642040330477 1
gene  1 9 9 -2.1952041406427742 1 120.0 -2.1952041406427742 1
gene  1 10 9 2.62867787184843 1 121.0 2.62867787184843 1
gene  1 13 9 4.235434282579872 1 124.0 4.235434282579872 1
gene  1 2 10 0.6868897546990624 0 127.0 0.6868897546990624 1
gene  1 4 10 -7.515863775576518 0 129.0 -7.515863775576518 1
gene  1 5 10 -6.619559825366358 0 130.0 -6.619559825366358 1
gene  1 8 10 6.590996242326431 0 133.0 6.590996242326431 1
gene  1 9 10 -5.403512312545948 0 134.0 -5.403512312545948 1
gene  1 10 10 0.31653033096760264 1 135.0 0.31653033096760264 1
gene  1 13 10 1.5957378563515123 1 138.0 1.5957378563515123 1
gene  1 14 10 2.8475797714074362 1 139.0 2.8475797714074362 1
gene  1 2 13 -2.2978783104820333 0 169.0 -2.2978783104820333 1
gene  1 3 13 -1.7671760172352502 0 170.0 -1.7671760172352502 1
gene  1 6 13 -4.9772478161123885 0 173.0 -4.9772478161123885 1
gene  1 7 13 4.30018171452066 0 174.0 4.30018171452066 1
gene  1 9 13 -0.5798238153959065 0 176.0 -0.5798238153959065 1
gene  1 13 13 -5.042718892257962 1 180.0 -5.042718892257962 1
gene  1 14 13 9.101577387558374 1 181.0 9.101577387558374 1
gene  1 1 14 -1.8799541688305146 0 182.0 -1.8799541688305146 1
gene  1 3 14 11.197035510116413 0 184.0 11.197035510116413 1
gene  1 9 14 0.5142810026552529 0 190.0 0.5142810026552529 1
gene  1 10 14 -1.9866259347221906 0 191.0 -1.9866259347221906 1
gene  1 8 13 0.544464537170544 0 207.0 0.544464537170544 1
gene  1 1 10 3.72712084481242 0 226.0 3.72712084481242 1
gene  1 6 14 -0.6081283592317639 0 234.0 -0.6081283592317639 1
gene  1 8 28 0.6520610129519355 1 293.0 0.6520610129519355 1
gene  1 28 8 0.8074282010561371 0 294.0 0.8074282010561371 1
gene  1 8 9 -0.6160920773245709 0 328.0 -0.6160920773245709 1
genomeend 7
genomestart  8
trait 1 1.3246046552763442 0.0 0.0 0.876858839596525 0.8918704007246525 0.4004553947000543 0.4130893652942357 0.0 
node 1 1 1 1
node 2 1 1 1
node 3 1 1 1
node 4 1 1 1
node 5 1 1 1
node 6 1 1 1
node 7 1 1 3
node 8 1 0 0
node 9 1 0 0
node 10 1 0 0
node 13 1 0 2
node 14 1 0 2
node 28 1 0 0
gene  1 1 8 5.95319100649413 0 98.0 5.95319100649413 1
gene  1 3 8 4.5230369328258 0 100.0 4.5230369328258 1
gene  1 5 8 17.66566133452174 0 102.0 17.66566133452174 1
gene  1 6 8 4.135157512400395 0 103.0 4.135157512400395 1
gene  1 8 8 4.959349486472449 1 105.0 4.959349486472449 1
gene  1 1 9 0.5529278368998283 0 112.0 0.5529278368998283 1
gene  1 2 9 3.9961889464648985 0 113.0 3.9961889464648985 1
gene  1 3 9 5.605544837250389 0 114.0 5.605544837250389 1
gene  1 5 9 -3.9300149517035807 0 116.0 -3.9300149517035807 1
gene  1 7 9 4.785894786312161 0 118.0 4.785894786312161 1
gene  1 9 9 0.008935997098438175 1 120.0 0.008935997098438175 1
gene  1 10 9 3.3029964007074413 1 121.0 3.3029964007074413 1
gene  1 13 9 7.098044070878595 1 124.0 7.098044070878595 1
gene  1 2 10 2.1463833342300305 0 127.0 2.1463833342300305 1
gene  1 4 10 -6.836231393924217 0 129.0 -6.836231393924217 1
gene  1 5 10 -7.969822630696451 0 130.0 -7.969822630696451 1
gene  1 8 10 6.270449046343483 0 133.0 6.270449046343483 1
gene  1 9 10 -6.9482644928596775 0 134.0 -6.9482644928596775 1
gene  1 10 10 -1.0287594053188232 1 135.0 -1.0287594053188232 1
gene  1 13 10 -6.9339919601909195 1 138.0 -6.9339919601909195 1
gene  1 14 10 5.782830171647765 1 139.0 5.782830171647765 1
gene  1 2 13 0.5107173394120648 0 169.0 0.5107173394120648 1
gene  1 3 13 -2.731850215182746 0 170.0 -2.731850215182746 1
gene  1 6 13 -6.928238997335582 0 173.0 -6.928238997335582 1
gene  1 7 13 8.18713701049493 0 174.0 8.18713701049493 1
gene  1 9 13 -1.4067875249318762 0 176.0 -1.4067875249318762 1
gene  1 13 13 -6.355284786951991 1 180.0 -6.355284786951991 1
gene  1 14 13 10.662139282845057 1 181.0 10.662139282845057 1
gene  1 1 14 -0.14817882319211506 0 182.0 -0.14817882319211506 1
gene  1 3 14 11.93646683403802 0 184.0 11.93646683403802 1
gene  1 9 14 2.5659404865953026 0 190.0 2.5659404865953026 1
gene  1 10 14 -0.4413322765982157 0 191.0 -0.4413322765982157 1
gene  1 8 13 -0.34737280183516017 0 207.0 -0.34737280183516017 1
gene  1 1 10 5.868329014671355 0 226.0 5.868329014671355 1
gene  1 6 14 -1.5138380877423279 0 234.0 -1.5138380877423279 1
gene  1 8 28 -0.40411250786963504 1 293.0 -0.40411250786963504 1
gene  1 28 8 0.11127091941088474 0 294.0 0.11127091941088474 1
gene  1 8 9 -2.0961147384643386 0 328.0 -2.0961147384643386 1
genomeend 8
genomestart  9
trait 1 1.3246046552763442 0.0 0.0 0.876858839596525 0.8918704007246525 0.4004553947000543 0.4130893652942357 0.0 
node 1 1 1 1
node 2 1 1 1
node 3 1 1 1
node 4 1 1 1
node 5 1 1 1
node 6 1 1 1
node 7 1 1 3
node 8 1 0 0
node 9 1 0 0
node 10 1 0 0
node 13 1 0 2
node 14 1 0 2
node 28 1 0 0
gene  1 1 8 5.077283373290067 0 98.0 5.077283373290067 1
gene  1 3 8 6.265577273564765 0 100.0 6.265577273564765 1
gene  1 5 8 16.808761805081666 0 102.0 16.808761805081666 1
gene  1 6 8 3.000327877804709 0 103.0 3.000327877804709 1
gene  1 8 8 3.242675404849513 1 105.0 3.242675404849513 1
gene  1 1 9 3.6637204203974787 0 112.0 3.6637204203974787 1
gene  1 2 9 3.925595849043981 0 113.0 3.925595849043981 1
gene  1 3 9 0.3045087586813583 0 114.0 0.3045087586813583 1
gene  1 5 9 -3.6517785359520665 0 116.0 -3.6517785359520665 1
gene  1 7 9 -2.3003201264409094 0 118.0 -2.3003201264409094 1
gene  1 9 9 -0.5332683960629105 1 120.0 -0.5332683960629105 1
gene  1 10 9 -0.15162319272109315 1 121.0 -0.15162319272109315 1
gene  1 13 9 5.125662382085659 1 124.0 5.125662382085659 1
gene  1 2 10 -1.4604795900707201 0 127.0 -1.4604795900707201 1
gene  1 4 10 1.0636789860398728 0 129.0 1.0636789860398728 1
gene  1 5 10 -9.963960503807408 0 130.0 -9.963960503807408 1
gene  1 8 10 0.6844241434014686 0 133.0 0.6844241434014686 1
gene  1 9 10 -5.988500549693451 0 134.0 -5.988500549693451 1
gene  1 10 10 -0.0282881529079948 1 135.0 -0.0282881529079948 1
gene  1 13 10 -5.950250380729406 1 138.0 -5.950250380729406 1
gene  1 14 10 2.2382906011737376 1 139.0 2.2382906011737376 1
gene  1 2 13 -2.237411526602127 0 169.0 -2.237411526602127 1
gene  1 3 13 0.2376387889350462 0 170.0 0.2376387889350462 1
gene  1 6 13 -5.100082617619526 0 173.0 -5.100082617619526 1
gene  1 7 13 6.0305411684054535 0 174.0 6.0305411684054535 1
gene  1 9 13 -0.348203945891425 0 176.0 -0.348203945891425 1
gene  1 13 13 -5.751963678436437 1 180.0 -5.751963678436437 1
gene  1 14 13 2.431950308533236 1 181.0 2.431950308533236 1
gene  1 1 14 0.44353889486523346 0 182.0 0.44353889486523346 1
gene  1 3 14 11.397674928883898 0 184.0 11.397674928883898 1
gene  1 9 14 0.35670850211498273 0 190.0 0.35670850211498273 1
gene  1 10 14 1.9809949953246957 0 191.0 1.9809949953246957 1
gene  1 8 13 -0.3908387391625612 0 207.0 -0.3908387391625612 1
gene  1 1 10 4.989622677588358 0 226.0 4.989622677588358 1
gene  1 6 14 2.4983281291000923 0 234.0 2.4983281291000923 1
gene  1 8 28 3.238286478748293 1 293.0 3.238286478748293 1
gene  1 28 8 1.8644297211770031 0 294.0 1.8644297211770031 1
gene  1 8 9 -3.28872185943923 0 328.0 -3.28872185943923 1
genomeend 9
genomestart  10
trait 1 0.0 0.0 0.0 0.4381130679433708 1.1905783516961135 0.5894393928717271 0.0 1.1223712917930246 
node 1 1 1 1
node 2 1 1 1
node 3 1 1 1
node 4 1 1 1
node 5 1 1 1
node 6 1 1 1
node 7 1 1 3
node 8 1 0 0
node 13 1 0 2
node 14 1 0 2
node 22 1 0 0
node 25 1 0 0
node 29 1 0 0
gene  1 1 8 8.976531235881701 0 98.0 8.976531235881701 1
gene  1 3 8 0.7083747749487678 0 100.0 0.7083747749487678 1
gene  1 4 8 -1.3119173846162095 0 101.0 -1.3119173846162095 1
gene  1 5 8 4.1125401030727256 0 102.0 4.1125401030727256 1
gene  1 6 8 13.836907885686285 0 103.0 13.836907885686285 1
gene  1 8 8 -2.598179466070717 1 105.0 -2.598179466070717 1
gene  1 1 13 1.5729162634432312 0 168.0 1.5729162634432312 1
gene  1 5 13 3.138233436835851 0 172.0 3.138233436835851 1
gene  1 13 13 -0.9148791721666675 1 180.0 -0.9148791721666675 1
gene  1 14 13 1.6547232293140148 1 181.0 1.6547232293140148 1
gene  1 2 14 0.08355285589365335 0 183.0 0.08355285589365335 1
gene  1 3 14 0.6039448068433706 0 184.0 0.6039448068433706 1
gene  1 5 14 2.4430579525677434 0 186.0 2.4430579525677434 1
gene  1 7 14 0.17571799588922132 0 188.0 0.17571799588922132 1
gene  1 8 14 1.046289684400036 0 189.0 1.046289684400036 1
gene  1 13 14 2.3994935091451213 0 194.0 2.3994935091451213 1
gene  1 2 13 15.69122180291874 0 236.0 15.69122180291874 1
gene  1 8 22 1.5092107153049927 0 240.0 1.5092107153049927 1
gene  1 22 14 1.1270602576929314 0 241.0 1.1270602576929314 1
gene  1 1 22 4.475926972024922 0 245.0 4.475926972024922 1
gene  1 13 8 1.7924993583219586 0 257.0 1.7924993583219586 1
gene  1 5 22 -5.093081528483413 0 265.0 -5.093081528483413 1
gene  1 1 25 -2.724999141232919 0 279.0 -2.724999141232919 1
gene  1 25 8 -4.1540866649654795 0 280.0 -4.1540866649654795 1
gene  1 8 29 -2.599851895424286 0 297.0 -2.599851895424286 1
gene  1 29 14 6.283891489168013 0 298.0 6.283891489168013 1
gene  1 1 14 -4.837238573821001 0 312.0 -4.837238573821001 1
gene  1 2 29 -2.2409451395729336 0 330.0 -2.2409451395729336 1
gene  1 5 25 2.7903496813342987 0 343.0 2.7903496813342987 1
genomeend 10
genomestart  11
trait 1 0.0 0.0 0.0 0.4381130679433708 1.1905783516961135 0.5894393928717271 0.0 1.1223712917930246 
node 1 1 1 1
node 2 1 1 1
node 3 1 1 1
node 4 1 1 1
node 5 1 1 1
node 6 1 1 1
node 7 1 1 3
node 8 1 0 0
node 13 1 0 2
node 14 1 0 2
node 22 1 0 0
node 25 1 0 0
node 29 1 0 0
gene  1 1 8 4.45813740964169 0 98.0 4.45813740964169 1
gene  1 3 8 2.7931113550585493 0 100.0 2.7931113550585493 1
gene  1 4 8 -0.7151575923446127 0 101.0 -0.7151575923446127 1
gene  1 5 8 3.287763692848637 0 102.0 3.287763692848637 1
gene  1 6 8 15.250888607565411 0 103.0 15.250888607565411 1
gene  1 8 8 1.9361506515687175 1 105.0 1.9361506515687175 1
gene  1 1 13 1.3704606573431488 0 168.0 1.3704606573431488 1
gene  1 5 13 6.462326644999089 0 172.0 6.462326644999089 1
gene  1 13 13 -1.930223593855115 1 180.0 -1.930223593855115 1
gene  1 14 13 -0.4589645477019104 1 181.0 -0.4589645477019104 1
gene  1 2 14 2.049499875870888 0 183.0 2.049499875870888 1
gene  1 3 14 -1.749758049924818 0 184.0 -1.749758049924818 1
gene  1 5 14 0.8573555197336484 0 186.0 0.8573555197336484 1
gene  1 7 14 -0.28187354967816747 0 188.0 -0.28187354967816747 1
gene  1 8 14 -1.368782010821005 0 189.0 -1.368782010821005 1
gene  1 13 14 -1.8290133215003932 0 194.0 -1.8290133215003932 1
gene  1 2 13 14.450640122112327 0 236.0 14.450640122112327 1
gene  1 8 22 -12.001014199775291 0 240.0 -12.001014199775291 1
gene  1 22 14 0.6278211243562148 0 241.0 0.6278211243562148 1
gene  1 1 22 2.0989392987184554 0 245.0 2.0989392987184554 1
gene  1 13 8 0.8859532436573763 0 257.0 0.8859532436573763 1
gene  1 5 22 -4.32878592337547 0 265.0 -4.32878592337547 1
gene  1 1 25 -3.3313192907380413 0 279.0 -3.3313192907380413 1
gene  1 25 8 -6.407454491100731 0 280.0 -6.407454491100731 1
gene  1 8 29 -1.8369597608432284 0 297.0 -1.8369597608432284 1
gene  1 29 14 2.9153881172763585 0 298.0 2.9153881172763585 1
gene  1 1 14 -3.607824387538475 0 312.0 -3.607824387538475 1
gene  1 2 29 0.22113369701416463 0 330.0 0.22113369701416463 1
gene  1 5 25 0.9929063435986674 0 343.0 0.9929063435986674 1
genomeend 11
genomestart  12
trait 1 0.0 0.15517796804547568 0.15129359452277458 0.2528998957768447 0.0 0.8778085804841863 1.106386715936813 0.19246702122178583 
node 1 1 1 1
node 2 1 1 1
node 3 1 1 1
node 4 1 1 1
node 5 1 1 1
node 6 1 1 1
node 7 1 1 3
node 13 1 0 2
node 14 1 0 2
gene  1 1 13 2.2119676551813576 0 168.0 2.2119676551813576 1
gene  1 2 13 -0.4804989332417966 0 169.0 -0.4804989332417966 1
gene  1 3 13 0.24187163779034127 0 170.0 0.24187163779034127 1
gene  1 4 13 3.396961814213698 0 171.0 3.396961814213698 1
gene  1 5 13 1.1380141876625982 0 172.0 1.1380141876625982 1
gene  1 6 13 -3.7825235411983678 0 173.0 -3.7825235411983678 1
gene  1 7 13 -4.213981213557279 0 174.0 -4.213981213557279 1
gene  1 14 13 1.9059788744657173 1 181.0 1.9059788744657173 1
gene  1 1 14 -4.113876479155089 0 182.0 -4.113876479155089 1
gene  1 2 14 2.6972470292024506 0 183.0 2.6972470292024506 1
gene  1 3 14 -7.775034231346975 0 184.0 -7.775034231346975 1
gene  1 13 14 0.5240633001564564 0 194.0 0.5240633001564564 1
gene  1 14 14 -2.535091233549042 1 195.0 -2.535091233549042 1
gene  1 7 14 2.8974201388533816 0 273.0 2.8974201388533816 1
gene  1 4 14 -2.554343623967249 0 283.0 -2.554343623967249 1
gene  1 5 14 -2.4797189840921177 0 303.0 -2.4797189840921177 1
gene  1 6 14 -3.6616914625280397 0 307.0 -3.6616914625280397 1
genomeend 12
genomestart  13
trait 1 0.0 0.15517796804547568 0.15129359452277458 0.2528998957768447 0.0 0.8778085804841863 1.106386715936813 0.19246702122178583 
node 1 1 1 1
node 2 1 1 1
node 3 1 1 1
node 4 1 1 1
node 5 1 1 1
node 6 1 1 1
node 7 1 1 3
node 13 1 0 2
node 14 1 0 2
gene  1 1 13 8.578718790765805 0 168.0 8.578718790765805 1
gene  1 2 13 0.6651127567721863 0 169.0 0.6651127567721863 1
gene  1 3 13 -15.09408134878378 0 170.0 -15.09408134878378 1
gene  1 4 13 3.35460384256838 0 171.0 3.35460384256838 1
gene  1 5 13 4.875321452025861 0 172.0 4.875321452025861 1
gene  1 6 13 1.4243824838737063 0 173.0 1.4243824838737063 1
gene  1 7 13 -4.416720024838822 0 174.0 -4.416720024838822 1
gene  1 14 13 1.9059788744657173 1 181.0 1.9059788744657173 1
gene  1 1 14 -4.91394022181628 0 182.0 -4.91394022181628 1
gene  1 2 14 -2.243494784488644 0 183.0 -2.243494784488644 1
gene  1 3 14 -4.758115831840845 0 184.0 -4.758115831840845 1
gene  1 13 14 0.8033754907365677 0 194.0 0.8033754907365677 1
gene  1 14 14 -2.3651051234933673 1 195.0 -2.3651051234933673 1
gene  1 7 14 0.7396366033501167 0 273.0 0.7396366033501167 1
gene  1 4 14 -0.7921832152706718 0 283.0 -0.7921832152706718 1
gene  1 5 14 -4.213001748854101 0 303.0 -4.213001748854101 1
gene  1 6 14 -2.49163319965858 0 307.0 -2.49163319965858 1
genomeend 13
genomestart  14
trait 1 0.0 0.15517796804547568 0.15129359452277458 0.2528998957768447 0.0 0.8778085804841863 1.106386715936813 0.19246702122178583 
node 1 1 1 1
node 2 1 1 1
node 3 1 1 1
node 4 1 1 1
node 5 1 1 1
node 6 1 1 1
node 7 1 1 3
node 13 1 0 2
node 14 1 0 2
gene  1 1 13 -0.7728947279833726 0 168.0 -0.7728947279833726 1
gene  1 2 13 -0.12552905170408463 0 169.0 -0.12552905170408463 1
gene  1 3 13 -11.980572240278793 0 170.0 -11.980572240278793 1
gene  1 4 13 1.4715180064380537 0 171.0 1.4715180064380537 1
gene  1 5 13 1.655936265570381 0 172.0 1.655936265570381 1
gene  1 6 13 -6.684160941276184 0 173.0 -6.684160941276184 1
gene  1 7 13 -1.229940131090981 0 174.0 -1.229940131090981 1
gene  1 14 13 0.5168497503632319 1 181.0 0.5168497503632319 1
gene  1 1 14 -5.735946482446417 0 182.0 -5.735946482446417 1
gene  1 2 14 1.3068804707823634 0 183.0 1.3068804707823634 1
gene  1 3 14 -4.789784529913855 0 184.0 -4.789784529913855 1
gene  1 13 14 -1.7073261603930723 0 194.0 -1.7073261603930723 1
gene  1 14 14 -0.34441928944844924 1 195.0 -0.34441928944844924 1
gene  1 7 14 3.2267504592465075 0 273.0 3.2267504592465075 1
gene  1 4 14 -0.6776522112581176 0 283.0 -0.6776522112581176 1
gene  1 5 14 -0.11737078333705009 0 303.0 -0.11737078333705009 1
gene  1 6 14 -6.605884664942643 0 307.0 -6.605884664942643 1
genomeend 14
genomestart  15
trait 1 0.731715373568969 0.5319433208524987 0.8875428902212121 1.0172554146688002 0.2545070174269727 0.6799681748259421 0.0 0.0 
node 1 1 1 1
node 2 1 1 1
node 3 1 1 1
node 4 1 1 1
node 5 1 1 1
node 6 1 1 1
node 7 1 1 3
node 8 1 0 0
node 9 1 0 0
node 13 1 0 2
node 14 1 0 2
node 20 1 0 0
node 40 1 0 0
gene  1 1 8 0.2205846877956415 0 98.0 0.2205846877956415 1
gene  1 2 8 1.641023896792614 0 99.0 1.641023896792614 1
gene  1 3 8 3.636135849602659 0 100.0 3.636135849602659 1
gene  1 6 8 3.106078306577736 0 103.0 3.106078306577736 1
gene  1 8 8 -3.012631550122334 1 105.0 -3.012631550122334 1
gene  1 9 8 2.0041378717319596 1 106.0 2.0041378717319596 1
gene  1 13 8 0.2802348489553885 1 110.0 0.2802348489553885 1
gene  1 14 8 -5.6477884398030795 1 111.0 -5.6477884398030795 1
gene  1 1 9 5.200669338179043 0 112.0 5.200669338179043 1
gene  1 4 9 -3.158583304474477 0 115.0 -3.158583304474477 1
gene  1 5 9 3.5744933749608556 0 116.0 3.5744933749608556 1
gene  1 7 9 -2.111506955226405 0 118.0 -2.111506955226405 1
gene  1 9 9 0.38163435839176874 1 120.0 0.38163435839176874 1
gene  1 14 9 -2.7992127311960893 1 125.0 -2.7992127311960893 1
gene  1 2 13 -10.190896595115236 0 169.0 -10.190896595115236 1
gene  1 5 13 -2.398156719512171 0 172.0 -2.398156719512171 1
gene  1 8 13 -2.2255339283159383 0 175.0 -2.2255339283159383 1
gene  1 1 14 1.170918495362531 0 182.0 1.170918495362531 1
gene  1 2 14 10.938612106973231 0 183.0 10.938612106973231 1
gene  1 3 14 0.5072525867237327 0 184.0 0.5072525867237327 1
gene  1 6 14 17.179384829131493 0 187.0 17.179384829131493 1
gene  1 13 14 8.356930340624956 0 194.0 8.356930340624956 0
gene  1 14 14 -2.236274868029335 1 195.0 -2.236274868029335 1
gene  1 5 8 -1.5291680043309162 0 202.0 -1.5291680043309162 1
gene  1 4 13 -0.35762888596273296 0 220.0 -0.35762888596273296 1
gene  1 1 20 -2.587966903172095 0 231.0 -2.587966903172095 1
gene  1 20 14 0.8422952448311605 0 232.0 0.8422952448311605 1
gene  1 1 13 7.754186619286731 0 329.0 7.754186619286731 1
gene  1 13 20 -9.618717159359434 0 337.0 -9.618717159359434 1
gene  1 4 20 1.8889224627139036 0 339.0 1.8889224627139036 1
gene  1 13 40 1.0 0 346.0 0.0 1
gene  1 40 14 8.356930340624956 0 347.0 0.0 1
genomeend 15
genomestart  16
trait 1 0.731715373568969 0.5319433208524987 0.8875428902212121 1.0172554146688002 0.2545070174269727 0.6799681748259421 0.0 0.0 
node 1 1 1 1
node 2 1 1 1
node 3 1 1 1
node 4 1 1 1
node 5 1 1 1
node 6 1 1 1
node 7 1 1 3
node 8 1 0 0
node 9 1 0 0
node 13 1 0 2
node 14 1 0 2
node 20 1 0 0
gene  1 1 8 1.5039271119813529 0 98.0 1.5039271119813529 1
gene  1 2 8 0.7450313231171004 0 99.0 0.7450313231171004 1
gene  1 3 8 5.164907690549082 0 100.0 5.164907690549082 1
gene  1 6 8 5.371710591964504 0 103.0 5.371710591964504 1
gene  1 8 8 -4.900850592038925 1 105.0 -4.900850592038925 1
gene  1 9 8 3.177103939752837 1 106.0 3.177103939752837 1
gene  1 13 8 -1.2693881372129325 1 110.0 -1.2693881372129325 1
gene  1 14 8 -4.226709156839535 1 111.0 -4.226709156839535 1
gene  1 1 9 5.5935654995255994 0 112.0 5.5935654995255994 1
gene  1 4 9 -5.605838728542459 0 115.0 -5.605838728542459 1
gene  1 5 9 2.856909614689322 0 116.0 2.856909614689322 1
gene  1 7 9 -3.3390543479663437 0 118.0 -3.3390543479663437 1
gene  1 9 9 -1.926856255148841 1 120.0 -1.926856255148841 1
gene  1 14 9 -5.06488002118466 1 125.0 -5.06488002118466 1
gene  1 2 13 -9.385512557019092 0 169.0 -9.385512557019092 1
gene  1 5 13 -1.100703358287116 0 172.0 -1.100703358287116 1
gene  1 8 13 -2.9281311179876015 0 175.0 -2.9281311179876015 1
gene  1 1 14 0.07531550062361525 0 182.0 0.07531550062361525 1
gene  1 2 14 12.048522200578525 0 183.0 12.048522200578525 1
gene  1 3 14 0.3323522608158914 0 184.0 0.3323522608158914 1
gene  1 6 14 15.402677675423854 0 187.0 15.402677675423854 1
gene  1 13 14 6.195984473412761 0 194.0 6.195984473412761 1
gene  1 14 14 0.10744441339962307 1 195.0 0.10744441339962307 1
gene  1 5 8 -0.014673586980144648 0 202.0 -0.014673586980144648 1
gene  1 4 13 -2.1299853049252375 0 220.0 -2.1299853049252375 1
gene  1 1 20 1.4086302311533045 0 231.0 1.4086302311533045 1
gene  1 20 14 -1.7743195374597946 0 232.0 -1.7743195374597946 1
gene  1 1 13 7.2680177474825545 0 329.0 7.2680177474825545 1
gene  1 13 20 -7.511399812775553 0 337.0 -7.511399812775553 1
gene  1 4 20 1.8889224627139036 0 339.0 1.8889224627139036 1
genomeend 16
genomestart  17
trait 1 0.0 0.11820756667354415 1.6981216406750186 0.8164647912856297 1.4038797610568232 0.0 0.0 0.07895419735974474 
node 1 1 1 1
node 2 1 1 1
node 3 1 1 1
node 4 1 1 1
node 5 1 1 1
node 6 1 1 1
node 7 1 1 3
node 13 1 0 2
node 14 1 0 2
gene  1 1 13 1.8891460550801424 0 168.0 1.8891460550801424 1
gene  1 2 13 -13.906822484815594 0 169.0 -13.906822484815594 1
gene  1 5 13 -2.7424187021545317 0 172.0 -2.7424187021545317 1
gene  1 6 13 0.5143629993197139 0 173.0 0.5143629993197139 1
gene  1 7 13 2.583650098957201 0 174.0 2.583650098957201 1
gene  1 3 14 -0.5642454637825998 0 184.0 -0.5642454637825998 1
gene  1 4 14 3.0501678120880986 0 185.0 3.0501678120880986 1
gene  1 7 14 -3.389051129520291 0 188.0 -3.389051129520291 1
gene  1 13 14 11.811528280847483 0 194.0 11.811528280847483 1
gene  1 14 14 -2.4166020279167384 1 195.0 -2.4166020279167384 1
gene  1 4 13 -0.9840920347093991 0 235.0 -0.9840920347093991 1
gene  1 1 14 0.07687207293359988 0 242.0 0.07687207293359988 1
gene  1 5 14 2.13209832526726 0 319.0 2.13209832526726 1
genomeend 17
genomestart  18
trait 1 0.0 0.8507286365631731 0.8412243628926098 0.8164647912856297 0.6061681788876561 0.0 0.0 0.07895419735974474 
node 1 1 1 1
node 2 1 1 1
node 3 1 1 1
node 4 1 1 1
node 5 1 1 1
node 6 1 1 1
node 7 1 1 3
node 13 1 0 2
node 14 1 0 2
gene  1 1 13 1.8845297430888792 0 168.0 1.8845297430888792 1
gene  1 2 13 -16.088442683419718 0 169.0 -16.088442683419718 1
gene  1 5 13 -2.9415244714523023 0 172.0 -2.9415244714523023 1
gene  1 6 13 0.9973810152551016 0 173.0 0.9973810152551016 1
gene  1 7 13 3.176616942900839 0 174.0 3.176616942900839 1
gene  1 3 14 0.10503528817936592 0 184.0 0.10503528817936592 1
gene  1 4 14 2.4021716914797357 0 185.0 2.4021716914797357 1
gene  1 7 14 -1.508413886948613 0 188.0 -1.508413886948613 1
gene  1 13 14 -2.2324544139880342 0 194.0 -2.2324544139880342 1
gene  1 14 14 -1.9299535555650866 1 195.0 -1.9299535555650866 1
gene  1 4 13 -2.128044794173837 0 235.0 -2.128044794173837 1
gene  1 1 14 1.645215109878085 0 242.0 1.645215109878085 1
gene  1 5 14 4.128499729113786 0 319.0 4.128499729113786 1
genomeend 18
genomestart  19
trait 1 0.0 0.8507286365631731 0.8412243628926098 0.8164647912856297 0.6061681788876561 0.0 0.0 0.07895419735974474 
node 1 1 1 1
node 2 1 1 1
node 3 1 1 1
node 4 1 1 1
node 5 1 1 1
node 6 1 1 1
node 7 1 1 3
node 13 1 0 2
node 14 1 0 2
gene  1 1 13 3.798887723979367 0 168.0 3.798887723979367 1
gene  1 2 13 -11.125683669600893 0 169.0 -11.125683669600893 1
gene  1 5 13 -3.3866358949211826 0 172.0 -3.3866358949211826 1
gene  1 6 13 0.9039215398240513 0 173.0 0.9039215398240513 1
gene  1 7 13 3.319277151982337 0 174.0 3.319277151982337 1
gene  1 3 14 -1.748004173477173 0 184.0 -1.748004173477173 1
gene  1 4 14 2.483710775247632 0 185.0 2.483710775247632 1
gene  1 7 14 -4.586227148503083 0 188.0 -4.586227148503083 1
gene  1 13 14 11.666151155032392 0 194.0 11.666151155032392 1
gene  1 14 14 -3.3371292582854446 1 195.0 -3.3371292582854446 1
gene  1 4 13 -1.5625798880584074 0 235.0 -1.5625798880584074 1
gene  1 1 14 2.074079598870157 0 242.0 2.074079598870157 1
gene  1 5 14 2.2956666983073446 0 319.0 2.2956666983073446 1
genomeend 19
