genomestart  0
trait 1 0.12236385032328645 0.11996509262718169 0.0 1.2348572107762614 0.0 1.3168578850843018 1.0590140864502917 1.7905313975538821 
node 1 1 1 1
node 2 1 1 1
node 3 1 1 1
node 4 1 1 1
node 5 1 1 1
node 6 1 1 1
node 7 1 1 3
node 13 1 0 2
node 14 1 0 2
node 33 1 0 0
node 48 1 0 0
node 55 1 0 0
node 61 1 0 0
gene  1 2 13 4.7164161707794845 0 169.0 4.7164161707794845 1
gene  1 3 13 -1.5154567153935676 0 170.0 -1.5154567153935676 1
gene  1 4 13 1.6923368205539564 0 171.0 1.6923368205539564 1
gene  1 6 13 1.4952559979014752 0 173.0 1.4952559979014752 1
gene  1 7 13 -1.4750736387111343 0 174.0 -1.4750736387111343 1
gene  1 13 13 -0.06808449950310963 1 180.0 -0.06808449950310963 1
gene  1 1 14 4.123023404050594 0 182.0 4.123023404050594 1
gene  1 2 14 -0.6469660161405217 0 183.0 -0.6469660161405217 1
gene  1 5 14 -4.416248509128884 0 186.0 -4.416248509128884 1
gene  1 6 14 3.1504431052329593 0 187.0 3.1504431052329593 1
gene  1 7 14 -6.594960120862816 0 188.0 -6.594960120862816 1
gene  1 13 14 -4.088717668630017 0 194.0 -4.088717668630017 1
gene  1 14 14 1.1665119589539703 1 195.0 1.1665119589539703 1
gene  1 4 14 0.6883541150748426 0 196.0 0.6883541150748426 1
gene  1 1 13 -5.471791097739396 0 216.0 -5.471791097739396 1
gene  1 1 33 1.5001333873459648 0 313.0 1.5001333873459648 1
gene  1 33 14 -9.151567008603188 0 314.0 -9.151567008603188 1
gene  1 14 48 1.2329803325394524 1 379.0 1.2329803325394524 1
gene  1 48 14 -0.8790480916480448 0 380.0 -0.8790480916480448 1
gene  1 48 33 -3.329845189245595 0 381.0 -3.329845189245595 1
gene  1 4 33 1.695056118465396 0 384.0 1.695056118465396 1
gene  1 13 55 1.7104969273466935 0 407.0 1.7104969273466935 1
gene  1 55 14 9.132798238861392 0 408.0 9.132798238861392 1
gene  1 2 33 -4.923684862952246 0 425.0 -4.923684862952246 1
gene  1 13 33 -1.0556587111633404 0 427.0 -1.0556587111633404 1
gene  1 5 13 -2.19938243635212 0 436.0 -2.19938243635212 1
gene  1 7 33 6.335737697508453 0 465.0 6.335737697508453 1
gene  1 2 61 2.6500491784178024 0 466.0 2.6500491784178024 1
gene  1 61 33 0.4036420109575334 0 467.0 0.4036420109575334 1
genomeend 0
genomestart  1
trait 1 0.12236385032328645 0.11996509262718169 0.0 1.2348572107762614 0.0 1.3168578850843018 1.0590140864502917 1.7905313975538821 
node 1 1 1 1
node 2 1 1 1
node 3 1 1 1
node 4 1 1 1
node 5 1 1 1
node 6 1 1 1
node 7 1 1 3
node 13 1 0 2
node 14 1 0 2
node 33 1 0 0
node 48 1 0 0
node 55 1 0 0
node 61 1 0 0
gene  1 2 13 3.9969704914090327 0 169.0 3.9969704914090327 1
gene  1 3 13 -4.467766583302182 0 170.0 -4.467766583302182 1
gene  1 4 13 4.179870247498347 0 171.0 4.179870247498347 1
gene  1 6 13 -1.0374042705419115 0 173.0 -1.0374042705419115 1
gene  1 7 13 -0.0692213921845995 0 174.0 -0.0692213921845995 1
gene  1 13 13 1.2971932146524954 1 180.0 1.2971932146524954 1
gene  1 1 14 2.499470815120665 0 182.0 2.499470815120665 1
gene  1 2 14 1.1186910451224163 0 183.0 1.1186910451224163 1
gene  1 5 14 -1.5105153876557487 0 186.0 -1.5105153876557487 1
gene  1 6 14 2.9051650850650486 0 187.0 2.9051650850650486 1
gene  1 7 14 -5.902157015102724 0 188.0 -5.902157015102724 1
gene  1 13 14 -2.9279708122523367 0 194.0 -2.9279708122523367 1
gene  1 14 14 1.2851259936466461 1 195.0 1.2851259936466461 1
gene  1 4 14 0.032228717643685845 0 196.0 0.032228717643685845 1
gene  1 1 13 -6.530993002743948 0 216.0 -6.530993002743948 1
gene  1 1 33 -1.400209436017167 0 313.0 -1.400209436017167 1
gene  1 33 14 -8.60707801471306 0 314.0 -8.60707801471306 1
gene  1 14 48 -0.4875808735467013 1 379.0 -0.4875808735467013 1
gene  1 48 14 -1.977099813486136 0 380.0 -1.977099813486136 1
gene  1 48 33 -5.166934435677377 0 381.0 -5.166934435677377 1
gene  1 4 33 1.0236543986800748 0 384.0 1.0236543986800748 1
gene  1 13 55 0.2355122813210886 0 407.0 0.2355122813210886 1
gene  1 55 14 5.306469117910843 0 408.0 5.306469117910843 1
gene  1 2 33 -5.2038859978493734 0 425.0 -5.2038859978493734 1
gene  1 13 33 -3.2553754564071467 0 427.0 -3.2553754564071467 1
gene  1 5 13 -0.7254900197038159 0 436.0 -0.7254900197038159 1
gene  1 7 33 5.6286357380290175 0 465.0 5.6286357380290175 1
gene  1 2 61 4.463801151364548 0 466.0 4.463801151364548 1
gene  1 61 33 1.7203556856753035 0 467.0 1.7203556856753035 1
genomeend 1
genomestart  2
trait 1 0.26937214532678067 0.0 1.896310652799719 1.0664206773141058 1.8651080668398228 0.9057529697611906 1.2186392275033897 1.6429921308966946 
node 1 1 1 1
node 2 1 1 1
node 3 1 1 1
node 4 1 1 1
node 5 1 1 1
node 6 1 1 1
node 7 1 1 3
node 13 1 0 2
node 14 1 0 2
node 21 1 0 0
node 24 1 0 0
node 34 1 0 0
node 67 1 0 0
node 72 1 0 0
node 78 1 0 0
gene  1 1 13 7.163236162842953 0 168.0 7.163236162842953 0
gene  1 4 13 -2.823887708903899 0 171.0 -2.823887708903899 1
gene  1 5 13 -3.2383974947576637 0 172.0 -3.2383974947576637 1
gene  1 7 13 0.5069282397326214 0 174.0 0.5069282397326214 1
gene  1 13 13 -1.6718610848464448 1 180.0 -1.6718610848464448 1
gene  1 2 14 0.18855753416270038 0 183.0 0.18855753416270038 1
gene  1 3 14 1.7876714824561803 0 184.0 1.7876714824561803 1
gene  1 6 14 -2.751771917847612 0 187.0 -2.751771917847612 1
gene  1 13 14 -2.864450339862967 0 194.0 -2.864450339862967 1
gene  1 14 14 -0.013193241246537757 1 195.0 -0.013193241246537757 1
gene  1 6 13 -0.8474693961947977 0 205.0 -0.8474693961947977 1
gene  1 5 14 1.8408763509343684 0 223.0 1.8408763509343684 1
gene  1 3 13 -3.3910462966577954 0 229.0 -3.3910462966577954 1
gene  1 2 13 0.19732287155739603 0 233.0 0.19732287155739603 1
gene  1 1 21 17.520699570241774 0 238.0 17.520699570241774 1
gene  1 21 13 1.711755131355023 0 239.0 1.711755131355023 1
gene  1 5 21 1.375270344998761 0 253.0 1.375270344998761 1
gene  1 3 21 -0.39958189541102107 0 270.0 -0.39958189541102107 1
gene  1 1 24 -2.7735362820344482 0 275.0 -2.7735362820344482 1
gene  1 24 13 1.5161385725309728 0 276.0 1.5161385725309728 1
gene  1 3 34 2.185435499680425 0 315.0 2.185435499680425 1
gene  1 34 14 0.8981937835531388 0 316.0 0.8981937835531388 0
gene  1 3 24 -2.382489466607108 0 324.0 -2.382489466607108 1
gene  1 2 21 -6.254344858367283 0 350.0 -6.254344858367283 1
gene  1 34 13 -0.3398899961757329 0 355.0 -0.3398899961757329 1
gene  1 1 34 2.410638951086196 0 361.0 2.410638951086196 1
gene  1 7 14 -0.3859214845997694 0 388.0 -0.3859214845997694 1
gene  1 24 14 -5.646876565230353 0 468.0 -5.646876565230353 1
gene  1 34 67 -1.909812218105821 0 491.0 -1.909812218105821 1
gene  1 67 14 -0.6386541791090619 0 492.0 -0.6386541791090619 1
gene  1 1 72 -2.179376277670257 0 505.0 -2.179376277670257 1
gene  1 72 13 1.592153620115155 0 506.0 1.592153620115155 1
gene  1 1 78 2.126022938045907 0 530.0 2.126022938045907 1
gene  1 78 72 4.163879227516981 0 531.0 4.163879227516981 1
genomeend 2
genomestart  3
trait 1 0.26937214532678067 0.0 1.896310652799719 1.0664206773141058 1.8651080668398228 0.9057529697611906 1.2186392275033897 1.6429921308966946 
node 1 1 1 1
node 2 1 1 1
node 3 1 1 1
node 4 1 1 1
node 5 1 1 1
node 6 1 1 1
node 7 1 1 3
node 13 1 0 2
node 14 1 0 2
node 21 1 0 0
node 24 1 0 0
node 34 1 0 0
node 67 1 0 0
node 72 1 0 0
node 78 1 0 0
gene  1 1 13 3.836160105343701 0 168.0 3.836160105343701 0
gene  1 4 13 -3.1640604748742183 0 171.0 -3.1640604748742183 1
gene  1 5 13 1.3451071124491016 0 172.0 1.3451071124491016 1
gene  1 7 13 -1.1540396375610285 0 174.0 -1.1540396375610285 1
gene  1 13 13 -1.0251833749726922 1 180.0 -1.0251833749726922 1
gene  1 2 14 0.7155041298198326 0 183.0 0.7155041298198326 1
gene  1 3 14 2.76520965366309 0 184.0 2.76520965366309 1
gene  1 6 14 -2.3187847726310293 0 187.0 -2.3187847726310293 1
gene  1 13 14 -3.837404175155502 0 194.0 -3.837404175155502 1
gene  1 14 14 1.3027286469325632 1 195.0 1.3027286469325632 1
gene  1 6 13 3.7010588426239757 0 205.0 3.7010588426239757 1
gene  1 5 14 2.8116942198744255 0 223.0 2.8116942198744255 1
gene  1 3 13 -0.9677777382009609 0 229.0 -0.9677777382009609 1
gene  1 2 13 -2.207904169663678 0 233.0 -2.207904169663678 1
gene  1 1 21 16.815840594242772 0 238.0 16.815840594242772 1
gene  1 21 13 1.4772442153326144 0 239.0 1.4772442153326144 1
gene  1 5 21 -0.18814748594340375 0 253.0 -0.18814748594340375 1
gene  1 3 21 2.205784498610674 0 270.0 2.205784498610674 1
gene  1 1 24 0.6030168788783794 0 275.0 0.6030168788783794 1
gene  1 24 13 1.9362632718295454 0 276.0 1.9362632718295454 1
gene  1 3 34 2.1037780564181556 0 315.0 2.1037780564181556 1
gene  1 34 14 -1.2648399540223259 0 316.0 -1.2648399540223259 0
gene  1 3 24 -0.3633201030602553 0 324.0 -0.3633201030602553 1
gene  1 2 21 -4.376862223128351 0 350.0 -4.376862223128351 1
gene  1 34 13 -0.11621196975910131 0 355.0 -0.11621196975910131 1
gene  1 1 34 1.831575240583069 0 361.0 1.831575240583069 1
gene  1 7 14 1.2129703205056925 0 388.0 1.2129703205056925 1
gene  1 24 14 -6.524922730173572 0 468.0 -6.524922730173572 1
gene  1 34 67 2.1364518729302735 0 491.0 2.1364518729302735 1
gene  1 67 14 0.6893303431954504 0 492.0 0.6893303431954504 1
gene  1 1 72 -2.584759204753641 0 505.0 -2.584759204753641 1
gene  1 72 13 -0.7116934008166442 0 506.0 -0.7116934008166442 1
gene  1 1 78 1.190118749643635 0 530.0 1.190118749643635 1
gene  1 78 72 5.5678154390465195 0 531.0 5.5678154390465195 1
genomeend 3
genomestart  4
trait 1 0.26937214532678067 0.0 1.896310652799719 1.0664206773141058 1.8651080668398228 0.9057529697611906 1.2186392275033897 1.6429921308966946 
node 1 1 1 1
node 2 1 1 1
node 3 1 1 1
node 4 1 1 1
node 5 1 1 1
node 6 1 1 1
node 7 1 1 3
node 13 1 0 2
node 14 1 0 2
node 21 1 0 0
node 24 1 0 0
node 34 1 0 0
node 67 1 0 0
node 72 1 0 0
node 78 1 0 0
gene  1 1 13 6.007497294338695 0 168.0 6.007497294338695 0
gene  1 4 13 -1.2700932417149158 0 171.0 -1.2700932417149158 1
gene  1 5 13 -1.1500146581356585 0 172.0 -1.1500146581356585 1
gene  1 7 13 -1.19211172284268 0 174.0 -1.19211172284268 1
gene  1 13 13 -0.25047794605125073 1 180.0 -0.25047794605125073 1
gene  1 2 14 1.82193585011762 0 183.0 1.82193585011762 1
gene  1 3 14 1.969333045730509 0 184.0 1.969333045730509 1
gene  1 6 14 -0.7591123159316657 0 187.0 -0.7591123159316657 1
gene  1 13 14 -2.2491707243040358 0 194.0 -2.2491707243040358 1
gene  1 14 14 0.8263906784918117 1 195.0 0.8263906784918117 1
gene  1 6 13 1.376109007782246 0 205.0 1.376109007782246 1
gene  1 5 14 0.8823493226889861 0 223.0 0.8823493226889861 1
gene  1 3 13 -1.3960857097409571 0 229.0 -1.3960857097409571 1
gene  1 2 13 -1.698961809919932 0 233.0 -1.698961809919932 1
gene  1 1 21 15.055382650381077 0 238.0 15.055382650381077 1
gene  1 21 13 1.5902130678587227 0 239.0 1.5902130678587227 1
gene  1 5 21 0.33570534491711074 0 253.0 0.33570534491711074 1
gene  1 3 21 1.8210594535839577 0 270.0 1.8210594535839577 1
gene  1 1 24 -0.44192594725809764 0 275.0 -0.44192594725809764 1
gene  1 24 13 3.3864055135249993 0 276.0 3.3864055135249993 1
gene  1 3 34 2.9190728284626517 0 315.0 2.9190728284626517 1
gene  1 34 14 -0.48553087768440056 0 316.0 -0.48553087768440056 0
gene  1 3 24 -0.3802164342667427 0 324.0 -0.3802164342667427 1
gene  1 2 21 -4.607190083191114 0 350.0 -4.607190083191114 1
gene  1 34 13 0.7389066024453017 0 355.0 0.7389066024453017 1
gene  1 1 34 3.097068929539048 0 361.0 3.097068929539048 1
gene  1 7 14 1.4511937271514541 0 388.0 1.4511937271514541 1
gene  1 24 14 -7.6482052635947815 0 468.0 -7.6482052635947815 1
gene  1 34 67 0.45367572714333393 0 491.0 0.45367572714333393 1
gene  1 67 14 1.1725412831831292 0 492.0 1.1725412831831292 1
gene  1 1 72 -1.7405318490020227 0 505.0 -1.7405318490020227 1
gene  1 72 13 -1.9696930668140897 0 506.0 -1.9696930668140897 1
gene  1 1 78 1.190118749643635 0 530.0 1.190118749643635 1
gene  1 78 72 4.608026793100233 0 531.0 4.608026793100233 1
genomeend 4
genomestart  5
trait 1 0.7406206948073408 0.11168036512555457 0.0 2.5667145009496477 0.4651853155222945 0.0 0.0 0.7608726933702716 
node 1 1 1 1
node 2 1 1 1
node 3 1 1 1
node 4 1 1 1
node 5 1 1 1
node 6 1 1 1
node 7 1 1 3
node 8 1 0 0
node 13 1 0 2
node 14 1 0 2
node 39 1 0 0
node 42 1 0 0
node 51 1 0 0
node 68 1 0 0
node 77 1 0 0
gene  1 1 8 1.3423816916467461 0 98.0 1.3423816916467461 1
gene  1 2 8 0.2393233226135928 0 99.0 0.2393233226135928 1
gene  1 3 8 -2.8998703324142148 0 100.0 -2.8998703324142148 1
gene  1 4 8 -3.3169788922262957 0 101.0 -3.3169788922262957 1
gene  1 5 8 4.27274466275207 0 102.0 4.27274466275207 1
gene  1 6 8 4.100925972011298 0 103.0 4.100925972011298 1
gene  1 8 8 -2.1209237988140246 1 105.0 -2.1209237988140246 1
gene  1 13 8 -0.41877831589594994 1 110.0 -0.41877831589594994 1
gene  1 14 8 13.814242986156831 1 111.0 13.814242986156831 1
gene  1 3 13 1.4708077579911438 0 170.0 1.4708077579911438 1
gene  1 5 13 -0.27395630298974183 0 172.0 -0.27395630298974183 1
gene  1 7 13 3.287465732993706 0 174.0 3.287465732993706 1
gene  1 13 13 -0.6779658520120337 1 180.0 -0.6779658520120337 1
gene  1 2 14 -3.93818484242927 0 183.0 -3.93818484242927 1
gene  1 4 14 -2.6586481792169754 0 185.0 -2.6586481792169754 1
gene  1 6 14 1.1147853607627545 0 187.0 1.1147853607627545 1
gene  1 8 14 2.882059670492168 0 189.0 2.882059670492168 1
gene  1 13 14 9.531558443808818 0 194.0 9.531558443808818 1
gene  1 2 13 -3.883529807401862 0 213.0 -3.883529807401862 1
gene  1 4 13 4.187581586048061 0 230.0 4.187581586048061 1
gene  1 13 8 0.2155079818742449 0 244.0 0.2155079818742449 1
gene  1 7 14 2.6139117603724102 0 264.0 2.6139117603724102 1
gene  1 1 14 -4.933065024414632 0 299.0 -4.933065024414632 1
gene  1 5 14 -2.533449113954905 0 310.0 -2.533449113954905 1
gene  1 1 13 -3.263797100418743 0 311.0 -3.263797100418743 1
gene  1 13 39 -2.305764696681 0 344.0 -2.305764696681 1
gene  1 39 8 -2.777898200473108 0 345.0 -2.777898200473108 1
gene  1 6 13 -5.220822661357937 0 348.0 -5.220822661357937 1
gene  1 2 42 3.2022295561295433 0 359.0 3.2022295561295433 1
gene  1 42 14 5.191536675694794 0 360.0 5.191536675694794 1
gene  1 13 42 3.265650491428073 0 366.0 3.265650491428073 1
gene  1 5 51 -3.589090113568439 0 396.0 -3.589090113568439 1
gene  1 51 14 -0.6850384275010484 0 397.0 -0.6850384275010484 1
gene  1 6 42 2.1671440253313143 0 423.0 2.1671440253313143 1
gene  1 39 42 -3.561066723476892 0 426.0 -3.561066723476892 1
gene  1 51 13 2.149791907743598 0 475.0 2.149791907743598 1
gene  1 39 14 0.7459169934700433 0 476.0 0.7459169934700433 1
gene  1 5 39 -2.3499274132670465 0 485.0 -2.3499274132670465 1
gene  1 5 68 -0.9708453303397184 0 493.0 -0.9708453303397184 1
gene  1 68 39 -2.608487044853085 0 494.0 -2.608487044853085 1
gene  1 4 51 0.7867776804434898 0 514.0 0.7867776804434898 1
gene  1 39 77 6.41857073993686 0 528.0 6.41857073993686 1
gene  1 77 8 -2.2718518923839475 0 529.0 -2.2718518923839475 1
genomeend 5
genomestart  6
trait 1 0.7406206948073408 0.11168036512555457 0.0 2.5667145009496477 0.4651853155222945 0.0 0.0 0.7608726933702716 
node 1 1 1 1
node 2 1 1 1
node 3 1 1 1
node 4 1 1 1
node 5 1 1 1
node 6 1 1 1
node 7 1 1 3
node 8 1 0 0
node 13 1 0 2
node 14 1 0 2
node 39 1 0 0
node 42 1 0 0
node 51 1 0 0
node 68 1 0 0
node 77 1 0 0
gene  1 1 8 3.628402174307885 0 98.0 3.628402174307885 1
gene  1 2 8 -0.1570404266429719 0 99.0 -0.1570404266429719 1
gene  1 3 8 -0.9365495193280424 0 100.0 -0.9365495193280424 1
gene  1 4 8 -1.881227335418514 0 101.0 -1.881227335418514 1
gene  1 5 8 2.4350689646284014 0 102.0 2.4350689646284014 1
gene  1 6 8 1.8044221961440123 0 103.0 1.8044221961440123 1
gene  1 8 8 -1.3962048841608008 1 105.0 -1.3962048841608008 1
gene  1 13 8 0.6960522268312452 1 110.0 0.6960522268312452 1
gene  1 14 8 13.17322164600683 1 111.0 13.17322164600683 1
gene  1 3 13 2.477804509004857 0 170.0 2.477804509004857 1
gene  1 5 13 -1.1621235901846803 0 172.0 -1.1621235901846803 1
gene  1 7 13 3.8961660526551247 0 174.0 3.8961660526551247 1
gene  1 13 13 -3.0943299471501224 1 180.0 -3.0943299471501224 1
gene  1 2 14 -5.375377943724434 0 183.0 -5.375377943724434 1
gene  1 4 14 -0.3043073239296633 0 185.0 -0.3043073239296633 1
gene  1 6 14 -1.1872579321099235 0 187.0 -1.1872579321099235 1
gene  1 8 14 1.6502220341676237 0 189.0 1.6502220341676237 1
gene  1 13 14 7.8297501721873175 0 194.0 7.8297501721873175 1
gene  1 2 13 -5.305093726016279 0 213.0 -5.305093726016279 1
gene  1 4 13 4.305422501465993 0 230.0 4.305422501465993 1
gene  1 13 8 0.9052920562517301 0 244.0 0.9052920562517301 1
gene  1 7 14 1.662506665732008 0 264.0 1.662506665732008 1
gene  1 1 14 -6.150510304849381 0 299.0 -6.150510304849381 1
gene  1 5 14 -2.053488506943403 0 310.0 -2.053488506943403 1
gene  1 1 13 -1.077759248500701 0 311.0 -1.077759248500701 1
gene  1 13 39 -0.36971843330874243 0 344.0 -0.36971843330874243 1
gene  1 39 8 -2.1768191235405707 0 345.0 -2.1768191235405707 1
gene  1 6 13 -3.88653913440433 0 348.0 -3.88653913440433 1
gene  1 2 42 0.9261273259118694 0 359.0 0.9261273259118694 1
gene  1 42 14 6.669130320317387 0 360.0 6.669130320317387 1
gene  1 13 42 3.6361556941914044 0 366.0 3.6361556941914044 1
gene  1 5 51 -3.252287111270248 0 396.0 -3.252287111270248 1
gene  1 51 14 -0.7924370337417745 0 397.0 -0.7924370337417745 1
gene  1 6 42 0.22454336240440492 0 423.0 0.22454336240440492 1
gene  1 39 42 -1.290970749175357 0 426.0 -1.290970749175357 1
gene  1 51 13 2.149791907743598 0 475.0 2.149791907743598 1
gene  1 39 14 -0.3182406757718348 0 476.0 -0.3182406757718348 1
gene  1 5 39 -0.8975847954271288 0 485.0 -0.8975847954271288 1
gene  1 5 68 0.14624472602590233 0 493.0 0.14624472602590233 1
gene  1 68 39 -1.5522850020222838 0 494.0 -1.5522850020222838 1
gene  1 4 51 0.7867776804434898 0 514.0 0.7867776804434898 1
gene  1 39 77 5.417522449767094 0 528.0 5.417522449767094 1
gene  1 77 8 -2.2718518923839475 0 529.0 -2.2718518923839475 1
genomeend 6
genomestart  7
trait 1 2.732431393943948 0.0 0.0 0.798512545900133 0.9382603138953756 0.0 1.9280392103089152 0.8152719799274877 
node 1 1 1 1
node 2 1 1 1
node 3 1 1 1
node 4 1 1 1
node 5 1 1 1
node 6 1 1 1
node 7 1 1 3
node 8 1 0 0
node 9 1 0 0
node 10 1 0 0
node 13 1 0 2
node 14 1 0 2
node 28 1 0 0
node 41 1 0 0
node 43 1 0 0
node 47 1 0 0
node 62 1 0 0
gene  1 1 8 -8.550151793934727 0 98.0 -8.550151793934727 1
gene  1 3 8 0.5744473138538619 0 100.0 0.5744473138538619 1
gene  1 5 8 -4.97226786610464 0 102.0 -4.97226786610464 1
gene  1 6 8 -11.252918778603131 0 103.0 -11.252918778603131 1
gene  1 8 8 -6.085017136701689 1 105.0 -6.085017136701689 1
gene  1 1 9 5.1718312872121555 0 112.0 5.1718312872121555 1
gene  1 2 9 0.46648855158002817 0 113.0 0.46648855158002817 1
gene  1 3 9 5.796624951907064 0 114.0 5.796624951907064 1
gene  1 5 9 8.642999009968317 0 116.0 8.642999009968317 1
gene  1 7 9 -2.6291531747323567 0 118.0 -2.6291531747323567 1
gene  1 9 9 0.28517753942273405 1 120.0 0.28517753942273405 1
gene  1 10 9 4.434641320770972 1 121.0 4.434641320770972 1
gene  1 13 9 2.316952781171767 1 124.0 2.316952781171767 1
gene  1 2 10 -3.8525868245935273 0 127.0 -3.8525868245935273 1
gene  1 4 10 1.169209375989038 0 129.0 1.169209375989038 1
gene  1 5 10 -2.671003301536614 0 130.0 -2.671003301536614 1
gene  1 8 10 -1.8449289853050417 0 133.0 -1.8449289853050417 1
gene  1 9 10 -3.032678182995027 0 134.0 -3.032678182995027 1
gene  1 10 10 -2.0544545950713227 1 135.0 -2.0544545950713227 1
gene  1 13 10 0.7256823431615814 1 138.0 0.7256823431615814 1
gene  1 14 10 -6.326415640100019 1 139.0 -6.326415640100019 1
gene  1 2 13 8.360171913254298 0 169.0 8.360171913254298 1
gene  1 3 13 4.531081258523168 0 170.0 4.531081258523168 1
gene  1 6 13 11.994960213382104 0 173.0 11.994960213382104 1
gene  1 7 13 -1.1808984380679644 0 174.0 -1.1808984380679644 1
gene  1 9 13 2.8723004660778098 0 176.0 2.8723004660778098 1
gene  1 13 13 -5.380078104992206 1 180.0 -5.380078104992206 1
gene  1 14 13 7.393085420818255 1 181.0 7.393085420818255 1
gene  1 1 14 3.0848652578341538 0 182.0 3.0848652578341538 1
gene  1 3 14 0.1391869417535676 0 184.0 0.1391869417535676 1
gene  1 9 14 -8.428355838189642 0 190.0 -8.428355838189642 1
gene  1 10 14 -4.550301880131961 0 191.0 -4.550301880131961 1
gene  1 8 13 5.453930121834732 0 207.0 5.453930121834732 1
gene  1 1 10 -5.868752723974761 0 226.0 -5.868752723974761 1
gene  1 6 14 -1.0225610404174015 0 234.0 -1.0225610404174015 1
gene  1 8 28 -0.5029789273452547 1 293.0 -0.5029789273452547 1
gene  1 28 8 0.286657209323661 0 294.0 0.286657209323661 1
gene  1 8 9 -5.204479884586098 0 328.0 -5.204479884586098 1
gene  1 8 41 1.1123014658373072 1 357.0 1.1123014658373072 1
gene  1 41 8 2.650718782033845 0 358.0 2.650718782033845 1
gene  1 14 43 3.4128743494437113 1 364.0 3.4128743494437113 1
gene  1 43 10 3.347132862596202 0 365.0 3.347132862596202 1
gene  1 5 47 2.221428007700064 0 375.0 2.221428007700064 1
gene  1 47 9 1.0559459486357332 0 376.0 1.0559459486357332 1
gene  1 41 14 1.4709062073799606 0 387.0 1.4709062073799606 1
gene  1 4 28 -6.452296793452065 0 419.0 -6.452296793452065 1
gene  1 2 28 3.311330460924113 0 429.0 3.311330460924113 1
gene  1 1 62 2.8207208924432527 0 470.0 2.8207208924432527 1
gene  1 62 9 -2.336639796986665 0 471.0 -2.336639796986665 1
gene  1 8 14 -2.475164372359315 0 484.0 -2.475164372359315 1
gene  1 1 13 -1.348118431105072 0 489.0 -1.348118431105072 1
gene  1 28 10 -0.9139491932521597 0 510.0 -0.9139491932521597 1
gene  1 2 41 4.052514777891604 0 515.0 4.052514777891604 1
gene  1 41 47 0.1029852806171413 0 548.0 0.1029852806171413 1
genomeend 7
genomestart  8
trait 1 2.732431393943948 0.0 0.0 0.798512545900133 0.9382603138953756 0.0 1.9280392103089152 0.8152719799274877 
node 1 1 1 1
node 2 1 1 1
node 3 1 1 1
node 4 1 1 1
node 5 1 1 1
node 6 1 1 1
node 7 1 1 3
node 8 1 0 0
node 9 1 0 0
node 10 1 0 0
node 13 1 0 2
node 14 1 0 2
node 28 1 0 0
node 41 1 0 0
node 43 1 0 0
node 47 1 0 0
node 62 1 0 0
gene  1 1 8 -6.605565785060626 0 98.0 -6.605565785060626 1
gene  1 3 8 -0.5123654194686789 0 100.0 -0.5123654194686789 1
gene  1 5 8 -1.9942053861080034 0 102.0 -1.9942053861080034 1
gene  1 6 8 -0.9208527881634101 0 103.0 -0.9208527881634101 1
gene  1 8 8 -5.485720428132675 1 105.0 -5.485720428132675 1
gene  1 1 9 1.0856606719243431 0 112.0 1.0856606719243431 1
gene  1 2 9 -2.078086621379129 0 113.0 -2.078086621379129 1
gene  1 3 9 7.357743507781715 0 114.0 7.357743507781715 1
gene  1 5 9 7.200099214574223 0 116.0 7.200099214574223 1
gene  1 7 9 -2.9809226995214386 0 118.0 -2.9809226995214386 1
gene  1 9 9 -0.6316752509915815 1 120.0 -0.6316752509915815 1
gene  1 10 9 8.641851521649164 1 121.0 8.641851521649164 1
gene  1 13 9 -1.8233822228863736 1 124.0 -1.8233822228863736 1
gene  1 2 10 -7.22832806349459 0 127.0 -7.22832806349459 1
gene  1 4 10 1.1304637964385935 0 129.0 1.1304637964385935 1
gene  1 5 10 -1.7473591552260406 0 130.0 -1.7473591552260406 1
gene  1 8 10 -0.5662622202887955 0 133.0 -0.5662622202887955 1
gene  1 9 10 -5.787965718934178 0 134.0 -5.787965718934178 1
gene  1 10 10 -1.546588121788462 1 135.0 -1.546588121788462 1
gene  1 13 10 -0.15722526044734608 1 138.0 -0.15722526044734608 1
gene  1 14 10 1.9057340753964267 1 139.0 1.9057340753964267 1
gene  1 2 13 5.947211744093586 0 169.0 5.947211744093586 1
gene  1 3 13 1.6602418009745619 0 170.0 1.6602418009745619 1
gene  1 6 13 13.700610066860536 0 173.0 13.700610066860536 1
gene  1 7 13 2.805329951367109 0 174.0 2.805329951367109 1
gene  1 9 13 2.902538818025345 0 176.0 2.902538818025345 1
gene  1 13 13 -1.1585883555175867 1 180.0 -1.1585883555175867 1
gene  1 14 13 10.440148160270734 1 181.0 10.440148160270734 1
gene  1 1 14 0.9977415081757621 0 182.0 0.9977415081757621 1
gene  1 3 14 0.4177085642597694 0 184.0 0.4177085642597694 1
gene  1 9 14 -10.85749260799477 0 190.0 -10.85749260799477 1
gene  1 10 14 -2.4779373154747613 0 191.0 -2.4779373154747613 1
gene  1 8 13 4.732594428717894 0 207.0 4.732594428717894 1
gene  1 1 10 -2.4660512709092353 0 226.0 -2.4660512709092353 1
gene  1 6 14 -1.2196728770538396 0 234.0 -1.2196728770538396 1
gene  1 8 28 -1.3327673962691309 1 293.0 -1.3327673962691309 1
gene  1 28 8 -2.1495071660419898 0 294.0 -2.1495071660419898 1
gene  1 8 9 2.3466378453227197 0 328.0 2.3466378453227197 1
gene  1 8 41 0.9526379309812244 1 357.0 0.9526379309812244 1
gene  1 41 8 2.0557604237863862 0 358.0 2.0557604237863862 1
gene  1 14 43 4.445275047412969 1 364.0 4.445275047412969 1
gene  1 43 10 5.631226571082578 0 365.0 5.631226571082578 1
gene  1 5 47 2.0001208447231966 0 375.0 2.0001208447231966 1
gene  1 47 9 0.8769620995779647 0 376.0 0.8769620995779647 1
gene  1 41 14 1.0283140755763351 0 387.0 1.0283140755763351 1
gene  1 4 28 0.6867474611611429 0 419.0 0.6867474611611429 1
gene  1 2 28 1.9630834761782405 0 429.0 1.9630834761782405 1
gene  1 1 62 0.5057504782048086 0 470.0 0.5057504782048086 1
gene  1 62 9 -1.234329288501916 0 471.0 -1.234329288501916 1
gene  1 8 14 -2.475164372359315 0 484.0 -2.475164372359315 1
gene  1 1 13 -3.5276588356318848 0 489.0 -3.5276588356318848 1
gene  1 28 10 0.8986520240358581 0 510.0 0.8986520240358581 1
gene  1 2 41 5.894570538761213 0 515.0 5.894570538761213 1
gene  1 41 47 -1.0502148689304498 0 548.0 -1.0502148689304498 1
genomeend 8
genomestart  9
trait 1 2.732431393943948 0.0 0.0 0.798512545900133 0.9382603138953756 0.0 1.9280392103089152 0.8152719799274877 
node 1 1 1 1
node 2 1 1 1
node 3 1 1 1
node 4 1 1 1
node 5 1 1 1
node 6 1 1 1
node 7 1 1 3
node 8 1 0 0
node 9 1 0 0
node 10 1 0 0
node 13 1 0 2
node 14 1 0 2
node 28 1 0 0
node 41 1 0 0
node 43 1 0 0
node 47 1 0 0
node 62 1 0 0
gene  1 1 8 -9.931957059727782 0 98.0 -9.931957059727782 1
gene  1 3 8 -1.679232291951715 0 100.0 -1.679232291951715 1
gene  1 5 8 -8.978858509030724 0 102.0 -8.978858509030724 1
gene  1 6 8 -10.351652145175692 0 103.0 -10.351652145175692 1
gene  1 8 8 -6.446013557604986 1 105.0 -6.446013557604986 1
gene  1 1 9 5.686519599502869 0 112.0 5.686519599502869 1
gene  1 2 9 2.0278429963409144 0 113.0 2.0278429963409144 1
gene  1 3 9 7.151033231785469 0 114.0 7.151033231785469 1
gene  1 5 9 6.896612761560559 0 116.0 6.896612761560559 1
gene  1 7 9 -3.193391961860363 0 118.0 -3.193391961860363 1
gene  1 9 9 3.847252763119304 1 120.0 3.847252763119304 1
gene  1 10 9 4.943712399313954 1 121.0 4.943712399313954 1
gene  1 13 9 2.9726857999235166 1 124.0 2.9726857999235166 1
gene  1 2 10 -4.7043914746891 0 127.0 -4.7043914746891 1
gene  1 4 10 5.022020890432497 0 129.0 5.022020890432497 1
gene  1 5 10 -2.1020323237593663 0 130.0 -2.1020323237593663 1
gene  1 8 10 2.142170685012711 0 133.0 2.142170685012711 1
gene  1 9 10 -1.8988569148020937 0 134.0 -1.8988569148020937 1
gene  1 10 10 -1.0146270002527678 1 135.0 -1.0146270002527678 1
gene  1 13 10 3.1086610313493725 1 138.0 3.1086610313493725 1
gene  1 14 10 -2.729470528597731 1 139.0 -2.729470528597731 1
gene  1 2 13 5.842578957229793 0 169.0 5.842578957229793 1
gene  1 3 13 1.801324397783081 0 170.0 1.801324397783081 1
gene  1 6 13 15.317113196467862 0 173.0 15.317113196467862 1
gene  1 7 13 0.5112829774711347 0 174.0 0.5112829774711347 1
gene  1 9 13 5.193210145556644 0 176.0 5.193210145556644 1
gene  1 13 13 -6.477683776149317 1 180.0 -6.477683776149317 1
gene  1 14 13 7.074652532017529 1 181.0 7.074652532017529 1
gene  1 1 14 -1.0346246991739092 0 182.0 -1.0346246991739092 1
gene  1 3 14 -1.710594783385883 0 184.0 -1.710594783385883 1
gene  1 9 14 -8.649110580606767 0 190.0 -8.649110580606767 1
gene  1 10 14 -5.049727146087416 0 191.0 -5.049727146087416 1
gene  1 8 13 4.175996432531996 0 207.0 4.175996432531996 1
gene  1 1 10 -3.6133916847261283 0 226.0 -3.6133916847261283 1
gene  1 6 14 -1.8516803550611065 0 234.0 -1.8516803550611065 1
gene  1 8 28 0.8937513725815464 1 293.0 0.8937513725815464 1
gene  1 28 8 -0.8862126303484208 0 294.0 -0.8862126303484208 1
gene  1 8 9 -5.344563657639476 0 328.0 -5.344563657639476 1
gene  1 8 41 0.923578518713088 1 357.0 0.923578518713088 1
gene  1 41 8 -0.942565468628348 0 358.0 -0.942565468628348 1
gene  1 14 43 1.9619566239290571 1 364.0 1.9619566239290571 1
gene  1 43 10 5.552595039236792 0 365.0 5.552595039236792 1
gene  1 5 47 1.9492478724256754 0 375.0 1.9492478724256754 1
gene  1 47 9 -0.6408173065190026 0 376.0 -0.6408173065190026 1
gene  1 41 14 0.8485139289567687 0 387.0 0.8485139289567687 1
gene  1 4 28 -4.493467641614784 0 419.0 -4.493467641614784 1
gene  1 2 28 5.585843645859994 0 429.0 5.585843645859994 1
gene  1 1 62 -0.08485518425959737 0 470.0 -0.08485518425959737 1
gene  1 62 9 -0.37856329652368736 0 471.0 -0.37856329652368736 1
gene  1 8 14 -0.39991220514510806 0 484.0 -0.39991220514510806 1
gene  1 1 13 -1.348118431105072 0 489.0 -1.348118431105072 1
gene  1 28 10 1.103428447822933 0 510.0 1.103428447822933 1
gene  1 2 41 0.6394938565037092 0 515.0 0.6394938565037092 1
gene  1 41 47 -0.6874636490140293 0 548.0 -0.6874636490140293 1
genomeend 9
genomestart  10
trait 1 0.0 0.0 0.18016573799761848 0.5314796224840325 3.8276263088736133 0.0 0.9983210840752836 0.4629835320970156 
node 1 1 1 1
node 2 1 1 1
node 3 1 1 1
node 4 1 1 1
node 5 1 1 1
node 6 1 1 1
node 7 1 1 3
node 8 1 0 0
node 13 1 0 2
node 14 1 0 2
node 22 1 0 0
node 25 1 0 0
node 29 1 0 0
node 57 1 0 0
node 65 1 0 0
node 76 1 0 0
node 87 1 0 0
gene  1 1 8 8.795494650457934 0 98.0 8.795494650457934 1
gene  1 3 8 -1.2730028498692267 0 100.0 -1.2730028498692267 1
gene  1 4 8 -4.633636558086277 0 101.0 -4.633636558086277 1
gene  1 5 8 -3.6705821505833436 0 102.0 -3.6705821505833436 1
gene  1 6 8 2.2862729582924564 0 103.0 2.2862729582924564 1
gene  1 8 8 -0.9671273030348906 1 105.0 -0.9671273030348906 1
gene  1 1 13 -0.8805933846255437 0 168.0 -0.8805933846255437 1
gene  1 5 13 -2.4776515779880333 0 172.0 -2.4776515779880333 1
gene  1 13 13 1.5413289635259897 1 180.0 1.5413289635259897 1
gene  1 14 13 -1.1269682445198512 1 181.0 -1.1269682445198512 1
gene  1 2 14 3.611435558003089 0 183.0 3.611435558003089 0
gene  1 3 14 3.02349434163159 0 184.0 3.02349434163159 1
gene  1 5 14 0.8390075591672321 0 186.0 0.8390075591672321 1
gene  1 7 14 -2.556326687538324 0 188.0 -2.556326687538324 1
gene  1 8 14 10.556643491461964 0 189.0 10.556643491461964 1
gene  1 13 14 1.5675439720159332 0 194.0 1.5675439720159332 1
gene  1 2 13 -6.312558366698612 0 236.0 -6.312558366698612 1
gene  1 8 22 2.011656223521226 0 240.0 2.011656223521226 0
gene  1 22 14 8.704012916625917 0 241.0 8.704012916625917 1
gene  1 1 22 -7.452730414979624 0 245.0 -7.452730414979624 1
gene  1 13 8 -3.043475011637107 0 257.0 -3.043475011637107 1
gene  1 5 22 -1.5017185511701727 0 265.0 -1.5017185511701727 1
gene  1 1 25 -0.8680038118716118 0 279.0 -0.8680038118716118 1
gene  1 25 8 -0.22109637867365217 0 280.0 -0.22109637867365217 1
gene  1 8 29 -0.7723479383007344 0 297.0 -0.7723479383007344 1
gene  1 29 14 -4.861535197459946 0 298.0 -4.861535197459946 1
gene  1 1 14 3.158001847022738 0 312.0 3.158001847022738 1
gene  1 2 29 2.905260269157773 0 330.0 2.905260269157773 1
gene  1 5 25 -1.068847631830197 0 343.0 -1.068847631830197 1
gene  1 6 29 1.0325861344998604 0 386.0 1.0325861344998604 1
gene  1 22 29 -3.7324584070821025 0 416.0 -3.7324584070821025 1
gene  1 4 14 1.9962496263314133 0 424.0 1.9962496263314133 1
gene  1 4 29 -0.9875423079390511 0 432.0 -0.9875423079390511 1
gene  1 8 57 4.540358846580755 0 437.0 4.540358846580755 1
gene  1 57 14 0.5591325349119378 0 438.0 0.5591325349119378 1
gene  1 3 22 -2.0250688335962006 0 440.0 -2.0250688335962006 1
gene  1 2 25 -2.2323730092393386 0 455.0 -2.2323730092393386 1
gene  1 1 65 2.2325638934872645 0 481.0 2.2325638934872645 1
gene  1 65 25 0.7630304743305462 0 482.0 0.7630304743305462 1
gene  1 8 76 1.9700939931679888 0 525.0 1.9700939931679888 1
gene  1 76 22 0.34821642580283196 0 526.0 0.34821642580283196 1
gene  1 2 87 1.0 0 560.0 0.0 1
gene  1 87 14 3.611435558003089 0 561.0 0.0 1
genomeend 10
genomestart  11
trait 1 0.0 0.0 0.18016573799761848 0.5314796224840325 3.8276263088736133 0.0 0.9983210840752836 0.4629835320970156 
node 1 1 1 1
node 2 1 1 1
node 3 1 1 1
node 4 1 1 1
node 5 1 1 1
node 6 1 1 1
node 7 1 1 3
node 8 1 0 0
node 13 1 0 2
node 14 1 0 2
node 22 1 0 0
node 25 1 0 0
node 29 1 0 0
node 57 1 0 0
node 65 1 0 0
node 76 1 0 0
node 88 1 0 0
gene  1 1 8 8.795494650457934 0 98.0 8.795494650457934 1
gene  1 3 8 -1.2730028498692267 0 100.0 -1.2730028498692267 1
gene  1 4 8 -4.633636558086277 0 101.0 -4.633636558086277 1
gene  1 5 8 -3.6705821505833436 0 102.0 -3.6705821505833436 1
gene  1 6 8 2.2862729582924564 0 103.0 2.2862729582924564 1
gene  1 8 8 -0.9671273030348906 1 105.0 -0.9671273030348906 1
gene  1 1 13 -0.8805933846255437 0 168.0 -0.8805933846255437 1
gene  1 5 13 -2.4776515779880333 0 172.0 -2.4776515779880333 1
gene  1 13 13 1.5413289635259897 1 180.0 1.5413289635259897 1
gene  1 14 13 -1.1269682445198512 1 181.0 -1.1269682445198512 1
gene  1 2 14 3.611435558003089 0 183.0 3.611435558003089 1
gene  1 3 14 3.02349434163159 0 184.0 3.02349434163159 1
gene  1 5 14 0.8390075591672321 0 186.0 0.8390075591672321 1
gene  1 7 14 -2.556326687538324 0 188.0 -2.556326687538324 1
gene  1 8 14 10.556643491461964 0 189.0 10.556643491461964 0
gene  1 13 14 1.5675439720159332 0 194.0 1.5675439720159332 1
gene  1 2 13 -6.312558366698612 0 236.0 -6.312558366698612 1
gene  1 8 22 2.011656223521226 0 240.0 2.011656223521226 0
gene  1 22 14 8.704012916625917 0 241.0 8.704012916625917 1
gene  1 1 22 -7.452730414979624 0 245.0 -7.452730414979624 1
gene  1 13 8 -3.043475011637107 0 257.0 -3.043475011637107 1
gene  1 5 22 -1.5017185511701727 0 265.0 -1.5017185511701727 1
gene  1 1 25 -0.8680038118716118 0 279.0 -0.8680038118716118 1
gene  1 25 8 -0.22109637867365217 0 280.0 -0.22109637867365217 1
gene  1 8 29 -0.7723479383007344 0 297.0 -0.7723479383007344 1
gene  1 29 14 -4.861535197459946 0 298.0 -4.861535197459946 1
gene  1 1 14 3.158001847022738 0 312.0 3.158001847022738 1
gene  1 2 29 2.905260269157773 0 330.0 2.905260269157773 1
gene  1 5 25 -1.068847631830197 0 343.0 -1.068847631830197 1
gene  1 6 29 1.0325861344998604 0 386.0 1.0325861344998604 1
gene  1 22 29 -3.7324584070821025 0 416.0 -3.7324584070821025 1
gene  1 4 14 1.9962496263314133 0 424.0 1.9962496263314133 1
gene  1 4 29 -0.9875423079390511 0 432.0 -0.9875423079390511 1
gene  1 8 57 4.540358846580755 0 437.0 4.540358846580755 1
gene  1 57 14 0.5591325349119378 0 438.0 0.5591325349119378 1
gene  1 3 22 -2.0250688335962006 0 440.0 -2.0250688335962006 1
gene  1 2 25 -2.2323730092393386 0 455.0 -2.2323730092393386 1
gene  1 1 65 2.2325638934872645 0 481.0 2.2325638934872645 1
gene  1 65 25 0.7630304743305462 0 482.0 0.7630304743305462 1
gene  1 8 76 1.9700939931679888 0 525.0 1.9700939931679888 1
gene  1 76 22 0.34821642580283196 0 526.0 0.34821642580283196 1
gene  1 8 88 1.0 0 562.0 0.0 1
gene  1 88 14 10.556643491461964 0 563.0 0.0 1
genomeend 11
genomestart  12
trait 1 0.0 0.0 0.18016573799761848 0.5314796224840325 3.8276263088736133 0.0 0.9983210840752836 0.4629835320970156 
node 1 1 1 1
node 2 1 1 1
node 3 1 1 1
node 4 1 1 1
node 5 1 1 1
node 6 1 1 1
node 7 1 1 3
node 8 1 0 0
node 13 1 0 2
node 14 1 0 2
node 22 1 0 0
node 25 1 0 0
node 29 1 0 0
node 57 1 0 0
node 65 1 0 0
node 76 1 0 0
gene  1 1 8 8.795494650457934 0 98.0 8.795494650457934 1
gene  1 3 8 -1.2730028498692267 0 100.0 -1.2730028498692267 1
gene  1 4 8 -4.633636558086277 0 101.0 -4.633636558086277 1
gene  1 5 8 -3.6705821505833436 0 102.0 -3.6705821505833436 1
gene  1 6 8 2.2862729582924564 0 103.0 2.2862729582924564 1
gene  1 8 8 -0.9671273030348906 1 105.0 -0.9671273030348906 1
gene  1 1 13 -0.8805933846255437 0 168.0 -0.8805933846255437 1
gene  1 5 13 -2.4776515779880333 0 172.0 -2.4776515779880333 1
gene  1 13 13 1.5413289635259897 1 180.0 1.5413289635259897 1
gene  1 14 13 -1.1269682445198512 1 181.0 -1.1269682445198512 1
gene  1 2 14 3.611435558003089 0 183.0 3.611435558003089 1
gene  1 3 14 3.02349434163159 0 184.0 3.02349434163159 1
gene  1 5 14 0.8390075591672321 0 186.0 0.8390075591672321 1
gene  1 7 14 -2.556326687538324 0 188.0 -2.556326687538324 1
gene  1 8 14 10.556643491461964 0 189.0 10.556643491461964 1
gene  1 13 14 1.5675439720159332 0 194.0 1.5675439720159332 1
gene  1 2 13 -6.312558366698612 0 236.0 -6.312558366698612 1
gene  1 8 22 2.011656223521226 0 240.0 2.011656223521226 0
gene  1 22 14 8.704012916625917 0 241.0 8.704012916625917 1
gene  1 1 22 -7.452730414979624 0 245.0 -7.452730414979624 1
gene  1 13 8 -3.043475011637107 0 257.0 -3.043475011637107 1
gene  1 5 22 -1.5017185511701727 0 265.0 -1.5017185511701727 1
gene  1 1 25 -0.8680038118716118 0 279.0 -0.8680038118716118 1
gene  1 25 8 -0.22109637867365217 0 280.0 -0.22109637867365217 1
gene  1 8 29 -0.7723479383007344 0 297.0 -0.7723479383007344 1
gene  1 29 14 -4.861535197459946 0 298.0 -4.861535197459946 1
gene  1 1 14 3.158001847022738 0 312.0 3.158001847022738 1
gene  1 2 29 2.905260269157773 0 330.0 2.905260269157773 1
gene  1 5 25 -1.068847631830197 0 343.0 -1.068847631830197 1
gene  1 6 29 1.0325861344998604 0 386.0 1.0325861344998604 1
gene  1 22 29 -3.7324584070821025 0 416.0 -3.7324584070821025 1
gene  1 4 14 1.9962496263314133 0 424.0 1.9962496263314133 1
gene  1 4 29 -0.9875423079390511 0 432.0 -0.9875423079390511 1
gene  1 8 57 4.540358846580755 0 437.0 4.540358846580755 1
gene  1 57 14 0.5591325349119378 0 438.0 0.5591325349119378 1
gene  1 3 22 -2.0250688335962006 0 440.0 -2.0250688335962006 1
gene  1 2 25 -2.2323730092393386 0 455.0 -2.2323730092393386 1
gene  1 1 65 2.2325638934872645 0 481.0 2.2325638934872645 1
gene  1 65 25 0.7630304743305462 0 482.0 0.7630304743305462 1
gene  1 8 76 1.9700939931679888 0 525.0 1.9700939931679888 1
gene  1 76 22 0.34821642580283196 0 526.0 0.34821642580283196 1
gene  1 65 57 -1.7414641708775447 0 564.0 -1.7414641708775447 1
genomeend 12
genomestart  13
trait 1 1.9492969961009945 0.0 0.4289699328456915 1.1835456827051778 0.0 0.7294252873384013 0.042201429445747896 0.0 
node 1 1 1 1
node 2 1 1 1
node 3 1 1 1
node 4 1 1 1
node 5 1 1 1
node 6 1 1 1
node 7 1 1 3
node 13 1 0 2
node 14 1 0 2
node 49 1 0 0
node 73 1 0 0
node 81 1 0 0
gene  1 1 13 0.25877833979697495 0 168.0 0.25877833979697495 1
gene  1 2 13 5.112894554349 0 169.0 5.112894554349 1
gene  1 3 13 9.074234791975119 0 170.0 9.074234791975119 1
gene  1 4 13 2.3642615878789326 0 171.0 2.3642615878789326 1
gene  1 5 13 2.892138147494216 0 172.0 2.892138147494216 1
gene  1 6 13 1.7906831034316841 0 173.0 1.7906831034316841 1
gene  1 7 13 2.644114401072656 0 174.0 2.644114401072656 1
gene  1 14 13 2.1563648524250056 1 181.0 2.1563648524250056 1
gene  1 1 14 -0.12941331460791194 0 182.0 -0.12941331460791194 1
gene  1 2 14 2.7597636730514803 0 183.0 2.7597636730514803 1
gene  1 3 14 -2.6271400750527025 0 184.0 -2.6271400750527025 1
gene  1 13 14 3.0874663173742043 0 194.0 3.0874663173742043 1
gene  1 14 14 -0.09010577382482943 1 195.0 -0.09010577382482943 1
gene  1 7 14 1.3065202864830998 0 273.0 1.3065202864830998 1
gene  1 4 14 1.004012318947947 0 283.0 1.004012318947947 1
gene  1 5 14 4.174262070543478 0 303.0 4.174262070543478 1
gene  1 6 14 2.3687434773030933 0 307.0 2.3687434773030933 1
gene  1 3 49 2.8943729627356656 0 389.0 2.8943729627356656 1
gene  1 49 13 2.4620518275802965 0 390.0 2.4620518275802965 1
gene  1 5 49 -1.389008464248612 0 403.0 -1.389008464248612 1
gene  1 1 49 2.8622931565435925 0 430.0 2.8622931565435925 1
gene  1 7 49 8.787173265909528 0 456.0 8.787173265909528 1
gene  1 4 49 -0.4998773575025808 0 495.0 -0.4998773575025808 1
gene  1 6 73 -3.091218895682443 0 508.0 -3.091218895682443 1
gene  1 73 13 1.59656177676578 0 509.0 1.59656177676578 1
gene  1 6 81 -5.140761167528296 0 542.0 -5.140761167528296 1
gene  1 81 73 -0.5893269128833051 0 543.0 -0.5893269128833051 1
genomeend 13
genomestart  14
trait 1 1.9492969961009945 0.0 0.4289699328456915 1.1835456827051778 0.0 0.7294252873384013 0.042201429445747896 0.0 
node 1 1 1 1
node 2 1 1 1
node 3 1 1 1
node 4 1 1 1
node 5 1 1 1
node 6 1 1 1
node 7 1 1 3
node 13 1 0 2
node 14 1 0 2
node 49 1 0 0
node 73 1 0 0
node 81 1 0 0
gene  1 1 13 -0.10237969703011807 0 168.0 -0.10237969703011807 1
gene  1 2 13 4.864102870549021 0 169.0 4.864102870549021 1
gene  1 3 13 7.154334297407269 0 170.0 7.154334297407269 1
gene  1 4 13 1.4652698309764158 0 171.0 1.4652698309764158 1
gene  1 5 13 -0.1186030248422501 0 172.0 -0.1186030248422501 1
gene  1 6 13 -1.74822350676614 0 173.0 -1.74822350676614 1
gene  1 7 13 1.8435980216967185 0 174.0 1.8435980216967185 1
gene  1 14 13 0.6165762104614922 1 181.0 0.6165762104614922 1
gene  1 1 14 -0.46461467108338983 0 182.0 -0.46461467108338983 1
gene  1 2 14 0.44184645711873777 0 183.0 0.44184645711873777 1
gene  1 3 14 0.8083715317345663 0 184.0 0.8083715317345663 1
gene  1 13 14 6.274254649046835 0 194.0 6.274254649046835 1
gene  1 14 14 0.7820273775005644 1 195.0 0.7820273775005644 1
gene  1 7 14 1.5485042808401106 0 273.0 1.5485042808401106 1
gene  1 4 14 -1.7728693499317527 0 283.0 -1.7728693499317527 1
gene  1 5 14 5.283945754861475 0 303.0 5.283945754861475 1
gene  1 6 14 2.4003397267941047 0 307.0 2.4003397267941047 1
gene  1 3 49 -0.33655890089564433 0 389.0 -0.33655890089564433 1
gene  1 49 13 1.3796596910732544 0 390.0 1.3796596910732544 1
gene  1 5 49 0.24107528134389933 0 403.0 0.24107528134389933 1
gene  1 1 49 5.730852144150955 0 430.0 5.730852144150955 1
gene  1 7 49 9.641941539042064 0 456.0 9.641941539042064 1
gene  1 4 49 -0.4998773575025808 0 495.0 -0.4998773575025808 1
gene  1 6 73 -3.27306178476715 0 508.0 -3.27306178476715 1
gene  1 73 13 0.1633517110877658 0 509.0 0.1633517110877658 1
gene  1 6 81 -6.603229568409038 0 542.0 -6.603229568409038 1
gene  1 81 73 -1.84601178927548 0 543.0 -1.84601178927548 1
genomeend 14
genomestart  15
trait 1 0.0 0.5319433208524987 1.2381570377802138 1.1036226464327767 0.10522835245191364 0.39032959932087685 0.0 0.0 
node 1 1 1 1
node 2 1 1 1
node 3 1 1 1
node 4 1 1 1
node 5 1 1 1
node 6 1 1 1
node 7 1 1 3
node 8 1 0 0
node 9 1 0 0
node 13 1 0 2
node 14 1 0 2
node 20 1 0 0
node 56 1 0 0
node 60 1 0 0
node 79 1 0 0
gene  1 1 8 -2.4401130322281 0 98.0 -2.4401130322281 1
gene  1 2 8 0.32960101078286774 0 99.0 0.32960101078286774 1
gene  1 3 8 0.23060994213183433 0 100.0 0.23060994213183433 1
gene  1 6 8 1.3002798307101977 0 103.0 1.3002798307101977 1
gene  1 8 8 -2.89828604984009 1 105.0 -2.89828604984009 1
gene  1 9 8 -0.019226313605932854 1 106.0 -0.019226313605932854 1
gene  1 13 8 -10.97736655630719 1 110.0 -10.97736655630719 1
gene  1 14 8 -6.211965165868179 1 111.0 -6.211965165868179 1
gene  1 1 9 1.9868107537930109 0 112.0 1.9868107537930109 1
gene  1 4 9 3.9843242106956844 0 115.0 3.9843242106956844 1
gene  1 5 9 4.9776516666949675 0 116.0 4.9776516666949675 1
gene  1 7 9 -4.92085856262217 0 118.0 -4.92085856262217 1
gene  1 9 9 1.3644351376868302 1 120.0 1.3644351376868302 1
gene  1 14 9 1.6949381543133173 1 125.0 1.6949381543133173 1
gene  1 2 13 0.7931754724775644 0 169.0 0.7931754724775644 1
gene  1 5 13 -2.0614104225134167 0 172.0 -2.0614104225134167 1
gene  1 8 13 -0.049525193500399745 0 175.0 -0.049525193500399745 1
gene  1 1 14 0.21733673860698888 0 182.0 0.21733673860698888 1
gene  1 2 14 0.8074511354268193 0 183.0 0.8074511354268193 1
gene  1 3 14 -1.520002881774987 0 184.0 -1.520002881774987 1
gene  1 6 14 -4.601216318368495 0 187.0 -4.601216318368495 1
gene  1 13 14 6.4359903284015525 0 194.0 6.4359903284015525 1
gene  1 14 14 4.7736975070396825 1 195.0 4.7736975070396825 1
gene  1 5 8 1.6736838895847215 0 202.0 1.6736838895847215 1
gene  1 4 13 -1.2649961928769735 0 220.0 -1.2649961928769735 1
gene  1 1 20 0.8927013731371863 0 231.0 0.8927013731371863 1
gene  1 20 14 6.504538796068748 0 232.0 6.504538796068748 1
gene  1 1 13 -6.1814210128987535 0 329.0 -6.1814210128987535 1
gene  1 13 20 -3.360425919441585 0 337.0 -3.360425919441585 0
gene  1 4 20 2.1659241820988036 0 339.0 2.1659241820988036 1
gene  1 9 8 -3.162718317188799 0 404.0 -3.162718317188799 1
gene  1 8 14 -1.6527577129255655 0 410.0 -1.6527577129255655 1
gene  1 5 56 5.86811336173789 0 434.0 5.86811336173789 1
gene  1 56 8 -2.19792697174921 0 435.0 -2.19792697174921 1
gene  1 2 9 -0.28859756347892784 0 448.0 -0.28859756347892784 1
gene  1 3 60 2.5158850304415084 0 458.0 2.5158850304415084 1
gene  1 60 8 1.5751068592287887 0 459.0 1.5751068592287887 1
gene  1 1 60 2.4344056597789114 0 479.0 2.4344056597789114 1
gene  1 7 56 4.585819889318314 0 520.0 4.585819889318314 1
gene  1 13 79 0.15602184240580685 0 537.0 0.15602184240580685 1
gene  1 79 20 -1.1315258585136931 0 538.0 -1.1315258585136931 1
gene  1 3 79 2.147566790061642 0 556.0 2.147566790061642 1
genomeend 15
genomestart  16
trait 1 0.0 0.5319433208524987 1.2381570377802138 1.1036226464327767 0.10522835245191364 0.39032959932087685 0.0 0.0 
node 1 1 1 1
node 2 1 1 1
node 3 1 1 1
node 4 1 1 1
node 5 1 1 1
node 6 1 1 1
node 7 1 1 3
node 8 1 0 0
node 9 1 0 0
node 13 1 0 2
node 14 1 0 2
node 20 1 0 0
node 56 1 0 0
node 60 1 0 0
node 79 1 0 0
gene  1 1 8 -4.025467951321019 0 98.0 -4.025467951321019 1
gene  1 2 8 1.3548242427989048 0 99.0 1.3548242427989048 1
gene  1 3 8 1.4247210379415367 0 100.0 1.4247210379415367 1
gene  1 6 8 -6.251068657453042 0 103.0 -6.251068657453042 1
gene  1 8 8 0.35592726648085615 1 105.0 0.35592726648085615 1
gene  1 9 8 -2.6693532829631774 1 106.0 -2.6693532829631774 1
gene  1 13 8 -9.674770874151276 1 110.0 -9.674770874151276 1
gene  1 14 8 -4.9690785023357495 1 111.0 -4.9690785023357495 1
gene  1 1 9 -0.07757660054562582 0 112.0 -0.07757660054562582 1
gene  1 4 9 2.0663708617566288 0 115.0 2.0663708617566288 1
gene  1 5 9 2.367248057881992 0 116.0 2.367248057881992 1
gene  1 7 9 -6.09270824122939 0 118.0 -6.09270824122939 1
gene  1 9 9 -0.4818212889635203 1 120.0 -0.4818212889635203 1
gene  1 14 9 0.31293851077182666 1 125.0 0.31293851077182666 1
gene  1 2 13 0.3656616751598014 0 169.0 0.3656616751598014 1
gene  1 5 13 -1.8031465408455765 0 172.0 -1.8031465408455765 1
gene  1 8 13 -2.792177704890596 0 175.0 -2.792177704890596 1
gene  1 1 14 -3.240540726193495 0 182.0 -3.240540726193495 1
gene  1 2 14 2.8334370429118136 0 183.0 2.8334370429118136 1
gene  1 3 14 -1.8689142119003814 0 184.0 -1.8689142119003814 1
gene  1 6 14 -4.668540014022679 0 187.0 -4.668540014022679 1
gene  1 13 14 5.061840284642445 0 194.0 5.061840284642445 1
gene  1 14 14 6.174057896086463 1 195.0 6.174057896086463 1
gene  1 5 8 -0.642453208598552 0 202.0 -0.642453208598552 1
gene  1 4 13 -3.5940143550480386 0 220.0 -3.5940143550480386 1
gene  1 1 20 -2.989624038715916 0 231.0 -2.989624038715916 1
gene  1 20 14 8.4640175564787 0 232.0 8.4640175564787 1
gene  1 1 13 -3.768738231616971 0 329.0 -3.768738231616971 1
gene  1 13 20 -3.0767548864299665 0 337.0 -3.0767548864299665 0
gene  1 4 20 1.3282612915825636 0 339.0 1.3282612915825636 1
gene  1 9 8 -4.268470855655165 0 404.0 -4.268470855655165 1
gene  1 8 14 3.269984198628399 0 410.0 3.269984198628399 1
gene  1 5 56 4.985139670724136 0 434.0 4.985139670724136 1
gene  1 56 8 0.15804882780564344 0 435.0 0.15804882780564344 1
gene  1 2 9 1.3305116734903446 0 448.0 1.3305116734903446 1
gene  1 3 60 1.8017685160836483 0 458.0 1.8017685160836483 1
gene  1 60 8 -0.2671801842709842 0 459.0 -0.2671801842709842 1
gene  1 1 60 2.973363144327239 0 479.0 2.973363144327239 1
gene  1 7 56 1.2910002560741494 0 520.0 1.2910002560741494 1
gene  1 13 79 0.7552543800445699 0 537.0 0.7552543800445699 1
gene  1 79 20 -2.274718385975124 0 538.0 -2.274718385975124 1
gene  1 3 79 0.04723344348794234 0 556.0 0.04723344348794234 1
genomeend 16
genomestart  17
trait 1 0.0 0.9380171225566565 2.8572292317689647 0.0 0.9774676473893938 0.5916859962196944 0.0 0.0 
node 1 1 1 1
node 2 1 1 1
node 3 1 1 1
node 4 1 1 1
node 5 1 1 1
node 6 1 1 1
node 7 1 1 3
node 13 1 0 2
node 14 1 0 2
node 45 1 0 0
node 71 1 0 0
gene  1 1 13 0.8597854250424943 0 168.0 0.8597854250424943 1
gene  1 2 13 0.017502138658935684 0 169.0 0.017502138658935684 1
gene  1 5 13 -5.3082778781021975 0 172.0 -5.3082778781021975 1
gene  1 6 13 -1.572657517466733 0 173.0 -1.572657517466733 1
gene  1 7 13 2.4344840653193867 0 174.0 2.4344840653193867 1
gene  1 3 14 -2.1286928944998715 0 184.0 -2.1286928944998715 1
gene  1 4 14 5.466369000505728 0 185.0 5.466369000505728 1
gene  1 7 14 -3.20145258065261 0 188.0 -3.20145258065261 1
gene  1 13 14 1.993450208585823 0 194.0 1.993450208585823 1
gene  1 14 14 4.815346420515078 1 195.0 4.815346420515078 1
gene  1 4 13 1.6715137603744687 0 235.0 1.6715137603744687 1
gene  1 1 14 -0.6451974390768644 0 242.0 -0.6451974390768644 1
gene  1 5 14 2.58874349789734 0 319.0 2.58874349789734 1
gene  1 1 45 1.4931284902491653 0 370.0 1.4931284902491653 1
gene  1 45 13 0.7731062382548323 0 371.0 0.7731062382548323 1
gene  1 4 45 -1.091459825613199 0 497.0 -1.091459825613199 1
gene  1 6 71 -0.17896062303368632 0 502.0 -0.17896062303368632 1
gene  1 71 13 1.3241215551540053 0 503.0 1.3241215551540053 1
gene  1 45 71 -2.349240688015417 0 534.0 -2.349240688015417 1
gene  1 3 13 0.5916421025956153 0 535.0 0.5916421025956153 1
genomeend 17
genomestart  18
trait 1 0.0 0.9380171225566565 2.8572292317689647 0.0 0.9774676473893938 0.5916859962196944 0.0 0.0 
node 1 1 1 1
node 2 1 1 1
node 3 1 1 1
node 4 1 1 1
node 5 1 1 1
node 6 1 1 1
node 7 1 1 3
node 13 1 0 2
node 14 1 0 2
node 45 1 0 0
node 71 1 0 0
gene  1 1 13 0.6260431449266733 0 168.0 0.6260431449266733 1
gene  1 2 13 1.959302670889028 0 169.0 1.959302670889028 1
gene  1 5 13 -8.08897719435994 0 172.0 -8.08897719435994 1
gene  1 6 13 -2.1005235492353185 0 173.0 -2.1005235492353185 1
gene  1 7 13 -0.4160739326128818 0 174.0 -0.4160739326128818 1
gene  1 3 14 -0.4766731422356632 0 184.0 -0.4766731422356632 1
gene  1 4 14 7.529479965550829 0 185.0 7.529479965550829 1
gene  1 7 14 -2.3547300216883595 0 188.0 -2.3547300216883595 1
gene  1 13 14 6.1994294401929695 0 194.0 6.1994294401929695 1
gene  1 14 14 -0.9505861614393809 1 195.0 -0.9505861614393809 1
gene  1 4 13 1.559159404091885 0 235.0 1.559159404091885 1
gene  1 1 14 -0.7544908711123646 0 242.0 -0.7544908711123646 1
gene  1 5 14 2.2749643820082097 0 319.0 2.2749643820082097 1
gene  1 1 45 1.5173317196066358 0 370.0 1.5173317196066358 1
gene  1 45 13 2.7942754569065062 0 371.0 2.7942754569065062 1
gene  1 4 45 -1.7821362945798342 0 497.0 -1.7821362945798342 1
gene  1 6 71 2.034962588100177 0 502.0 2.034962588100177 1
gene  1 71 13 0.6824199604670363 0 503.0 0.6824199604670363 1
gene  1 45 71 -2.2888085986444215 0 534.0 -2.2888085986444215 1
gene  1 3 13 3.2100463065996387 0 535.0 3.2100463065996387 1
genomeend 18
genomestart  19
trait 1 0.0 0.9380171225566565 2.8572292317689647 0.0 0.9774676473893938 0.5916859962196944 0.0 0.0 
node 1 1 1 1
node 2 1 1 1
node 3 1 1 1
node 4 1 1 1
node 5 1 1 1
node 6 1 1 1
node 7 1 1 3
node 13 1 0 2
node 14 1 0 2
node 45 1 0 0
node 71 1 0 0
gene  1 1 13 -1.107628294379118 0 168.0 -1.107628294379118 1
gene  1 2 13 1.0813928063370168 0 169.0 1.0813928063370168 1
gene  1 5 13 -9.022192551658277 0 172.0 -9.022192551658277 1
gene  1 6 13 -3.3353054769991304 0 173.0 -3.3353054769991304 1
gene  1 7 13 0.04272428818686058 0 174.0 0.04272428818686058 1
gene  1 3 14 -2.971485705693695 0 184.0 -2.971485705693695 1
gene  1 4 14 5.075932130141355 0 185.0 5.075932130141355 1
gene  1 7 14 -4.325367254966034 0 188.0 -4.325367254966034 1
gene  1 13 14 3.9419460908243824 0 194.0 3.9419460908243824 1
gene  1 14 14 2.738035257579576 1 195.0 2.738035257579576 1
gene  1 4 13 2.767282850809485 0 235.0 2.767282850809485 1
gene  1 1 14 -2.4278809588314982 0 242.0 -2.4278809588314982 1
gene  1 5 14 1.2148298229677825 0 319.0 1.2148298229677825 1
gene  1 1 45 -0.7864804842533843 0 370.0 -0.7864804842533843 1
gene  1 45 13 2.60634185160776 0 371.0 2.60634185160776 1
gene  1 4 45 1.854626730873305 0 497.0 1.854626730873305 1
gene  1 6 71 1.383752203809989 0 502.0 1.383752203809989 1
gene  1 71 13 0.18708332672599082 0 503.0 0.18708332672599082 1
gene  1 45 71 0.6055256203592219 0 534.0 0.6055256203592219 1
gene  1 3 13 0.06081248534956263 0 535.0 0.06081248534956263 1
genomeend 19
