genomestart  0
trait 1 0.0 0.11996509262718169 0.8916313593017343 0.3416149661454363 0.0 1.3356632438132783 0.8418455703957846 1.7905313975538821 
node 1 1 1 1
node 2 1 1 1
node 3 1 1 1
node 4 1 1 1
node 5 1 1 1
node 6 1 1 1
node 7 1 1 3
node 13 1 0 2
node 14 1 0 2
node 33 1 0 0
node 48 1 0 0
node 55 1 0 0
gene  1 2 13 -6.634649341960516 0 169.0 -6.634649341960516 1
gene  1 3 13 -0.09890907446233155 0 170.0 -0.09890907446233155 1
gene  1 4 13 4.604332511517336 0 171.0 4.604332511517336 1
gene  1 6 13 -8.785027293377032 0 173.0 -8.785027293377032 1
gene  1 7 13 -7.555182781831766 0 174.0 -7.555182781831766 1
gene  1 13 13 2.787462852167536 1 180.0 2.787462852167536 1
gene  1 1 14 0.6543778235417212 0 182.0 0.6543778235417212 1
gene  1 2 14 6.915890062894281 0 183.0 6.915890062894281 1
gene  1 5 14 -0.24442216816075657 0 186.0 -0.24442216816075657 1
gene  1 6 14 -2.5272311888964545 0 187.0 -2.5272311888964545 1
gene  1 7 14 -2.974122828412449 0 188.0 -2.974122828412449 1
gene  1 13 14 -0.6922217624004805 0 194.0 -0.6922217624004805 0
gene  1 14 14 -0.9218233133615175 1 195.0 -0.9218233133615175 1
gene  1 4 14 0.20675770909923308 0 196.0 0.20675770909923308 1
gene  1 1 13 8.431808174237192 0 216.0 8.431808174237192 1
gene  1 1 33 2.317321439419615 0 313.0 2.317321439419615 1
gene  1 33 14 -5.377784809054099 0 314.0 -5.377784809054099 1
gene  1 14 48 2.153586010678675 1 379.0 2.153586010678675 1
gene  1 48 14 0.6959746156196349 0 380.0 0.6959746156196349 1
gene  1 48 33 -1.047926638930859 0 381.0 -1.047926638930859 1
gene  1 4 33 0.8825581739202029 0 384.0 0.8825581739202029 1
gene  1 13 55 3.8694691641198125 0 407.0 3.8694691641198125 1
gene  1 55 14 1.6511057969612108 0 408.0 1.6511057969612108 1
gene  1 2 33 -0.5952500915358077 0 425.0 -0.5952500915358077 1
gene  1 13 33 1.396615636456322 0 427.0 1.396615636456322 1
genomeend 0
genomestart  1
trait 1 0.12236385032328645 0.11996509262718169 0.0 1.2348572107762614 0.0 1.3168578850843018 1.0590140864502917 1.7905313975538821 
node 1 1 1 1
node 2 1 1 1
node 3 1 1 1
node 4 1 1 1
node 5 1 1 1
node 6 1 1 1
node 7 1 1 3
node 13 1 0 2
node 14 1 0 2
node 33 1 0 0
node 48 1 0 0
node 55 1 0 0
gene  1 2 13 -5.346959446119611 0 169.0 -5.346959446119611 1
gene  1 3 13 1.1776146039546216 0 170.0 1.1776146039546216 1
gene  1 4 13 6.016148908425859 0 171.0 6.016148908425859 1
gene  1 6 13 -6.075056492375668 0 173.0 -6.075056492375668 1
gene  1 7 13 -3.8718159902972404 0 174.0 -3.8718159902972404 1
gene  1 13 13 4.822044210756917 1 180.0 4.822044210756917 1
gene  1 1 14 2.2143987586140548 0 182.0 2.2143987586140548 1
gene  1 2 14 5.203902168509769 0 183.0 5.203902168509769 1
gene  1 5 14 1.7026508362866624 0 186.0 1.7026508362866624 1
gene  1 6 14 -3.0245656360306494 0 187.0 -3.0245656360306494 1
gene  1 7 14 -0.6700513504224237 0 188.0 -0.6700513504224237 1
gene  1 13 14 1.7866097219352797 0 194.0 1.7866097219352797 0
gene  1 14 14 0.890567715072547 1 195.0 0.890567715072547 1
gene  1 4 14 -1.2721946970162263 0 196.0 -1.2721946970162263 1
gene  1 1 13 10.858910536233768 0 216.0 10.858910536233768 1
gene  1 1 33 5.565819244224315 0 313.0 5.565819244224315 1
gene  1 33 14 -2.497571034087092 0 314.0 -2.497571034087092 1
gene  1 14 48 2.9887766929154096 1 379.0 2.9887766929154096 1
gene  1 48 14 -0.4415987850360419 0 380.0 -0.4415987850360419 1
gene  1 48 33 -1.8093788763894099 0 381.0 -1.8093788763894099 1
gene  1 4 33 -2.5503278485510323 0 384.0 -2.5503278485510323 1
gene  1 13 55 2.8009014144547404 0 407.0 2.8009014144547404 1
gene  1 55 14 -0.6520740498652586 0 408.0 -0.6520740498652586 1
gene  1 2 33 -2.680958648867873 0 425.0 -2.680958648867873 1
gene  1 13 33 2.584503504583547 0 427.0 2.584503504583547 1
genomeend 1
genomestart  2
trait 1 0.3582596345510627 0.4388362906987652 0.8146270411081855 0.0 1.0397212879708124 1.21277466076125 0.0 0.9579208503187541 
node 1 1 1 1
node 2 1 1 1
node 3 1 1 1
node 4 1 1 1
node 5 1 1 1
node 6 1 1 1
node 7 1 1 3
node 13 1 0 2
node 14 1 0 2
node 21 1 0 0
node 24 1 0 0
node 34 1 0 0
gene  1 1 13 1.5880807160467216 0 168.0 1.5880807160467216 1
gene  1 4 13 1.6330073578264133 0 171.0 1.6330073578264133 1
gene  1 5 13 -3.2554202923179822 0 172.0 -3.2554202923179822 1
gene  1 7 13 3.1913115501731086 0 174.0 3.1913115501731086 1
gene  1 13 13 -1.3691181657666271 1 180.0 -1.3691181657666271 1
gene  1 2 14 -0.5974831726992549 0 183.0 -0.5974831726992549 1
gene  1 3 14 -0.677672094272757 0 184.0 -0.677672094272757 1
gene  1 6 14 2.1052095693265525 0 187.0 2.1052095693265525 1
gene  1 13 14 -0.8864599721319761 0 194.0 -0.8864599721319761 1
gene  1 14 14 0.2200498359284216 1 195.0 0.2200498359284216 1
gene  1 6 13 1.74718464467133 0 205.0 1.74718464467133 1
gene  1 5 14 -1.649129888551685 0 223.0 -1.649129888551685 1
gene  1 3 13 -0.3462761706911315 0 229.0 -0.3462761706911315 1
gene  1 2 13 -1.5821214098680465 0 233.0 -1.5821214098680465 1
gene  1 1 21 7.521336055908625 0 238.0 7.521336055908625 1
gene  1 21 13 -1.8420917349481514 0 239.0 -1.8420917349481514 1
gene  1 5 21 1.0701855638822457 0 253.0 1.0701855638822457 1
gene  1 3 21 2.0156093594139723 0 270.0 2.0156093594139723 1
gene  1 1 24 -0.19188134265466772 0 275.0 -0.19188134265466772 1
gene  1 24 13 -3.326892280350906 0 276.0 -3.326892280350906 1
gene  1 3 34 -2.716039120051072 0 315.0 -2.716039120051072 1
gene  1 34 14 -3.6326228784008334 0 316.0 -3.6326228784008334 1
gene  1 3 24 -3.6535773514454926 0 324.0 -3.6535773514454926 1
gene  1 2 21 1.1032946987573136 0 350.0 1.1032946987573136 1
gene  1 34 13 -0.8430602847072766 0 355.0 -0.8430602847072766 1
gene  1 1 34 -3.358321627068992 0 361.0 -3.358321627068992 1
gene  1 7 14 -2.103528785960006 0 388.0 -2.103528785960006 1
genomeend 2
genomestart  3
trait 1 0.3582596345510627 0.4388362906987652 0.8146270411081855 0.0 1.0397212879708124 1.21277466076125 0.0 0.9579208503187541 
node 1 1 1 1
node 2 1 1 1
node 3 1 1 1
node 4 1 1 1
node 5 1 1 1
node 6 1 1 1
node 7 1 1 3
node 13 1 0 2
node 14 1 0 2
node 21 1 0 0
node 24 1 0 0
node 34 1 0 0
gene  1 1 13 -0.6447263465779032 0 168.0 -0.6447263465779032 1
gene  1 4 13 0.040569222489448276 0 171.0 0.040569222489448276 1
gene  1 5 13 -4.454289098494088 0 172.0 -4.454289098494088 1
gene  1 7 13 4.151933417241466 0 174.0 4.151933417241466 1
gene  1 13 13 -6.178765703968372 1 180.0 -6.178765703968372 1
gene  1 2 14 -1.0562502528542015 0 183.0 -1.0562502528542015 1
gene  1 3 14 2.433531896322891 0 184.0 2.433531896322891 1
gene  1 6 14 -0.7149148348209702 0 187.0 -0.7149148348209702 1
gene  1 13 14 1.3868063948109801 0 194.0 1.3868063948109801 1
gene  1 14 14 2.6755250019893886 1 195.0 2.6755250019893886 1
gene  1 6 13 1.1894052525155683 0 205.0 1.1894052525155683 1
gene  1 5 14 -3.5475279775547115 0 223.0 -3.5475279775547115 1
gene  1 3 13 0.6561336373515632 0 229.0 0.6561336373515632 1
gene  1 2 13 -3.2299730293646522 0 233.0 -3.2299730293646522 1
gene  1 1 21 4.920338662041852 0 238.0 4.920338662041852 1
gene  1 21 13 -2.000124588556842 0 239.0 -2.000124588556842 1
gene  1 5 21 0.7950468721467427 0 253.0 0.7950468721467427 1
gene  1 3 21 -0.9842012833203428 0 270.0 -0.9842012833203428 1
gene  1 1 24 1.2128244139752933 0 275.0 1.2128244139752933 1
gene  1 24 13 -5.055180028648442 0 276.0 -5.055180028648442 1
gene  1 3 34 -0.5372511567311347 0 315.0 -0.5372511567311347 1
gene  1 34 14 -1.0178684216404357 0 316.0 -1.0178684216404357 1
gene  1 3 24 -3.8010148441107097 0 324.0 -3.8010148441107097 1
gene  1 2 21 1.7182772741604708 0 350.0 1.7182772741604708 1
gene  1 34 13 -1.0097082911012807 0 355.0 -1.0097082911012807 1
gene  1 1 34 -6.103914699401799 0 361.0 -6.103914699401799 1
gene  1 7 14 0.15346228405527973 0 388.0 0.15346228405527973 1
genomeend 3
genomestart  4
trait 1 2.8264831974358327 1.038817852750874 0.43173212214279244 1.2383225027221012 1.329334485592839 0.0 0.6456726887502329 1.0929932745483306 
node 1 1 1 1
node 2 1 1 1
node 3 1 1 1
node 4 1 1 1
node 5 1 1 1
node 6 1 1 1
node 7 1 1 3
node 8 1 0 0
node 13 1 0 2
node 14 1 0 2
node 39 1 0 0
node 42 1 0 0
node 51 1 0 0
gene  1 1 8 -2.1658077183595266 0 98.0 -2.1658077183595266 1
gene  1 2 8 -0.2002092033460614 0 99.0 -0.2002092033460614 1
gene  1 3 8 6.541865234878393 0 100.0 6.541865234878393 1
gene  1 4 8 -0.6517078815237065 0 101.0 -0.6517078815237065 1
gene  1 5 8 -3.6874046602566306 0 102.0 -3.6874046602566306 1
gene  1 6 8 6.25234944522237 0 103.0 6.25234944522237 1
gene  1 8 8 -1.2481763358796485 1 105.0 -1.2481763358796485 1
gene  1 13 8 0.8559832631630893 1 110.0 0.8559832631630893 1
gene  1 14 8 4.838835577896785 1 111.0 4.838835577896785 1
gene  1 3 13 -1.349886290925043 0 170.0 -1.349886290925043 1
gene  1 5 13 7.709289951484385 0 172.0 7.709289951484385 1
gene  1 7 13 -2.902765987690378 0 174.0 -2.902765987690378 1
gene  1 13 13 -5.7163121961480865 1 180.0 -5.7163121961480865 1
gene  1 2 14 5.175123011594208 0 183.0 5.175123011594208 1
gene  1 4 14 -2.4466705169262566 0 185.0 -2.4466705169262566 1
gene  1 6 14 -1.8397366634690466 0 187.0 -1.8397366634690466 1
gene  1 8 14 2.6165257478993396 0 189.0 2.6165257478993396 1
gene  1 13 14 -5.744575572108044 0 194.0 -5.744575572108044 1
gene  1 2 13 -10.484515878678549 0 213.0 -10.484515878678549 1
gene  1 4 13 -3.207224074361851 0 230.0 -3.207224074361851 1
gene  1 13 8 -0.07719062752024941 0 244.0 -0.07719062752024941 1
gene  1 7 14 3.43827962752865 0 264.0 3.43827962752865 1
gene  1 1 14 0.6570045537386857 0 299.0 0.6570045537386857 1
gene  1 5 14 -2.2381786129953065 0 310.0 -2.2381786129953065 0
gene  1 1 13 0.6464606744347838 0 311.0 0.6464606744347838 1
gene  1 13 39 1.2053673217785374 0 344.0 1.2053673217785374 1
gene  1 39 8 5.20719093945128 0 345.0 5.20719093945128 1
gene  1 6 13 2.130449725590683 0 348.0 2.130449725590683 1
gene  1 2 42 4.88678739852492 0 359.0 4.88678739852492 1
gene  1 42 14 -1.8413521884227566 0 360.0 -1.8413521884227566 1
gene  1 13 42 -0.7275736035073337 0 366.0 -0.7275736035073337 1
gene  1 5 51 -3.3309678123660134 0 396.0 -3.3309678123660134 1
gene  1 51 14 -2.9929532254921236 0 397.0 -2.9929532254921236 1
gene  1 6 42 -0.8313107815443335 0 423.0 -0.8313107815443335 1
gene  1 39 42 1.981764722441433 0 426.0 1.981764722441433 1
genomeend 4
genomestart  5
trait 1 2.364276088738065 1.038817852750874 0.43173212214279244 1.1265373539178585 1.329334485592839 0.0 0.6456726887502329 0.7152096786911615 
node 1 1 1 1
node 2 1 1 1
node 3 1 1 1
node 4 1 1 1
node 5 1 1 1
node 6 1 1 1
node 7 1 1 3
node 8 1 0 0
node 13 1 0 2
node 14 1 0 2
node 39 1 0 0
node 42 1 0 0
node 51 1 0 0
gene  1 1 8 -1.4892422644597285 0 98.0 -1.4892422644597285 1
gene  1 2 8 1.5640056160453897 0 99.0 1.5640056160453897 1
gene  1 3 8 6.541865234878393 0 100.0 6.541865234878393 1
gene  1 4 8 -2.5023690626427104 0 101.0 -2.5023690626427104 1
gene  1 5 8 -6.173943483909312 0 102.0 -6.173943483909312 1
gene  1 6 8 4.200573366661942 0 103.0 4.200573366661942 1
gene  1 8 8 -1.7082051163498846 1 105.0 -1.7082051163498846 1
gene  1 13 8 1.0931564795884083 1 110.0 1.0931564795884083 1
gene  1 14 8 5.5886144932968485 1 111.0 5.5886144932968485 1
gene  1 3 13 0.5342148792786863 0 170.0 0.5342148792786863 1
gene  1 5 13 0.34076852909868005 0 172.0 0.34076852909868005 1
gene  1 7 13 -3.914435104088665 0 174.0 -3.914435104088665 1
gene  1 13 13 -5.956350804306457 1 180.0 -5.956350804306457 1
gene  1 2 14 6.857265201115517 0 183.0 6.857265201115517 1
gene  1 4 14 -3.6338220644551362 0 185.0 -3.6338220644551362 1
gene  1 6 14 -0.4928953784312091 0 187.0 -0.4928953784312091 1
gene  1 8 14 2.097692431630297 0 189.0 2.097692431630297 1
gene  1 13 14 -5.876916881087819 0 194.0 -5.876916881087819 1
gene  1 2 13 -2.317437887786085 0 213.0 -2.317437887786085 1
gene  1 4 13 -5.268840098539723 0 230.0 -5.268840098539723 1
gene  1 13 8 -1.6299844797933063 0 244.0 -1.6299844797933063 1
gene  1 7 14 5.873606648697656 0 264.0 5.873606648697656 1
gene  1 1 14 -1.166493693069738 0 299.0 -1.166493693069738 1
gene  1 5 14 -4.691078293071229 0 310.0 -4.691078293071229 0
gene  1 1 13 0.0327786981067848 0 311.0 0.0327786981067848 1
gene  1 13 39 -0.10033064184027696 0 344.0 -0.10033064184027696 1
gene  1 39 8 4.28041109170641 0 345.0 4.28041109170641 1
gene  1 6 13 1.7053616667075888 0 348.0 1.7053616667075888 1
gene  1 2 42 6.471313370936484 0 359.0 6.471313370936484 1
gene  1 42 14 -2.8822670146093907 0 360.0 -2.8822670146093907 1
gene  1 13 42 -2.6748527718311217 0 366.0 -2.6748527718311217 1
gene  1 5 51 0.9376764134742952 0 396.0 0.9376764134742952 1
gene  1 51 14 -2.9929532254921236 0 397.0 -2.9929532254921236 1
gene  1 6 42 -1.1771401408341255 0 423.0 -1.1771401408341255 1
gene  1 39 42 3.357834258482026 0 426.0 3.357834258482026 1
genomeend 5
genomestart  6
trait 1 2.8264831974358327 1.038817852750874 0.43173212214279244 1.2383225027221012 1.329334485592839 0.0 0.6456726887502329 1.0929932745483306 
node 1 1 1 1
node 2 1 1 1
node 3 1 1 1
node 4 1 1 1
node 5 1 1 1
node 6 1 1 1
node 7 1 1 3
node 8 1 0 0
node 13 1 0 2
node 14 1 0 2
node 39 1 0 0
node 42 1 0 0
node 51 1 0 0
gene  1 1 8 -3.8276272534161686 0 98.0 -3.8276272534161686 1
gene  1 2 8 0.044075983554727804 0 99.0 0.044075983554727804 1
gene  1 3 8 7.681603124009147 0 100.0 7.681603124009147 1
gene  1 4 8 0.7094984519479741 0 101.0 0.7094984519479741 1
gene  1 5 8 -2.5745470830191604 0 102.0 -2.5745470830191604 1
gene  1 6 8 8.285516192563954 0 103.0 8.285516192563954 1
gene  1 8 8 -2.273891539829699 1 105.0 -2.273891539829699 1
gene  1 13 8 -1.4032191087836527 1 110.0 -1.4032191087836527 1
gene  1 14 8 7.025492948877593 1 111.0 7.025492948877593 1
gene  1 3 13 0.0915021518809438 0 170.0 0.0915021518809438 1
gene  1 5 13 6.599420337664308 0 172.0 6.599420337664308 1
gene  1 7 13 -2.114739685521097 0 174.0 -2.114739685521097 1
gene  1 13 13 -7.420604715197048 1 180.0 -7.420604715197048 1
gene  1 2 14 3.1477072429177384 0 183.0 3.1477072429177384 1
gene  1 4 14 -3.6713635822763475 0 185.0 -3.6713635822763475 1
gene  1 6 14 -1.5722304419954107 0 187.0 -1.5722304419954107 1
gene  1 8 14 1.8115606107993694 0 189.0 1.8115606107993694 1
gene  1 13 14 -6.82413255633682 0 194.0 -6.82413255633682 1
gene  1 2 13 -12.7142784509627 0 213.0 -12.7142784509627 1
gene  1 4 13 -4.394671635714915 0 230.0 -4.394671635714915 1
gene  1 13 8 -1.7579008527095217 0 244.0 -1.7579008527095217 1
gene  1 7 14 5.400206612344948 0 264.0 5.400206612344948 1
gene  1 1 14 -1.6044536413618244 0 299.0 -1.6044536413618244 1
gene  1 5 14 -3.7463841586021536 0 310.0 -3.7463841586021536 0
gene  1 1 13 3.0683585879757933 0 311.0 3.0683585879757933 1
gene  1 13 39 -0.8650260177657931 0 344.0 -0.8650260177657931 1
gene  1 39 8 5.946006212014251 0 345.0 5.946006212014251 1
gene  1 6 13 2.909827251425466 0 348.0 2.909827251425466 1
gene  1 2 42 4.339458207430187 0 359.0 4.339458207430187 1
gene  1 42 14 1.045857931640919 0 360.0 1.045857931640919 1
gene  1 13 42 1.199900400049758 0 366.0 1.199900400049758 1
gene  1 5 51 -3.9195978423078977 0 396.0 -3.9195978423078977 1
gene  1 51 14 -2.7691432399232228 0 397.0 -2.7691432399232228 1
gene  1 6 42 -0.8313107815443335 0 423.0 -0.8313107815443335 1
gene  1 39 42 2.326331558939192 0 426.0 2.326331558939192 1
genomeend 6
genomestart  7
trait 1 2.225061889405073 0.0 0.0 1.3327232120186472 1.3666937545645097 0.0 1.091719119822867 0.9886345967811722 
node 1 1 1 1
node 2 1 1 1
node 3 1 1 1
node 4 1 1 1
node 5 1 1 1
node 6 1 1 1
node 7 1 1 3
node 8 1 0 0
node 9 1 0 0
node 10 1 0 0
node 13 1 0 2
node 14 1 0 2
node 28 1 0 0
node 41 1 0 0
node 43 1 0 0
node 47 1 0 0
gene  1 1 8 -0.356952652965117 0 98.0 -0.356952652965117 1
gene  1 3 8 -0.1597579707327208 0 100.0 -0.1597579707327208 1
gene  1 5 8 0.14691084149367617 0 102.0 0.14691084149367617 1
gene  1 6 8 8.586880865203238 0 103.0 8.586880865203238 1
gene  1 8 8 -0.15348902176346524 1 105.0 -0.15348902176346524 1
gene  1 1 9 -1.0905857230380565 0 112.0 -1.0905857230380565 1
gene  1 2 9 -6.911346238216426 0 113.0 -6.911346238216426 1
gene  1 3 9 -3.191248470090986 0 114.0 -3.191248470090986 1
gene  1 5 9 4.911508919565044 0 116.0 4.911508919565044 1
gene  1 7 9 7.235502949710298 0 118.0 7.235502949710298 1
gene  1 9 9 -1.1904736587497162 1 120.0 -1.1904736587497162 1
gene  1 10 9 2.4356083706988176 1 121.0 2.4356083706988176 1
gene  1 13 9 -2.317614378878964 1 124.0 -2.317614378878964 1
gene  1 2 10 2.25668181480936 0 127.0 2.25668181480936 1
gene  1 4 10 0.6085680059412877 0 129.0 0.6085680059412877 1
gene  1 5 10 -7.3671319689565715 0 130.0 -7.3671319689565715 1
gene  1 8 10 -3.010699109490468 0 133.0 -3.010699109490468 1
gene  1 9 10 0.4144994380308836 0 134.0 0.4144994380308836 1
gene  1 10 10 -4.2699122181798606 1 135.0 -4.2699122181798606 1
gene  1 13 10 3.948510448106428 1 138.0 3.948510448106428 1
gene  1 14 10 -0.13786507509252616 1 139.0 -0.13786507509252616 1
gene  1 2 13 -8.36307750332916 0 169.0 -8.36307750332916 1
gene  1 3 13 -6.912143211210019 0 170.0 -6.912143211210019 1
gene  1 6 13 -1.8585784864034482 0 173.0 -1.8585784864034482 1
gene  1 7 13 2.763396148564193 0 174.0 2.763396148564193 1
gene  1 9 13 -0.20118607836100333 0 176.0 -0.20118607836100333 1
gene  1 13 13 6.990136088496925 1 180.0 6.990136088496925 1
gene  1 14 13 3.996271357541772 1 181.0 3.996271357541772 1
gene  1 1 14 14.302680176399255 0 182.0 14.302680176399255 1
gene  1 3 14 14.146104634757977 0 184.0 14.146104634757977 1
gene  1 9 14 -2.9705596302321595 0 190.0 -2.9705596302321595 1
gene  1 10 14 -7.2325164657490335 0 191.0 -7.2325164657490335 1
gene  1 8 13 -3.6062404504333028 0 207.0 -3.6062404504333028 1
gene  1 1 10 -5.001490644064688 0 226.0 -5.001490644064688 1
gene  1 6 14 5.184753704297813 0 234.0 5.184753704297813 1
gene  1 8 28 0.11020672775496787 1 293.0 0.11020672775496787 1
gene  1 28 8 -1.3396021721298499 0 294.0 -1.3396021721298499 1
gene  1 8 9 2.2880728059106734 0 328.0 2.2880728059106734 1
gene  1 8 41 4.063239513022664 1 357.0 4.063239513022664 1
gene  1 41 8 4.324654081555403 0 358.0 4.324654081555403 1
gene  1 14 43 -6.0549954767958285 1 364.0 -6.0549954767958285 1
gene  1 43 10 -0.27271768709849864 0 365.0 -0.27271768709849864 1
gene  1 5 47 0.623167000986915 0 375.0 0.623167000986915 1
gene  1 47 9 -0.8122281507137452 0 376.0 -0.8122281507137452 1
gene  1 41 14 5.339433362357671 0 387.0 5.339433362357671 1
gene  1 4 28 5.439980013155217 0 419.0 5.439980013155217 1
gene  1 2 28 8.205498475739292 0 429.0 8.205498475739292 1
genomeend 7
genomestart  8
trait 1 2.225061889405073 0.0 0.0 1.3327232120186472 1.3666937545645097 0.0 1.091719119822867 0.9886345967811722 
node 1 1 1 1
node 2 1 1 1
node 3 1 1 1
node 4 1 1 1
node 5 1 1 1
node 6 1 1 1
node 7 1 1 3
node 8 1 0 0
node 9 1 0 0
node 10 1 0 0
node 13 1 0 2
node 14 1 0 2
node 28 1 0 0
node 41 1 0 0
node 43 1 0 0
node 47 1 0 0
gene  1 1 8 -0.356952652965117 0 98.0 -0.356952652965117 1
gene  1 3 8 -0.1597579707327208 0 100.0 -0.1597579707327208 1
gene  1 5 8 0.14691084149367617 0 102.0 0.14691084149367617 1
gene  1 6 8 8.586880865203238 0 103.0 8.586880865203238 1
gene  1 8 8 -0.15348902176346524 1 105.0 -0.15348902176346524 1
gene  1 1 9 -1.0905857230380565 0 112.0 -1.0905857230380565 1
gene  1 2 9 -6.911346238216426 0 113.0 -6.911346238216426 1
gene  1 3 9 -3.191248470090986 0 114.0 -3.191248470090986 1
gene  1 5 9 4.911508919565044 0 116.0 4.911508919565044 1
gene  1 7 9 7.235502949710298 0 118.0 7.235502949710298 1
gene  1 9 9 -1.1904736587497162 1 120.0 -1.1904736587497162 1
gene  1 10 9 2.4356083706988176 1 121.0 2.4356083706988176 1
gene  1 13 9 -2.317614378878964 1 124.0 -2.317614378878964 1
gene  1 2 10 2.25668181480936 0 127.0 2.25668181480936 1
gene  1 4 10 0.6085680059412877 0 129.0 0.6085680059412877 1
gene  1 5 10 -7.3671319689565715 0 130.0 -7.3671319689565715 1
gene  1 8 10 -3.010699109490468 0 133.0 -3.010699109490468 1
gene  1 9 10 0.4144994380308836 0 134.0 0.4144994380308836 1
gene  1 10 10 -4.2699122181798606 1 135.0 -4.2699122181798606 1
gene  1 13 10 3.948510448106428 1 138.0 3.948510448106428 1
gene  1 14 10 -0.13786507509252616 1 139.0 -0.13786507509252616 1
gene  1 2 13 -8.36307750332916 0 169.0 -8.36307750332916 1
gene  1 3 13 -6.912143211210019 0 170.0 -6.912143211210019 1
gene  1 6 13 -1.8585784864034482 0 173.0 -1.8585784864034482 1
gene  1 7 13 2.763396148564193 0 174.0 2.763396148564193 1
gene  1 9 13 -0.20118607836100333 0 176.0 -0.20118607836100333 1
gene  1 13 13 6.990136088496925 1 180.0 6.990136088496925 1
gene  1 14 13 3.996271357541772 1 181.0 3.996271357541772 1
gene  1 1 14 14.302680176399255 0 182.0 14.302680176399255 1
gene  1 3 14 14.146104634757977 0 184.0 14.146104634757977 1
gene  1 9 14 -2.9705596302321595 0 190.0 -2.9705596302321595 1
gene  1 10 14 -7.2325164657490335 0 191.0 -7.2325164657490335 1
gene  1 8 13 -3.6062404504333028 0 207.0 -3.6062404504333028 1
gene  1 1 10 -5.001490644064688 0 226.0 -5.001490644064688 1
gene  1 6 14 5.184753704297813 0 234.0 5.184753704297813 1
gene  1 8 28 0.11020672775496787 1 293.0 0.11020672775496787 1
gene  1 28 8 -1.3396021721298499 0 294.0 -1.3396021721298499 1
gene  1 8 9 2.2880728059106734 0 328.0 2.2880728059106734 1
gene  1 8 41 4.063239513022664 1 357.0 4.063239513022664 1
gene  1 41 8 4.324654081555403 0 358.0 4.324654081555403 1
gene  1 14 43 -6.0549954767958285 1 364.0 -6.0549954767958285 1
gene  1 43 10 -0.27271768709849864 0 365.0 -0.27271768709849864 1
gene  1 5 47 0.623167000986915 0 375.0 0.623167000986915 1
gene  1 47 9 -0.8122281507137452 0 376.0 -0.8122281507137452 1
gene  1 41 14 5.339433362357671 0 387.0 5.339433362357671 1
gene  1 4 28 5.439980013155217 0 419.0 5.439980013155217 1
gene  1 2 28 8.205498475739292 0 429.0 8.205498475739292 1
genomeend 8
genomestart  9
trait 1 2.225061889405073 0.0 0.0 1.3327232120186472 1.3666937545645097 0.0 1.091719119822867 0.9886345967811722 
node 1 1 1 1
node 2 1 1 1
node 3 1 1 1
node 4 1 1 1
node 5 1 1 1
node 6 1 1 1
node 7 1 1 3
node 8 1 0 0
node 9 1 0 0
node 10 1 0 0
node 13 1 0 2
node 14 1 0 2
node 28 1 0 0
node 41 1 0 0
node 43 1 0 0
node 47 1 0 0
gene  1 1 8 -0.356952652965117 0 98.0 -0.356952652965117 1
gene  1 3 8 -0.1597579707327208 0 100.0 -0.1597579707327208 1
gene  1 5 8 0.14691084149367617 0 102.0 0.14691084149367617 1
gene  1 6 8 8.586880865203238 0 103.0 8.586880865203238 1
gene  1 8 8 -0.15348902176346524 1 105.0 -0.15348902176346524 1
gene  1 1 9 -1.0905857230380565 0 112.0 -1.0905857230380565 1
gene  1 2 9 -6.911346238216426 0 113.0 -6.911346238216426 1
gene  1 3 9 -3.191248470090986 0 114.0 -3.191248470090986 1
gene  1 5 9 4.911508919565044 0 116.0 4.911508919565044 1
gene  1 7 9 7.235502949710298 0 118.0 7.235502949710298 1
gene  1 9 9 -1.1904736587497162 1 120.0 -1.1904736587497162 1
gene  1 10 9 2.4356083706988176 1 121.0 2.4356083706988176 1
gene  1 13 9 -2.317614378878964 1 124.0 -2.317614378878964 1
gene  1 2 10 2.25668181480936 0 127.0 2.25668181480936 1
gene  1 4 10 0.6085680059412877 0 129.0 0.6085680059412877 1
gene  1 5 10 -7.3671319689565715 0 130.0 -7.3671319689565715 1
gene  1 8 10 -3.010699109490468 0 133.0 -3.010699109490468 1
gene  1 9 10 0.4144994380308836 0 134.0 0.4144994380308836 1
gene  1 10 10 -4.2699122181798606 1 135.0 -4.2699122181798606 1
gene  1 13 10 3.948510448106428 1 138.0 3.948510448106428 1
gene  1 14 10 -0.13786507509252616 1 139.0 -0.13786507509252616 1
gene  1 2 13 -8.36307750332916 0 169.0 -8.36307750332916 1
gene  1 3 13 -6.912143211210019 0 170.0 -6.912143211210019 1
gene  1 6 13 -1.8585784864034482 0 173.0 -1.8585784864034482 1
gene  1 7 13 2.763396148564193 0 174.0 2.763396148564193 1
gene  1 9 13 -0.20118607836100333 0 176.0 -0.20118607836100333 1
gene  1 13 13 6.990136088496925 1 180.0 6.990136088496925 1
gene  1 14 13 3.996271357541772 1 181.0 3.996271357541772 1
gene  1 1 14 14.302680176399255 0 182.0 14.302680176399255 1
gene  1 3 14 14.146104634757977 0 184.0 14.146104634757977 1
gene  1 9 14 -2.9705596302321595 0 190.0 -2.9705596302321595 1
gene  1 10 14 -7.2325164657490335 0 191.0 -7.2325164657490335 1
gene  1 8 13 -3.6062404504333028 0 207.0 -3.6062404504333028 1
gene  1 1 10 -5.001490644064688 0 226.0 -5.001490644064688 1
gene  1 6 14 5.184753704297813 0 234.0 5.184753704297813 1
gene  1 8 28 0.11020672775496787 1 293.0 0.11020672775496787 1
gene  1 28 8 -1.3396021721298499 0 294.0 -1.3396021721298499 1
gene  1 8 9 2.2880728059106734 0 328.0 2.2880728059106734 1
gene  1 8 41 4.063239513022664 1 357.0 4.063239513022664 1
gene  1 41 8 4.324654081555403 0 358.0 4.324654081555403 1
gene  1 14 43 -6.0549954767958285 1 364.0 -6.0549954767958285 1
gene  1 43 10 -0.27271768709849864 0 365.0 -0.27271768709849864 1
gene  1 5 47 0.623167000986915 0 375.0 0.623167000986915 1
gene  1 47 9 -0.8122281507137452 0 376.0 -0.8122281507137452 1
gene  1 41 14 5.339433362357671 0 387.0 5.339433362357671 1
gene  1 4 28 5.439980013155217 0 419.0 5.439980013155217 1
gene  1 2 28 8.205498475739292 0 429.0 8.205498475739292 1
genomeend 9
genomestart  10
trait 1 0.0 0.507208509242693 0.0 1.336083291708453 2.3145837249829695 0.0 0.0 0.868067118942248 
node 1 1 1 1
node 2 1 1 1
node 3 1 1 1
node 4 1 1 1
node 5 1 1 1
node 6 1 1 1
node 7 1 1 3
node 8 1 0 0
node 13 1 0 2
node 14 1 0 2
node 22 1 0 0
node 25 1 0 0
node 29 1 0 0
gene  1 1 8 -0.2844337784365497 0 98.0 -0.2844337784365497 1
gene  1 3 8 0.3126677347369172 0 100.0 0.3126677347369172 1
gene  1 4 8 -2.1874007673136586 0 101.0 -2.1874007673136586 1
gene  1 5 8 -0.277833396932615 0 102.0 -0.277833396932615 1
gene  1 6 8 2.14253417628069 0 103.0 2.14253417628069 1
gene  1 8 8 2.3487152420665414 1 105.0 2.3487152420665414 1
gene  1 1 13 -1.0694157988129724 0 168.0 -1.0694157988129724 1
gene  1 5 13 2.8534465630116097 0 172.0 2.8534465630116097 1
gene  1 13 13 -2.2463038679168212 1 180.0 -2.2463038679168212 1
gene  1 14 13 1.2501272117848083 1 181.0 1.2501272117848083 1
gene  1 2 14 -2.120561793676712 0 183.0 -2.120561793676712 1
gene  1 3 14 -0.7139873417679778 0 184.0 -0.7139873417679778 1
gene  1 5 14 3.340116630644185 0 186.0 3.340116630644185 1
gene  1 7 14 -2.2115313435485717 0 188.0 -2.2115313435485717 1
gene  1 8 14 -1.5003884804515883 0 189.0 -1.5003884804515883 1
gene  1 13 14 -7.916078405096984 0 194.0 -7.916078405096984 1
gene  1 2 13 -2.974841765552655 0 236.0 -2.974841765552655 1
gene  1 8 22 -3.79171916589347 0 240.0 -3.79171916589347 1
gene  1 22 14 -2.995997332954138 0 241.0 -2.995997332954138 1
gene  1 1 22 1.4918152345650024 0 245.0 1.4918152345650024 1
gene  1 13 8 -3.342699367433174 0 257.0 -3.342699367433174 1
gene  1 5 22 -8.679111309416905 0 265.0 -8.679111309416905 1
gene  1 1 25 -1.3149106711920404 0 279.0 -1.3149106711920404 1
gene  1 25 8 -1.178679019369934 0 280.0 -1.178679019369934 1
gene  1 8 29 0.869707052595543 0 297.0 0.869707052595543 1
gene  1 29 14 0.8140239451431494 0 298.0 0.8140239451431494 1
gene  1 1 14 3.833502714719699 0 312.0 3.833502714719699 1
gene  1 2 29 0.34169586188611545 0 330.0 0.34169586188611545 1
gene  1 5 25 -4.74259430318659 0 343.0 -4.74259430318659 1
gene  1 6 29 0.8598495478606862 0 386.0 0.8598495478606862 1
gene  1 22 29 -1.4639439002157757 0 416.0 -1.4639439002157757 1
gene  1 4 14 -3.671868123734333 0 424.0 -3.671868123734333 1
genomeend 10
genomestart  11
trait 1 0.0 0.507208509242693 0.0 1.336083291708453 2.3145837249829695 0.0 0.0 0.868067118942248 
node 1 1 1 1
node 2 1 1 1
node 3 1 1 1
node 4 1 1 1
node 5 1 1 1
node 6 1 1 1
node 7 1 1 3
node 8 1 0 0
node 13 1 0 2
node 14 1 0 2
node 22 1 0 0
node 25 1 0 0
node 29 1 0 0
gene  1 1 8 -5.160325770163415 0 98.0 -5.160325770163415 1
gene  1 3 8 2.6987047551221597 0 100.0 2.6987047551221597 1
gene  1 4 8 -0.7492078326304145 0 101.0 -0.7492078326304145 1
gene  1 5 8 0.8115843718802225 0 102.0 0.8115843718802225 1
gene  1 6 8 -1.086775745522911 0 103.0 -1.086775745522911 1
gene  1 8 8 3.370734100098188 1 105.0 3.370734100098188 1
gene  1 1 13 1.486150793771969 0 168.0 1.486150793771969 1
gene  1 5 13 6.332581473339346 0 172.0 6.332581473339346 1
gene  1 13 13 -2.2880345987453508 1 180.0 -2.2880345987453508 1
gene  1 14 13 1.4777829147581039 1 181.0 1.4777829147581039 1
gene  1 2 14 -3.085483168994607 0 183.0 -3.085483168994607 1
gene  1 3 14 2.7093329492189655 0 184.0 2.7093329492189655 1
gene  1 5 14 3.1651777760080932 0 186.0 3.1651777760080932 1
gene  1 7 14 1.4943651052613713 0 188.0 1.4943651052613713 1
gene  1 8 14 -3.9912282789773554 0 189.0 -3.9912282789773554 1
gene  1 13 14 -5.541192241980679 0 194.0 -5.541192241980679 1
gene  1 2 13 1.5065709303845218 0 236.0 1.5065709303845218 1
gene  1 8 22 -3.771607074930154 0 240.0 -3.771607074930154 1
gene  1 22 14 -2.9255146021640606 0 241.0 -2.9255146021640606 1
gene  1 1 22 4.16142031002007 0 245.0 4.16142031002007 1
gene  1 13 8 -5.743705650037563 0 257.0 -5.743705650037563 1
gene  1 5 22 -8.164093661163898 0 265.0 -8.164093661163898 1
gene  1 1 25 -2.843645433912159 0 279.0 -2.843645433912159 1
gene  1 25 8 -1.4515347218583028 0 280.0 -1.4515347218583028 1
gene  1 8 29 -2.470360323593283 0 297.0 -2.470360323593283 1
gene  1 29 14 1.889096271715124 0 298.0 1.889096271715124 1
gene  1 1 14 5.4853018080029905 0 312.0 5.4853018080029905 1
gene  1 2 29 -1.6882407518086269 0 330.0 -1.6882407518086269 1
gene  1 5 25 -3.385309141535119 0 343.0 -3.385309141535119 1
gene  1 6 29 0.5473914326311219 0 386.0 0.5473914326311219 1
gene  1 22 29 -3.376417454767851 0 416.0 -3.376417454767851 1
gene  1 4 14 -1.6611058145065993 0 424.0 -1.6611058145065993 1
genomeend 11
genomestart  12
trait 1 0.0 0.507208509242693 0.0 1.336083291708453 2.3145837249829695 0.0 0.0 0.868067118942248 
node 1 1 1 1
node 2 1 1 1
node 3 1 1 1
node 4 1 1 1
node 5 1 1 1
node 6 1 1 1
node 7 1 1 3
node 8 1 0 0
node 13 1 0 2
node 14 1 0 2
node 22 1 0 0
node 25 1 0 0
node 29 1 0 0
gene  1 1 8 -5.167132814408269 0 98.0 -5.167132814408269 1
gene  1 3 8 1.88538820343673 0 100.0 1.88538820343673 1
gene  1 4 8 -1.4123821240642735 0 101.0 -1.4123821240642735 1
gene  1 5 8 1.4150140050580857 0 102.0 1.4150140050580857 1
gene  1 6 8 -1.2258470396972598 0 103.0 -1.2258470396972598 1
gene  1 8 8 6.392030145223088 1 105.0 6.392030145223088 1
gene  1 1 13 -0.4381311681927333 0 168.0 -0.4381311681927333 1
gene  1 5 13 2.073041531041801 0 172.0 2.073041531041801 1
gene  1 13 13 -3.7277320227169777 1 180.0 -3.7277320227169777 1
gene  1 14 13 2.8269129374792916 1 181.0 2.8269129374792916 1
gene  1 2 14 0.8781290668056974 0 183.0 0.8781290668056974 1
gene  1 3 14 0.9044852660123643 0 184.0 0.9044852660123643 1
gene  1 5 14 3.9281500800039293 0 186.0 3.9281500800039293 1
gene  1 7 14 -2.5479433943319445 0 188.0 -2.5479433943319445 1
gene  1 8 14 -4.286565683282936 0 189.0 -4.286565683282936 1
gene  1 13 14 -7.092995229513885 0 194.0 -7.092995229513885 1
gene  1 2 13 1.7285570386708429 0 236.0 1.7285570386708429 1
gene  1 8 22 -2.0515571661557983 0 240.0 -2.0515571661557983 1
gene  1 22 14 -3.7811049585998724 0 241.0 -3.7811049585998724 1
gene  1 1 22 0.7569969187423813 0 245.0 0.7569969187423813 1
gene  1 13 8 -6.1476634588251295 0 257.0 -6.1476634588251295 1
gene  1 5 22 -6.36414631016427 0 265.0 -6.36414631016427 1
gene  1 1 25 -4.131966486243942 0 279.0 -4.131966486243942 1
gene  1 25 8 -4.693098619103786 0 280.0 -4.693098619103786 1
gene  1 8 29 -1.6930956255197154 0 297.0 -1.6930956255197154 1
gene  1 29 14 -0.6806688380311912 0 298.0 -0.6806688380311912 1
gene  1 1 14 5.289393269598341 0 312.0 5.289393269598341 1
gene  1 2 29 -1.6882407518086269 0 330.0 -1.6882407518086269 1
gene  1 5 25 -2.932487824784321 0 343.0 -2.932487824784321 1
gene  1 6 29 -2.4513681951049815 0 386.0 -2.4513681951049815 1
gene  1 22 29 -0.1578852314917345 0 416.0 -0.1578852314917345 1
gene  1 4 14 -2.343312657181842 0 424.0 -2.343312657181842 1
genomeend 12
genomestart  13
trait 1 0.4572982613450003 0.0 0.2801480703138618 0.0 0.0 1.2871131578344006 1.106386715936813 0.0 
node 1 1 1 1
node 2 1 1 1
node 3 1 1 1
node 4 1 1 1
node 5 1 1 1
node 6 1 1 1
node 7 1 1 3
node 13 1 0 2
node 14 1 0 2
node 49 1 0 0
gene  1 1 13 -0.42402218471192654 0 168.0 -0.42402218471192654 1
gene  1 2 13 3.2800513506091975 0 169.0 3.2800513506091975 1
gene  1 3 13 -0.5339461017769676 0 170.0 -0.5339461017769676 0
gene  1 4 13 0.7686976136698827 0 171.0 0.7686976136698827 1
gene  1 5 13 -0.2246137461855502 0 172.0 -0.2246137461855502 1
gene  1 6 13 -2.5072621082348086 0 173.0 -2.5072621082348086 1
gene  1 7 13 0.9589720261587042 0 174.0 0.9589720261587042 1
gene  1 14 13 1.7500814388629262 1 181.0 1.7500814388629262 1
gene  1 1 14 2.1844324969817857 0 182.0 2.1844324969817857 1
gene  1 2 14 -2.7116657409970037 0 183.0 -2.7116657409970037 1
gene  1 3 14 -0.07567412916832661 0 184.0 -0.07567412916832661 1
gene  1 13 14 0.27868203042322004 0 194.0 0.27868203042322004 1
gene  1 14 14 -5.505296183132508 1 195.0 -5.505296183132508 1
gene  1 7 14 -1.9416486654429548 0 273.0 -1.9416486654429548 1
gene  1 4 14 1.1006040729175983 0 283.0 1.1006040729175983 1
gene  1 5 14 -1.8538396435066855 0 303.0 -1.8538396435066855 1
gene  1 6 14 -0.7811267350663713 0 307.0 -0.7811267350663713 1
gene  1 3 49 0.4913412104760029 0 389.0 0.4913412104760029 1
gene  1 49 13 1.724972483993645 0 390.0 1.724972483993645 1
gene  1 5 49 7.5980252947669475 0 403.0 7.5980252947669475 1
genomeend 13
genomestart  14
trait 1 0.4572982613450003 0.0 0.2801480703138618 0.0 0.0 1.2871131578344006 1.106386715936813 0.0 
node 1 1 1 1
node 2 1 1 1
node 3 1 1 1
node 4 1 1 1
node 5 1 1 1
node 6 1 1 1
node 7 1 1 3
node 13 1 0 2
node 14 1 0 2
node 49 1 0 0
gene  1 1 13 -2.5294147611075597 0 168.0 -2.5294147611075597 1
gene  1 2 13 3.0201287540816772 0 169.0 3.0201287540816772 1
gene  1 3 13 -0.015865813186396682 0 170.0 -0.015865813186396682 0
gene  1 4 13 -0.27235590178535163 0 171.0 -0.27235590178535163 1
gene  1 5 13 1.1315577455380732 0 172.0 1.1315577455380732 1
gene  1 6 13 -1.8118402048381348 0 173.0 -1.8118402048381348 1
gene  1 7 13 -1.2227891446193957 0 174.0 -1.2227891446193957 1
gene  1 14 13 2.1479710273270696 1 181.0 2.1479710273270696 1
gene  1 1 14 1.7500554888977002 0 182.0 1.7500554888977002 1
gene  1 2 14 -3.073521466894725 0 183.0 -3.073521466894725 1
gene  1 3 14 -0.1960010240342308 0 184.0 -0.1960010240342308 1
gene  1 13 14 -0.379655012921559 0 194.0 -0.379655012921559 1
gene  1 14 14 -3.1493542655657656 1 195.0 -3.1493542655657656 1
gene  1 7 14 0.2865605193792584 0 273.0 0.2865605193792584 1
gene  1 4 14 -0.16100041566529222 0 283.0 -0.16100041566529222 1
gene  1 5 14 0.4566282393394605 0 303.0 0.4566282393394605 1
gene  1 6 14 -1.7349221396665078 0 307.0 -1.7349221396665078 1
gene  1 3 49 -0.3292719253273546 0 389.0 -0.3292719253273546 1
gene  1 49 13 4.014388991404765 0 390.0 4.014388991404765 1
gene  1 5 49 6.857615976044984 0 403.0 6.857615976044984 1
gene  1 1 49 -6.2833687448252284 0 430.0 -6.2833687448252284 1
genomeend 14
genomestart  15
trait 1 0.04702751910613956 0.5319433208524987 0.8875428902212121 0.7010184240616681 0.2545070174269727 0.020095000702126553 0.0 0.0 
node 1 1 1 1
node 2 1 1 1
node 3 1 1 1
node 4 1 1 1
node 5 1 1 1
node 6 1 1 1
node 7 1 1 3
node 8 1 0 0
node 9 1 0 0
node 13 1 0 2
node 14 1 0 2
node 20 1 0 0
gene  1 1 8 -4.831419926691691 0 98.0 -4.831419926691691 1
gene  1 2 8 2.318787011272287 0 99.0 2.318787011272287 1
gene  1 3 8 11.63902346451165 0 100.0 11.63902346451165 1
gene  1 6 8 8.60712765898326 0 103.0 8.60712765898326 1
gene  1 8 8 -1.6253435654031922 1 105.0 -1.6253435654031922 1
gene  1 9 8 6.973495429134795 1 106.0 6.973495429134795 1
gene  1 13 8 4.2260410386822915 1 110.0 4.2260410386822915 1
gene  1 14 8 -6.132449874782411 1 111.0 -6.132449874782411 1
gene  1 1 9 0.782062483943805 0 112.0 0.782062483943805 1
gene  1 4 9 -13.448525116755857 0 115.0 -13.448525116755857 1
gene  1 5 9 1.9106521556401048 0 116.0 1.9106521556401048 1
gene  1 7 9 3.059622142081303 0 118.0 3.059622142081303 1
gene  1 9 9 0.4261283067274688 1 120.0 0.4261283067274688 1
gene  1 14 9 -1.8338524548418476 1 125.0 -1.8338524548418476 1
gene  1 2 13 0.3312929254394421 0 169.0 0.3312929254394421 1
gene  1 5 13 0.5548618757291401 0 172.0 0.5548618757291401 1
gene  1 8 13 -0.5355750211403026 0 175.0 -0.5355750211403026 1
gene  1 1 14 6.58155751905838 0 182.0 6.58155751905838 1
gene  1 2 14 -5.391269483439092 0 183.0 -5.391269483439092 1
gene  1 3 14 2.413767985990865 0 184.0 2.413767985990865 1
gene  1 6 14 -9.84397773861052 0 187.0 -9.84397773861052 1
gene  1 13 14 0.836675759947574 0 194.0 0.836675759947574 1
gene  1 14 14 5.775447470979689 1 195.0 5.775447470979689 1
gene  1 5 8 -0.29171610589348773 0 202.0 -0.29171610589348773 1
gene  1 4 13 -0.04535619243239486 0 220.0 -0.04535619243239486 1
gene  1 1 20 -4.046176214889917 0 231.0 -4.046176214889917 1
gene  1 20 14 2.4686111045267953 0 232.0 2.4686111045267953 1
gene  1 1 13 1.3342224051256204 0 329.0 1.3342224051256204 1
gene  1 13 20 0.6118784664542064 0 337.0 0.6118784664542064 1
gene  1 4 20 -0.04546437262001124 0 339.0 -0.04546437262001124 1
gene  1 9 8 -1.9672348136656668 0 404.0 -1.9672348136656668 1
gene  1 8 14 9.93461700055356 0 410.0 9.93461700055356 1
genomeend 15
genomestart  16
trait 1 0.04702751910613956 0.5319433208524987 0.8875428902212121 0.7010184240616681 0.2545070174269727 0.020095000702126553 0.0 0.0 
node 1 1 1 1
node 2 1 1 1
node 3 1 1 1
node 4 1 1 1
node 5 1 1 1
node 6 1 1 1
node 7 1 1 3
node 8 1 0 0
node 9 1 0 0
node 13 1 0 2
node 14 1 0 2
node 20 1 0 0
gene  1 1 8 -3.661833815236388 0 98.0 -3.661833815236388 1
gene  1 2 8 1.7059093876497025 0 99.0 1.7059093876497025 1
gene  1 3 8 12.320908868779542 0 100.0 12.320908868779542 1
gene  1 6 8 6.614942992169659 0 103.0 6.614942992169659 1
gene  1 8 8 2.188437964677311 1 105.0 2.188437964677311 1
gene  1 9 8 5.972983570936227 1 106.0 5.972983570936227 1
gene  1 13 8 3.8157927419989917 1 110.0 3.8157927419989917 1
gene  1 14 8 -4.189488218558479 1 111.0 -4.189488218558479 1
gene  1 1 9 0.6955068773208499 0 112.0 0.6955068773208499 1
gene  1 4 9 -11.809471667307577 0 115.0 -11.809471667307577 1
gene  1 5 9 16.19420314837145 0 116.0 16.19420314837145 1
gene  1 7 9 2.24588923037246 0 118.0 2.24588923037246 1
gene  1 9 9 -1.9129895260492467 1 120.0 -1.9129895260492467 1
gene  1 14 9 -9.739139521213891 1 125.0 -9.739139521213891 1
gene  1 2 13 -0.7445145970337708 0 169.0 -0.7445145970337708 1
gene  1 5 13 0.8471327475486814 0 172.0 0.8471327475486814 1
gene  1 8 13 2.9824741521661737 0 175.0 2.9824741521661737 1
gene  1 1 14 5.866540286105796 0 182.0 5.866540286105796 1
gene  1 2 14 -5.391269483439092 0 183.0 -5.391269483439092 1
gene  1 3 14 2.4468826178077245 0 184.0 2.4468826178077245 1
gene  1 6 14 -9.160154377945883 0 187.0 -9.160154377945883 1
gene  1 13 14 -5.395079071735658 0 194.0 -5.395079071735658 1
gene  1 14 14 5.775447470979689 1 195.0 5.775447470979689 1
gene  1 5 8 -0.941605006220513 0 202.0 -0.941605006220513 1
gene  1 4 13 -2.1336689887373352 0 220.0 -2.1336689887373352 1
gene  1 1 20 -3.282158041373757 0 231.0 -3.282158041373757 1
gene  1 20 14 2.5611280594736896 0 232.0 2.5611280594736896 1
gene  1 1 13 -0.22731990405852304 0 329.0 -0.22731990405852304 1
gene  1 13 20 -0.8079843205022702 0 337.0 -0.8079843205022702 1
gene  1 4 20 -0.04546437262001124 0 339.0 -0.04546437262001124 1
gene  1 9 8 -1.022174247365325 0 404.0 -1.022174247365325 1
gene  1 8 14 11.83900427362038 0 410.0 11.83900427362038 1
genomeend 16
genomestart  17
trait 1 0.685217197429974 0.0 1.6981216406750186 0.11493069212669116 2.5335643132798116 0.515587326912087 0.0 0.07895419735974474 
node 1 1 1 1
node 2 1 1 1
node 3 1 1 1
node 4 1 1 1
node 5 1 1 1
node 6 1 1 1
node 7 1 1 3
node 13 1 0 2
node 14 1 0 2
node 45 1 0 0
gene  1 1 13 8.321044066265113 0 168.0 8.321044066265113 1
gene  1 2 13 -5.5608237178163 0 169.0 -5.5608237178163 1
gene  1 5 13 -0.4014632425877958 0 172.0 -0.4014632425877958 1
gene  1 6 13 0.8309615889998021 0 173.0 0.8309615889998021 1
gene  1 7 13 -2.2757644324693596 0 174.0 -2.2757644324693596 1
gene  1 3 14 -1.0342307644929434 0 184.0 -1.0342307644929434 1
gene  1 4 14 0.9158042427008524 0 185.0 0.9158042427008524 1
gene  1 7 14 -0.37125299871679607 0 188.0 -0.37125299871679607 1
gene  1 13 14 -2.4186481577137284 0 194.0 -2.4186481577137284 1
gene  1 14 14 2.2342969366540086 1 195.0 2.2342969366540086 1
gene  1 4 13 -0.4683238758785435 0 235.0 -0.4683238758785435 1
gene  1 1 14 -2.3702845704055764 0 242.0 -2.3702845704055764 1
gene  1 5 14 1.0313486219072685 0 319.0 1.0313486219072685 1
gene  1 1 45 5.504302131451844 0 370.0 5.504302131451844 1
gene  1 45 13 2.2801231129091555 0 371.0 2.2801231129091555 1
genomeend 17
genomestart  18
trait 1 0.685217197429974 0.0 1.6981216406750186 0.11493069212669116 2.5335643132798116 0.515587326912087 0.0 0.07895419735974474 
node 1 1 1 1
node 2 1 1 1
node 3 1 1 1
node 4 1 1 1
node 5 1 1 1
node 6 1 1 1
node 7 1 1 3
node 13 1 0 2
node 14 1 0 2
node 45 1 0 0
gene  1 1 13 6.7443662910418585 0 168.0 6.7443662910418585 1
gene  1 2 13 -2.561514636718589 0 169.0 -2.561514636718589 1
gene  1 5 13 2.0889365225431473 0 172.0 2.0889365225431473 1
gene  1 6 13 -8.68516914091443 0 173.0 -8.68516914091443 1
gene  1 7 13 0.6408422221052232 0 174.0 0.6408422221052232 1
gene  1 3 14 1.0847997521344432 0 184.0 1.0847997521344432 1
gene  1 4 14 1.07277606974307 0 185.0 1.07277606974307 1
gene  1 7 14 -1.1508515968012616 0 188.0 -1.1508515968012616 1
gene  1 13 14 -2.017304770188273 0 194.0 -2.017304770188273 1
gene  1 14 14 1.7830312728565363 1 195.0 1.7830312728565363 1
gene  1 4 13 1.6049212197557665 0 235.0 1.6049212197557665 1
gene  1 1 14 0.4013383970012657 0 242.0 0.4013383970012657 1
gene  1 5 14 2.2635492643237116 0 319.0 2.2635492643237116 1
gene  1 1 45 7.1266341170904415 0 370.0 7.1266341170904415 1
gene  1 45 13 -0.9023770221589456 0 371.0 -0.9023770221589456 1
genomeend 18
genomestart  19
trait 1 0.685217197429974 0.0 1.6981216406750186 0.11493069212669116 2.5335643132798116 0.515587326912087 0.0 0.07895419735974474 
node 1 1 1 1
node 2 1 1 1
node 3 1 1 1
node 4 1 1 1
node 5 1 1 1
node 6 1 1 1
node 7 1 1 3
node 13 1 0 2
node 14 1 0 2
node 45 1 0 0
gene  1 1 13 6.0057335226565325 0 168.0 6.0057335226565325 1
gene  1 2 13 -5.039944362413345 0 169.0 -5.039944362413345 1
gene  1 5 13 0.37178268823850014 0 172.0 0.37178268823850014 1
gene  1 6 13 -6.033722141402662 0 173.0 -6.033722141402662 1
gene  1 7 13 -1.7147681300364384 0 174.0 -1.7147681300364384 1
gene  1 3 14 -1.2343860186506206 0 184.0 -1.2343860186506206 1
gene  1 4 14 -1.244851267248888 0 185.0 -1.244851267248888 1
gene  1 7 14 -4.7807758600625885 0 188.0 -4.7807758600625885 1
gene  1 13 14 -1.231044418448365 0 194.0 -1.231044418448365 1
gene  1 14 14 1.2003522144237115 1 195.0 1.2003522144237115 1
gene  1 4 13 0.5117126892665944 0 235.0 0.5117126892665944 1
gene  1 1 14 2.3194080704821083 0 242.0 2.3194080704821083 1
gene  1 5 14 -0.19362665063686024 0 319.0 -0.19362665063686024 1
gene  1 1 45 -2.2368213925514646 0 370.0 -2.2368213925514646 1
gene  1 45 13 1.6631558717304264 0 371.0 1.6631558717304264 1
genomeend 19
