genomestart  0
trait 1 0.12236385032328645 0.11996509262718169 0.0 1.2348572107762614 0.0 1.3168578850843018 1.0590140864502917 1.7905313975538821 
node 1 1 1 1
node 2 1 1 1
node 3 1 1 1
node 4 1 1 1
node 5 1 1 1
node 6 1 1 1
node 7 1 1 3
node 13 1 0 2
node 14 1 0 2
node 33 1 0 0
node 48 1 0 0
node 55 1 0 0
node 61 1 0 0
gene  1 2 13 3.3948788389012994 0 169.0 3.3948788389012994 1
gene  1 3 13 -1.7388678892487592 0 170.0 -1.7388678892487592 1
gene  1 4 13 1.7695672070296709 0 171.0 1.7695672070296709 1
gene  1 6 13 0.4586992608821212 0 173.0 0.4586992608821212 1
gene  1 7 13 0.20963956354038266 0 174.0 0.20963956354038266 1
gene  1 13 13 1.8764163916870578 1 180.0 1.8764163916870578 1
gene  1 1 14 2.34943317359316 0 182.0 2.34943317359316 1
gene  1 2 14 -1.6814088232965643 0 183.0 -1.6814088232965643 1
gene  1 5 14 -1.1960397885566718 0 186.0 -1.1960397885566718 1
gene  1 6 14 3.4757162138364928 0 187.0 3.4757162138364928 1
gene  1 7 14 -3.5273955310849776 0 188.0 -3.5273955310849776 1
gene  1 13 14 -4.490687432090482 0 194.0 -4.490687432090482 1
gene  1 14 14 3.367286728475698 1 195.0 3.367286728475698 1
gene  1 4 14 -0.3491646797379857 0 196.0 -0.3491646797379857 1
gene  1 1 13 -5.008407976840745 0 216.0 -5.008407976840745 1
gene  1 1 33 -0.9847790335194908 0 313.0 -0.9847790335194908 1
gene  1 33 14 -6.722267887149224 0 314.0 -6.722267887149224 1
gene  1 14 48 -1.902812328584175 1 379.0 -1.902812328584175 1
gene  1 48 14 -0.09546526229048918 0 380.0 -0.09546526229048918 1
gene  1 48 33 -1.4437343778825775 0 381.0 -1.4437343778825775 1
gene  1 4 33 4.092201264252358 0 384.0 4.092201264252358 1
gene  1 13 55 -4.7000445800577415 0 407.0 -4.7000445800577415 1
gene  1 55 14 9.746626439694912 0 408.0 9.746626439694912 1
gene  1 2 33 -7.06578056184984 0 425.0 -7.06578056184984 1
gene  1 13 33 -1.0183096803697447 0 427.0 -1.0183096803697447 1
gene  1 5 13 0.8831299864633947 0 436.0 0.8831299864633947 1
gene  1 7 33 6.5559493303092395 0 465.0 6.5559493303092395 1
gene  1 2 61 0.6263716575757392 0 466.0 0.6263716575757392 1
gene  1 61 33 -4.725370174883297 0 467.0 -4.725370174883297 1
genomeend 0
genomestart  1
trait 1 0.12236385032328645 0.11996509262718169 0.0 1.2348572107762614 0.0 1.3168578850843018 1.0590140864502917 1.7905313975538821 
node 1 1 1 1
node 2 1 1 1
node 3 1 1 1
node 4 1 1 1
node 5 1 1 1
node 6 1 1 1
node 7 1 1 3
node 13 1 0 2
node 14 1 0 2
node 33 1 0 0
node 48 1 0 0
node 55 1 0 0
node 61 1 0 0
gene  1 2 13 5.23869091605721 0 169.0 5.23869091605721 1
gene  1 3 13 -1.9552357548633506 0 170.0 -1.9552357548633506 1
gene  1 4 13 1.101306649325874 0 171.0 1.101306649325874 1
gene  1 6 13 2.185524614290138 0 173.0 2.185524614290138 1
gene  1 7 13 1.8367068352419371 0 174.0 1.8367068352419371 1
gene  1 13 13 1.4574937240622055 1 180.0 1.4574937240622055 1
gene  1 1 14 0.5983715784357764 0 182.0 0.5983715784357764 1
gene  1 2 14 -1.8383044701432747 0 183.0 -1.8383044701432747 1
gene  1 5 14 -0.2649267331183567 0 186.0 -0.2649267331183567 1
gene  1 6 14 5.731768111763678 0 187.0 5.731768111763678 1
gene  1 7 14 -4.457277852907001 0 188.0 -4.457277852907001 1
gene  1 13 14 -6.957966722194181 0 194.0 -6.957966722194181 1
gene  1 14 14 5.463187439409207 1 195.0 5.463187439409207 1
gene  1 4 14 -1.9184118344239471 0 196.0 -1.9184118344239471 1
gene  1 1 13 -7.434644136223852 0 216.0 -7.434644136223852 1
gene  1 1 33 -2.118445665109177 0 313.0 -2.118445665109177 1
gene  1 33 14 -6.722267887149224 0 314.0 -6.722267887149224 1
gene  1 14 48 2.4727138778857016 1 379.0 2.4727138778857016 1
gene  1 48 14 -2.580630557150481 0 380.0 -2.580630557150481 1
gene  1 48 33 -3.8146121212547213 0 381.0 -3.8146121212547213 1
gene  1 4 33 2.1633638147095042 0 384.0 2.1633638147095042 1
gene  1 13 55 -6.550297588600568 0 407.0 -6.550297588600568 1
gene  1 55 14 7.752459378267685 0 408.0 7.752459378267685 1
gene  1 2 33 -2.4296118709873418 0 425.0 -2.4296118709873418 1
gene  1 13 33 -1.1228969940474356 0 427.0 -1.1228969940474356 1
gene  1 5 13 -0.40290333923905275 0 436.0 -0.40290333923905275 1
gene  1 7 33 4.093843794445368 0 465.0 4.093843794445368 1
gene  1 2 61 1.8674213575167058 0 466.0 1.8674213575167058 1
gene  1 61 33 1.71408992722332 0 467.0 1.71408992722332 1
genomeend 1
genomestart  2
trait 1 0.26937214532678067 0.0 1.896310652799719 1.0664206773141058 1.8651080668398228 0.9057529697611906 1.2186392275033897 1.6429921308966946 
node 1 1 1 1
node 2 1 1 1
node 3 1 1 1
node 4 1 1 1
node 5 1 1 1
node 6 1 1 1
node 7 1 1 3
node 13 1 0 2
node 14 1 0 2
node 21 1 0 0
node 24 1 0 0
node 34 1 0 0
node 67 1 0 0
node 72 1 0 0
node 78 1 0 0
gene  1 1 13 4.580012423069549 0 168.0 4.580012423069549 0
gene  1 4 13 3.6331638595549967 0 171.0 3.6331638595549967 1
gene  1 5 13 0.7701819781120498 0 172.0 0.7701819781120498 1
gene  1 7 13 -0.32873905204898113 0 174.0 -0.32873905204898113 1
gene  1 13 13 2.577609924198252 1 180.0 2.577609924198252 1
gene  1 2 14 -0.5518344941928337 0 183.0 -0.5518344941928337 1
gene  1 3 14 -2.128135599689431 0 184.0 -2.128135599689431 1
gene  1 6 14 -0.4149960019888592 0 187.0 -0.4149960019888592 1
gene  1 13 14 0.10166693346209432 0 194.0 0.10166693346209432 1
gene  1 14 14 -0.3081880649981734 1 195.0 -0.3081880649981734 1
gene  1 6 13 0.20316638931067965 0 205.0 0.20316638931067965 1
gene  1 5 14 -1.6608898428443497 0 223.0 -1.6608898428443497 1
gene  1 3 13 0.24895249279143572 0 229.0 0.24895249279143572 1
gene  1 2 13 5.063192961527349 0 233.0 5.063192961527349 1
gene  1 1 21 12.096289200304751 0 238.0 12.096289200304751 1
gene  1 21 13 1.1906345994611836 0 239.0 1.1906345994611836 1
gene  1 5 21 -4.9075719906555175 0 253.0 -4.9075719906555175 1
gene  1 3 21 -4.426225610749687 0 270.0 -4.426225610749687 1
gene  1 1 24 -1.1884530437092429 0 275.0 -1.1884530437092429 1
gene  1 24 13 5.931861362644179 0 276.0 5.931861362644179 1
gene  1 3 34 4.569966367696319 0 315.0 4.569966367696319 1
gene  1 34 14 -1.1037179005757567 0 316.0 -1.1037179005757567 0
gene  1 3 24 3.335362596104388 0 324.0 3.335362596104388 1
gene  1 2 21 -7.469168154003409 0 350.0 -7.469168154003409 1
gene  1 34 13 7.310069301408326 0 355.0 7.310069301408326 1
gene  1 1 34 3.342277470292949 0 361.0 3.342277470292949 1
gene  1 7 14 0.47787726673545805 0 388.0 0.47787726673545805 1
gene  1 24 14 -7.611105676226105 0 468.0 -7.611105676226105 1
gene  1 34 67 -2.048462995320196 0 491.0 -2.048462995320196 1
gene  1 67 14 1.8365209353414862 0 492.0 1.8365209353414862 1
gene  1 1 72 -4.36330418747902 0 505.0 -4.36330418747902 1
gene  1 72 13 0.3675190261796778 0 506.0 0.3675190261796778 1
gene  1 1 78 -3.3195359625415284 0 530.0 -3.3195359625415284 1
gene  1 78 72 3.1816908435195215 0 531.0 3.1816908435195215 1
genomeend 2
genomestart  3
trait 1 0.26937214532678067 0.0 1.896310652799719 1.0664206773141058 1.8651080668398228 0.9057529697611906 1.2186392275033897 1.6429921308966946 
node 1 1 1 1
node 2 1 1 1
node 3 1 1 1
node 4 1 1 1
node 5 1 1 1
node 6 1 1 1
node 7 1 1 3
node 13 1 0 2
node 14 1 0 2
node 21 1 0 0
node 24 1 0 0
node 34 1 0 0
node 67 1 0 0
node 72 1 0 0
node 78 1 0 0
gene  1 1 13 6.007497294338695 0 168.0 6.007497294338695 0
gene  1 4 13 -1.2700932417149158 0 171.0 -1.2700932417149158 1
gene  1 5 13 -1.1500146581356585 0 172.0 -1.1500146581356585 1
gene  1 7 13 -1.19211172284268 0 174.0 -1.19211172284268 1
gene  1 13 13 -0.25047794605125073 1 180.0 -0.25047794605125073 1
gene  1 2 14 1.82193585011762 0 183.0 1.82193585011762 1
gene  1 3 14 1.969333045730509 0 184.0 1.969333045730509 1
gene  1 6 14 -0.7591123159316657 0 187.0 -0.7591123159316657 1
gene  1 13 14 -2.2491707243040358 0 194.0 -2.2491707243040358 1
gene  1 14 14 0.8263906784918117 1 195.0 0.8263906784918117 1
gene  1 6 13 1.376109007782246 0 205.0 1.376109007782246 1
gene  1 5 14 0.8823493226889861 0 223.0 0.8823493226889861 1
gene  1 3 13 -1.3960857097409571 0 229.0 -1.3960857097409571 1
gene  1 2 13 -1.698961809919932 0 233.0 -1.698961809919932 1
gene  1 1 21 15.055382650381077 0 238.0 15.055382650381077 1
gene  1 21 13 1.5902130678587227 0 239.0 1.5902130678587227 1
gene  1 5 21 0.33570534491711074 0 253.0 0.33570534491711074 1
gene  1 3 21 1.8210594535839577 0 270.0 1.8210594535839577 1
gene  1 1 24 -0.44192594725809764 0 275.0 -0.44192594725809764 1
gene  1 24 13 3.3864055135249993 0 276.0 3.3864055135249993 1
gene  1 3 34 2.9190728284626517 0 315.0 2.9190728284626517 1
gene  1 34 14 -0.48553087768440056 0 316.0 -0.48553087768440056 0
gene  1 3 24 -0.3802164342667427 0 324.0 -0.3802164342667427 1
gene  1 2 21 -4.607190083191114 0 350.0 -4.607190083191114 1
gene  1 34 13 0.7389066024453017 0 355.0 0.7389066024453017 1
gene  1 1 34 3.097068929539048 0 361.0 3.097068929539048 1
gene  1 7 14 1.4511937271514541 0 388.0 1.4511937271514541 1
gene  1 24 14 -7.6482052635947815 0 468.0 -7.6482052635947815 1
gene  1 34 67 0.45367572714333393 0 491.0 0.45367572714333393 1
gene  1 67 14 1.1725412831831292 0 492.0 1.1725412831831292 1
gene  1 1 72 -1.7405318490020227 0 505.0 -1.7405318490020227 1
gene  1 72 13 -1.9696930668140897 0 506.0 -1.9696930668140897 1
gene  1 1 78 1.190118749643635 0 530.0 1.190118749643635 1
gene  1 78 72 4.608026793100233 0 531.0 4.608026793100233 1
genomeend 3
genomestart  4
trait 1 0.7406206948073408 0.11168036512555457 0.0 2.5667145009496477 0.4651853155222945 0.0 0.0 0.7608726933702716 
node 1 1 1 1
node 2 1 1 1
node 3 1 1 1
node 4 1 1 1
node 5 1 1 1
node 6 1 1 1
node 7 1 1 3
node 8 1 0 0
node 13 1 0 2
node 14 1 0 2
node 39 1 0 0
node 42 1 0 0
node 51 1 0 0
node 68 1 0 0
node 77 1 0 0
gene  1 1 8 3.628402174307885 0 98.0 3.628402174307885 1
gene  1 2 8 -0.1570404266429719 0 99.0 -0.1570404266429719 1
gene  1 3 8 1.5207350196252698 0 100.0 1.5207350196252698 1
gene  1 4 8 4.980212122308945 0 101.0 4.980212122308945 1
gene  1 5 8 0.3696125890067772 0 102.0 0.3696125890067772 1
gene  1 6 8 1.570666928053316 0 103.0 1.570666928053316 1
gene  1 8 8 -1.353867531572531 1 105.0 -1.353867531572531 1
gene  1 13 8 -3.963050219363714 1 110.0 -3.963050219363714 1
gene  1 14 8 13.26547643496467 1 111.0 13.26547643496467 1
gene  1 3 13 0.8214245648402825 0 170.0 0.8214245648402825 1
gene  1 5 13 5.381360945056602 0 172.0 5.381360945056602 1
gene  1 7 13 4.559591516466731 0 174.0 4.559591516466731 1
gene  1 13 13 -3.0943299471501224 1 180.0 -3.0943299471501224 1
gene  1 2 14 -3.359782798832271 0 183.0 -3.359782798832271 1
gene  1 4 14 0.40928218007147776 0 185.0 0.40928218007147776 1
gene  1 6 14 -1.1872579321099235 0 187.0 -1.1872579321099235 1
gene  1 8 14 -0.31496901590609916 0 189.0 -0.31496901590609916 1
gene  1 13 14 6.544874581518316 0 194.0 6.544874581518316 1
gene  1 2 13 -3.188899846552588 0 213.0 -3.188899846552588 1
gene  1 4 13 2.5615183560987176 0 230.0 2.5615183560987176 1
gene  1 13 8 -0.30983377439800197 0 244.0 -0.30983377439800197 1
gene  1 7 14 -0.7366022785375763 0 264.0 -0.7366022785375763 1
gene  1 1 14 -5.419153989313762 0 299.0 -5.419153989313762 1
gene  1 5 14 -2.053488506943403 0 310.0 -2.053488506943403 1
gene  1 1 13 0.8393815285476915 0 311.0 0.8393815285476915 1
gene  1 13 39 -0.7879379372822828 0 344.0 -0.7879379372822828 1
gene  1 39 8 -2.9357802171556497 0 345.0 -2.9357802171556497 1
gene  1 6 13 -2.135801644340626 0 348.0 -2.135801644340626 1
gene  1 2 42 0.464602400213501 0 359.0 0.464602400213501 1
gene  1 42 14 9.128330844160935 0 360.0 9.128330844160935 1
gene  1 13 42 4.682339145463291 0 366.0 4.682339145463291 1
gene  1 5 51 -1.3752745254969105 0 396.0 -1.3752745254969105 1
gene  1 51 14 -2.3727967129806875 0 397.0 -2.3727967129806875 1
gene  1 6 42 5.591219029404899 0 423.0 5.591219029404899 1
gene  1 39 42 -3.3395317187002593 0 426.0 -3.3395317187002593 1
gene  1 51 13 2.149791907743598 0 475.0 2.149791907743598 1
gene  1 39 14 1.4798700661569062 0 476.0 1.4798700661569062 1
gene  1 5 39 1.2426294010775465 0 485.0 1.2426294010775465 1
gene  1 5 68 2.5035222524501957 0 493.0 2.5035222524501957 1
gene  1 68 39 -0.3317535539259367 0 494.0 -0.3317535539259367 1
gene  1 4 51 -0.21043635832948382 0 514.0 -0.21043635832948382 1
gene  1 39 77 5.590301619359593 0 528.0 5.590301619359593 1
gene  1 77 8 0.7669066848055988 0 529.0 0.7669066848055988 1
genomeend 4
genomestart  5
trait 1 0.7406206948073408 0.11168036512555457 0.0 2.5667145009496477 0.4651853155222945 0.0 0.0 0.7608726933702716 
node 1 1 1 1
node 2 1 1 1
node 3 1 1 1
node 4 1 1 1
node 5 1 1 1
node 6 1 1 1
node 7 1 1 3
node 8 1 0 0
node 13 1 0 2
node 14 1 0 2
node 39 1 0 0
node 42 1 0 0
node 51 1 0 0
node 68 1 0 0
node 77 1 0 0
gene  1 1 8 2.560360733869619 0 98.0 2.560360733869619 1
gene  1 2 8 0.19920561990412966 0 99.0 0.19920561990412966 1
gene  1 3 8 4.537504437410794 0 100.0 4.537504437410794 1
gene  1 4 8 5.14124276181889 0 101.0 5.14124276181889 1
gene  1 5 8 2.096696894446259 0 102.0 2.096696894446259 1
gene  1 6 8 -2.1834296394725157 0 103.0 -2.1834296394725157 1
gene  1 8 8 -0.15572317427380605 1 105.0 -0.15572317427380605 1
gene  1 13 8 -4.427779751200366 1 110.0 -4.427779751200366 1
gene  1 14 8 14.31335223388108 1 111.0 14.31335223388108 1
gene  1 3 13 0.10527332443567206 0 170.0 0.10527332443567206 1
gene  1 5 13 3.854048163512603 0 172.0 3.854048163512603 1
gene  1 7 13 3.1964294559125914 0 174.0 3.1964294559125914 1
gene  1 13 13 -2.8476091231304155 1 180.0 -2.8476091231304155 1
gene  1 2 14 0.48400673062376676 0 183.0 0.48400673062376676 1
gene  1 4 14 1.858670669934987 0 185.0 1.858670669934987 1
gene  1 6 14 -2.089399548652467 0 187.0 -2.089399548652467 1
gene  1 8 14 -1.5589380628344311 0 189.0 -1.5589380628344311 1
gene  1 13 14 4.982703500363865 0 194.0 4.982703500363865 1
gene  1 2 13 0.4009952726577626 0 213.0 0.4009952726577626 1
gene  1 4 13 4.140284828094318 0 230.0 4.140284828094318 1
gene  1 13 8 -3.3603714161459197 0 244.0 -3.3603714161459197 1
gene  1 7 14 -0.3294108924468797 0 264.0 -0.3294108924468797 1
gene  1 1 14 -3.6075398967383845 0 299.0 -3.6075398967383845 1
gene  1 5 14 -4.459234227846156 0 310.0 -4.459234227846156 1
gene  1 1 13 -1.5208732870390853 0 311.0 -1.5208732870390853 1
gene  1 13 39 -1.4844517289296926 0 344.0 -1.4844517289296926 1
gene  1 39 8 -0.9945034305003657 0 345.0 -0.9945034305003657 1
gene  1 6 13 -1.4211496220193707 0 348.0 -1.4211496220193707 1
gene  1 2 42 2.2735718984820306 0 359.0 2.2735718984820306 1
gene  1 42 14 7.08035292320907 0 360.0 7.08035292320907 1
gene  1 13 42 1.121051169275006 0 366.0 1.121051169275006 1
gene  1 5 51 -1.963190383057234 0 396.0 -1.963190383057234 1
gene  1 51 14 -0.7301720406103498 0 397.0 -0.7301720406103498 1
gene  1 6 42 5.5396790476298925 0 423.0 5.5396790476298925 1
gene  1 39 42 -1.7072647772802967 0 426.0 -1.7072647772802967 1
gene  1 51 13 3.3002478567259983 0 475.0 3.3002478567259983 1
gene  1 39 14 -0.271516371839324 0 476.0 -0.271516371839324 1
gene  1 5 39 2.8986758318930974 0 485.0 2.8986758318930974 1
gene  1 5 68 2.5035222524501957 0 493.0 2.5035222524501957 1
gene  1 68 39 -3.1565525460937987 0 494.0 -3.1565525460937987 1
gene  1 4 51 1.6589987835808806 0 514.0 1.6589987835808806 1
gene  1 39 77 4.669419061156557 0 528.0 4.669419061156557 1
gene  1 77 8 -0.25518724254247016 0 529.0 -0.25518724254247016 1
genomeend 5
genomestart  6
trait 1 0.7406206948073408 0.11168036512555457 0.0 2.5667145009496477 0.4651853155222945 0.0 0.0 0.7608726933702716 
node 1 1 1 1
node 2 1 1 1
node 3 1 1 1
node 4 1 1 1
node 5 1 1 1
node 6 1 1 1
node 7 1 1 3
node 8 1 0 0
node 13 1 0 2
node 14 1 0 2
node 39 1 0 0
node 42 1 0 0
node 51 1 0 0
node 68 1 0 0
node 77 1 0 0
gene  1 1 8 2.676655575464938 0 98.0 2.676655575464938 1
gene  1 2 8 1.2112995055034936 0 99.0 1.2112995055034936 1
gene  1 3 8 0.8916540735267481 0 100.0 0.8916540735267481 1
gene  1 4 8 2.1229623009654883 0 101.0 2.1229623009654883 1
gene  1 5 8 0.14529895290905182 0 102.0 0.14529895290905182 1
gene  1 6 8 0.24186640646853297 0 103.0 0.24186640646853297 1
gene  1 8 8 -0.5929541108990575 1 105.0 -0.5929541108990575 1
gene  1 13 8 -0.9921975982711051 1 110.0 -0.9921975982711051 1
gene  1 14 8 13.111522532533915 1 111.0 13.111522532533915 1
gene  1 3 13 -0.9346536028810337 0 170.0 -0.9346536028810337 1
gene  1 5 13 -2.4799510783628187 0 172.0 -2.4799510783628187 1
gene  1 7 13 -1.3584566671355411 0 174.0 -1.3584566671355411 1
gene  1 13 13 -0.2837290831511199 1 180.0 -0.2837290831511199 1
gene  1 2 14 -0.4725067960755811 0 183.0 -0.4725067960755811 1
gene  1 4 14 -1.0573389128785333 0 185.0 -1.0573389128785333 1
gene  1 6 14 0.03797863908501453 0 187.0 0.03797863908501453 1
gene  1 8 14 -1.076823628766464 0 189.0 -1.076823628766464 1
gene  1 13 14 4.2220128777226815 0 194.0 4.2220128777226815 1
gene  1 2 13 -2.0862290883192496 0 213.0 -2.0862290883192496 1
gene  1 4 13 1.864081057456032 0 230.0 1.864081057456032 1
gene  1 13 8 -1.5619360324944904 0 244.0 -1.5619360324944904 1
gene  1 7 14 -3.09602733732088 0 264.0 -3.09602733732088 1
gene  1 1 14 2.4216446489269976 0 299.0 2.4216446489269976 1
gene  1 5 14 -2.0661336674161257 0 310.0 -2.0661336674161257 1
gene  1 1 13 -1.8702842954843468 0 311.0 -1.8702842954843468 1
gene  1 13 39 1.2748722440444584 0 344.0 1.2748722440444584 1
gene  1 39 8 -0.11403367041807133 0 345.0 -0.11403367041807133 1
gene  1 6 13 2.4522792336094437 0 348.0 2.4522792336094437 1
gene  1 2 42 0.9650523905293582 0 359.0 0.9650523905293582 1
gene  1 42 14 6.651137427993248 0 360.0 6.651137427993248 1
gene  1 13 42 2.9999205744172888 0 366.0 2.9999205744172888 1
gene  1 5 51 -0.6347699715448191 0 396.0 -0.6347699715448191 1
gene  1 51 14 -0.9582062985324564 0 397.0 -0.9582062985324564 1
gene  1 6 42 3.933096912631005 0 423.0 3.933096912631005 1
gene  1 39 42 -2.622084769032302 0 426.0 -2.622084769032302 1
gene  1 51 13 1.0792837012095375 0 475.0 1.0792837012095375 1
gene  1 39 14 0.22768920887755228 0 476.0 0.22768920887755228 1
gene  1 5 39 -0.8501686599482056 0 485.0 -0.8501686599482056 1
gene  1 5 68 -1.2505223685924038 0 493.0 -1.2505223685924038 1
gene  1 68 39 -2.0093672718031357 0 494.0 -2.0093672718031357 1
gene  1 4 51 0.35853155006902226 0 514.0 0.35853155006902226 1
gene  1 39 77 6.901311360967404 0 528.0 6.901311360967404 1
gene  1 77 8 1.1875196572434457 0 529.0 1.1875196572434457 1
genomeend 6
genomestart  7
trait 1 2.732431393943948 0.0 0.0 0.798512545900133 0.9382603138953756 0.0 1.9280392103089152 0.8152719799274877 
node 1 1 1 1
node 2 1 1 1
node 3 1 1 1
node 4 1 1 1
node 5 1 1 1
node 6 1 1 1
node 7 1 1 3
node 8 1 0 0
node 9 1 0 0
node 10 1 0 0
node 13 1 0 2
node 14 1 0 2
node 28 1 0 0
node 41 1 0 0
node 43 1 0 0
node 47 1 0 0
node 62 1 0 0
gene  1 1 8 -7.491938467777594 0 98.0 -7.491938467777594 1
gene  1 3 8 0.24893755622308128 0 100.0 0.24893755622308128 1
gene  1 5 8 -4.6488981920861985 0 102.0 -4.6488981920861985 1
gene  1 6 8 -7.0306276520536946 0 103.0 -7.0306276520536946 1
gene  1 8 8 -3.750012756381741 1 105.0 -3.750012756381741 1
gene  1 1 9 1.94150890719025 0 112.0 1.94150890719025 1
gene  1 2 9 1.922757441803891 0 113.0 1.922757441803891 1
gene  1 3 9 10.259020394864509 0 114.0 10.259020394864509 1
gene  1 5 9 6.1871235540958445 0 116.0 6.1871235540958445 1
gene  1 7 9 -2.5708918009229293 0 118.0 -2.5708918009229293 1
gene  1 9 9 2.043302787345218 1 120.0 2.043302787345218 1
gene  1 10 9 6.32366454123314 1 121.0 6.32366454123314 1
gene  1 13 9 0.275078135711462 1 124.0 0.275078135711462 1
gene  1 2 10 -2.714716535407716 0 127.0 -2.714716535407716 1
gene  1 4 10 0.8518338544889157 0 129.0 0.8518338544889157 1
gene  1 5 10 0.31763116720389806 0 130.0 0.31763116720389806 1
gene  1 8 10 0.9483893155707532 0 133.0 0.9483893155707532 1
gene  1 9 10 -2.268062455489965 0 134.0 -2.268062455489965 1
gene  1 10 10 -4.798055305270356 1 135.0 -4.798055305270356 1
gene  1 13 10 0.7181338437348103 1 138.0 0.7181338437348103 1
gene  1 14 10 -2.6705057325371637 1 139.0 -2.6705057325371637 1
gene  1 2 13 5.964900295257689 0 169.0 5.964900295257689 1
gene  1 3 13 1.8877320282410897 0 170.0 1.8877320282410897 1
gene  1 6 13 11.360677789327095 0 173.0 11.360677789327095 1
gene  1 7 13 2.894009225697019 0 174.0 2.894009225697019 1
gene  1 9 13 4.231892971369983 0 176.0 4.231892971369983 1
gene  1 13 13 -6.788949722817708 1 180.0 -6.788949722817708 1
gene  1 14 13 10.043495506502467 1 181.0 10.043495506502467 1
gene  1 1 14 2.5025409192247148 0 182.0 2.5025409192247148 1
gene  1 3 14 2.5289093892167314 0 184.0 2.5289093892167314 1
gene  1 9 14 -9.628186783324889 0 190.0 -9.628186783324889 1
gene  1 10 14 -6.5724609058055234 0 191.0 -6.5724609058055234 1
gene  1 8 13 6.108835001272926 0 207.0 6.108835001272926 1
gene  1 1 10 -4.181409712691218 0 226.0 -4.181409712691218 1
gene  1 6 14 -3.397093496498879 0 234.0 -3.397093496498879 1
gene  1 8 28 -0.92919318898808 1 293.0 -0.92919318898808 1
gene  1 28 8 -3.2654299304386365 0 294.0 -3.2654299304386365 1
gene  1 8 9 -8.237231499143645 0 328.0 -8.237231499143645 1
gene  1 8 41 1.1355833585271586 1 357.0 1.1355833585271586 1
gene  1 41 8 0.5307491489232941 0 358.0 0.5307491489232941 1
gene  1 14 43 3.4651440956385033 1 364.0 3.4651440956385033 1
gene  1 43 10 5.033895281177753 0 365.0 5.033895281177753 1
gene  1 5 47 3.0816994629879257 0 375.0 3.0816994629879257 1
gene  1 47 9 2.5793599512716265 0 376.0 2.5793599512716265 1
gene  1 41 14 2.0270032523581767 0 387.0 2.0270032523581767 1
gene  1 4 28 -2.9568044266422655 0 419.0 -2.9568044266422655 1
gene  1 2 28 2.492148905435206 0 429.0 2.492148905435206 1
gene  1 1 62 1.6738447029980006 0 470.0 1.6738447029980006 1
gene  1 62 9 -0.37856329652368736 0 471.0 -0.37856329652368736 1
gene  1 8 14 -2.475164372359315 0 484.0 -2.475164372359315 1
gene  1 1 13 1.1437108252070556 0 489.0 1.1437108252070556 1
gene  1 28 10 -1.290596552088397 0 510.0 -1.290596552088397 1
gene  1 2 41 2.792252545680129 0 515.0 2.792252545680129 1
gene  1 41 47 -0.6874636490140293 0 548.0 -0.6874636490140293 1
genomeend 7
genomestart  8
trait 1 2.732431393943948 0.0 0.0 0.798512545900133 0.9382603138953756 0.0 1.9280392103089152 0.8152719799274877 
node 1 1 1 1
node 2 1 1 1
node 3 1 1 1
node 4 1 1 1
node 5 1 1 1
node 6 1 1 1
node 7 1 1 3
node 8 1 0 0
node 9 1 0 0
node 10 1 0 0
node 13 1 0 2
node 14 1 0 2
node 28 1 0 0
node 41 1 0 0
node 43 1 0 0
node 47 1 0 0
node 62 1 0 0
gene  1 1 8 -7.491938467777594 0 98.0 -7.491938467777594 1
gene  1 3 8 0.24893755622308128 0 100.0 0.24893755622308128 1
gene  1 5 8 2.392353586531231 0 102.0 2.392353586531231 1
gene  1 6 8 -8.203741496345598 0 103.0 -8.203741496345598 1
gene  1 8 8 -6.220246720471556 1 105.0 -6.220246720471556 1
gene  1 1 9 -0.3169463746276 0 112.0 -0.3169463746276 1
gene  1 2 9 0.05204398837104751 0 113.0 0.05204398837104751 1
gene  1 3 9 1.9850542862661658 0 114.0 1.9850542862661658 1
gene  1 5 9 0.4758495119362924 0 116.0 0.4758495119362924 1
gene  1 7 9 -1.5306472403223896 0 118.0 -1.5306472403223896 1
gene  1 9 9 2.3264797080979616 1 120.0 2.3264797080979616 1
gene  1 10 9 6.32366454123314 1 121.0 6.32366454123314 1
gene  1 13 9 0.275078135711462 1 124.0 0.275078135711462 1
gene  1 2 10 -1.8302830267317172 0 127.0 -1.8302830267317172 1
gene  1 4 10 -0.4161927100171354 0 129.0 -0.4161927100171354 1
gene  1 5 10 0.20921465153750535 0 130.0 0.20921465153750535 1
gene  1 8 10 -0.49586473686245847 0 133.0 -0.49586473686245847 1
gene  1 9 10 -2.268062455489965 0 134.0 -2.268062455489965 1
gene  1 10 10 -5.050341669074602 1 135.0 -5.050341669074602 1
gene  1 13 10 0.7022449783973758 1 138.0 0.7022449783973758 1
gene  1 14 10 -2.6705057325371637 1 139.0 -2.6705057325371637 1
gene  1 2 13 5.426275123091834 0 169.0 5.426275123091834 1
gene  1 3 13 1.3725139566003977 0 170.0 1.3725139566003977 1
gene  1 6 13 13.72388774506274 0 173.0 13.72388774506274 1
gene  1 7 13 4.59429490776582 0 174.0 4.59429490776582 1
gene  1 9 13 2.917569031042171 0 176.0 2.917569031042171 1
gene  1 13 13 -6.201612636254594 1 180.0 -6.201612636254594 1
gene  1 14 13 9.240892426078322 1 181.0 9.240892426078322 1
gene  1 1 14 4.139787312294708 0 182.0 4.139787312294708 1
gene  1 3 14 2.085796657739471 0 184.0 2.085796657739471 1
gene  1 9 14 -7.406585924558217 0 190.0 -7.406585924558217 1
gene  1 10 14 -6.648143538573985 0 191.0 -6.648143538573985 1
gene  1 8 13 4.958518884063885 0 207.0 4.958518884063885 1
gene  1 1 10 -4.065748862743992 0 226.0 -4.065748862743992 1
gene  1 6 14 -2.1582901563507786 0 234.0 -2.1582901563507786 1
gene  1 8 28 -0.23745166154478137 1 293.0 -0.23745166154478137 1
gene  1 28 8 0.588536686632857 0 294.0 0.588536686632857 1
gene  1 8 9 -10.697376522387845 0 328.0 -10.697376522387845 1
gene  1 8 41 1.5242556238063312 1 357.0 1.5242556238063312 1
gene  1 41 8 1.0245369699035545 0 358.0 1.0245369699035545 1
gene  1 14 43 1.2465924886420203 1 364.0 1.2465924886420203 1
gene  1 43 10 4.264487948801545 0 365.0 4.264487948801545 1
gene  1 5 47 1.5843709761024949 0 375.0 1.5843709761024949 1
gene  1 47 9 3.7045385179600467 0 376.0 3.7045385179600467 1
gene  1 41 14 0.9361846787818364 0 387.0 0.9361846787818364 1
gene  1 4 28 -5.129147749303297 0 419.0 -5.129147749303297 1
gene  1 2 28 1.1675465549051565 0 429.0 1.1675465549051565 1
gene  1 1 62 2.335507116171521 0 470.0 2.335507116171521 1
gene  1 62 9 -1.3248129516140894 0 471.0 -1.3248129516140894 1
gene  1 8 14 -0.7371136947363917 0 484.0 -0.7371136947363917 1
gene  1 1 13 1.1437108252070556 0 489.0 1.1437108252070556 1
gene  1 28 10 -3.7586758699411162 0 510.0 -3.7586758699411162 1
gene  1 2 41 1.3406302385407955 0 515.0 1.3406302385407955 1
gene  1 41 47 1.2793995963675346 0 548.0 1.2793995963675346 1
genomeend 8
genomestart  9
trait 1 2.732431393943948 0.0 0.0 0.798512545900133 0.9382603138953756 0.0 1.9280392103089152 0.8152719799274877 
node 1 1 1 1
node 2 1 1 1
node 3 1 1 1
node 4 1 1 1
node 5 1 1 1
node 6 1 1 1
node 7 1 1 3
node 8 1 0 0
node 9 1 0 0
node 10 1 0 0
node 13 1 0 2
node 14 1 0 2
node 28 1 0 0
node 41 1 0 0
node 43 1 0 0
node 47 1 0 0
node 62 1 0 0
gene  1 1 8 -8.149717941312499 0 98.0 -8.149717941312499 1
gene  1 3 8 1.7587993101229427 0 100.0 1.7587993101229427 1
gene  1 5 8 -4.066706444255507 0 102.0 -4.066706444255507 1
gene  1 6 8 -5.546630391877466 0 103.0 -5.546630391877466 1
gene  1 8 8 -3.0143244345522096 1 105.0 -3.0143244345522096 1
gene  1 1 9 3.6111831338604254 0 112.0 3.6111831338604254 1
gene  1 2 9 1.2047642973227117 0 113.0 1.2047642973227117 1
gene  1 3 9 11.884560378454433 0 114.0 11.884560378454433 1
gene  1 5 9 8.478591871838189 0 116.0 8.478591871838189 1
gene  1 7 9 -2.4566660926693196 0 118.0 -2.4566660926693196 1
gene  1 9 9 2.5570998560684375 1 120.0 2.5570998560684375 1
gene  1 10 9 6.810259704730204 1 121.0 6.810259704730204 1
gene  1 13 9 0.4412444464888537 1 124.0 0.4412444464888537 1
gene  1 2 10 -0.6450627842595136 0 127.0 -0.6450627842595136 1
gene  1 4 10 -1.0673809265508987 0 129.0 -1.0673809265508987 1
gene  1 5 10 1.7402059083789265 0 130.0 1.7402059083789265 1
gene  1 8 10 -1.3908705247111257 0 133.0 -1.3908705247111257 1
gene  1 9 10 -0.49243728890060146 0 134.0 -0.49243728890060146 1
gene  1 10 10 -6.763808972630101 1 135.0 -6.763808972630101 1
gene  1 13 10 -0.8066100857602713 1 138.0 -0.8066100857602713 1
gene  1 14 10 -2.5771951747342046 1 139.0 -2.5771951747342046 1
gene  1 2 13 3.692286674954694 0 169.0 3.692286674954694 1
gene  1 3 13 2.4928748612906153 0 170.0 2.4928748612906153 1
gene  1 6 13 12.28693279458479 0 173.0 12.28693279458479 1
gene  1 7 13 1.2777589277285963 0 174.0 1.2777589277285963 1
gene  1 9 13 5.389096526125874 0 176.0 5.389096526125874 1
gene  1 13 13 -4.75332179907778 1 180.0 -4.75332179907778 1
gene  1 14 13 10.948362743885305 1 181.0 10.948362743885305 1
gene  1 1 14 3.837223507631716 0 182.0 3.837223507631716 1
gene  1 3 14 2.951170015814936 0 184.0 2.951170015814936 1
gene  1 9 14 -11.064215703367953 0 190.0 -11.064215703367953 1
gene  1 10 14 -4.083442821806882 0 191.0 -4.083442821806882 1
gene  1 8 13 4.910396966276588 0 207.0 4.910396966276588 1
gene  1 1 10 -4.84136506103433 0 226.0 -4.84136506103433 1
gene  1 6 14 -2.8047121369496946 0 234.0 -2.8047121369496946 1
gene  1 8 28 -2.9496257683946543 1 293.0 -2.9496257683946543 1
gene  1 28 8 -1.6642564147812775 0 294.0 -1.6642564147812775 1
gene  1 8 9 -9.750269692148247 0 328.0 -9.750269692148247 1
gene  1 8 41 2.1229479916021257 1 357.0 2.1229479916021257 1
gene  1 41 8 1.950817558859966 0 358.0 1.950817558859966 1
gene  1 14 43 2.4167894112838866 1 364.0 2.4167894112838866 1
gene  1 43 10 4.723884493247186 0 365.0 4.723884493247186 1
gene  1 5 47 3.9680670427581135 0 375.0 3.9680670427581135 1
gene  1 47 9 0.1699130062534393 0 376.0 0.1699130062534393 1
gene  1 41 14 2.0270032523581767 0 387.0 2.0270032523581767 1
gene  1 4 28 1.6276443851962032 0 419.0 1.6276443851962032 1
gene  1 2 28 4.797379062551337 0 429.0 4.797379062551337 1
gene  1 1 62 3.812039405411744 0 470.0 3.812039405411744 1
gene  1 62 9 -1.3209246322588108 0 471.0 -1.3209246322588108 1
gene  1 8 14 -1.3211198760260046 0 484.0 -1.3211198760260046 1
gene  1 1 13 2.963768928979641 0 489.0 2.963768928979641 1
gene  1 28 10 -0.6208148826335168 0 510.0 -0.6208148826335168 1
gene  1 2 41 3.0936667619348746 0 515.0 3.0936667619348746 1
gene  1 41 47 -0.6874636490140293 0 548.0 -0.6874636490140293 1
genomeend 9
genomestart  10
trait 1 0.0 0.0 0.18016573799761848 0.5314796224840325 3.8276263088736133 0.0 0.9983210840752836 0.4629835320970156 
node 1 1 1 1
node 2 1 1 1
node 3 1 1 1
node 4 1 1 1
node 5 1 1 1
node 6 1 1 1
node 7 1 1 3
node 8 1 0 0
node 13 1 0 2
node 14 1 0 2
node 22 1 0 0
node 25 1 0 0
node 29 1 0 0
node 57 1 0 0
node 65 1 0 0
node 76 1 0 0
gene  1 1 8 6.206870130831882 0 98.0 6.206870130831882 1
gene  1 3 8 -1.0564818595380412 0 100.0 -1.0564818595380412 1
gene  1 4 8 -5.0292015169636946 0 101.0 -5.0292015169636946 1
gene  1 5 8 -0.015197566448396427 0 102.0 -0.015197566448396427 1
gene  1 6 8 2.920554267983149 0 103.0 2.920554267983149 1
gene  1 8 8 -1.1364531329618726 1 105.0 -1.1364531329618726 1
gene  1 1 13 -2.3888536992141196 0 168.0 -2.3888536992141196 1
gene  1 5 13 -1.4897016063430917 0 172.0 -1.4897016063430917 1
gene  1 13 13 -2.7219759161693124 1 180.0 -2.7219759161693124 1
gene  1 14 13 3.8061410529651623 1 181.0 3.8061410529651623 1
gene  1 2 14 3.377296310493199 0 183.0 3.377296310493199 1
gene  1 3 14 2.877310894295696 0 184.0 2.877310894295696 1
gene  1 5 14 0.9760148142576617 0 186.0 0.9760148142576617 1
gene  1 7 14 -1.6942858029600298 0 188.0 -1.6942858029600298 1
gene  1 8 14 12.368258741730235 0 189.0 12.368258741730235 1
gene  1 13 14 0.9080896953407451 0 194.0 0.9080896953407451 1
gene  1 2 13 -7.185312635967936 0 236.0 -7.185312635967936 1
gene  1 8 22 0.6290274220098162 0 240.0 0.6290274220098162 0
gene  1 22 14 8.264022150965271 0 241.0 8.264022150965271 1
gene  1 1 22 -3.5444530800038674 0 245.0 -3.5444530800038674 1
gene  1 13 8 1.2428533825210406 0 257.0 1.2428533825210406 1
gene  1 5 22 0.41206744893161074 0 265.0 0.41206744893161074 1
gene  1 1 25 -3.072920964207481 0 279.0 -3.072920964207481 1
gene  1 25 8 -4.287036931231158 0 280.0 -4.287036931231158 1
gene  1 8 29 3.1423482340844684 0 297.0 3.1423482340844684 1
gene  1 29 14 -2.862470768747588 0 298.0 -2.862470768747588 1
gene  1 1 14 0.7282496825586064 0 312.0 0.7282496825586064 1
gene  1 2 29 4.244362496943635 0 330.0 4.244362496943635 1
gene  1 5 25 2.0348012454430204 0 343.0 2.0348012454430204 1
gene  1 6 29 3.4170095521580954 0 386.0 3.4170095521580954 1
gene  1 22 29 -1.1073937140579095 0 416.0 -1.1073937140579095 1
gene  1 4 14 5.452184013679217 0 424.0 5.452184013679217 1
gene  1 4 29 2.5715214451127 0 432.0 2.5715214451127 1
gene  1 8 57 1.6506003564328582 0 437.0 1.6506003564328582 1
gene  1 57 14 -1.2391519948493845 0 438.0 -1.2391519948493845 1
gene  1 3 22 0.2351212596992971 0 440.0 0.2351212596992971 1
gene  1 2 25 10.349585629145931 0 455.0 10.349585629145931 1
gene  1 1 65 -2.1479027120187144 0 481.0 -2.1479027120187144 1
gene  1 65 25 1.3795069968955758 0 482.0 1.3795069968955758 1
gene  1 8 76 1.0952236732833014 0 525.0 1.0952236732833014 1
gene  1 76 22 3.1988687189910867 0 526.0 3.1988687189910867 1
genomeend 10
genomestart  11
trait 1 0.0 0.0 0.18016573799761848 0.5314796224840325 3.8276263088736133 0.0 0.9983210840752836 0.4629835320970156 
node 1 1 1 1
node 2 1 1 1
node 3 1 1 1
node 4 1 1 1
node 5 1 1 1
node 6 1 1 1
node 7 1 1 3
node 8 1 0 0
node 13 1 0 2
node 14 1 0 2
node 22 1 0 0
node 25 1 0 0
node 29 1 0 0
node 57 1 0 0
node 65 1 0 0
node 76 1 0 0
gene  1 1 8 8.410167660681676 0 98.0 8.410167660681676 1
gene  1 3 8 -2.3105221750652527 0 100.0 -2.3105221750652527 1
gene  1 4 8 -5.623276004951376 0 101.0 -5.623276004951376 1
gene  1 5 8 -2.110472192565874 0 102.0 -2.110472192565874 1
gene  1 6 8 0.9233492822758802 0 103.0 0.9233492822758802 1
gene  1 8 8 -1.7707683163707122 1 105.0 -1.7707683163707122 1
gene  1 1 13 -1.5137492806249064 0 168.0 -1.5137492806249064 1
gene  1 5 13 -1.6079131828708522 0 172.0 -1.6079131828708522 1
gene  1 13 13 -0.2176727147363186 1 180.0 -0.2176727147363186 1
gene  1 14 13 -0.19074488769347742 1 181.0 -0.19074488769347742 1
gene  1 2 14 1.5922593670562257 0 183.0 1.5922593670562257 1
gene  1 3 14 3.4659903245185655 0 184.0 3.4659903245185655 1
gene  1 5 14 1.3364731204275315 0 186.0 1.3364731204275315 1
gene  1 7 14 -1.140765283233721 0 188.0 -1.140765283233721 1
gene  1 8 14 8.427566593693511 0 189.0 8.427566593693511 1
gene  1 13 14 3.3941204507772182 0 194.0 3.3941204507772182 1
gene  1 2 13 -5.121243478381011 0 236.0 -5.121243478381011 1
gene  1 8 22 3.030291137490004 0 240.0 3.030291137490004 0
gene  1 22 14 7.204056844587553 0 241.0 7.204056844587553 1
gene  1 1 22 -5.802331841883517 0 245.0 -5.802331841883517 1
gene  1 13 8 -1.5606472551005635 0 257.0 -1.5606472551005635 1
gene  1 5 22 -1.6337946376096628 0 265.0 -1.6337946376096628 1
gene  1 1 25 -2.7497962157878613 0 279.0 -2.7497962157878613 1
gene  1 25 8 -2.19678083438758 0 280.0 -2.19678083438758 1
gene  1 8 29 -1.1726872806994295 0 297.0 -1.1726872806994295 1
gene  1 29 14 -4.460847580921465 0 298.0 -4.460847580921465 1
gene  1 1 14 1.6523519789307497 0 312.0 1.6523519789307497 1
gene  1 2 29 1.805972748199923 0 330.0 1.805972748199923 1
gene  1 5 25 -1.505483897665606 0 343.0 -1.505483897665606 1
gene  1 6 29 3.332222346429048 0 386.0 3.332222346429048 1
gene  1 22 29 -4.287043217004121 0 416.0 -4.287043217004121 1
gene  1 4 14 2.193150760704982 0 424.0 2.193150760704982 1
gene  1 4 29 0.8997376911391166 0 432.0 0.8997376911391166 1
gene  1 8 57 4.540358846580755 0 437.0 4.540358846580755 1
gene  1 57 14 2.429513676002365 0 438.0 2.429513676002365 1
gene  1 3 22 -2.8669673548507335 0 440.0 -2.8669673548507335 1
gene  1 2 25 10.010837691704653 0 455.0 10.010837691704653 1
gene  1 1 65 2.2325638934872645 0 481.0 2.2325638934872645 1
gene  1 65 25 0.7630304743305462 0 482.0 0.7630304743305462 1
gene  1 8 76 2.075525710165115 0 525.0 2.075525710165115 1
gene  1 76 22 4.454043003865171 0 526.0 4.454043003865171 1
genomeend 11
genomestart  12
trait 1 1.9492969961009945 0.0 0.4289699328456915 1.1835456827051778 0.0 0.7294252873384013 0.042201429445747896 0.0 
node 1 1 1 1
node 2 1 1 1
node 3 1 1 1
node 4 1 1 1
node 5 1 1 1
node 6 1 1 1
node 7 1 1 3
node 13 1 0 2
node 14 1 0 2
node 49 1 0 0
node 73 1 0 0
node 81 1 0 0
gene  1 1 13 -1.1258824547994952 0 168.0 -1.1258824547994952 1
gene  1 2 13 4.333864873530467 0 169.0 4.333864873530467 1
gene  1 3 13 4.886563807009377 0 170.0 4.886563807009377 1
gene  1 4 13 1.842970093152935 0 171.0 1.842970093152935 1
gene  1 5 13 -1.0402796999570607 0 172.0 -1.0402796999570607 1
gene  1 6 13 0.554905619944446 0 173.0 0.554905619944446 1
gene  1 7 13 1.2316035462990862 0 174.0 1.2316035462990862 1
gene  1 14 13 0.3858523833306644 1 181.0 0.3858523833306644 1
gene  1 1 14 3.1299176608973176 0 182.0 3.1299176608973176 1
gene  1 2 14 2.5301443553671024 0 183.0 2.5301443553671024 1
gene  1 3 14 -2.687426648640937 0 184.0 -2.687426648640937 1
gene  1 13 14 2.886366010648323 0 194.0 2.886366010648323 1
gene  1 14 14 -0.9787019809099107 1 195.0 -0.9787019809099107 1
gene  1 7 14 1.1087903985844452 0 273.0 1.1087903985844452 1
gene  1 4 14 1.4513134519742077 0 283.0 1.4513134519742077 1
gene  1 5 14 4.818241375174569 0 303.0 4.818241375174569 1
gene  1 6 14 1.749223342781908 0 307.0 1.749223342781908 1
gene  1 3 49 0.8665479721235497 0 389.0 0.8665479721235497 1
gene  1 49 13 1.9291915212042008 0 390.0 1.9291915212042008 1
gene  1 5 49 0.5241973729936937 0 403.0 0.5241973729936937 1
gene  1 1 49 1.6157309854878192 0 430.0 1.6157309854878192 1
gene  1 7 49 8.616005953632989 0 456.0 8.616005953632989 1
gene  1 4 49 -1.232879223130207 0 495.0 -1.232879223130207 1
gene  1 6 73 -1.6136869623440488 0 508.0 -1.6136869623440488 1
gene  1 73 13 1.5183368146981722 0 509.0 1.5183368146981722 1
gene  1 6 81 -6.080338578216861 0 542.0 -6.080338578216861 1
gene  1 81 73 -1.8882652751793685 0 543.0 -1.8882652751793685 1
genomeend 12
genomestart  13
trait 1 1.9492969961009945 0.0 0.4289699328456915 1.1835456827051778 0.0 0.7294252873384013 0.042201429445747896 0.0 
node 1 1 1 1
node 2 1 1 1
node 3 1 1 1
node 4 1 1 1
node 5 1 1 1
node 6 1 1 1
node 7 1 1 3
node 13 1 0 2
node 14 1 0 2
node 49 1 0 0
node 73 1 0 0
node 81 1 0 0
gene  1 1 13 0.20771257164842 0 168.0 0.20771257164842 1
gene  1 2 13 3.5758949215098923 0 169.0 3.5758949215098923 1
gene  1 3 13 8.23289764605967 0 170.0 8.23289764605967 1
gene  1 4 13 1.8943488117047758 0 171.0 1.8943488117047758 1
gene  1 5 13 -1.4210874044070116 0 172.0 -1.4210874044070116 1
gene  1 6 13 1.1002063905264443 0 173.0 1.1002063905264443 1
gene  1 7 13 0.6067177511087761 0 174.0 0.6067177511087761 1
gene  1 14 13 -4.358632762001133 1 181.0 -4.358632762001133 1
gene  1 1 14 1.691729355934801 0 182.0 1.691729355934801 1
gene  1 2 14 0.5527013151377584 0 183.0 0.5527013151377584 1
gene  1 3 14 -6.055152936261624 0 184.0 -6.055152936261624 1
gene  1 13 14 0.6242295174405148 0 194.0 0.6242295174405148 1
gene  1 14 14 -1.9362467055395451 1 195.0 -1.9362467055395451 1
gene  1 7 14 0.653165047572397 0 273.0 0.653165047572397 1
gene  1 4 14 1.8169735918845018 0 283.0 1.8169735918845018 1
gene  1 5 14 0.4282855620541033 0 303.0 0.4282855620541033 1
gene  1 6 14 -1.9120049175965335 0 307.0 -1.9120049175965335 1
gene  1 3 49 2.9643007931924235 0 389.0 2.9643007931924235 1
gene  1 49 13 3.0518152691169362 0 390.0 3.0518152691169362 1
gene  1 5 49 3.961367814568913 0 403.0 3.961367814568913 1
gene  1 1 49 1.388524224883622 0 430.0 1.388524224883622 1
gene  1 7 49 7.330802743515121 0 456.0 7.330802743515121 1
gene  1 4 49 0.47271482154818745 0 495.0 0.47271482154818745 1
gene  1 6 73 -3.9572991242455817 0 508.0 -3.9572991242455817 1
gene  1 73 13 1.5183368146981722 0 509.0 1.5183368146981722 1
gene  1 6 81 -6.080338578216861 0 542.0 -6.080338578216861 1
gene  1 81 73 -1.8882652751793685 0 543.0 -1.8882652751793685 1
genomeend 13
genomestart  14
trait 1 0.04702751910613956 0.5319433208524987 0.8875428902212121 1.1036226464327767 0.10522835245191364 0.39032959932087685 0.0 0.0 
node 1 1 1 1
node 2 1 1 1
node 3 1 1 1
node 4 1 1 1
node 5 1 1 1
node 6 1 1 1
node 7 1 1 3
node 8 1 0 0
node 9 1 0 0
node 13 1 0 2
node 14 1 0 2
node 20 1 0 0
node 56 1 0 0
node 60 1 0 0
node 79 1 0 0
gene  1 1 8 1.0103416420687883 0 98.0 1.0103416420687883 1
gene  1 2 8 3.366876596532835 0 99.0 3.366876596532835 1
gene  1 3 8 2.209767148114845 0 100.0 2.209767148114845 1
gene  1 6 8 -2.3001763865087668 0 103.0 -2.3001763865087668 1
gene  1 8 8 -2.267095794079669 1 105.0 -2.267095794079669 1
gene  1 9 8 -2.6012232426183983 1 106.0 -2.6012232426183983 1
gene  1 13 8 1.2459755414308558 1 110.0 1.2459755414308558 1
gene  1 14 8 -0.9081895635739184 1 111.0 -0.9081895635739184 1
gene  1 1 9 -1.5636017789512764 0 112.0 -1.5636017789512764 1
gene  1 4 9 1.9620772515190077 0 115.0 1.9620772515190077 1
gene  1 5 9 3.3061705369686356 0 116.0 3.3061705369686356 1
gene  1 7 9 -7.878075130474101 0 118.0 -7.878075130474101 1
gene  1 9 9 3.0306836392948306 1 120.0 3.0306836392948306 1
gene  1 14 9 1.6175117866923219 1 125.0 1.6175117866923219 1
gene  1 2 13 -4.2171809948771415 0 169.0 -4.2171809948771415 1
gene  1 5 13 1.589688505392905 0 172.0 1.589688505392905 1
gene  1 8 13 -2.7205315231301084 0 175.0 -2.7205315231301084 1
gene  1 1 14 -0.5522933319560162 0 182.0 -0.5522933319560162 1
gene  1 2 14 2.3397563021645236 0 183.0 2.3397563021645236 1
gene  1 3 14 -1.5898285556875513 0 184.0 -1.5898285556875513 1
gene  1 6 14 -4.168820409509058 0 187.0 -4.168820409509058 1
gene  1 13 14 5.176729536593668 0 194.0 5.176729536593668 1
gene  1 14 14 4.1035307926482005 1 195.0 4.1035307926482005 1
gene  1 5 8 -2.1271383659598038 0 202.0 -2.1271383659598038 1
gene  1 4 13 -6.1538890492228315 0 220.0 -6.1538890492228315 1
gene  1 1 20 -0.3698711215727317 0 231.0 -0.3698711215727317 1
gene  1 20 14 6.467464245402116 0 232.0 6.467464245402116 1
gene  1 1 13 -1.2654145775755978 0 329.0 -1.2654145775755978 1
gene  1 13 20 -3.6215754527462174 0 337.0 -3.6215754527462174 0
gene  1 4 20 2.0536782977402046 0 339.0 2.0536782977402046 1
gene  1 9 8 -6.137553767254502 0 404.0 -6.137553767254502 1
gene  1 8 14 1.0603472828783582 0 410.0 1.0603472828783582 1
gene  1 5 56 1.1731228665757927 0 434.0 1.1731228665757927 1
gene  1 56 8 -0.17802386544325066 0 435.0 -0.17802386544325066 1
gene  1 2 9 -0.991304502159848 0 448.0 -0.991304502159848 1
gene  1 3 60 2.629144689958868 0 458.0 2.629144689958868 1
gene  1 60 8 2.3440603023315107 0 459.0 2.3440603023315107 1
gene  1 1 60 4.309159005431661 0 479.0 4.309159005431661 1
gene  1 7 56 -0.6281096193739683 0 520.0 -0.6281096193739683 1
gene  1 13 79 1.7147424060308274 0 537.0 1.7147424060308274 1
gene  1 79 20 -2.3780092265534405 0 538.0 -2.3780092265534405 1
genomeend 14
genomestart  15
trait 1 0.0 0.5319433208524987 1.2381570377802138 1.1036226464327767 0.10522835245191364 0.39032959932087685 0.0 0.0 
node 1 1 1 1
node 2 1 1 1
node 3 1 1 1
node 4 1 1 1
node 5 1 1 1
node 6 1 1 1
node 7 1 1 3
node 8 1 0 0
node 9 1 0 0
node 13 1 0 2
node 14 1 0 2
node 20 1 0 0
node 56 1 0 0
node 60 1 0 0
node 79 1 0 0
gene  1 1 8 -2.218819061485025 0 98.0 -2.218819061485025 1
gene  1 2 8 2.803026543111731 0 99.0 2.803026543111731 1
gene  1 3 8 0.6305072587324871 0 100.0 0.6305072587324871 1
gene  1 6 8 -5.715579357093658 0 103.0 -5.715579357093658 1
gene  1 8 8 -1.883790619548783 1 105.0 -1.883790619548783 1
gene  1 9 8 -2.9930248842183067 1 106.0 -2.9930248842183067 1
gene  1 13 8 -9.523385228233257 1 110.0 -9.523385228233257 1
gene  1 14 8 -5.525807334612376 1 111.0 -5.525807334612376 1
gene  1 1 9 -0.026003335778944425 0 112.0 -0.026003335778944425 1
gene  1 4 9 4.035804647722915 0 115.0 4.035804647722915 1
gene  1 5 9 2.904359994263126 0 116.0 2.904359994263126 1
gene  1 7 9 -6.842507103319764 0 118.0 -6.842507103319764 1
gene  1 9 9 1.407318204860569 1 120.0 1.407318204860569 1
gene  1 14 9 -0.09750941517348533 1 125.0 -0.09750941517348533 1
gene  1 2 13 -1.1064138769420344 0 169.0 -1.1064138769420344 1
gene  1 5 13 0.3337289043062992 0 172.0 0.3337289043062992 1
gene  1 8 13 -1.461046792992796 0 175.0 -1.461046792992796 1
gene  1 1 14 -1.6742825406976392 0 182.0 -1.6742825406976392 1
gene  1 2 14 5.183164349615277 0 183.0 5.183164349615277 1
gene  1 3 14 -0.9743264125434429 0 184.0 -0.9743264125434429 1
gene  1 6 14 -2.489425133652979 0 187.0 -2.489425133652979 1
gene  1 13 14 4.522977906706185 0 194.0 4.522977906706185 1
gene  1 14 14 6.01790587795972 1 195.0 6.01790587795972 1
gene  1 5 8 0.060158138867206556 0 202.0 0.060158138867206556 1
gene  1 4 13 -5.563120063470974 0 220.0 -5.563120063470974 1
gene  1 1 20 -0.9189498506678813 0 231.0 -0.9189498506678813 1
gene  1 20 14 7.193338579892067 0 232.0 7.193338579892067 1
gene  1 1 13 -4.256436846921131 0 329.0 -4.256436846921131 1
gene  1 13 20 -2.0811848893586142 0 337.0 -2.0811848893586142 0
gene  1 4 20 0.32930307828986355 0 339.0 0.32930307828986355 1
gene  1 9 8 -3.181032024717484 0 404.0 -3.181032024717484 1
gene  1 8 14 2.597112254991773 0 410.0 2.597112254991773 1
gene  1 5 56 3.7091299475595885 0 434.0 3.7091299475595885 1
gene  1 56 8 -0.7669452409259299 0 435.0 -0.7669452409259299 1
gene  1 2 9 0.1669049921034091 0 448.0 0.1669049921034091 1
gene  1 3 60 1.8017685160836483 0 458.0 1.8017685160836483 1
gene  1 60 8 -0.2671801842709842 0 459.0 -0.2671801842709842 1
gene  1 1 60 1.002188084092073 0 479.0 1.002188084092073 1
gene  1 7 56 3.468447738139734 0 520.0 3.468447738139734 1
gene  1 13 79 1.899900392301757 0 537.0 1.899900392301757 1
gene  1 79 20 -2.274718385975124 0 538.0 -2.274718385975124 1
genomeend 15
genomestart  16
trait 1 0.04702751910613956 0.5319433208524987 0.8875428902212121 1.1036226464327767 0.10522835245191364 0.39032959932087685 0.0 0.0 
node 1 1 1 1
node 2 1 1 1
node 3 1 1 1
node 4 1 1 1
node 5 1 1 1
node 6 1 1 1
node 7 1 1 3
node 8 1 0 0
node 9 1 0 0
node 13 1 0 2
node 14 1 0 2
node 20 1 0 0
node 56 1 0 0
node 60 1 0 0
node 79 1 0 0
gene  1 1 8 1.6287879775367657 0 98.0 1.6287879775367657 1
gene  1 2 8 4.314951405033931 0 99.0 4.314951405033931 1
gene  1 3 8 2.3867147103014323 0 100.0 2.3867147103014323 1
gene  1 6 8 -6.145538956552293 0 103.0 -6.145538956552293 1
gene  1 8 8 -4.521356265383329 1 105.0 -4.521356265383329 1
gene  1 9 8 -4.242729163194157 1 106.0 -4.242729163194157 1
gene  1 13 8 -7.395747036499219 1 110.0 -7.395747036499219 1
gene  1 14 8 -6.14733003586554 1 111.0 -6.14733003586554 1
gene  1 1 9 -3.1466779111482763 0 112.0 -3.1466779111482763 1
gene  1 4 9 0.6005619064493692 0 115.0 0.6005619064493692 1
gene  1 5 9 1.1427195052187304 0 116.0 1.1427195052187304 1
gene  1 7 9 -6.609214513938988 0 118.0 -6.609214513938988 1
gene  1 9 9 1.4710540228782905 1 120.0 1.4710540228782905 1
gene  1 14 9 -0.19239081794257507 1 125.0 -0.19239081794257507 1
gene  1 2 13 -1.0057951613872569 0 169.0 -1.0057951613872569 1
gene  1 5 13 1.5257759125987844 0 172.0 1.5257759125987844 1
gene  1 8 13 -0.6516287413621675 0 175.0 -0.6516287413621675 1
gene  1 1 14 -1.1113301336098023 0 182.0 -1.1113301336098023 1
gene  1 2 14 1.0859112639902548 0 183.0 1.0859112639902548 1
gene  1 3 14 0.2750858265362528 0 184.0 0.2750858265362528 1
gene  1 6 14 -2.2907532815325196 0 187.0 -2.2907532815325196 1
gene  1 13 14 2.069668686586377 0 194.0 2.069668686586377 1
gene  1 14 14 8.64209367019272 1 195.0 8.64209367019272 1
gene  1 5 8 -0.5570802843319378 0 202.0 -0.5570802843319378 1
gene  1 4 13 -6.77389686290092 0 220.0 -6.77389686290092 1
gene  1 1 20 1.1238270985891843 0 231.0 1.1238270985891843 1
gene  1 20 14 7.750110169944656 0 232.0 7.750110169944656 1
gene  1 1 13 -0.8255552636390833 0 329.0 -0.8255552636390833 1
gene  1 13 20 -4.079514880358576 0 337.0 -4.079514880358576 0
gene  1 4 20 1.7950250665228196 0 339.0 1.7950250665228196 1
gene  1 9 8 -4.103429022995252 0 404.0 -4.103429022995252 1
gene  1 8 14 2.5373423373344823 0 410.0 2.5373423373344823 1
gene  1 5 56 5.252018843123334 0 434.0 5.252018843123334 1
gene  1 56 8 -2.5641066562926333 0 435.0 -2.5641066562926333 1
gene  1 2 9 0.6132190502193907 0 448.0 0.6132190502193907 1
gene  1 3 60 0.5940266685787305 0 458.0 0.5940266685787305 1
gene  1 60 8 0.6889744194647379 0 459.0 0.6889744194647379 1
gene  1 1 60 4.564135951621764 0 479.0 4.564135951621764 1
gene  1 7 56 2.348018426638931 0 520.0 2.348018426638931 1
gene  1 13 79 0.6200757575737028 0 537.0 0.6200757575737028 1
gene  1 79 20 -2.579821082894813 0 538.0 -2.579821082894813 1
genomeend 16
genomestart  17
trait 1 0.04702751910613956 0.5319433208524987 0.8875428902212121 1.1036226464327767 0.10522835245191364 0.39032959932087685 0.0 0.0 
node 1 1 1 1
node 2 1 1 1
node 3 1 1 1
node 4 1 1 1
node 5 1 1 1
node 6 1 1 1
node 7 1 1 3
node 8 1 0 0
node 9 1 0 0
node 13 1 0 2
node 14 1 0 2
node 20 1 0 0
node 56 1 0 0
node 60 1 0 0
node 79 1 0 0
gene  1 1 8 2.708284623894335 0 98.0 2.708284623894335 1
gene  1 2 8 3.7220815936795697 0 99.0 3.7220815936795697 1
gene  1 3 8 2.621719195659065 0 100.0 2.621719195659065 1
gene  1 6 8 -2.389921556253001 0 103.0 -2.389921556253001 1
gene  1 8 8 -2.8989334329144825 1 105.0 -2.8989334329144825 1
gene  1 9 8 -0.3578432009392114 1 106.0 -0.3578432009392114 1
gene  1 13 8 -10.751075355032901 1 110.0 -10.751075355032901 1
gene  1 14 8 -5.004579158199532 1 111.0 -5.004579158199532 1
gene  1 1 9 -0.08971331857395382 0 112.0 -0.08971331857395382 1
gene  1 4 9 1.3277190190027253 0 115.0 1.3277190190027253 1
gene  1 5 9 -1.4567135995094869 0 116.0 -1.4567135995094869 1
gene  1 7 9 -6.554099348137739 0 118.0 -6.554099348137739 1
gene  1 9 9 2.185022838922907 1 120.0 2.185022838922907 1
gene  1 14 9 0.3038803192728452 1 125.0 0.3038803192728452 1
gene  1 2 13 -1.623486807826684 0 169.0 -1.623486807826684 1
gene  1 5 13 2.8839720375235407 0 172.0 2.8839720375235407 1
gene  1 8 13 -3.6733728080773713 0 175.0 -3.6733728080773713 1
gene  1 1 14 1.3889327193176695 0 182.0 1.3889327193176695 1
gene  1 2 14 3.8868188771572125 0 183.0 3.8868188771572125 1
gene  1 3 14 0.8714514795792614 0 184.0 0.8714514795792614 1
gene  1 6 14 -1.098849917622029 0 187.0 -1.098849917622029 1
gene  1 13 14 1.5279710517673002 0 194.0 1.5279710517673002 1
gene  1 14 14 7.600334687600917 1 195.0 7.600334687600917 1
gene  1 5 8 1.5107385719180852 0 202.0 1.5107385719180852 1
gene  1 4 13 -7.084079609921986 0 220.0 -7.084079609921986 1
gene  1 1 20 -1.1001590066850937 0 231.0 -1.1001590066850937 1
gene  1 20 14 3.974607895346287 0 232.0 3.974607895346287 1
gene  1 1 13 -2.6168896585372172 0 329.0 -2.6168896585372172 1
gene  1 13 20 -5.152313296030742 0 337.0 -5.152313296030742 1
gene  1 4 20 -1.5521524662856891 0 339.0 -1.5521524662856891 1
gene  1 9 8 -2.3774530063246644 0 404.0 -2.3774530063246644 1
gene  1 8 14 2.809363209233437 0 410.0 2.809363209233437 1
gene  1 5 56 3.0043970772829867 0 434.0 3.0043970772829867 1
gene  1 56 8 -0.7669452409259299 0 435.0 -0.7669452409259299 1
gene  1 2 9 0.569499464375379 0 448.0 0.569499464375379 1
gene  1 3 60 2.6901676979308804 0 458.0 2.6901676979308804 1
gene  1 60 8 3.067071482605813 0 459.0 3.067071482605813 1
gene  1 1 60 -0.9609307135681568 0 479.0 -0.9609307135681568 1
gene  1 7 56 1.6923362967337992 0 520.0 1.6923362967337992 1
gene  1 13 79 2.775444266196315 0 537.0 2.775444266196315 1
gene  1 79 20 -0.639256151541564 0 538.0 -0.639256151541564 1
genomeend 17
genomestart  18
trait 1 0.0 0.13288052470053657 2.0400788442298796 0.0 0.9774676473893938 0.5916859962196944 0.0 0.0 
node 1 1 1 1
node 2 1 1 1
node 3 1 1 1
node 4 1 1 1
node 5 1 1 1
node 6 1 1 1
node 7 1 1 3
node 13 1 0 2
node 14 1 0 2
node 45 1 0 0
node 71 1 0 0
gene  1 1 13 3.9798417369286874 0 168.0 3.9798417369286874 1
gene  1 2 13 0.5931801832194791 0 169.0 0.5931801832194791 1
gene  1 5 13 -6.435894005451642 0 172.0 -6.435894005451642 1
gene  1 6 13 -4.315471477680609 0 173.0 -4.315471477680609 1
gene  1 7 13 1.3192573702336576 0 174.0 1.3192573702336576 1
gene  1 3 14 0.36540744498005473 0 184.0 0.36540744498005473 1
gene  1 4 14 6.098569992287826 0 185.0 6.098569992287826 1
gene  1 7 14 0.06827737285535607 0 188.0 0.06827737285535607 1
gene  1 13 14 2.1195105413764113 0 194.0 2.1195105413764113 1
gene  1 14 14 0.3326178193703033 1 195.0 0.3326178193703033 1
gene  1 4 13 1.7151054498379652 0 235.0 1.7151054498379652 1
gene  1 1 14 2.6764485797371043 0 242.0 2.6764485797371043 1
gene  1 5 14 0.5631294348566969 0 319.0 0.5631294348566969 1
gene  1 1 45 -3.776297491789219 0 370.0 -3.776297491789219 1
gene  1 45 13 0.4157864448109288 0 371.0 0.4157864448109288 1
gene  1 4 45 -1.3371550793381168 0 497.0 -1.3371550793381168 1
gene  1 6 71 2.781074292035659 0 502.0 2.781074292035659 1
gene  1 71 13 -0.7313031956045226 0 503.0 -0.7313031956045226 1
gene  1 45 71 8.531309589355947 0 534.0 8.531309589355947 1
gene  1 3 13 2.5469619359440303 0 535.0 2.5469619359440303 1
genomeend 18
genomestart  19
trait 1 0.0 0.13288052470053657 2.0400788442298796 0.0 0.9774676473893938 0.5916859962196944 0.0 0.0 
node 1 1 1 1
node 2 1 1 1
node 3 1 1 1
node 4 1 1 1
node 5 1 1 1
node 6 1 1 1
node 7 1 1 3
node 13 1 0 2
node 14 1 0 2
node 45 1 0 0
node 71 1 0 0
gene  1 1 13 2.646943740645556 0 168.0 2.646943740645556 1
gene  1 2 13 -0.3380883943222319 0 169.0 -0.3380883943222319 1
gene  1 5 13 -7.41117974866553 0 172.0 -7.41117974866553 1
gene  1 6 13 -3.6525356018309205 0 173.0 -3.6525356018309205 1
gene  1 7 13 0.854317533779636 0 174.0 0.854317533779636 1
gene  1 3 14 -0.8138036013502542 0 184.0 -0.8138036013502542 1
gene  1 4 14 6.576698501727799 0 185.0 6.576698501727799 1
gene  1 7 14 -3.149950157879212 0 188.0 -3.149950157879212 1
gene  1 13 14 1.6466964178742778 0 194.0 1.6466964178742778 1
gene  1 14 14 2.2147349018311004 1 195.0 2.2147349018311004 1
gene  1 4 13 1.8291797921063802 0 235.0 1.8291797921063802 1
gene  1 1 14 1.0141760602863745 0 242.0 1.0141760602863745 1
gene  1 5 14 3.3651557774886145 0 319.0 3.3651557774886145 1
gene  1 1 45 -2.4452464366336066 0 370.0 -2.4452464366336066 1
gene  1 45 13 0.8659993239353581 0 371.0 0.8659993239353581 1
gene  1 4 45 0.055407541524630566 0 497.0 0.055407541524630566 1
gene  1 6 71 -0.45174298096812643 0 502.0 -0.45174298096812643 1
gene  1 71 13 -0.8049749635739595 0 503.0 -0.8049749635739595 1
gene  1 45 71 0.06545449793550318 0 534.0 0.06545449793550318 1
gene  1 3 13 -1.5014762008969633 0 535.0 -1.5014762008969633 1
genomeend 19
