genomestart  0
trait 1 0.12236385032328645 0.11996509262718169 0.0 1.2348572107762614 0.0 1.3168578850843018 1.0590140864502917 1.7905313975538821 
node 1 1 1 1
node 2 1 1 1
node 3 1 1 1
node 4 1 1 1
node 5 1 1 1
node 6 1 1 1
node 7 1 1 3
node 13 1 0 2
node 14 1 0 2
node 33 1 0 0
node 48 1 0 0
node 55 1 0 0
node 61 1 0 0
gene  1 2 13 7.473652609813961 0 169.0 7.473652609813961 1
gene  1 3 13 -1.5073616144056068 0 170.0 -1.5073616144056068 1
gene  1 4 13 0.8669128951053506 0 171.0 0.8669128951053506 1
gene  1 6 13 -1.8494705050339932 0 173.0 -1.8494705050339932 1
gene  1 7 13 0.42292530066351275 0 174.0 0.42292530066351275 1
gene  1 13 13 2.7038079485216744 1 180.0 2.7038079485216744 1
gene  1 1 14 -0.6637704445904815 0 182.0 -0.6637704445904815 1
gene  1 2 14 -0.2251527587467561 0 183.0 -0.2251527587467561 1
gene  1 5 14 2.373136285785246 0 186.0 2.373136285785246 1
gene  1 6 14 6.892147769448869 0 187.0 6.892147769448869 1
gene  1 7 14 3.538212113854602 0 188.0 3.538212113854602 1
gene  1 13 14 3.0139122672031684 0 194.0 3.0139122672031684 1
gene  1 14 14 0.21305236113102533 1 195.0 0.21305236113102533 1
gene  1 4 14 -3.991203790101891 0 196.0 -3.991203790101891 1
gene  1 1 13 -0.5267295439432863 0 216.0 -0.5267295439432863 1
gene  1 1 33 0.5704352167115592 0 313.0 0.5704352167115592 1
gene  1 33 14 0.7924605852807904 0 314.0 0.7924605852807904 1
gene  1 14 48 2.346816508310172 1 379.0 2.346816508310172 1
gene  1 48 14 3.650175469745331 0 380.0 3.650175469745331 1
gene  1 48 33 1.3895040639126457 0 381.0 1.3895040639126457 1
gene  1 4 33 -1.1175669899476497 0 384.0 -1.1175669899476497 1
gene  1 13 55 -5.237230335837164 0 407.0 -5.237230335837164 1
gene  1 55 14 -4.551555531038668 0 408.0 -4.551555531038668 1
gene  1 2 33 2.33527138440974 0 425.0 2.33527138440974 1
gene  1 13 33 1.1327079955374142 0 427.0 1.1327079955374142 1
gene  1 5 13 4.954898288779191 0 436.0 4.954898288779191 1
gene  1 7 33 -4.041384292542499 0 465.0 -4.041384292542499 1
gene  1 2 61 5.182273122681993 0 466.0 5.182273122681993 1
gene  1 61 33 1.0753153100247947 0 467.0 1.0753153100247947 1
genomeend 0
genomestart  1
trait 1 0.12236385032328645 0.11996509262718169 0.0 1.2348572107762614 0.0 1.3168578850843018 1.0590140864502917 1.7905313975538821 
node 1 1 1 1
node 2 1 1 1
node 3 1 1 1
node 4 1 1 1
node 5 1 1 1
node 6 1 1 1
node 7 1 1 3
node 13 1 0 2
node 14 1 0 2
node 33 1 0 0
node 48 1 0 0
node 55 1 0 0
node 61 1 0 0
gene  1 2 13 5.3919502020005625 0 169.0 5.3919502020005625 1
gene  1 3 13 -0.5854240192998146 0 170.0 -0.5854240192998146 1
gene  1 4 13 1.7300659213785479 0 171.0 1.7300659213785479 1
gene  1 6 13 -3.2638718376951315 0 173.0 -3.2638718376951315 1
gene  1 7 13 2.4597905555563675 0 174.0 2.4597905555563675 1
gene  1 13 13 3.8788645998009548 1 180.0 3.8788645998009548 1
gene  1 1 14 1.0518588482327877 0 182.0 1.0518588482327877 1
gene  1 2 14 2.9196726059692155 0 183.0 2.9196726059692155 1
gene  1 5 14 2.7839075085301035 0 186.0 2.7839075085301035 1
gene  1 6 14 8.657647942390653 0 187.0 8.657647942390653 1
gene  1 7 14 -0.0937137792454319 0 188.0 -0.0937137792454319 1
gene  1 13 14 1.3146565640424424 0 194.0 1.3146565640424424 1
gene  1 14 14 -0.04546376507671579 1 195.0 -0.04546376507671579 1
gene  1 4 14 -0.8552049188385378 0 196.0 -0.8552049188385378 1
gene  1 1 13 2.7880657587852014 0 216.0 2.7880657587852014 1
gene  1 1 33 -0.7324278621494854 0 313.0 -0.7324278621494854 1
gene  1 33 14 -3.587203658173949 0 314.0 -3.587203658173949 1
gene  1 14 48 -1.7047768216797228 1 379.0 -1.7047768216797228 1
gene  1 48 14 2.0605828749997013 0 380.0 2.0605828749997013 1
gene  1 48 33 1.205968133535521 0 381.0 1.205968133535521 1
gene  1 4 33 -3.4921457869694 0 384.0 -3.4921457869694 1
gene  1 13 55 -1.7739598801551106 0 407.0 -1.7739598801551106 1
gene  1 55 14 -0.8150390922663173 0 408.0 -0.8150390922663173 1
gene  1 2 33 -0.32264148628118683 0 425.0 -0.32264148628118683 1
gene  1 13 33 -0.9512440786444398 0 427.0 -0.9512440786444398 1
gene  1 5 13 4.38063711380578 0 436.0 4.38063711380578 1
gene  1 7 33 -3.0220881294992825 0 465.0 -3.0220881294992825 1
gene  1 2 61 2.8627102523541574 0 466.0 2.8627102523541574 1
gene  1 61 33 1.1148204970547275 0 467.0 1.1148204970547275 1
genomeend 1
genomestart  2
trait 1 0.0 0.4388362906987652 1.6464228378828418 0.0 1.4996758457563444 1.21277466076125 0.361970865715585 1.7097882499309047 
node 1 1 1 1
node 2 1 1 1
node 3 1 1 1
node 4 1 1 1
node 5 1 1 1
node 6 1 1 1
node 7 1 1 3
node 13 1 0 2
node 14 1 0 2
node 21 1 0 0
node 24 1 0 0
node 34 1 0 0
gene  1 1 13 -6.917756536513391 0 168.0 -6.917756536513391 1
gene  1 4 13 11.458512263621136 0 171.0 11.458512263621136 1
gene  1 5 13 7.514333381597207 0 172.0 7.514333381597207 1
gene  1 7 13 0.7869606712734992 0 174.0 0.7869606712734992 1
gene  1 13 13 -0.10472176910218955 1 180.0 -0.10472176910218955 1
gene  1 2 14 -1.0917714333248394 0 183.0 -1.0917714333248394 1
gene  1 3 14 1.3517084702256632 0 184.0 1.3517084702256632 1
gene  1 6 14 1.9779597637743127 0 187.0 1.9779597637743127 1
gene  1 13 14 -3.4113085212947345 0 194.0 -3.4113085212947345 1
gene  1 14 14 1.7263815777391314 1 195.0 1.7263815777391314 1
gene  1 6 13 2.8557792876618056 0 205.0 2.8557792876618056 1
gene  1 5 14 -1.6343505106342546 0 223.0 -1.6343505106342546 1
gene  1 3 13 2.5648780899068218 0 229.0 2.5648780899068218 1
gene  1 2 13 2.0285249026576793 0 233.0 2.0285249026576793 1
gene  1 1 21 2.3842994096729826 0 238.0 2.3842994096729826 1
gene  1 21 13 -0.9860592740736257 0 239.0 -0.9860592740736257 1
gene  1 5 21 -1.9592106886094975 0 253.0 -1.9592106886094975 1
gene  1 3 21 0.06351146647122302 0 270.0 0.06351146647122302 1
gene  1 1 24 -5.081715895554041 0 275.0 -5.081715895554041 1
gene  1 24 13 0.15554312824326233 0 276.0 0.15554312824326233 1
gene  1 3 34 -2.3206686740676448 0 315.0 -2.3206686740676448 1
gene  1 34 14 1.9550796170989726 0 316.0 1.9550796170989726 1
gene  1 3 24 0.7799876704078765 0 324.0 0.7799876704078765 1
gene  1 2 21 1.672939455195791 0 350.0 1.672939455195791 1
gene  1 34 13 0.10511584162903265 0 355.0 0.10511584162903265 1
gene  1 1 34 -1.8380321992772166 0 361.0 -1.8380321992772166 1
gene  1 7 14 -4.247281124885702 0 388.0 -4.247281124885702 1
gene  1 24 14 1.0935570522777296 0 468.0 1.0935570522777296 1
genomeend 2
genomestart  3
trait 1 0.0 0.4388362906987652 1.925433935151029 0.0 1.509358658637582 1.2103352058005419 0.361970865715585 1.7097882499309047 
node 1 1 1 1
node 2 1 1 1
node 3 1 1 1
node 4 1 1 1
node 5 1 1 1
node 6 1 1 1
node 7 1 1 3
node 13 1 0 2
node 14 1 0 2
node 21 1 0 0
node 24 1 0 0
node 34 1 0 0
gene  1 1 13 -4.263287729886907 0 168.0 -4.263287729886907 1
gene  1 4 13 10.488132592068068 0 171.0 10.488132592068068 1
gene  1 5 13 5.849857135093993 0 172.0 5.849857135093993 1
gene  1 7 13 2.50426495835637 0 174.0 2.50426495835637 1
gene  1 13 13 -0.6359319281679443 1 180.0 -0.6359319281679443 1
gene  1 2 14 -1.0268732100659066 0 183.0 -1.0268732100659066 1
gene  1 3 14 -2.573345338868034 0 184.0 -2.573345338868034 1
gene  1 6 14 -1.1993690975832543 0 187.0 -1.1993690975832543 1
gene  1 13 14 -1.353761827247121 0 194.0 -1.353761827247121 1
gene  1 14 14 3.2733433760947954 1 195.0 3.2733433760947954 1
gene  1 6 13 2.310727338444212 0 205.0 2.310727338444212 1
gene  1 5 14 -3.6207087590621567 0 223.0 -3.6207087590621567 1
gene  1 3 13 -1.9529955611829077 0 229.0 -1.9529955611829077 1
gene  1 2 13 2.0285249026576793 0 233.0 2.0285249026576793 1
gene  1 1 21 0.8363783345338954 0 238.0 0.8363783345338954 1
gene  1 21 13 1.7287235317979928 0 239.0 1.7287235317979928 1
gene  1 5 21 0.33274046433025495 0 253.0 0.33274046433025495 1
gene  1 3 21 -1.5814092879320567 0 270.0 -1.5814092879320567 1
gene  1 1 24 -3.631510465901929 0 275.0 -3.631510465901929 1
gene  1 24 13 -10.164062657903248 0 276.0 -10.164062657903248 1
gene  1 3 34 8.880526180107259 0 315.0 8.880526180107259 1
gene  1 34 14 -0.7347408500392155 0 316.0 -0.7347408500392155 1
gene  1 3 24 -1.3169059951187168 0 324.0 -1.3169059951187168 1
gene  1 2 21 0.519793787125953 0 350.0 0.519793787125953 1
gene  1 34 13 -1.1902557734535089 0 355.0 -1.1902557734535089 1
gene  1 1 34 -1.4756426556238336 0 361.0 -1.4756426556238336 1
gene  1 7 14 -1.4564200669377465 0 388.0 -1.4564200669377465 1
gene  1 24 14 2.443869621279601 0 468.0 2.443869621279601 1
genomeend 3
genomestart  4
trait 1 0.0 0.4388362906987652 1.6464228378828418 0.0 1.4996758457563444 1.21277466076125 0.361970865715585 1.7097882499309047 
node 1 1 1 1
node 2 1 1 1
node 3 1 1 1
node 4 1 1 1
node 5 1 1 1
node 6 1 1 1
node 7 1 1 3
node 13 1 0 2
node 14 1 0 2
node 21 1 0 0
node 24 1 0 0
node 34 1 0 0
node 67 1 0 0
gene  1 1 13 -5.4631474916345635 0 168.0 -5.4631474916345635 1
gene  1 4 13 10.64205498607705 0 171.0 10.64205498607705 1
gene  1 5 13 7.556269119799215 0 172.0 7.556269119799215 1
gene  1 7 13 0.13944692158904093 0 174.0 0.13944692158904093 1
gene  1 13 13 -0.6280796555989563 1 180.0 -0.6280796555989563 1
gene  1 2 14 -1.5427123319062594 0 183.0 -1.5427123319062594 1
gene  1 3 14 -0.5506517319572677 0 184.0 -0.5506517319572677 1
gene  1 6 14 -1.1993690975832543 0 187.0 -1.1993690975832543 1
gene  1 13 14 -3.07611636554107 0 194.0 -3.07611636554107 1
gene  1 14 14 2.27754130467367 1 195.0 2.27754130467367 1
gene  1 6 13 1.7448295812226127 0 205.0 1.7448295812226127 1
gene  1 5 14 -2.4920560046378624 0 223.0 -2.4920560046378624 1
gene  1 3 13 2.1858642493821936 0 229.0 2.1858642493821936 1
gene  1 2 13 2.0285249026576793 0 233.0 2.0285249026576793 1
gene  1 1 21 -1.068349270220171 0 238.0 -1.068349270220171 1
gene  1 21 13 1.749330860321845 0 239.0 1.749330860321845 1
gene  1 5 21 -2.0572865724578815 0 253.0 -2.0572865724578815 1
gene  1 3 21 0.4631524728846048 0 270.0 0.4631524728846048 1
gene  1 1 24 -2.7066037895647765 0 275.0 -2.7066037895647765 1
gene  1 24 13 -8.790748724016542 0 276.0 -8.790748724016542 1
gene  1 3 34 7.782280415812902 0 315.0 7.782280415812902 1
gene  1 34 14 1.9550796170989726 0 316.0 1.9550796170989726 0
gene  1 3 24 0.48547078766825263 0 324.0 0.48547078766825263 1
gene  1 2 21 1.5457608946486658 0 350.0 1.5457608946486658 1
gene  1 34 13 -2.032854917088021 0 355.0 -2.032854917088021 1
gene  1 1 34 0.051766090455812874 0 361.0 0.051766090455812874 1
gene  1 7 14 -2.6826123640828325 0 388.0 -2.6826123640828325 1
gene  1 24 14 1.3049333051069683 0 468.0 1.3049333051069683 1
gene  1 34 67 1.0 0 491.0 0.0 1
gene  1 67 14 1.9550796170989726 0 492.0 0.0 1
genomeend 4
genomestart  5
trait 1 1.7530877318876072 0.44174474491361737 0.0 1.988524997377255 1.4319166757498423 0.0 0.027339901520710974 1.6377765720730229 
node 1 1 1 1
node 2 1 1 1
node 3 1 1 1
node 4 1 1 1
node 5 1 1 1
node 6 1 1 1
node 7 1 1 3
node 8 1 0 0
node 13 1 0 2
node 14 1 0 2
node 39 1 0 0
node 42 1 0 0
node 51 1 0 0
gene  1 1 8 -6.384237276787419 0 98.0 -6.384237276787419 1
gene  1 2 8 -9.282340476642215 0 99.0 -9.282340476642215 1
gene  1 3 8 -3.3808889826585196 0 100.0 -3.3808889826585196 1
gene  1 4 8 -1.846758512324839 0 101.0 -1.846758512324839 1
gene  1 5 8 -1.6679184381282917 0 102.0 -1.6679184381282917 1
gene  1 6 8 3.210959854045133 0 103.0 3.210959854045133 1
gene  1 8 8 -1.7749701060219445 1 105.0 -1.7749701060219445 1
gene  1 13 8 4.993885490184171 1 110.0 4.993885490184171 1
gene  1 14 8 5.304858762217835 1 111.0 5.304858762217835 1
gene  1 3 13 5.883864833311794 0 170.0 5.883864833311794 1
gene  1 5 13 4.889501419433036 0 172.0 4.889501419433036 1
gene  1 7 13 4.494699634888073 0 174.0 4.494699634888073 1
gene  1 13 13 4.956476009240469 1 180.0 4.956476009240469 1
gene  1 2 14 -3.6707099145092443 0 183.0 -3.6707099145092443 1
gene  1 4 14 4.146221452662104 0 185.0 4.146221452662104 1
gene  1 6 14 4.003386250506355 0 187.0 4.003386250506355 1
gene  1 8 14 4.0750163393456855 0 189.0 4.0750163393456855 1
gene  1 13 14 1.2790620409537836 0 194.0 1.2790620409537836 1
gene  1 2 13 -12.16880505383442 0 213.0 -12.16880505383442 1
gene  1 4 13 -4.493143302281555 0 230.0 -4.493143302281555 1
gene  1 13 8 -2.811083554648067 0 244.0 -2.811083554648067 1
gene  1 7 14 -3.7485253943813497 0 264.0 -3.7485253943813497 1
gene  1 1 14 3.6210701427214724 0 299.0 3.6210701427214724 1
gene  1 5 14 1.3289717213080507 0 310.0 1.3289717213080507 1
gene  1 1 13 0.5607396285329693 0 311.0 0.5607396285329693 1
gene  1 13 39 4.484277304500936 0 344.0 4.484277304500936 1
gene  1 39 8 -3.916256694832337 0 345.0 -3.916256694832337 1
gene  1 6 13 2.318380417756452 0 348.0 2.318380417756452 1
gene  1 2 42 3.5270565563626963 0 359.0 3.5270565563626963 1
gene  1 42 14 -2.57756292884223 0 360.0 -2.57756292884223 1
gene  1 13 42 -0.1200109179609693 0 366.0 -0.1200109179609693 1
gene  1 5 51 -0.845609799874942 0 396.0 -0.845609799874942 1
gene  1 51 14 1.7916448523510764 0 397.0 1.7916448523510764 1
gene  1 6 42 3.5427851827404373 0 423.0 3.5427851827404373 1
gene  1 39 42 -6.094155101170896 0 426.0 -6.094155101170896 1
gene  1 51 13 -8.611284176602855 0 475.0 -8.611284176602855 1
gene  1 39 14 1.4973023230871125 0 476.0 1.4973023230871125 1
gene  1 5 39 6.828566164230512 0 485.0 6.828566164230512 1
genomeend 5
genomestart  6
trait 1 1.7530877318876072 0.44174474491361737 0.0 1.988524997377255 1.4319166757498423 0.0 0.027339901520710974 1.6377765720730229 
node 1 1 1 1
node 2 1 1 1
node 3 1 1 1
node 4 1 1 1
node 5 1 1 1
node 6 1 1 1
node 7 1 1 3
node 8 1 0 0
node 13 1 0 2
node 14 1 0 2
node 39 1 0 0
node 42 1 0 0
node 51 1 0 0
node 68 1 0 0
gene  1 1 8 -5.192051102735295 0 98.0 -5.192051102735295 1
gene  1 2 8 -10.801559120625248 0 99.0 -10.801559120625248 1
gene  1 3 8 -4.058879261091585 0 100.0 -4.058879261091585 1
gene  1 4 8 0.1066671665959662 0 101.0 0.1066671665959662 1
gene  1 5 8 -0.047517439349384905 0 102.0 -0.047517439349384905 1
gene  1 6 8 4.857587172409689 0 103.0 4.857587172409689 1
gene  1 8 8 -0.21842735562930904 1 105.0 -0.21842735562930904 1
gene  1 13 8 3.6579367729288386 1 110.0 3.6579367729288386 1
gene  1 14 8 3.0250354896599223 1 111.0 3.0250354896599223 1
gene  1 3 13 4.039756642875691 0 170.0 4.039756642875691 1
gene  1 5 13 4.258081952663089 0 172.0 4.258081952663089 1
gene  1 7 13 2.9667686740514214 0 174.0 2.9667686740514214 1
gene  1 13 13 3.4537117942198456 1 180.0 3.4537117942198456 1
gene  1 2 14 -1.5781261077690862 0 183.0 -1.5781261077690862 1
gene  1 4 14 5.9092080065101475 0 185.0 5.9092080065101475 1
gene  1 6 14 3.3885688588197853 0 187.0 3.3885688588197853 1
gene  1 8 14 4.6833876692422045 0 189.0 4.6833876692422045 1
gene  1 13 14 1.3359960571833016 0 194.0 1.3359960571833016 1
gene  1 2 13 -12.500058873637133 0 213.0 -12.500058873637133 1
gene  1 4 13 -2.052939033936938 0 230.0 -2.052939033936938 1
gene  1 13 8 -1.3478304524754012 0 244.0 -1.3478304524754012 1
gene  1 7 14 -2.64641605807446 0 264.0 -2.64641605807446 1
gene  1 1 14 2.5992062255387154 0 299.0 2.5992062255387154 1
gene  1 5 14 -1.1315961669917485 0 310.0 -1.1315961669917485 1
gene  1 1 13 -0.2832410736386435 0 311.0 -0.2832410736386435 1
gene  1 13 39 4.226852614209103 0 344.0 4.226852614209103 1
gene  1 39 8 -2.558263814180225 0 345.0 -2.558263814180225 1
gene  1 6 13 3.1031648590325576 0 348.0 3.1031648590325576 1
gene  1 2 42 1.5014867644114318 0 359.0 1.5014867644114318 1
gene  1 42 14 -1.2522996632524235 0 360.0 -1.2522996632524235 1
gene  1 13 42 0.3038108362239944 0 366.0 0.3038108362239944 1
gene  1 5 51 0.104309197536962 0 396.0 0.104309197536962 1
gene  1 51 14 -0.9631317697408903 0 397.0 -0.9631317697408903 1
gene  1 6 42 2.210863042872576 0 423.0 2.210863042872576 1
gene  1 39 42 -5.334723307108958 0 426.0 -5.334723307108958 1
gene  1 51 13 -6.945994824603983 0 475.0 -6.945994824603983 1
gene  1 39 14 1.4973023230871125 0 476.0 1.4973023230871125 1
gene  1 5 39 5.954790271259115 0 485.0 5.954790271259115 0
gene  1 5 68 1.0 0 493.0 0.0 1
gene  1 68 39 5.954790271259115 0 494.0 0.0 1
genomeend 6
genomestart  7
trait 1 2.732431393943948 0.0 0.0 1.4177942504429533 0.9382603138953756 0.0 1.9280392103089152 1.4020476134298572 
node 1 1 1 1
node 2 1 1 1
node 3 1 1 1
node 4 1 1 1
node 5 1 1 1
node 6 1 1 1
node 7 1 1 3
node 8 1 0 0
node 9 1 0 0
node 10 1 0 0
node 13 1 0 2
node 14 1 0 2
node 28 1 0 0
node 41 1 0 0
node 43 1 0 0
node 47 1 0 0
node 62 1 0 0
gene  1 1 8 3.047099579813724 0 98.0 3.047099579813724 1
gene  1 3 8 0.4649757760236638 0 100.0 0.4649757760236638 1
gene  1 5 8 -4.593836061932977 0 102.0 -4.593836061932977 1
gene  1 6 8 -3.5557046605673097 0 103.0 -3.5557046605673097 1
gene  1 8 8 -7.73802019638307 1 105.0 -7.73802019638307 1
gene  1 1 9 -4.862083987059248 0 112.0 -4.862083987059248 1
gene  1 2 9 -2.7888999690847944 0 113.0 -2.7888999690847944 1
gene  1 3 9 1.5925431509459507 0 114.0 1.5925431509459507 1
gene  1 5 9 0.5990363790824262 0 116.0 0.5990363790824262 1
gene  1 7 9 12.474886140068671 0 118.0 12.474886140068671 1
gene  1 9 9 3.2623315690079995 1 120.0 3.2623315690079995 1
gene  1 10 9 -6.290998415553926 1 121.0 -6.290998415553926 1
gene  1 13 9 4.708963893089978 1 124.0 4.708963893089978 1
gene  1 2 10 2.8416520622040013 0 127.0 2.8416520622040013 1
gene  1 4 10 -3.0223686882481866 0 129.0 -3.0223686882481866 1
gene  1 5 10 -5.638525820794744 0 130.0 -5.638525820794744 1
gene  1 8 10 -7.153058234778076 0 133.0 -7.153058234778076 1
gene  1 9 10 0.6150383163481936 0 134.0 0.6150383163481936 1
gene  1 10 10 -4.800844181030155 1 135.0 -4.800844181030155 1
gene  1 13 10 -0.4130012514139997 1 138.0 -0.4130012514139997 1
gene  1 14 10 -5.497680451335924 1 139.0 -5.497680451335924 1
gene  1 2 13 5.697384685624309 0 169.0 5.697384685624309 1
gene  1 3 13 -12.284502050554961 0 170.0 -12.284502050554961 1
gene  1 6 13 0.5739699126585434 0 173.0 0.5739699126585434 1
gene  1 7 13 -6.527577528756012 0 174.0 -6.527577528756012 1
gene  1 9 13 4.536606506655364 0 176.0 4.536606506655364 1
gene  1 13 13 -1.8032704514752746 1 180.0 -1.8032704514752746 1
gene  1 14 13 4.295018086627804 1 181.0 4.295018086627804 1
gene  1 1 14 1.155716921479754 0 182.0 1.155716921479754 1
gene  1 3 14 10.925401169351664 0 184.0 10.925401169351664 1
gene  1 9 14 -4.074990652555456 0 190.0 -4.074990652555456 1
gene  1 10 14 2.041683016496284 0 191.0 2.041683016496284 1
gene  1 8 13 -1.3568962089314391 0 207.0 -1.3568962089314391 1
gene  1 1 10 -12.95886457181465 0 226.0 -12.95886457181465 1
gene  1 6 14 2.2971276009466943 0 234.0 2.2971276009466943 1
gene  1 8 28 7.416673761513168 1 293.0 7.416673761513168 1
gene  1 28 8 1.2406546651525492 0 294.0 1.2406546651525492 1
gene  1 8 9 -6.462502841639443 0 328.0 -6.462502841639443 1
gene  1 8 41 2.255688788038662 1 357.0 2.255688788038662 1
gene  1 41 8 0.1909605726844006 0 358.0 0.1909605726844006 1
gene  1 14 43 -12.20287351011281 1 364.0 -12.20287351011281 1
gene  1 43 10 -8.859831330419198 0 365.0 -8.859831330419198 1
gene  1 5 47 1.8993290249931036 0 375.0 1.8993290249931036 1
gene  1 47 9 1.3366379089152696 0 376.0 1.3366379089152696 1
gene  1 41 14 3.829046797777413 0 387.0 3.829046797777413 1
gene  1 4 28 2.2475672720885407 0 419.0 2.2475672720885407 1
gene  1 2 28 -1.578519191817587 0 429.0 -1.578519191817587 1
gene  1 1 62 -2.528474622874241 0 470.0 -2.528474622874241 1
gene  1 62 9 -3.0107615321030416 0 471.0 -3.0107615321030416 1
gene  1 8 14 1.1901642074052208 0 484.0 1.1901642074052208 1
gene  1 1 13 -3.580221049383999 0 489.0 -3.580221049383999 1
genomeend 7
genomestart  8
trait 1 2.732431393943948 0.0 0.0 1.4177942504429533 0.9382603138953756 0.0 1.9280392103089152 1.4020476134298572 
node 1 1 1 1
node 2 1 1 1
node 3 1 1 1
node 4 1 1 1
node 5 1 1 1
node 6 1 1 1
node 7 1 1 3
node 8 1 0 0
node 9 1 0 0
node 10 1 0 0
node 13 1 0 2
node 14 1 0 2
node 28 1 0 0
node 41 1 0 0
node 43 1 0 0
node 47 1 0 0
node 62 1 0 0
gene  1 1 8 4.0394165485837625 0 98.0 4.0394165485837625 1
gene  1 3 8 0.3108805585902504 0 100.0 0.3108805585902504 1
gene  1 5 8 -3.7693252311706296 0 102.0 -3.7693252311706296 1
gene  1 6 8 -4.979234042267343 0 103.0 -4.979234042267343 1
gene  1 8 8 -6.957890763744968 1 105.0 -6.957890763744968 1
gene  1 1 9 -3.799131296282211 0 112.0 -3.799131296282211 1
gene  1 2 9 -2.6196683944421646 0 113.0 -2.6196683944421646 1
gene  1 3 9 2.1003520571103653 0 114.0 2.1003520571103653 1
gene  1 5 9 -0.4978467206818449 0 116.0 -0.4978467206818449 1
gene  1 7 9 12.35751947207686 0 118.0 12.35751947207686 1
gene  1 9 9 4.231833461134616 1 120.0 4.231833461134616 1
gene  1 10 9 -7.2807613720890405 1 121.0 -7.2807613720890405 1
gene  1 13 9 3.8061076760296872 1 124.0 3.8061076760296872 1
gene  1 2 10 4.214767107861139 0 127.0 4.214767107861139 1
gene  1 4 10 -0.7844880630924527 0 129.0 -0.7844880630924527 1
gene  1 5 10 -3.538869417412455 0 130.0 -3.538869417412455 1
gene  1 8 10 -8.998655975046093 0 133.0 -8.998655975046093 1
gene  1 9 10 -0.09926163082629702 0 134.0 -0.09926163082629702 1
gene  1 10 10 -2.7201895607110815 1 135.0 -2.7201895607110815 1
gene  1 13 10 -2.487142338201327 1 138.0 -2.487142338201327 1
gene  1 14 10 -7.381637101174249 1 139.0 -7.381637101174249 1
gene  1 2 13 7.276833751732823 0 169.0 7.276833751732823 1
gene  1 3 13 -11.54835289349008 0 170.0 -11.54835289349008 1
gene  1 6 13 -0.33576742745367216 0 173.0 -0.33576742745367216 1
gene  1 7 13 -6.671370385104518 0 174.0 -6.671370385104518 1
gene  1 9 13 2.641416769772163 0 176.0 2.641416769772163 1
gene  1 13 13 -0.6150581874361098 1 180.0 -0.6150581874361098 1
gene  1 14 13 6.306290175534704 1 181.0 6.306290175534704 1
gene  1 1 14 3.537221743678841 0 182.0 3.537221743678841 1
gene  1 3 14 12.702552479303577 0 184.0 12.702552479303577 1
gene  1 9 14 -6.021514000926095 0 190.0 -6.021514000926095 1
gene  1 10 14 0.38914256681496884 0 191.0 0.38914256681496884 1
gene  1 8 13 -2.754615054273767 0 207.0 -2.754615054273767 1
gene  1 1 10 -15.253437261919537 0 226.0 -15.253437261919537 1
gene  1 6 14 2.7204043461631024 0 234.0 2.7204043461631024 1
gene  1 8 28 6.666672340095189 1 293.0 6.666672340095189 1
gene  1 28 8 3.497074240319032 0 294.0 3.497074240319032 1
gene  1 8 9 -8.223334758885878 0 328.0 -8.223334758885878 1
gene  1 8 41 4.550564965330231 1 357.0 4.550564965330231 1
gene  1 41 8 -1.8316410457528722 0 358.0 -1.8316410457528722 1
gene  1 14 43 -14.238366135875932 1 364.0 -14.238366135875932 1
gene  1 43 10 1.2885212951864913 0 365.0 1.2885212951864913 1
gene  1 5 47 1.7276927725643358 0 375.0 1.7276927725643358 1
gene  1 47 9 0.20156234771080395 0 376.0 0.20156234771080395 1
gene  1 41 14 1.9561547290717807 0 387.0 1.9561547290717807 1
gene  1 4 28 2.2475672720885407 0 419.0 2.2475672720885407 1
gene  1 2 28 -2.64179985516608 0 429.0 -2.64179985516608 1
gene  1 1 62 -2.079005968402728 0 470.0 -2.079005968402728 1
gene  1 62 9 -0.621220657594808 0 471.0 -0.621220657594808 1
gene  1 8 14 -2.316571639346731 0 484.0 -2.316571639346731 1
gene  1 1 13 -4.864242234148419 0 489.0 -4.864242234148419 1
genomeend 8
genomestart  9
trait 1 2.732431393943948 0.0 0.0 1.4177942504429533 0.9382603138953756 0.0 1.9280392103089152 1.4020476134298572 
node 1 1 1 1
node 2 1 1 1
node 3 1 1 1
node 4 1 1 1
node 5 1 1 1
node 6 1 1 1
node 7 1 1 3
node 8 1 0 0
node 9 1 0 0
node 10 1 0 0
node 13 1 0 2
node 14 1 0 2
node 28 1 0 0
node 41 1 0 0
node 43 1 0 0
node 47 1 0 0
node 62 1 0 0
gene  1 1 8 0.7662842273144466 0 98.0 0.7662842273144466 1
gene  1 3 8 0.4649757760236638 0 100.0 0.4649757760236638 1
gene  1 5 8 -4.593836061932977 0 102.0 -4.593836061932977 1
gene  1 6 8 -3.5557046605673097 0 103.0 -3.5557046605673097 1
gene  1 8 8 -10.153433229448659 1 105.0 -10.153433229448659 1
gene  1 1 9 -6.80576819986328 0 112.0 -6.80576819986328 1
gene  1 2 9 -2.065490052744038 0 113.0 -2.065490052744038 1
gene  1 3 9 -0.5498385417248003 0 114.0 -0.5498385417248003 1
gene  1 5 9 0.5990363790824262 0 116.0 0.5990363790824262 1
gene  1 7 9 11.499582918656357 0 118.0 11.499582918656357 1
gene  1 9 9 1.4743922032890324 1 120.0 1.4743922032890324 1
gene  1 10 9 -7.77390191267875 1 121.0 -7.77390191267875 1
gene  1 13 9 4.426116531251457 1 124.0 4.426116531251457 1
gene  1 2 10 1.2469639459698894 0 127.0 1.2469639459698894 1
gene  1 4 10 -3.0223686882481866 0 129.0 -3.0223686882481866 1
gene  1 5 10 -6.378083287924054 0 130.0 -6.378083287924054 1
gene  1 8 10 -7.200869621532381 0 133.0 -7.200869621532381 1
gene  1 9 10 3.0995119266852718 0 134.0 3.0995119266852718 1
gene  1 10 10 -7.119340551078481 1 135.0 -7.119340551078481 1
gene  1 13 10 1.6513679368868828 1 138.0 1.6513679368868828 1
gene  1 14 10 -4.98186806200169 1 139.0 -4.98186806200169 1
gene  1 2 13 3.8179602313063667 0 169.0 3.8179602313063667 1
gene  1 3 13 -13.397958817008696 0 170.0 -13.397958817008696 1
gene  1 6 13 0.37945383143681205 0 173.0 0.37945383143681205 1
gene  1 7 13 -8.876338589049674 0 174.0 -8.876338589049674 1
gene  1 9 13 5.555199670533557 0 176.0 5.555199670533557 1
gene  1 13 13 0.32050559635007997 1 180.0 0.32050559635007997 1
gene  1 14 13 5.892943842540317 1 181.0 5.892943842540317 1
gene  1 1 14 1.324225506993046 0 182.0 1.324225506993046 1
gene  1 3 14 9.453355750911324 0 184.0 9.453355750911324 1
gene  1 9 14 -4.727362238969874 0 190.0 -4.727362238969874 1
gene  1 10 14 2.041683016496284 0 191.0 2.041683016496284 1
gene  1 8 13 -2.0262639735977404 0 207.0 -2.0262639735977404 1
gene  1 1 10 -13.167345713045004 0 226.0 -13.167345713045004 1
gene  1 6 14 -1.27042254805522 0 234.0 -1.27042254805522 1
gene  1 8 28 6.885751550756534 1 293.0 6.885751550756534 1
gene  1 28 8 -0.6428217909953426 0 294.0 -0.6428217909953426 1
gene  1 8 9 -4.907075163270974 0 328.0 -4.907075163270974 1
gene  1 8 41 2.8921421696017626 1 357.0 2.8921421696017626 1
gene  1 41 8 0.6938462663425469 0 358.0 0.6938462663425469 1
gene  1 14 43 0.480755353876543 1 364.0 0.480755353876543 1
gene  1 43 10 -11.329603963332943 0 365.0 -11.329603963332943 1
gene  1 5 47 3.8990345172122542 0 375.0 3.8990345172122542 1
gene  1 47 9 3.2821803852806406 0 376.0 3.2821803852806406 1
gene  1 41 14 4.741950150878477 0 387.0 4.741950150878477 1
gene  1 4 28 1.6532897668574664 0 419.0 1.6532897668574664 1
gene  1 2 28 2.1092960192772767 0 429.0 2.1092960192772767 1
gene  1 1 62 -0.1481440156291729 0 470.0 -0.1481440156291729 1
gene  1 62 9 -2.1818589518113987 0 471.0 -2.1818589518113987 1
gene  1 8 14 0.9459573850904188 0 484.0 0.9459573850904188 1
gene  1 1 13 -4.694529913931902 0 489.0 -4.694529913931902 1
genomeend 9
genomestart  10
trait 1 0.0 0.507208509242693 0.3893472117784409 0.6970766778632137 2.3145837249829695 0.45322605837968266 0.0 0.868067118942248 
node 1 1 1 1
node 2 1 1 1
node 3 1 1 1
node 4 1 1 1
node 5 1 1 1
node 6 1 1 1
node 7 1 1 3
node 8 1 0 0
node 13 1 0 2
node 14 1 0 2
node 22 1 0 0
node 25 1 0 0
node 29 1 0 0
node 57 1 0 0
node 65 1 0 0
gene  1 1 8 2.1768632407726014 0 98.0 2.1768632407726014 1
gene  1 3 8 -0.7171746787006981 0 100.0 -0.7171746787006981 1
gene  1 4 8 -1.3393028408041883 0 101.0 -1.3393028408041883 1
gene  1 5 8 5.381579410620251 0 102.0 5.381579410620251 1
gene  1 6 8 6.680083955561971 0 103.0 6.680083955561971 1
gene  1 8 8 7.010021720742252 1 105.0 7.010021720742252 1
gene  1 1 13 -2.449591647005104 0 168.0 -2.449591647005104 1
gene  1 5 13 1.1018846602767531 0 172.0 1.1018846602767531 1
gene  1 13 13 3.7920285122516457 1 180.0 3.7920285122516457 1
gene  1 14 13 -1.7318539252267382 1 181.0 -1.7318539252267382 1
gene  1 2 14 -1.7468805959197562 0 183.0 -1.7468805959197562 1
gene  1 3 14 -3.01232704444363 0 184.0 -3.01232704444363 1
gene  1 5 14 -0.10725215025791068 0 186.0 -0.10725215025791068 1
gene  1 7 14 0.6387289730089294 0 188.0 0.6387289730089294 1
gene  1 8 14 -5.607956701318654 0 189.0 -5.607956701318654 1
gene  1 13 14 1.513528277675352 0 194.0 1.513528277675352 1
gene  1 2 13 -0.4676561980736335 0 236.0 -0.4676561980736335 1
gene  1 8 22 1.1565567461023547 0 240.0 1.1565567461023547 1
gene  1 22 14 -0.3236366111382023 0 241.0 -0.3236366111382023 1
gene  1 1 22 2.7086949920585237 0 245.0 2.7086949920585237 1
gene  1 13 8 2.6978435048338345 0 257.0 2.6978435048338345 1
gene  1 5 22 10.192793332624662 0 265.0 10.192793332624662 1
gene  1 1 25 0.18821812636623259 0 279.0 0.18821812636623259 0
gene  1 25 8 -7.345087972947925 0 280.0 -7.345087972947925 1
gene  1 8 29 0.8625672111411915 0 297.0 0.8625672111411915 1
gene  1 29 14 0.859155549227308 0 298.0 0.859155549227308 1
gene  1 1 14 1.7595415680244533 0 312.0 1.7595415680244533 1
gene  1 2 29 -0.9378773404529381 0 330.0 -0.9378773404529381 1
gene  1 5 25 -3.3527179152154787 0 343.0 -3.3527179152154787 1
gene  1 6 29 1.3388417002590671 0 386.0 1.3388417002590671 1
gene  1 22 29 7.43731164061945 0 416.0 7.43731164061945 1
gene  1 4 14 5.221091457354252 0 424.0 5.221091457354252 1
gene  1 4 29 0.9735080463481409 0 432.0 0.9735080463481409 1
gene  1 8 57 -3.6139439237908197 0 437.0 -3.6139439237908197 1
gene  1 57 14 5.590373881306532 0 438.0 5.590373881306532 1
gene  1 3 22 -1.0204738173285908 0 440.0 -1.0204738173285908 1
gene  1 2 25 -0.07233161206151639 0 455.0 -0.07233161206151639 1
gene  1 1 65 1.558170202261974 0 481.0 1.558170202261974 1
gene  1 65 25 3.9287221234182232 0 482.0 3.9287221234182232 1
genomeend 10
genomestart  11
trait 1 0.0 0.507208509242693 0.3893472117784409 0.6970766778632137 2.3145837249829695 0.45322605837968266 0.0 0.868067118942248 
node 1 1 1 1
node 2 1 1 1
node 3 1 1 1
node 4 1 1 1
node 5 1 1 1
node 6 1 1 1
node 7 1 1 3
node 8 1 0 0
node 13 1 0 2
node 14 1 0 2
node 22 1 0 0
node 25 1 0 0
node 29 1 0 0
node 57 1 0 0
node 65 1 0 0
gene  1 1 8 -0.020779831006349225 0 98.0 -0.020779831006349225 1
gene  1 3 8 1.4540319730971096 0 100.0 1.4540319730971096 1
gene  1 4 8 -0.6589137222541914 0 101.0 -0.6589137222541914 1
gene  1 5 8 2.9168662116955018 0 102.0 2.9168662116955018 1
gene  1 6 8 5.60878615670151 0 103.0 5.60878615670151 1
gene  1 8 8 6.854938698964039 1 105.0 6.854938698964039 1
gene  1 1 13 1.6304958737060307 0 168.0 1.6304958737060307 1
gene  1 5 13 -0.8863158280315869 0 172.0 -0.8863158280315869 1
gene  1 13 13 2.668238434573859 1 180.0 2.668238434573859 1
gene  1 14 13 -0.2080896668430704 1 181.0 -0.2080896668430704 1
gene  1 2 14 -3.041073418101684 0 183.0 -3.041073418101684 1
gene  1 3 14 1.606150486185864 0 184.0 1.606150486185864 1
gene  1 5 14 -0.6069728356963455 0 186.0 -0.6069728356963455 1
gene  1 7 14 -2.503329114339016 0 188.0 -2.503329114339016 1
gene  1 8 14 -6.867871672822817 0 189.0 -6.867871672822817 1
gene  1 13 14 5.010128206581901 0 194.0 5.010128206581901 1
gene  1 2 13 -0.742503909896422 0 236.0 -0.742503909896422 1
gene  1 8 22 -3.7933222335068404 0 240.0 -3.7933222335068404 1
gene  1 22 14 -1.0587209099345425 0 241.0 -1.0587209099345425 1
gene  1 1 22 1.5181217127592106 0 245.0 1.5181217127592106 1
gene  1 13 8 2.3250942713785276 0 257.0 2.3250942713785276 1
gene  1 5 22 10.682426391471735 0 265.0 10.682426391471735 1
gene  1 1 25 1.6514540970372784 0 279.0 1.6514540970372784 0
gene  1 25 8 -1.6842115777670053 0 280.0 -1.6842115777670053 1
gene  1 8 29 1.1577227497687599 0 297.0 1.1577227497687599 1
gene  1 29 14 1.547765103817439 0 298.0 1.547765103817439 1
gene  1 1 14 11.810182745354346 0 312.0 11.810182745354346 1
gene  1 2 29 -0.35216411396475866 0 330.0 -0.35216411396475866 1
gene  1 5 25 1.8825523682483034 0 343.0 1.8825523682483034 1
gene  1 6 29 4.425377657224695 0 386.0 4.425377657224695 1
gene  1 22 29 4.68506005381454 0 416.0 4.68506005381454 1
gene  1 4 14 2.034304904856346 0 424.0 2.034304904856346 1
gene  1 4 29 0.37928033438456993 0 432.0 0.37928033438456993 1
gene  1 8 57 -0.05197017282380506 0 437.0 -0.05197017282380506 1
gene  1 57 14 9.096776125180092 0 438.0 9.096776125180092 1
gene  1 3 22 1.2535662656695667 0 440.0 1.2535662656695667 1
gene  1 2 25 -0.0918961394728704 0 455.0 -0.0918961394728704 1
gene  1 1 65 0.7039771809737199 0 481.0 0.7039771809737199 1
gene  1 65 25 1.9557254690196095 0 482.0 1.9557254690196095 1
genomeend 11
genomestart  12
trait 1 0.0 0.507208509242693 0.3893472117784409 0.6970766778632137 2.3145837249829695 0.45322605837968266 0.0 0.868067118942248 
node 1 1 1 1
node 2 1 1 1
node 3 1 1 1
node 4 1 1 1
node 5 1 1 1
node 6 1 1 1
node 7 1 1 3
node 8 1 0 0
node 13 1 0 2
node 14 1 0 2
node 22 1 0 0
node 25 1 0 0
node 29 1 0 0
node 57 1 0 0
node 65 1 0 0
gene  1 1 8 -9.315938582783415 0 98.0 -9.315938582783415 1
gene  1 3 8 -3.2335821613994655 0 100.0 -3.2335821613994655 1
gene  1 4 8 -2.3895853763171364 0 101.0 -2.3895853763171364 1
gene  1 5 8 2.1017459843235455 0 102.0 2.1017459843235455 1
gene  1 6 8 6.07107752666156 0 103.0 6.07107752666156 1
gene  1 8 8 3.9634045093568124 1 105.0 3.9634045093568124 1
gene  1 1 13 -0.4575211753910535 0 168.0 -0.4575211753910535 1
gene  1 5 13 1.150615811257266 0 172.0 1.150615811257266 1
gene  1 13 13 4.319157403940858 1 180.0 4.319157403940858 1
gene  1 14 13 -1.2719894328473522 1 181.0 -1.2719894328473522 1
gene  1 2 14 -1.7683683441377949 0 183.0 -1.7683683441377949 1
gene  1 3 14 -3.2747725544770505 0 184.0 -3.2747725544770505 1
gene  1 5 14 1.8167920642391973 0 186.0 1.8167920642391973 1
gene  1 7 14 -1.3400802776417222 0 188.0 -1.3400802776417222 1
gene  1 8 14 -8.63335772967505 0 189.0 -8.63335772967505 1
gene  1 13 14 3.2864112865694426 0 194.0 3.2864112865694426 1
gene  1 2 13 -0.6634675136379771 0 236.0 -0.6634675136379771 1
gene  1 8 22 -0.7306713564258269 0 240.0 -0.7306713564258269 1
gene  1 22 14 -3.4347569800900923 0 241.0 -3.4347569800900923 1
gene  1 1 22 -0.1524661299767981 0 245.0 -0.1524661299767981 1
gene  1 13 8 0.5549879698998633 0 257.0 0.5549879698998633 1
gene  1 5 22 11.290667840386952 0 265.0 11.290667840386952 1
gene  1 1 25 1.9922577042527858 0 279.0 1.9922577042527858 0
gene  1 25 8 -8.725759362454804 0 280.0 -8.725759362454804 1
gene  1 8 29 0.6289397693326544 0 297.0 0.6289397693326544 1
gene  1 29 14 3.9342411725256015 0 298.0 3.9342411725256015 1
gene  1 1 14 12.151012160974606 0 312.0 12.151012160974606 1
gene  1 2 29 1.1358637980975765 0 330.0 1.1358637980975765 1
gene  1 5 25 -3.740376585252564 0 343.0 -3.740376585252564 1
gene  1 6 29 5.6387573954929735 0 386.0 5.6387573954929735 1
gene  1 22 29 8.589576370094736 0 416.0 8.589576370094736 1
gene  1 4 14 4.225561540503901 0 424.0 4.225561540503901 1
gene  1 4 29 -0.9297819808930463 0 432.0 -0.9297819808930463 1
gene  1 8 57 -1.2548956366269324 0 437.0 -1.2548956366269324 1
gene  1 57 14 0.8455144016475411 0 438.0 0.8455144016475411 1
gene  1 3 22 1.9117331582824426 0 440.0 1.9117331582824426 1
gene  1 2 25 1.9089217599752226 0 455.0 1.9089217599752226 1
gene  1 1 65 3.3713274670729616 0 481.0 3.3713274670729616 1
gene  1 65 25 2.148615468785207 0 482.0 2.148615468785207 1
genomeend 12
genomestart  13
trait 1 1.4119270573538159 0.0 0.5325105147350838 0.1746739594361667 0.1428976572460562 1.2871131578344006 0.45012361978974724 0.0 
node 1 1 1 1
node 2 1 1 1
node 3 1 1 1
node 4 1 1 1
node 5 1 1 1
node 6 1 1 1
node 7 1 1 3
node 13 1 0 2
node 14 1 0 2
node 49 1 0 0
gene  1 1 13 -3.234947789428489 0 168.0 -3.234947789428489 1
gene  1 2 13 8.633460989961383 0 169.0 8.633460989961383 1
gene  1 3 13 1.526172434696274 0 170.0 1.526172434696274 0
gene  1 4 13 0.5943536639522631 0 171.0 0.5943536639522631 1
gene  1 5 13 -1.9768622623311327 0 172.0 -1.9768622623311327 1
gene  1 6 13 1.832897823574479 0 173.0 1.832897823574479 1
gene  1 7 13 -2.5451829152119236 0 174.0 -2.5451829152119236 1
gene  1 14 13 -1.0004166432318784 1 181.0 -1.0004166432318784 1
gene  1 1 14 -2.3925919501103445 0 182.0 -2.3925919501103445 1
gene  1 2 14 -2.7045567145816154 0 183.0 -2.7045567145816154 1
gene  1 3 14 2.799640013602203 0 184.0 2.799640013602203 1
gene  1 13 14 1.0773297328579328 0 194.0 1.0773297328579328 1
gene  1 14 14 -3.5075926300687597 1 195.0 -3.5075926300687597 1
gene  1 7 14 4.765684871887759 0 273.0 4.765684871887759 1
gene  1 4 14 -1.245340180496636 0 283.0 -1.245340180496636 1
gene  1 5 14 0.5889619315936165 0 303.0 0.5889619315936165 1
gene  1 6 14 5.939487741798302 0 307.0 5.939487741798302 1
gene  1 3 49 1.237533632843278 0 389.0 1.237533632843278 1
gene  1 49 13 0.5391050047648336 0 390.0 0.5391050047648336 1
gene  1 5 49 1.6183719461025392 0 403.0 1.6183719461025392 1
gene  1 1 49 -1.8368458505938354 0 430.0 -1.8368458505938354 1
gene  1 7 49 1.8374360621056902 0 456.0 1.8374360621056902 1
genomeend 13
genomestart  14
trait 1 1.4119270573538159 0.0 0.5325105147350838 0.1746739594361667 0.1428976572460562 1.2871131578344006 0.45012361978974724 0.0 
node 1 1 1 1
node 2 1 1 1
node 3 1 1 1
node 4 1 1 1
node 5 1 1 1
node 6 1 1 1
node 7 1 1 3
node 13 1 0 2
node 14 1 0 2
node 49 1 0 0
gene  1 1 13 -1.680322463513807 0 168.0 -1.680322463513807 1
gene  1 2 13 7.142013970245818 0 169.0 7.142013970245818 1
gene  1 3 13 1.3811701081361152 0 170.0 1.3811701081361152 0
gene  1 4 13 -0.28256231523823067 0 171.0 -0.28256231523823067 1
gene  1 5 13 -1.5515629720662916 0 172.0 -1.5515629720662916 1
gene  1 6 13 0.7975467563320118 0 173.0 0.7975467563320118 1
gene  1 7 13 -0.9077086096938873 0 174.0 -0.9077086096938873 1
gene  1 14 13 -3.19136854971725 1 181.0 -3.19136854971725 1
gene  1 1 14 -1.6140170371872449 0 182.0 -1.6140170371872449 1
gene  1 2 14 -1.721426548765412 0 183.0 -1.721426548765412 1
gene  1 3 14 4.173369817910099 0 184.0 4.173369817910099 1
gene  1 13 14 -6.257661903859081 0 194.0 -6.257661903859081 1
gene  1 14 14 -2.5298685644634684 1 195.0 -2.5298685644634684 1
gene  1 7 14 2.3763557121072085 0 273.0 2.3763557121072085 1
gene  1 4 14 -3.3492710968560324 0 283.0 -3.3492710968560324 1
gene  1 5 14 -2.071466177785679 0 303.0 -2.071466177785679 1
gene  1 6 14 6.683619713419504 0 307.0 6.683619713419504 1
gene  1 3 49 0.8654572488011567 0 389.0 0.8654572488011567 1
gene  1 49 13 -0.6413453306210104 0 390.0 -0.6413453306210104 1
gene  1 5 49 1.6183719461025392 0 403.0 1.6183719461025392 1
gene  1 1 49 -3.586526162077431 0 430.0 -3.586526162077431 1
gene  1 7 49 3.6300078475134114 0 456.0 3.6300078475134114 1
gene  1 4 49 1.2113588090595928 0 495.0 1.2113588090595928 1
genomeend 14
genomestart  15
trait 1 0.04702751910613956 0.5319433208524987 0.8875428902212121 0.7010184240616681 0.10522835245191364 0.020095000702126553 0.0 0.0 
node 1 1 1 1
node 2 1 1 1
node 3 1 1 1
node 4 1 1 1
node 5 1 1 1
node 6 1 1 1
node 7 1 1 3
node 8 1 0 0
node 9 1 0 0
node 13 1 0 2
node 14 1 0 2
node 20 1 0 0
node 56 1 0 0
node 60 1 0 0
gene  1 1 8 -0.7050663589222042 0 98.0 -0.7050663589222042 1
gene  1 2 8 5.278925253253619 0 99.0 5.278925253253619 1
gene  1 3 8 -1.3355202787370581 0 100.0 -1.3355202787370581 1
gene  1 6 8 -3.402794905162919 0 103.0 -3.402794905162919 1
gene  1 8 8 -6.008629659997133 1 105.0 -6.008629659997133 1
gene  1 9 8 15.302097280165665 1 106.0 15.302097280165665 1
gene  1 13 8 -0.056384557216305475 1 110.0 -0.056384557216305475 1
gene  1 14 8 -2.5751860759937633 1 111.0 -2.5751860759937633 1
gene  1 1 9 1.8091709397082538 0 112.0 1.8091709397082538 1
gene  1 4 9 -2.861077721991471 0 115.0 -2.861077721991471 1
gene  1 5 9 3.8007407864467755 0 116.0 3.8007407864467755 1
gene  1 7 9 -1.7863289603009376 0 118.0 -1.7863289603009376 1
gene  1 9 9 -2.8771702087528883 1 120.0 -2.8771702087528883 1
gene  1 14 9 -6.611856163890916 1 125.0 -6.611856163890916 1
gene  1 2 13 -1.1055305683618295 0 169.0 -1.1055305683618295 1
gene  1 5 13 -2.4987527275325094 0 172.0 -2.4987527275325094 1
gene  1 8 13 -2.2714675874959767 0 175.0 -2.2714675874959767 1
gene  1 1 14 -1.0873755742896123 0 182.0 -1.0873755742896123 1
gene  1 2 14 1.1052818752993412 0 183.0 1.1052818752993412 1
gene  1 3 14 2.0250843679001607 0 184.0 2.0250843679001607 1
gene  1 6 14 1.4773510859343728 0 187.0 1.4773510859343728 1
gene  1 13 14 5.430073986086966 0 194.0 5.430073986086966 1
gene  1 14 14 2.8684530909780124 1 195.0 2.8684530909780124 1
gene  1 5 8 -2.3169821843266445 0 202.0 -2.3169821843266445 1
gene  1 4 13 -0.7040617353583607 0 220.0 -0.7040617353583607 1
gene  1 1 20 2.0798455830865894 0 231.0 2.0798455830865894 1
gene  1 20 14 1.33764821386883 0 232.0 1.33764821386883 1
gene  1 1 13 -6.431273780867838 0 329.0 -6.431273780867838 1
gene  1 13 20 5.90195940326004 0 337.0 5.90195940326004 1
gene  1 4 20 -2.8601900846884596 0 339.0 -2.8601900846884596 1
gene  1 9 8 5.281370209551672 0 404.0 5.281370209551672 1
gene  1 8 14 -1.6528485482982693 0 410.0 -1.6528485482982693 1
gene  1 5 56 -1.5172053092352813 0 434.0 -1.5172053092352813 1
gene  1 56 8 3.9485139744259796 0 435.0 3.9485139744259796 1
gene  1 2 9 -0.27699578240476175 0 448.0 -0.27699578240476175 1
gene  1 3 60 3.17003141937161 0 458.0 3.17003141937161 1
gene  1 60 8 0.2890962856482844 0 459.0 0.2890962856482844 1
gene  1 1 60 -0.5308935170867377 0 479.0 -0.5308935170867377 1
gene  1 6 9 -4.270429023904786 0 496.0 -4.270429023904786 1
genomeend 15
genomestart  16
trait 1 0.04702751910613956 0.5319433208524987 0.8875428902212121 0.7010184240616681 0.10522835245191364 0.020095000702126553 0.0 0.0 
node 1 1 1 1
node 2 1 1 1
node 3 1 1 1
node 4 1 1 1
node 5 1 1 1
node 6 1 1 1
node 7 1 1 3
node 8 1 0 0
node 9 1 0 0
node 13 1 0 2
node 14 1 0 2
node 20 1 0 0
node 56 1 0 0
node 60 1 0 0
gene  1 1 8 -0.7050663589222042 0 98.0 -0.7050663589222042 1
gene  1 2 8 5.278925253253619 0 99.0 5.278925253253619 1
gene  1 3 8 -1.3355202787370581 0 100.0 -1.3355202787370581 1
gene  1 6 8 -3.402794905162919 0 103.0 -3.402794905162919 1
gene  1 8 8 -6.008629659997133 1 105.0 -6.008629659997133 1
gene  1 9 8 15.302097280165665 1 106.0 15.302097280165665 1
gene  1 13 8 -0.056384557216305475 1 110.0 -0.056384557216305475 1
gene  1 14 8 -2.5751860759937633 1 111.0 -2.5751860759937633 1
gene  1 1 9 1.8091709397082538 0 112.0 1.8091709397082538 1
gene  1 4 9 -2.861077721991471 0 115.0 -2.861077721991471 1
gene  1 5 9 3.8007407864467755 0 116.0 3.8007407864467755 1
gene  1 7 9 -1.7863289603009376 0 118.0 -1.7863289603009376 1
gene  1 9 9 -2.8771702087528883 1 120.0 -2.8771702087528883 1
gene  1 14 9 -6.611856163890916 1 125.0 -6.611856163890916 1
gene  1 2 13 -1.1055305683618295 0 169.0 -1.1055305683618295 1
gene  1 5 13 -2.4987527275325094 0 172.0 -2.4987527275325094 1
gene  1 8 13 -2.2714675874959767 0 175.0 -2.2714675874959767 1
gene  1 1 14 -1.0873755742896123 0 182.0 -1.0873755742896123 1
gene  1 2 14 1.1052818752993412 0 183.0 1.1052818752993412 1
gene  1 3 14 2.0250843679001607 0 184.0 2.0250843679001607 1
gene  1 6 14 1.4773510859343728 0 187.0 1.4773510859343728 1
gene  1 13 14 5.430073986086966 0 194.0 5.430073986086966 1
gene  1 14 14 2.8684530909780124 1 195.0 2.8684530909780124 1
gene  1 5 8 -2.3169821843266445 0 202.0 -2.3169821843266445 1
gene  1 4 13 -0.7040617353583607 0 220.0 -0.7040617353583607 1
gene  1 1 20 2.0798455830865894 0 231.0 2.0798455830865894 1
gene  1 20 14 1.33764821386883 0 232.0 1.33764821386883 1
gene  1 1 13 -6.431273780867838 0 329.0 -6.431273780867838 1
gene  1 13 20 5.90195940326004 0 337.0 5.90195940326004 1
gene  1 4 20 -2.8601900846884596 0 339.0 -2.8601900846884596 1
gene  1 9 8 5.281370209551672 0 404.0 5.281370209551672 1
gene  1 8 14 -1.6528485482982693 0 410.0 -1.6528485482982693 1
gene  1 5 56 -1.5172053092352813 0 434.0 -1.5172053092352813 1
gene  1 56 8 3.9485139744259796 0 435.0 3.9485139744259796 1
gene  1 2 9 -0.27699578240476175 0 448.0 -0.27699578240476175 1
gene  1 3 60 3.17003141937161 0 458.0 3.17003141937161 1
gene  1 60 8 0.2890962856482844 0 459.0 0.2890962856482844 1
gene  1 1 60 -0.5308935170867377 0 479.0 -0.5308935170867377 1
genomeend 16
genomestart  17
trait 1 0.04702751910613956 0.5319433208524987 0.8875428902212121 0.7010184240616681 0.10522835245191364 0.020095000702126553 0.0 0.0 
node 1 1 1 1
node 2 1 1 1
node 3 1 1 1
node 4 1 1 1
node 5 1 1 1
node 6 1 1 1
node 7 1 1 3
node 8 1 0 0
node 9 1 0 0
node 13 1 0 2
node 14 1 0 2
node 20 1 0 0
node 56 1 0 0
node 60 1 0 0
gene  1 1 8 0.2546610622927434 0 98.0 0.2546610622927434 1
gene  1 2 8 7.777363029863746 0 99.0 7.777363029863746 1
gene  1 3 8 0.8351468358323673 0 100.0 0.8351468358323673 1
gene  1 6 8 -1.3762995846642934 0 103.0 -1.3762995846642934 1
gene  1 8 8 -6.058404308764193 1 105.0 -6.058404308764193 1
gene  1 9 8 15.323740800832546 1 106.0 15.323740800832546 1
gene  1 13 8 1.5761766433809898 1 110.0 1.5761766433809898 1
gene  1 14 8 -2.293044432728777 1 111.0 -2.293044432728777 1
gene  1 1 9 -1.689397347257655 0 112.0 -1.689397347257655 1
gene  1 4 9 2.3229072168816822 0 115.0 2.3229072168816822 1
gene  1 5 9 1.315938760802657 0 116.0 1.315938760802657 1
gene  1 7 9 -0.26257194063636247 0 118.0 -0.26257194063636247 1
gene  1 9 9 -3.0661145157077954 1 120.0 -3.0661145157077954 1
gene  1 14 9 -9.014986544065156 1 125.0 -9.014986544065156 1
gene  1 2 13 -0.2961830671849991 0 169.0 -0.2961830671849991 1
gene  1 5 13 -0.2596376957132627 0 172.0 -0.2596376957132627 1
gene  1 8 13 -3.2796798465689347 0 175.0 -3.2796798465689347 1
gene  1 1 14 -2.799475645737026 0 182.0 -2.799475645737026 1
gene  1 2 14 -1.488967223960589 0 183.0 -1.488967223960589 1
gene  1 3 14 3.363085820083575 0 184.0 3.363085820083575 1
gene  1 6 14 1.4773510859343728 0 187.0 1.4773510859343728 1
gene  1 13 14 7.1396471515195525 0 194.0 7.1396471515195525 1
gene  1 14 14 3.51215156633663 1 195.0 3.51215156633663 1
gene  1 5 8 -2.3169821843266445 0 202.0 -2.3169821843266445 1
gene  1 4 13 -1.068852157417179 0 220.0 -1.068852157417179 1
gene  1 1 20 -2.1230873571180924 0 231.0 -2.1230873571180924 1
gene  1 20 14 1.1716104386001498 0 232.0 1.1716104386001498 1
gene  1 1 13 -6.245774555262274 0 329.0 -6.245774555262274 1
gene  1 13 20 4.6764273219068935 0 337.0 4.6764273219068935 1
gene  1 4 20 0.0188273650594295 0 339.0 0.0188273650594295 1
gene  1 9 8 4.965420492641484 0 404.0 4.965420492641484 1
gene  1 8 14 -3.5874165899160815 0 410.0 -3.5874165899160815 1
gene  1 5 56 -0.02232980493690917 0 434.0 -0.02232980493690917 1
gene  1 56 8 1.9693685332082487 0 435.0 1.9693685332082487 1
gene  1 2 9 -0.27699578240476175 0 448.0 -0.27699578240476175 1
gene  1 3 60 2.54282088779361 0 458.0 2.54282088779361 1
gene  1 60 8 -1.486354109760132 0 459.0 -1.486354109760132 1
gene  1 1 60 -0.5308935170867377 0 479.0 -0.5308935170867377 1
genomeend 17
genomestart  18
trait 1 0.685217197429974 0.0 2.098377470416719 0.9336111726571436 1.901093270671936 0.8596883832337291 0.0 0.0 
node 1 1 1 1
node 2 1 1 1
node 3 1 1 1
node 4 1 1 1
node 5 1 1 1
node 6 1 1 1
node 7 1 1 3
node 13 1 0 2
node 14 1 0 2
node 45 1 0 0
gene  1 1 13 6.068731949515769 0 168.0 6.068731949515769 1
gene  1 2 13 1.902802899435136 0 169.0 1.902802899435136 1
gene  1 5 13 -0.8792418360518462 0 172.0 -0.8792418360518462 1
gene  1 6 13 -1.152477708107143 0 173.0 -1.152477708107143 1
gene  1 7 13 -1.2037388423900701 0 174.0 -1.2037388423900701 1
gene  1 3 14 -4.025804827428136 0 184.0 -4.025804827428136 1
gene  1 4 14 -1.6293949123364948 0 185.0 -1.6293949123364948 1
gene  1 7 14 0.6838802643608286 0 188.0 0.6838802643608286 1
gene  1 13 14 -3.8981690306029395 0 194.0 -3.8981690306029395 1
gene  1 14 14 1.4036925038942503 1 195.0 1.4036925038942503 1
gene  1 4 13 -3.783087134920475 0 235.0 -3.783087134920475 1
gene  1 1 14 -2.42873497211027 0 242.0 -2.42873497211027 1
gene  1 5 14 0.9503642502479583 0 319.0 0.9503642502479583 1
gene  1 1 45 2.239301032561269 0 370.0 2.239301032561269 1
gene  1 45 13 -1.7716125684203705 0 371.0 -1.7716125684203705 1
genomeend 18
genomestart  19
trait 1 0.685217197429974 0.0 2.098377470416719 0.9336111726571436 1.901093270671936 0.8596883832337291 0.0 0.0 
node 1 1 1 1
node 2 1 1 1
node 3 1 1 1
node 4 1 1 1
node 5 1 1 1
node 6 1 1 1
node 7 1 1 3
node 13 1 0 2
node 14 1 0 2
node 45 1 0 0
gene  1 1 13 5.116747139757856 0 168.0 5.116747139757856 1
gene  1 2 13 3.4697016396317055 0 169.0 3.4697016396317055 1
gene  1 5 13 0.16876037746023675 0 172.0 0.16876037746023675 1
gene  1 6 13 -16.19333237831725 0 173.0 -16.19333237831725 1
gene  1 7 13 -1.2037388423900701 0 174.0 -1.2037388423900701 1
gene  1 3 14 -2.2584890704040967 0 184.0 -2.2584890704040967 1
gene  1 4 14 -0.44723433700044446 0 185.0 -0.44723433700044446 1
gene  1 7 14 -0.19518011625951392 0 188.0 -0.19518011625951392 1
gene  1 13 14 -2.8835617339668067 0 194.0 -2.8835617339668067 1
gene  1 14 14 2.207043922758337 1 195.0 2.207043922758337 1
gene  1 4 13 -2.166825033451603 0 235.0 -2.166825033451603 1
gene  1 1 14 -3.7352803586990584 0 242.0 -3.7352803586990584 1
gene  1 5 14 2.282317692918328 0 319.0 2.282317692918328 1
gene  1 1 45 2.239301032561269 0 370.0 2.239301032561269 1
gene  1 45 13 -1.7716125684203705 0 371.0 -1.7716125684203705 1
gene  1 4 45 -0.3799768805928194 0 497.0 -0.3799768805928194 1
genomeend 19
