genomestart  0
trait 1 0.12236385032328645 0.11996509262718169 0.0 1.2348572107762614 0.0 1.3168578850843018 1.0590140864502917 1.7905313975538821 
node 1 1 1 1
node 2 1 1 1
node 3 1 1 1
node 4 1 1 1
node 5 1 1 1
node 6 1 1 1
node 7 1 1 3
node 13 1 0 2
node 14 1 0 2
node 33 1 0 0
node 48 1 0 0
node 55 1 0 0
node 61 1 0 0
gene  1 2 13 3.6937242252510005 0 169.0 3.6937242252510005 1
gene  1 3 13 1.4950257643173441 0 170.0 1.4950257643173441 1
gene  1 4 13 0.7072358777984853 0 171.0 0.7072358777984853 1
gene  1 6 13 3.3366511912276997 0 173.0 3.3366511912276997 1
gene  1 7 13 0.43835823176707467 0 174.0 0.43835823176707467 1
gene  1 13 13 1.2784656922489694 1 180.0 1.2784656922489694 1
gene  1 1 14 4.3111125110905135 0 182.0 4.3111125110905135 1
gene  1 2 14 -1.6390409865054805 0 183.0 -1.6390409865054805 1
gene  1 5 14 -1.6629092711421 0 186.0 -1.6629092711421 1
gene  1 6 14 2.1292570272254974 0 187.0 2.1292570272254974 1
gene  1 7 14 -1.8848261493533127 0 188.0 -1.8848261493533127 1
gene  1 13 14 -2.5955305037745724 0 194.0 -2.5955305037745724 1
gene  1 14 14 4.205097127081307 1 195.0 4.205097127081307 1
gene  1 4 14 -3.4538279724925465 0 196.0 -3.4538279724925465 1
gene  1 1 13 -4.321016818562446 0 216.0 -4.321016818562446 1
gene  1 1 33 1.3512803696581348 0 313.0 1.3512803696581348 1
gene  1 33 14 -6.38295722904462 0 314.0 -6.38295722904462 1
gene  1 14 48 -2.346607161145162 1 379.0 -2.346607161145162 1
gene  1 48 14 -4.118688517059532 0 380.0 -4.118688517059532 1
gene  1 48 33 -1.0171000165353874 0 381.0 -1.0171000165353874 1
gene  1 4 33 4.3307347237164056 0 384.0 4.3307347237164056 1
gene  1 13 55 -3.9548841485794624 0 407.0 -3.9548841485794624 1
gene  1 55 14 8.620044591101205 0 408.0 8.620044591101205 1
gene  1 2 33 -7.257751292802908 0 425.0 -7.257751292802908 1
gene  1 13 33 0.9161009572300183 0 427.0 0.9161009572300183 1
gene  1 5 13 -0.25558856679800845 0 436.0 -0.25558856679800845 1
gene  1 7 33 4.155591557609583 0 465.0 4.155591557609583 1
gene  1 2 61 0.09270521284930777 0 466.0 0.09270521284930777 1
gene  1 61 33 -3.690404579510364 0 467.0 -3.690404579510364 1
genomeend 0
genomestart  1
trait 1 0.12236385032328645 0.11996509262718169 0.0 1.2348572107762614 0.0 1.3168578850843018 1.0590140864502917 1.7905313975538821 
node 1 1 1 1
node 2 1 1 1
node 3 1 1 1
node 4 1 1 1
node 5 1 1 1
node 6 1 1 1
node 7 1 1 3
node 13 1 0 2
node 14 1 0 2
node 33 1 0 0
node 48 1 0 0
node 55 1 0 0
node 61 1 0 0
gene  1 2 13 1.3037724078080326 0 169.0 1.3037724078080326 1
gene  1 3 13 -1.9417724270918097 0 170.0 -1.9417724270918097 1
gene  1 4 13 2.466764764553701 0 171.0 2.466764764553701 1
gene  1 6 13 0.1920998333479318 0 173.0 0.1920998333479318 1
gene  1 7 13 -1.1021014315694144 0 174.0 -1.1021014315694144 1
gene  1 13 13 3.7272778305625445 1 180.0 3.7272778305625445 1
gene  1 1 14 0.6352676600649674 0 182.0 0.6352676600649674 1
gene  1 2 14 -0.8660411070771998 0 183.0 -0.8660411070771998 1
gene  1 5 14 -3.4033590944160523 0 186.0 -3.4033590944160523 1
gene  1 6 14 4.455012396479901 0 187.0 4.455012396479901 1
gene  1 7 14 0.07253702937554074 0 188.0 0.07253702937554074 1
gene  1 13 14 -3.1823959587103046 0 194.0 -3.1823959587103046 1
gene  1 14 14 4.918064185548998 1 195.0 4.918064185548998 1
gene  1 4 14 -4.6925589697335175 0 196.0 -4.6925589697335175 1
gene  1 1 13 -5.587117349835203 0 216.0 -5.587117349835203 1
gene  1 1 33 -2.8129930830622123 0 313.0 -2.8129930830622123 1
gene  1 33 14 -2.2156486000432816 0 314.0 -2.2156486000432816 1
gene  1 14 48 -4.128381069898372 1 379.0 -4.128381069898372 1
gene  1 48 14 -6.861862145742066 0 380.0 -6.861862145742066 1
gene  1 48 33 -1.4288867300160026 0 381.0 -1.4288867300160026 1
gene  1 4 33 4.540459874349437 0 384.0 4.540459874349437 1
gene  1 13 55 -3.9409212811773138 0 407.0 -3.9409212811773138 1
gene  1 55 14 5.077119873054468 0 408.0 5.077119873054468 1
gene  1 2 33 -3.164993144898989 0 425.0 -3.164993144898989 1
gene  1 13 33 0.9161009572300183 0 427.0 0.9161009572300183 1
gene  1 5 13 6.662200107384731 0 436.0 6.662200107384731 1
gene  1 7 33 3.149126937809063 0 465.0 3.149126937809063 1
gene  1 2 61 0.7575419954033682 0 466.0 0.7575419954033682 1
gene  1 61 33 -1.2478662916405066 0 467.0 -1.2478662916405066 1
genomeend 1
genomestart  2
trait 1 0.26937214532678067 0.0 1.896310652799719 1.0664206773141058 1.8651080668398228 0.9057529697611906 1.2186392275033897 1.6429921308966946 
node 1 1 1 1
node 2 1 1 1
node 3 1 1 1
node 4 1 1 1
node 5 1 1 1
node 6 1 1 1
node 7 1 1 3
node 13 1 0 2
node 14 1 0 2
node 21 1 0 0
node 24 1 0 0
node 34 1 0 0
node 67 1 0 0
node 72 1 0 0
node 78 1 0 0
gene  1 1 13 3.8186797655035596 0 168.0 3.8186797655035596 0
gene  1 4 13 5.3197575247075655 0 171.0 5.3197575247075655 1
gene  1 5 13 -4.686349096121411 0 172.0 -4.686349096121411 1
gene  1 7 13 -7.19014614433047 0 174.0 -7.19014614433047 1
gene  1 13 13 1.4901396604451076 1 180.0 1.4901396604451076 1
gene  1 2 14 -3.76550552139447 0 183.0 -3.76550552139447 1
gene  1 3 14 -3.4887224059411652 0 184.0 -3.4887224059411652 1
gene  1 6 14 1.9647488231856882 0 187.0 1.9647488231856882 1
gene  1 13 14 1.8216200128559745 0 194.0 1.8216200128559745 1
gene  1 14 14 0.6504367326300433 1 195.0 0.6504367326300433 1
gene  1 6 13 -0.8507680465185913 0 205.0 -0.8507680465185913 1
gene  1 5 14 -2.1062387319786158 0 223.0 -2.1062387319786158 1
gene  1 3 13 1.0529488511743792 0 229.0 1.0529488511743792 1
gene  1 2 13 1.3960427071218242 0 233.0 1.3960427071218242 1
gene  1 1 21 8.592801477146518 0 238.0 8.592801477146518 1
gene  1 21 13 -0.5878100574080131 0 239.0 -0.5878100574080131 1
gene  1 5 21 -0.2261082671685139 0 253.0 -0.2261082671685139 1
gene  1 3 21 2.389306278111898 0 270.0 2.389306278111898 1
gene  1 1 24 2.489732616606211 0 275.0 2.489732616606211 1
gene  1 24 13 2.9492933418570266 0 276.0 2.9492933418570266 1
gene  1 3 34 6.988036556656351 0 315.0 6.988036556656351 1
gene  1 34 14 2.5533975502436097 0 316.0 2.5533975502436097 0
gene  1 3 24 2.425812542982704 0 324.0 2.425812542982704 1
gene  1 2 21 -1.527849190792936 0 350.0 -1.527849190792936 1
gene  1 34 13 3.077423952180135 0 355.0 3.077423952180135 1
gene  1 1 34 1.955645466523329 0 361.0 1.955645466523329 1
gene  1 7 14 5.927738980636099 0 388.0 5.927738980636099 1
gene  1 24 14 -1.157539011915203 0 468.0 -1.157539011915203 1
gene  1 34 67 2.1581097624084777 0 491.0 2.1581097624084777 1
gene  1 67 14 1.4549996131498075 0 492.0 1.4549996131498075 1
gene  1 1 72 1.4836355126006762 0 505.0 1.4836355126006762 0
gene  1 72 13 2.560668836805677 0 506.0 2.560668836805677 1
gene  1 1 78 5.203019692712548 0 530.0 5.203019692712548 1
gene  1 78 72 1.8684393673813247 0 531.0 1.8684393673813247 1
genomeend 2
genomestart  3
trait 1 0.26937214532678067 0.0 1.896310652799719 1.0664206773141058 1.8651080668398228 0.9057529697611906 1.2186392275033897 1.6429921308966946 
node 1 1 1 1
node 2 1 1 1
node 3 1 1 1
node 4 1 1 1
node 5 1 1 1
node 6 1 1 1
node 7 1 1 3
node 13 1 0 2
node 14 1 0 2
node 21 1 0 0
node 24 1 0 0
node 34 1 0 0
node 67 1 0 0
node 72 1 0 0
node 78 1 0 0
gene  1 1 13 2.3543453583039007 0 168.0 2.3543453583039007 0
gene  1 4 13 4.020411953133253 0 171.0 4.020411953133253 1
gene  1 5 13 -1.5324310504982153 0 172.0 -1.5324310504982153 1
gene  1 7 13 -3.264878786476958 0 174.0 -3.264878786476958 1
gene  1 13 13 -0.6465988765481182 1 180.0 -0.6465988765481182 1
gene  1 2 14 -0.9925684130421375 0 183.0 -0.9925684130421375 1
gene  1 3 14 -1.2038830957905313 0 184.0 -1.2038830957905313 1
gene  1 6 14 -1.0572484905288455 0 187.0 -1.0572484905288455 1
gene  1 13 14 -1.9254022938043396 0 194.0 -1.9254022938043396 1
gene  1 14 14 0.3516460039336933 1 195.0 0.3516460039336933 1
gene  1 6 13 -1.1648689036730389 0 205.0 -1.1648689036730389 1
gene  1 5 14 -0.2878686463566543 0 223.0 -0.2878686463566543 1
gene  1 3 13 -0.20768340538334762 0 229.0 -0.20768340538334762 1
gene  1 2 13 4.329604768483986 0 233.0 4.329604768483986 1
gene  1 1 21 9.146780628182643 0 238.0 9.146780628182643 1
gene  1 21 13 2.3057519720028345 0 239.0 2.3057519720028345 1
gene  1 5 21 -0.4929488468151106 0 253.0 -0.4929488468151106 1
gene  1 3 21 -2.0575303432456207 0 270.0 -2.0575303432456207 1
gene  1 1 24 5.201071324754475 0 275.0 5.201071324754475 1
gene  1 24 13 2.862920507905203 0 276.0 2.862920507905203 1
gene  1 3 34 6.197434495496683 0 315.0 6.197434495496683 1
gene  1 34 14 0.9681812808147447 0 316.0 0.9681812808147447 0
gene  1 3 24 2.4645136622037658 0 324.0 2.4645136622037658 1
gene  1 2 21 -2.3231319429938866 0 350.0 -2.3231319429938866 1
gene  1 34 13 3.9415216564624815 0 355.0 3.9415216564624815 1
gene  1 1 34 1.9933035886671528 0 361.0 1.9933035886671528 1
gene  1 7 14 2.8616125647978263 0 388.0 2.8616125647978263 1
gene  1 24 14 -2.6553618017896268 0 468.0 -2.6553618017896268 1
gene  1 34 67 0.5843232175375174 0 491.0 0.5843232175375174 1
gene  1 67 14 3.900952353904311 0 492.0 3.900952353904311 1
gene  1 1 72 0.2430178133203117 0 505.0 0.2430178133203117 0
gene  1 72 13 0.37740965198529475 0 506.0 0.37740965198529475 1
gene  1 1 78 3.230207405133238 0 530.0 3.230207405133238 1
gene  1 78 72 1.9127060992783276 0 531.0 1.9127060992783276 1
genomeend 3
genomestart  4
trait 1 0.990764809340612 0.11168036512555457 0.0 2.5667145009496477 0.4651853155222945 0.0 0.027339901520710974 0.8024602724468012 
node 1 1 1 1
node 2 1 1 1
node 3 1 1 1
node 4 1 1 1
node 5 1 1 1
node 6 1 1 1
node 7 1 1 3
node 8 1 0 0
node 13 1 0 2
node 14 1 0 2
node 39 1 0 0
node 42 1 0 0
node 51 1 0 0
node 68 1 0 0
node 77 1 0 0
gene  1 1 8 -0.6472299268002817 0 98.0 -0.6472299268002817 1
gene  1 2 8 4.306847277824316 0 99.0 4.306847277824316 1
gene  1 3 8 1.9489697628958418 0 100.0 1.9489697628958418 1
gene  1 4 8 0.4222566988909082 0 101.0 0.4222566988909082 1
gene  1 5 8 -1.8914941351326187 0 102.0 -1.8914941351326187 1
gene  1 6 8 -0.02656520345041158 0 103.0 -0.02656520345041158 1
gene  1 8 8 2.515667546854318 1 105.0 2.515667546854318 1
gene  1 13 8 -1.286252060936226 1 110.0 -1.286252060936226 1
gene  1 14 8 14.792520828583779 1 111.0 14.792520828583779 1
gene  1 3 13 -1.740015570546845 0 170.0 -1.740015570546845 1
gene  1 5 13 -3.818030025737755 0 172.0 -3.818030025737755 1
gene  1 7 13 1.5507388815404033 0 174.0 1.5507388815404033 1
gene  1 13 13 -0.13810844656451743 1 180.0 -0.13810844656451743 1
gene  1 2 14 -0.6087652750429418 0 183.0 -0.6087652750429418 1
gene  1 4 14 0.3137709756478788 0 185.0 0.3137709756478788 1
gene  1 6 14 2.93190449734242 0 187.0 2.93190449734242 1
gene  1 8 14 0.2978985499000285 0 189.0 0.2978985499000285 1
gene  1 13 14 -1.0963817815172108 0 194.0 -1.0963817815172108 1
gene  1 2 13 0.2310021268992951 0 213.0 0.2310021268992951 1
gene  1 4 13 1.2698163913180593 0 230.0 1.2698163913180593 1
gene  1 13 8 -1.8339409778383586 0 244.0 -1.8339409778383586 1
gene  1 7 14 -4.983152788932214 0 264.0 -4.983152788932214 1
gene  1 1 14 1.008406750379224 0 299.0 1.008406750379224 1
gene  1 5 14 -1.1478989991886035 0 310.0 -1.1478989991886035 1
gene  1 1 13 -0.7758520906669769 0 311.0 -0.7758520906669769 1
gene  1 13 39 3.334297914830349 0 344.0 3.334297914830349 1
gene  1 39 8 -0.21504480088822525 0 345.0 -0.21504480088822525 0
gene  1 6 13 -0.9745298135988092 0 348.0 -0.9745298135988092 1
gene  1 2 42 -2.4722119739232142 0 359.0 -2.4722119739232142 1
gene  1 42 14 2.407156308907034 0 360.0 2.407156308907034 1
gene  1 13 42 -2.0361143183922916 0 366.0 -2.0361143183922916 1
gene  1 5 51 -2.1854975235394516 0 396.0 -2.1854975235394516 1
gene  1 51 14 -2.464702859772551 0 397.0 -2.464702859772551 1
gene  1 6 42 1.2354842194288977 0 423.0 1.2354842194288977 1
gene  1 39 42 -4.014455155055632 0 426.0 -4.014455155055632 1
gene  1 51 13 -1.5342149598819013 0 475.0 -1.5342149598819013 1
gene  1 39 14 1.613819176817991 0 476.0 1.613819176817991 1
gene  1 5 39 3.281383851555651 0 485.0 3.281383851555651 1
gene  1 5 68 3.4126101167817353 0 493.0 3.4126101167817353 1
gene  1 68 39 -1.2332761997587713 0 494.0 -1.2332761997587713 1
gene  1 4 51 -1.6885187411883857 0 514.0 -1.6885187411883857 1
gene  1 39 77 2.9679353802758404 0 528.0 2.9679353802758404 1
gene  1 77 8 2.575614939721407 0 529.0 2.575614939721407 1
genomeend 4
genomestart  5
trait 1 0.990764809340612 0.11168036512555457 0.0 2.5667145009496477 0.4651853155222945 0.0 0.027339901520710974 0.8024602724468012 
node 1 1 1 1
node 2 1 1 1
node 3 1 1 1
node 4 1 1 1
node 5 1 1 1
node 6 1 1 1
node 7 1 1 3
node 8 1 0 0
node 13 1 0 2
node 14 1 0 2
node 39 1 0 0
node 42 1 0 0
node 51 1 0 0
node 68 1 0 0
node 77 1 0 0
gene  1 1 8 0.5001616871774299 0 98.0 0.5001616871774299 1
gene  1 2 8 1.8826069957827505 0 99.0 1.8826069957827505 1
gene  1 3 8 3.879439293949319 0 100.0 3.879439293949319 1
gene  1 4 8 2.918171250780234 0 101.0 2.918171250780234 1
gene  1 5 8 -1.1138609456430086 0 102.0 -1.1138609456430086 1
gene  1 6 8 -3.1036664127222373 0 103.0 -3.1036664127222373 1
gene  1 8 8 5.6691544250213965 1 105.0 5.6691544250213965 1
gene  1 13 8 -0.7723428896935789 1 110.0 -0.7723428896935789 1
gene  1 14 8 13.96063867243336 1 111.0 13.96063867243336 1
gene  1 3 13 -0.10551779282794826 0 170.0 -0.10551779282794826 1
gene  1 5 13 -1.4410721044562145 0 172.0 -1.4410721044562145 1
gene  1 7 13 4.827559371539693 0 174.0 4.827559371539693 1
gene  1 13 13 -6.137935510610644 1 180.0 -6.137935510610644 1
gene  1 2 14 0.389455475528955 0 183.0 0.389455475528955 1
gene  1 4 14 0.6730578996432182 0 185.0 0.6730578996432182 1
gene  1 6 14 -0.891551758295946 0 187.0 -0.891551758295946 1
gene  1 8 14 1.6547183992748833 0 189.0 1.6547183992748833 1
gene  1 13 14 1.8760777149525412 0 194.0 1.8760777149525412 1
gene  1 2 13 -0.3753354481012161 0 213.0 -0.3753354481012161 1
gene  1 4 13 1.252811356742693 0 230.0 1.252811356742693 1
gene  1 13 8 -0.9506752854997752 0 244.0 -0.9506752854997752 1
gene  1 7 14 -0.7795831325014797 0 264.0 -0.7795831325014797 1
gene  1 1 14 -0.8293739138959322 0 299.0 -0.8293739138959322 1
gene  1 5 14 -0.41145386074622586 0 310.0 -0.41145386074622586 1
gene  1 1 13 -0.15409237270908704 0 311.0 -0.15409237270908704 1
gene  1 13 39 0.4290006044256027 0 344.0 0.4290006044256027 1
gene  1 39 8 -1.1523705704989406 0 345.0 -1.1523705704989406 0
gene  1 6 13 -0.5382892292757675 0 348.0 -0.5382892292757675 1
gene  1 2 42 3.4358365514534652 0 359.0 3.4358365514534652 1
gene  1 42 14 2.5002685168625507 0 360.0 2.5002685168625507 1
gene  1 13 42 0.911444184996393 0 366.0 0.911444184996393 1
gene  1 5 51 -0.33864806136155157 0 396.0 -0.33864806136155157 1
gene  1 51 14 -3.030029931763848 0 397.0 -3.030029931763848 1
gene  1 6 42 0.29304839138782857 0 423.0 0.29304839138782857 1
gene  1 39 42 -0.8626113379404943 0 426.0 -0.8626113379404943 1
gene  1 51 13 -0.6272881268832833 0 475.0 -0.6272881268832833 1
gene  1 39 14 -0.7219869587467558 0 476.0 -0.7219869587467558 1
gene  1 5 39 0.05972383862127367 0 485.0 0.05972383862127367 1
gene  1 5 68 1.5039834834945873 0 493.0 1.5039834834945873 1
gene  1 68 39 -1.5788085101764344 0 494.0 -1.5788085101764344 1
gene  1 4 51 0.9031693618336972 0 514.0 0.9031693618336972 1
gene  1 39 77 3.960638149854969 0 528.0 3.960638149854969 1
gene  1 77 8 1.4685835255367299 0 529.0 1.4685835255367299 1
genomeend 5
genomestart  6
trait 1 0.990764809340612 0.11168036512555457 0.0 2.5667145009496477 0.4651853155222945 0.0 0.027339901520710974 0.8024602724468012 
node 1 1 1 1
node 2 1 1 1
node 3 1 1 1
node 4 1 1 1
node 5 1 1 1
node 6 1 1 1
node 7 1 1 3
node 8 1 0 0
node 13 1 0 2
node 14 1 0 2
node 39 1 0 0
node 42 1 0 0
node 51 1 0 0
node 68 1 0 0
node 77 1 0 0
gene  1 1 8 -1.0542119820302442 0 98.0 -1.0542119820302442 1
gene  1 2 8 5.796583673365079 0 99.0 5.796583673365079 1
gene  1 3 8 4.775267293517173 0 100.0 4.775267293517173 1
gene  1 4 8 3.5118008775705873 0 101.0 3.5118008775705873 1
gene  1 5 8 2.2137633003009265 0 102.0 2.2137633003009265 1
gene  1 6 8 -0.7986867239604394 0 103.0 -0.7986867239604394 1
gene  1 8 8 7.053422242166915 1 105.0 7.053422242166915 1
gene  1 13 8 -2.1578829370720163 1 110.0 -2.1578829370720163 1
gene  1 14 8 11.921319626922275 1 111.0 11.921319626922275 1
gene  1 3 13 10.68201413567785 0 170.0 10.68201413567785 1
gene  1 5 13 -1.505328310384528 0 172.0 -1.505328310384528 1
gene  1 7 13 0.48286532968119467 0 174.0 0.48286532968119467 1
gene  1 13 13 -7.503813128460944 1 180.0 -7.503813128460944 1
gene  1 2 14 0.6296965675034221 0 183.0 0.6296965675034221 1
gene  1 4 14 2.6415201481966526 0 185.0 2.6415201481966526 1
gene  1 6 14 2.3615287687660134 0 187.0 2.3615287687660134 1
gene  1 8 14 -0.9975245429988343 0 189.0 -0.9975245429988343 1
gene  1 13 14 -0.027301248200890582 0 194.0 -0.027301248200890582 1
gene  1 2 13 -1.047667353863044 0 213.0 -1.047667353863044 1
gene  1 4 13 -1.9228667569131557 0 230.0 -1.9228667569131557 1
gene  1 13 8 -0.9533639474904781 0 244.0 -0.9533639474904781 1
gene  1 7 14 -2.4026945574598777 0 264.0 -2.4026945574598777 1
gene  1 1 14 -2.5060053360714623 0 299.0 -2.5060053360714623 1
gene  1 5 14 -0.6519926101899953 0 310.0 -0.6519926101899953 1
gene  1 1 13 3.0932079806545483 0 311.0 3.0932079806545483 1
gene  1 13 39 0.9788225253404201 0 344.0 0.9788225253404201 1
gene  1 39 8 -6.756386092311517 0 345.0 -6.756386092311517 0
gene  1 6 13 2.649003335811117 0 348.0 2.649003335811117 1
gene  1 2 42 6.123700787066463 0 359.0 6.123700787066463 1
gene  1 42 14 5.7614733708248895 0 360.0 5.7614733708248895 1
gene  1 13 42 -0.6438712194837493 0 366.0 -0.6438712194837493 1
gene  1 5 51 -0.06695243589981736 0 396.0 -0.06695243589981736 1
gene  1 51 14 -3.88044996311499 0 397.0 -3.88044996311499 1
gene  1 6 42 1.5507647892347687 0 423.0 1.5507647892347687 1
gene  1 39 42 -3.3951457580380837 0 426.0 -3.3951457580380837 1
gene  1 51 13 -2.490244994988119 0 475.0 -2.490244994988119 1
gene  1 39 14 1.2506648721663236 0 476.0 1.2506648721663236 1
gene  1 5 39 2.983306205114432 0 485.0 2.983306205114432 1
gene  1 5 68 2.7575708577674583 0 493.0 2.7575708577674583 1
gene  1 68 39 -1.2332761997587713 0 494.0 -1.2332761997587713 1
gene  1 4 51 2.3202288155403075 0 514.0 2.3202288155403075 1
gene  1 39 77 3.9706510999931277 0 528.0 3.9706510999931277 1
gene  1 77 8 1.178856748890658 0 529.0 1.178856748890658 1
genomeend 6
genomestart  7
trait 1 2.732431393943948 0.0 0.0 0.798512545900133 0.9382603138953756 0.0 1.9280392103089152 0.8152719799274877 
node 1 1 1 1
node 2 1 1 1
node 3 1 1 1
node 4 1 1 1
node 5 1 1 1
node 6 1 1 1
node 7 1 1 3
node 8 1 0 0
node 9 1 0 0
node 10 1 0 0
node 13 1 0 2
node 14 1 0 2
node 28 1 0 0
node 41 1 0 0
node 43 1 0 0
node 47 1 0 0
node 62 1 0 0
gene  1 1 8 -2.0817410115223254 0 98.0 -2.0817410115223254 1
gene  1 3 8 1.350991682000494 0 100.0 1.350991682000494 1
gene  1 5 8 -5.774039544467213 0 102.0 -5.774039544467213 1
gene  1 6 8 -1.6761650172153846 0 103.0 -1.6761650172153846 1
gene  1 8 8 1.0021579621049712 1 105.0 1.0021579621049712 1
gene  1 1 9 -1.367995948604897 0 112.0 -1.367995948604897 1
gene  1 2 9 2.7531076907513063 0 113.0 2.7531076907513063 1
gene  1 3 9 4.443239253139002 0 114.0 4.443239253139002 1
gene  1 5 9 5.743819314517913 0 116.0 5.743819314517913 1
gene  1 7 9 -1.6212612048002628 0 118.0 -1.6212612048002628 1
gene  1 9 9 -0.19645256536983613 1 120.0 -0.19645256536983613 1
gene  1 10 9 7.85144695256616 1 121.0 7.85144695256616 1
gene  1 13 9 0.11998776547660073 1 124.0 0.11998776547660073 1
gene  1 2 10 0.35743888531312384 0 127.0 0.35743888531312384 1
gene  1 4 10 1.6974170345729904 0 129.0 1.6974170345729904 1
gene  1 5 10 -2.6805821949239053 0 130.0 -2.6805821949239053 1
gene  1 8 10 3.3282477671042745 0 133.0 3.3282477671042745 1
gene  1 9 10 -1.6674026299293372 0 134.0 -1.6674026299293372 1
gene  1 10 10 -3.216660800085778 1 135.0 -3.216660800085778 1
gene  1 13 10 -1.1139654087294235 1 138.0 -1.1139654087294235 1
gene  1 14 10 -1.676535986259761 1 139.0 -1.676535986259761 1
gene  1 2 13 4.159148935699198 0 169.0 4.159148935699198 1
gene  1 3 13 5.153426675095215 0 170.0 5.153426675095215 1
gene  1 6 13 6.1730452809986 0 173.0 6.1730452809986 1
gene  1 7 13 1.6514307687249437 0 174.0 1.6514307687249437 1
gene  1 9 13 0.55195191563819 0 176.0 0.55195191563819 1
gene  1 13 13 -3.644340551936618 1 180.0 -3.644340551936618 1
gene  1 14 13 9.952758611328724 1 181.0 9.952758611328724 1
gene  1 1 14 -0.7708791698551103 0 182.0 -0.7708791698551103 1
gene  1 3 14 1.2316104574481046 0 184.0 1.2316104574481046 1
gene  1 9 14 -7.849535771163671 0 190.0 -7.849535771163671 1
gene  1 10 14 0.40859034773429004 0 191.0 0.40859034773429004 1
gene  1 8 13 -1.1627145137013362 0 207.0 -1.1627145137013362 1
gene  1 1 10 1.4433767203718875 0 226.0 1.4433767203718875 1
gene  1 6 14 -4.9666280345527145 0 234.0 -4.9666280345527145 1
gene  1 8 28 2.9755799406961128 1 293.0 2.9755799406961128 1
gene  1 28 8 1.333346550355544 0 294.0 1.333346550355544 1
gene  1 8 9 -1.0588058604867268 0 328.0 -1.0588058604867268 1
gene  1 8 41 -0.09758549208106981 1 357.0 -0.09758549208106981 1
gene  1 41 8 1.8298780791185618 0 358.0 1.8298780791185618 1
gene  1 14 43 3.3599726755780654 1 364.0 3.3599726755780654 1
gene  1 43 10 2.6731628581697215 0 365.0 2.6731628581697215 1
gene  1 5 47 6.449454069984291 0 375.0 6.449454069984291 1
gene  1 47 9 -0.6086554757224001 0 376.0 -0.6086554757224001 1
gene  1 41 14 -2.2408313739902224 0 387.0 -2.2408313739902224 1
gene  1 4 28 -1.2627715815849558 0 419.0 -1.2627715815849558 1
gene  1 2 28 -1.2222757003401505 0 429.0 -1.2222757003401505 1
gene  1 1 62 -5.657779576872495 0 470.0 -5.657779576872495 1
gene  1 62 9 1.3508340569496655 0 471.0 1.3508340569496655 1
gene  1 8 14 2.307263450688152 0 484.0 2.307263450688152 1
gene  1 1 13 2.726338081717742 0 489.0 2.726338081717742 1
gene  1 28 10 -0.3276544267425825 0 510.0 -0.3276544267425825 1
gene  1 2 41 -0.9888606263679109 0 515.0 -0.9888606263679109 1
genomeend 7
genomestart  8
trait 1 2.732431393943948 0.0 0.0 0.798512545900133 0.9382603138953756 0.0 1.9280392103089152 0.8152719799274877 
node 1 1 1 1
node 2 1 1 1
node 3 1 1 1
node 4 1 1 1
node 5 1 1 1
node 6 1 1 1
node 7 1 1 3
node 8 1 0 0
node 9 1 0 0
node 10 1 0 0
node 13 1 0 2
node 14 1 0 2
node 28 1 0 0
node 41 1 0 0
node 43 1 0 0
node 47 1 0 0
node 62 1 0 0
gene  1 1 8 -3.1151382472197167 0 98.0 -3.1151382472197167 1
gene  1 3 8 3.0549910720501847 0 100.0 3.0549910720501847 1
gene  1 5 8 -5.774039544467213 0 102.0 -5.774039544467213 1
gene  1 6 8 -3.4834189836265512 0 103.0 -3.4834189836265512 1
gene  1 8 8 2.5126562965410235 1 105.0 2.5126562965410235 1
gene  1 1 9 -0.23654140011602764 0 112.0 -0.23654140011602764 1
gene  1 2 9 2.992924639660082 0 113.0 2.992924639660082 1
gene  1 3 9 2.370470746169967 0 114.0 2.370470746169967 1
gene  1 5 9 6.323155974331425 0 116.0 6.323155974331425 1
gene  1 7 9 -1.141759268002645 0 118.0 -1.141759268002645 1
gene  1 9 9 -0.0641435528618497 1 120.0 -0.0641435528618497 1
gene  1 10 9 4.289599636954021 1 121.0 4.289599636954021 1
gene  1 13 9 -1.6114771941020236 1 124.0 -1.6114771941020236 1
gene  1 2 10 -2.3105599538732156 0 127.0 -2.3105599538732156 1
gene  1 4 10 1.9287502168989181 0 129.0 1.9287502168989181 1
gene  1 5 10 -0.48726456330159984 0 130.0 -0.48726456330159984 1
gene  1 8 10 1.9533088063620752 0 133.0 1.9533088063620752 1
gene  1 9 10 -1.7086011654084616 0 134.0 -1.7086011654084616 1
gene  1 10 10 -1.4914164059253585 1 135.0 -1.4914164059253585 1
gene  1 13 10 -1.0494342087758965 1 138.0 -1.0494342087758965 1
gene  1 14 10 -3.4554877192034907 1 139.0 -3.4554877192034907 1
gene  1 2 13 5.78678644378969 0 169.0 5.78678644378969 1
gene  1 3 13 2.5402037343341073 0 170.0 2.5402037343341073 1
gene  1 6 13 7.221736066743202 0 173.0 7.221736066743202 1
gene  1 7 13 2.6381959833583437 0 174.0 2.6381959833583437 1
gene  1 9 13 3.0585581523707077 0 176.0 3.0585581523707077 1
gene  1 13 13 -4.074723666130119 1 180.0 -4.074723666130119 1
gene  1 14 13 11.771029712344486 1 181.0 11.771029712344486 1
gene  1 1 14 2.4816465198314313 0 182.0 2.4816465198314313 1
gene  1 3 14 -1.3195646669341072 0 184.0 -1.3195646669341072 1
gene  1 9 14 -2.1534504607179796 0 190.0 -2.1534504607179796 1
gene  1 10 14 -4.349860244271765 0 191.0 -4.349860244271765 1
gene  1 8 13 7.552807130442014 0 207.0 7.552807130442014 1
gene  1 1 10 -1.7897673415632926 0 226.0 -1.7897673415632926 1
gene  1 6 14 -5.225373658780066 0 234.0 -5.225373658780066 1
gene  1 8 28 3.4829757441340488 1 293.0 3.4829757441340488 1
gene  1 28 8 1.709303653855763 0 294.0 1.709303653855763 1
gene  1 8 9 -4.703854403644675 0 328.0 -4.703854403644675 1
gene  1 8 41 2.459135127703556 1 357.0 2.459135127703556 1
gene  1 41 8 -1.6097164365232017 0 358.0 -1.6097164365232017 1
gene  1 14 43 0.4831732464904076 1 364.0 0.4831732464904076 1
gene  1 43 10 3.586594839367666 0 365.0 3.586594839367666 1
gene  1 5 47 -1.7168453741949152 0 375.0 -1.7168453741949152 1
gene  1 47 9 2.1842602001834983 0 376.0 2.1842602001834983 1
gene  1 41 14 -1.6294919803690489 0 387.0 -1.6294919803690489 1
gene  1 4 28 -1.3829856158495366 0 419.0 -1.3829856158495366 1
gene  1 2 28 -2.06949303736197 0 429.0 -2.06949303736197 1
gene  1 1 62 -5.2276461957981875 0 470.0 -5.2276461957981875 1
gene  1 62 9 1.990657559995483 0 471.0 1.990657559995483 1
gene  1 8 14 3.2879081212138495 0 484.0 3.2879081212138495 1
gene  1 1 13 -0.7339287219525994 0 489.0 -0.7339287219525994 1
gene  1 28 10 -2.9854533627710325 0 510.0 -2.9854533627710325 1
gene  1 2 41 -1.2871376983197729 0 515.0 -1.2871376983197729 1
genomeend 8
genomestart  9
trait 1 2.732431393943948 0.0 0.0 0.798512545900133 0.9382603138953756 0.0 1.9280392103089152 0.8152719799274877 
node 1 1 1 1
node 2 1 1 1
node 3 1 1 1
node 4 1 1 1
node 5 1 1 1
node 6 1 1 1
node 7 1 1 3
node 8 1 0 0
node 9 1 0 0
node 10 1 0 0
node 13 1 0 2
node 14 1 0 2
node 28 1 0 0
node 41 1 0 0
node 43 1 0 0
node 47 1 0 0
node 62 1 0 0
gene  1 1 8 -3.165680646672673 0 98.0 -3.165680646672673 1
gene  1 3 8 -1.215319296612277 0 100.0 -1.215319296612277 1
gene  1 5 8 -5.756837628129486 0 102.0 -5.756837628129486 1
gene  1 6 8 -3.2196058482462564 0 103.0 -3.2196058482462564 1
gene  1 8 8 0.028646286724769432 1 105.0 0.028646286724769432 1
gene  1 1 9 0.17982313196774347 0 112.0 0.17982313196774347 1
gene  1 2 9 -0.15805197537421822 0 113.0 -0.15805197537421822 1
gene  1 3 9 7.659946345638554 0 114.0 7.659946345638554 1
gene  1 5 9 4.798202031184472 0 116.0 4.798202031184472 1
gene  1 7 9 -3.517040744274002 0 118.0 -3.517040744274002 1
gene  1 9 9 2.5855960844656627 1 120.0 2.5855960844656627 1
gene  1 10 9 7.743975307527219 1 121.0 7.743975307527219 1
gene  1 13 9 -1.0883367766317276 1 124.0 -1.0883367766317276 1
gene  1 2 10 -0.564784852166812 0 127.0 -0.564784852166812 1
gene  1 4 10 3.9140646703896187 0 129.0 3.9140646703896187 1
gene  1 5 10 -1.4024759717489999 0 130.0 -1.4024759717489999 1
gene  1 8 10 2.048850684580538 0 133.0 2.048850684580538 1
gene  1 9 10 -2.771714042116053 0 134.0 -2.771714042116053 1
gene  1 10 10 -3.964399251476693 1 135.0 -3.964399251476693 1
gene  1 13 10 0.263786529147805 1 138.0 0.263786529147805 1
gene  1 14 10 -4.153575106984958 1 139.0 -4.153575106984958 1
gene  1 2 13 6.395382140388058 0 169.0 6.395382140388058 1
gene  1 3 13 2.8938495973551923 0 170.0 2.8938495973551923 1
gene  1 6 13 8.509248121733037 0 173.0 8.509248121733037 1
gene  1 7 13 1.442897826826037 0 174.0 1.442897826826037 1
gene  1 9 13 3.131320001523796 0 176.0 3.131320001523796 1
gene  1 13 13 -2.709097021151279 1 180.0 -2.709097021151279 1
gene  1 14 13 10.525074725632686 1 181.0 10.525074725632686 1
gene  1 1 14 2.5830372889459294 0 182.0 2.5830372889459294 1
gene  1 3 14 0.4734852552350241 0 184.0 0.4734852552350241 1
gene  1 9 14 -8.955805522426273 0 190.0 -8.955805522426273 1
gene  1 10 14 -6.47167334556552 0 191.0 -6.47167334556552 1
gene  1 8 13 7.42477101124827 0 207.0 7.42477101124827 1
gene  1 1 10 -1.0099039170960593 0 226.0 -1.0099039170960593 1
gene  1 6 14 -4.469713655495576 0 234.0 -4.469713655495576 1
gene  1 8 28 0.7106633356342154 1 293.0 0.7106633356342154 1
gene  1 28 8 -1.9036482179972993 0 294.0 -1.9036482179972993 1
gene  1 8 9 -4.655187432627185 0 328.0 -4.655187432627185 1
gene  1 8 41 0.23093229649403435 1 357.0 0.23093229649403435 1
gene  1 41 8 2.7392712521995133 0 358.0 2.7392712521995133 1
gene  1 14 43 2.4550745466781736 1 364.0 2.4550745466781736 1
gene  1 43 10 2.891224355551903 0 365.0 2.891224355551903 1
gene  1 5 47 3.648116433387774 0 375.0 3.648116433387774 1
gene  1 47 9 1.9430880455584645 0 376.0 1.9430880455584645 1
gene  1 41 14 2.0270032523581767 0 387.0 2.0270032523581767 1
gene  1 4 28 -1.1579692958730814 0 419.0 -1.1579692958730814 1
gene  1 2 28 0.015499010750596065 0 429.0 0.015499010750596065 1
gene  1 1 62 -1.8054707106293688 0 470.0 -1.8054707106293688 1
gene  1 62 9 -0.7786707410858309 0 471.0 -0.7786707410858309 1
gene  1 8 14 4.037628755267415 0 484.0 4.037628755267415 1
gene  1 1 13 1.1437108252070556 0 489.0 1.1437108252070556 1
gene  1 28 10 -2.2041256578295085 0 510.0 -2.2041256578295085 1
gene  1 2 41 1.1892791901421715 0 515.0 1.1892791901421715 1
genomeend 9
genomestart  10
trait 1 0.0 0.0 0.18016573799761848 0.007880455156273225 3.0347432330657154 0.45322605837968266 0.9983210840752836 0.868067118942248 
node 1 1 1 1
node 2 1 1 1
node 3 1 1 1
node 4 1 1 1
node 5 1 1 1
node 6 1 1 1
node 7 1 1 3
node 8 1 0 0
node 13 1 0 2
node 14 1 0 2
node 22 1 0 0
node 25 1 0 0
node 29 1 0 0
node 57 1 0 0
node 65 1 0 0
node 76 1 0 0
gene  1 1 8 6.985409732726492 0 98.0 6.985409732726492 1
gene  1 3 8 -0.8277956958929206 0 100.0 -0.8277956958929206 1
gene  1 4 8 -3.083411320735494 0 101.0 -3.083411320735494 1
gene  1 5 8 -0.14557779451262293 0 102.0 -0.14557779451262293 1
gene  1 6 8 5.087224788460872 0 103.0 5.087224788460872 1
gene  1 8 8 8.082858504713808 1 105.0 8.082858504713808 1
gene  1 1 13 -1.3294611680391855 0 168.0 -1.3294611680391855 1
gene  1 5 13 -3.1649747893986238 0 172.0 -3.1649747893986238 1
gene  1 13 13 -1.0361612504891546 1 180.0 -1.0361612504891546 1
gene  1 14 13 0.9728863058871104 1 181.0 0.9728863058871104 1
gene  1 2 14 -2.5923754614762724 0 183.0 -2.5923754614762724 1
gene  1 3 14 2.558613987502684 0 184.0 2.558613987502684 1
gene  1 5 14 2.6555240026055458 0 186.0 2.6555240026055458 1
gene  1 7 14 -5.68085755306708 0 188.0 -5.68085755306708 1
gene  1 8 14 5.108467832564467 0 189.0 5.108467832564467 1
gene  1 13 14 0.0949238503040431 0 194.0 0.0949238503040431 1
gene  1 2 13 -2.0903515472721974 0 236.0 -2.0903515472721974 1
gene  1 8 22 0.9714397791054813 0 240.0 0.9714397791054813 0
gene  1 22 14 5.1861914404779235 0 241.0 5.1861914404779235 1
gene  1 1 22 -2.78635649667418 0 245.0 -2.78635649667418 1
gene  1 13 8 -0.7273897940347368 0 257.0 -0.7273897940347368 1
gene  1 5 22 -0.8801812835465572 0 265.0 -0.8801812835465572 1
gene  1 1 25 -2.6199114260383825 0 279.0 -2.6199114260383825 1
gene  1 25 8 -2.436204111662879 0 280.0 -2.436204111662879 1
gene  1 8 29 0.47133888700628873 0 297.0 0.47133888700628873 1
gene  1 29 14 -6.520269945691423 0 298.0 -6.520269945691423 1
gene  1 1 14 0.9949490028890073 0 312.0 0.9949490028890073 1
gene  1 2 29 2.0053678818687084 0 330.0 2.0053678818687084 1
gene  1 5 25 -0.16860642803506215 0 343.0 -0.16860642803506215 1
gene  1 6 29 2.191046292194421 0 386.0 2.191046292194421 1
gene  1 22 29 -3.9252542815274785 0 416.0 -3.9252542815274785 1
gene  1 4 14 0.27741522187986156 0 424.0 0.27741522187986156 1
gene  1 4 29 0.5411519480419407 0 432.0 0.5411519480419407 1
gene  1 8 57 1.5528391761995997 0 437.0 1.5528391761995997 1
gene  1 57 14 -3.7677048253618177 0 438.0 -3.7677048253618177 1
gene  1 3 22 1.1562813865333874 0 440.0 1.1562813865333874 1
gene  1 2 25 7.3417393868952825 0 455.0 7.3417393868952825 1
gene  1 1 65 0.33684386879886286 0 481.0 0.33684386879886286 1
gene  1 65 25 -0.6735551502818393 0 482.0 -0.6735551502818393 1
gene  1 8 76 -6.254886376207636 0 525.0 -6.254886376207636 1
gene  1 76 22 -4.2118840695576 0 526.0 -4.2118840695576 1
genomeend 10
genomestart  11
trait 1 0.0 0.0 0.18016573799761848 0.007880455156273225 3.0347432330657154 0.45322605837968266 0.9983210840752836 0.868067118942248 
node 1 1 1 1
node 2 1 1 1
node 3 1 1 1
node 4 1 1 1
node 5 1 1 1
node 6 1 1 1
node 7 1 1 3
node 8 1 0 0
node 13 1 0 2
node 14 1 0 2
node 22 1 0 0
node 25 1 0 0
node 29 1 0 0
node 57 1 0 0
node 65 1 0 0
node 76 1 0 0
gene  1 1 8 6.524536607550223 0 98.0 6.524536607550223 1
gene  1 3 8 -5.86212264834294 0 100.0 -5.86212264834294 1
gene  1 4 8 -5.921145318536139 0 101.0 -5.921145318536139 1
gene  1 5 8 0.13400051849550376 0 102.0 0.13400051849550376 1
gene  1 6 8 4.990299631080082 0 103.0 4.990299631080082 1
gene  1 8 8 4.701875483305676 1 105.0 4.701875483305676 1
gene  1 1 13 -0.21694278778846243 0 168.0 -0.21694278778846243 1
gene  1 5 13 -0.9487330100103804 0 172.0 -0.9487330100103804 1
gene  1 13 13 -1.5374730961642002 1 180.0 -1.5374730961642002 1
gene  1 14 13 0.15852719412821203 1 181.0 0.15852719412821203 1
gene  1 2 14 -1.5478488126077132 0 183.0 -1.5478488126077132 1
gene  1 3 14 5.2683968353764445 0 184.0 5.2683968353764445 1
gene  1 5 14 1.864526994783298 0 186.0 1.864526994783298 1
gene  1 7 14 -7.935332568649716 0 188.0 -7.935332568649716 1
gene  1 8 14 5.345138694521789 0 189.0 5.345138694521789 1
gene  1 13 14 -1.2923081302644568 0 194.0 -1.2923081302644568 1
gene  1 2 13 -0.1666111232447003 0 236.0 -0.1666111232447003 1
gene  1 8 22 2.953353105857819 0 240.0 2.953353105857819 0
gene  1 22 14 3.3275851205482807 0 241.0 3.3275851205482807 1
gene  1 1 22 -0.25221549480199257 0 245.0 -0.25221549480199257 1
gene  1 13 8 -2.728893053292419 0 257.0 -2.728893053292419 1
gene  1 5 22 3.296819654817078 0 265.0 3.296819654817078 1
gene  1 1 25 -1.9069043700824964 0 279.0 -1.9069043700824964 1
gene  1 25 8 -3.0334417610545508 0 280.0 -3.0334417610545508 1
gene  1 8 29 -2.1708776879022578 0 297.0 -2.1708776879022578 1
gene  1 29 14 -6.845221416553664 0 298.0 -6.845221416553664 1
gene  1 1 14 4.798396280918393 0 312.0 4.798396280918393 1
gene  1 2 29 -1.5277091807012575 0 330.0 -1.5277091807012575 1
gene  1 5 25 8.677266612377927 0 343.0 8.677266612377927 1
gene  1 6 29 1.5733732095552762 0 386.0 1.5733732095552762 1
gene  1 22 29 -4.6759410643291694 0 416.0 -4.6759410643291694 1
gene  1 4 14 2.972918451610747 0 424.0 2.972918451610747 1
gene  1 4 29 1.4652998849291237 0 432.0 1.4652998849291237 1
gene  1 8 57 3.716749482975369 0 437.0 3.716749482975369 1
gene  1 57 14 -0.5895708030382901 0 438.0 -0.5895708030382901 1
gene  1 3 22 -1.5955997065915664 0 440.0 -1.5955997065915664 1
gene  1 2 25 6.30740127995673 0 455.0 6.30740127995673 1
gene  1 1 65 0.24121195156292186 0 481.0 0.24121195156292186 1
gene  1 65 25 -2.549402842099365 0 482.0 -2.549402842099365 1
gene  1 8 76 -3.615141059281164 0 525.0 -3.615141059281164 1
gene  1 76 22 -4.1437312716253905 0 526.0 -4.1437312716253905 1
genomeend 11
genomestart  12
trait 1 1.9492969961009945 0.0 0.4289699328456915 1.1835456827051778 0.0 0.7294252873384013 0.042201429445747896 0.0 
node 1 1 1 1
node 2 1 1 1
node 3 1 1 1
node 4 1 1 1
node 5 1 1 1
node 6 1 1 1
node 7 1 1 3
node 13 1 0 2
node 14 1 0 2
node 49 1 0 0
node 73 1 0 0
node 81 1 0 0
gene  1 1 13 0.5713770614702092 0 168.0 0.5713770614702092 1
gene  1 2 13 6.691903152271489 0 169.0 6.691903152271489 1
gene  1 3 13 -2.0465687769133165 0 170.0 -2.0465687769133165 1
gene  1 4 13 -0.8714513345685613 0 171.0 -0.8714513345685613 1
gene  1 5 13 4.675783164619507 0 172.0 4.675783164619507 1
gene  1 6 13 0.5452764228179683 0 173.0 0.5452764228179683 1
gene  1 7 13 0.3718397534401101 0 174.0 0.3718397534401101 1
gene  1 14 13 -0.04167676302562057 1 181.0 -0.04167676302562057 1
gene  1 1 14 3.4836008299989807 0 182.0 3.4836008299989807 1
gene  1 2 14 0.7820604841741687 0 183.0 0.7820604841741687 1
gene  1 3 14 -0.5563743231149614 0 184.0 -0.5563743231149614 1
gene  1 13 14 2.5495003732491925 0 194.0 2.5495003732491925 1
gene  1 14 14 2.4265588165955316 1 195.0 2.4265588165955316 1
gene  1 7 14 -1.851521390777632 0 273.0 -1.851521390777632 1
gene  1 4 14 1.5464046022905424 0 283.0 1.5464046022905424 1
gene  1 5 14 -3.1122593996760246 0 303.0 -3.1122593996760246 1
gene  1 6 14 -5.115936346096042 0 307.0 -5.115936346096042 1
gene  1 3 49 2.3293534878894357 0 389.0 2.3293534878894357 1
gene  1 49 13 0.3079836378913556 0 390.0 0.3079836378913556 1
gene  1 5 49 3.343423616744015 0 403.0 3.343423616744015 1
gene  1 1 49 2.109800340439721 0 430.0 2.109800340439721 1
gene  1 7 49 4.883571960400638 0 456.0 4.883571960400638 1
gene  1 4 49 -1.1272151422861765 0 495.0 -1.1272151422861765 1
gene  1 6 73 2.5998079286050513 0 508.0 2.5998079286050513 1
gene  1 73 13 1.6681416680542216 0 509.0 1.6681416680542216 1
gene  1 6 81 -5.420871498730692 0 542.0 -5.420871498730692 1
gene  1 81 73 0.8034664136712868 0 543.0 0.8034664136712868 1
genomeend 12
genomestart  13
trait 1 1.9492969961009945 0.0 0.4289699328456915 1.1835456827051778 0.0 0.7294252873384013 0.042201429445747896 0.0 
node 1 1 1 1
node 2 1 1 1
node 3 1 1 1
node 4 1 1 1
node 5 1 1 1
node 6 1 1 1
node 7 1 1 3
node 13 1 0 2
node 14 1 0 2
node 49 1 0 0
node 73 1 0 0
node 81 1 0 0
gene  1 1 13 0.572316691555774 0 168.0 0.572316691555774 1
gene  1 2 13 2.3152531970952763 0 169.0 2.3152531970952763 1
gene  1 3 13 3.0268856558791493 0 170.0 3.0268856558791493 1
gene  1 4 13 1.7909927592586117 0 171.0 1.7909927592586117 1
gene  1 5 13 1.1252266925162413 0 172.0 1.1252266925162413 1
gene  1 6 13 -0.2910571160729414 0 173.0 -0.2910571160729414 1
gene  1 7 13 1.8225012358189812 0 174.0 1.8225012358189812 1
gene  1 14 13 -1.0124662265793947 1 181.0 -1.0124662265793947 1
gene  1 1 14 1.392591120912574 0 182.0 1.392591120912574 1
gene  1 2 14 1.504368591335682 0 183.0 1.504368591335682 1
gene  1 3 14 0.4754805186909459 0 184.0 0.4754805186909459 1
gene  1 13 14 2.108144821413208 0 194.0 2.108144821413208 1
gene  1 14 14 1.4168071489803724 1 195.0 1.4168071489803724 1
gene  1 7 14 1.1375415023770095 0 273.0 1.1375415023770095 1
gene  1 4 14 -0.622283064389206 0 283.0 -0.622283064389206 1
gene  1 5 14 -3.1122593996760246 0 303.0 -3.1122593996760246 1
gene  1 6 14 -2.6478187414452488 0 307.0 -2.6478187414452488 1
gene  1 3 49 1.9614897488185619 0 389.0 1.9614897488185619 1
gene  1 49 13 0.7907353873419509 0 390.0 0.7907353873419509 1
gene  1 5 49 1.5646868208564058 0 403.0 1.5646868208564058 1
gene  1 1 49 1.8097831511639932 0 430.0 1.8097831511639932 1
gene  1 7 49 8.411973573377958 0 456.0 8.411973573377958 1
gene  1 4 49 2.1456390605192457 0 495.0 2.1456390605192457 1
gene  1 6 73 -1.3059881306478958 0 508.0 -1.3059881306478958 1
gene  1 73 13 -0.7127426447023414 0 509.0 -0.7127426447023414 1
gene  1 6 81 -3.9432760426203814 0 542.0 -3.9432760426203814 1
gene  1 81 73 -1.4087517351563235 0 543.0 -1.4087517351563235 1
genomeend 13
genomestart  14
trait 1 1.9492969961009945 0.0 0.4289699328456915 1.1835456827051778 0.0 0.7294252873384013 0.042201429445747896 0.0 
node 1 1 1 1
node 2 1 1 1
node 3 1 1 1
node 4 1 1 1
node 5 1 1 1
node 6 1 1 1
node 7 1 1 3
node 13 1 0 2
node 14 1 0 2
node 49 1 0 0
node 73 1 0 0
node 81 1 0 0
gene  1 1 13 2.7052297762062576 0 168.0 2.7052297762062576 1
gene  1 2 13 5.741838689694298 0 169.0 5.741838689694298 1
gene  1 3 13 3.8902797534216473 0 170.0 3.8902797534216473 1
gene  1 4 13 -0.6148051276292539 0 171.0 -0.6148051276292539 1
gene  1 5 13 4.0360270685137545 0 172.0 4.0360270685137545 1
gene  1 6 13 -0.3299975482317885 0 173.0 -0.3299975482317885 1
gene  1 7 13 -1.3880709067941521 0 174.0 -1.3880709067941521 1
gene  1 14 13 -1.587173792787906 1 181.0 -1.587173792787906 1
gene  1 1 14 0.7078826776944047 0 182.0 0.7078826776944047 1
gene  1 2 14 3.0417893629903663 0 183.0 3.0417893629903663 1
gene  1 3 14 0.20455599125984725 0 184.0 0.20455599125984725 1
gene  1 13 14 2.4699676106051602 0 194.0 2.4699676106051602 1
gene  1 14 14 2.558579307238796 1 195.0 2.558579307238796 1
gene  1 7 14 -0.8868939832938634 0 273.0 -0.8868939832938634 1
gene  1 4 14 -0.06152821472277187 0 283.0 -0.06152821472277187 1
gene  1 5 14 -0.6504794344614155 0 303.0 -0.6504794344614155 1
gene  1 6 14 -2.3097970039496043 0 307.0 -2.3097970039496043 1
gene  1 3 49 4.365870890356681 0 389.0 4.365870890356681 1
gene  1 49 13 -3.612763431930807 0 390.0 -3.612763431930807 1
gene  1 5 49 1.5975749450545802 0 403.0 1.5975749450545802 1
gene  1 1 49 -0.1704722702738275 0 430.0 -0.1704722702738275 1
gene  1 7 49 8.067658427761573 0 456.0 8.067658427761573 1
gene  1 4 49 2.4003946841290675 0 495.0 2.4003946841290675 1
gene  1 6 73 0.1459734583386867 0 508.0 0.1459734583386867 1
gene  1 73 13 0.8741185249688783 0 509.0 0.8741185249688783 1
gene  1 6 81 -3.1520477243505236 0 542.0 -3.1520477243505236 1
gene  1 81 73 1.8788038604414559 0 543.0 1.8788038604414559 1
genomeend 14
genomestart  15
trait 1 0.04702751910613956 0.5319433208524987 0.8875428902212121 1.1036226464327767 0.10522835245191364 0.39032959932087685 0.0 0.0 
node 1 1 1 1
node 2 1 1 1
node 3 1 1 1
node 4 1 1 1
node 5 1 1 1
node 6 1 1 1
node 7 1 1 3
node 8 1 0 0
node 9 1 0 0
node 13 1 0 2
node 14 1 0 2
node 20 1 0 0
node 56 1 0 0
node 60 1 0 0
node 79 1 0 0
gene  1 1 8 -1.7264677477108783 0 98.0 -1.7264677477108783 1
gene  1 2 8 3.301696835157567 0 99.0 3.301696835157567 1
gene  1 3 8 1.2144863118974134 0 100.0 1.2144863118974134 1
gene  1 6 8 0.5135263566327353 0 103.0 0.5135263566327353 1
gene  1 8 8 -0.468334726842101 1 105.0 -0.468334726842101 1
gene  1 9 8 -0.3770619798010322 1 106.0 -0.3770619798010322 1
gene  1 13 8 -7.96212491105379 1 110.0 -7.96212491105379 1
gene  1 14 8 0.025949603580865677 1 111.0 0.025949603580865677 1
gene  1 1 9 -3.297559363393183 0 112.0 -3.297559363393183 1
gene  1 4 9 -0.46798162613515937 0 115.0 -0.46798162613515937 1
gene  1 5 9 1.9828455535513085 0 116.0 1.9828455535513085 1
gene  1 7 9 -3.501071272055124 0 118.0 -3.501071272055124 1
gene  1 9 9 -1.2604811836828405 1 120.0 -1.2604811836828405 1
gene  1 14 9 -1.833620975438598 1 125.0 -1.833620975438598 1
gene  1 2 13 -1.8302426723164984 0 169.0 -1.8302426723164984 1
gene  1 5 13 2.3568243943058205 0 172.0 2.3568243943058205 1
gene  1 8 13 -2.9589836476117037 0 175.0 -2.9589836476117037 1
gene  1 1 14 -0.24981533874841255 0 182.0 -0.24981533874841255 1
gene  1 2 14 4.476331900950747 0 183.0 4.476331900950747 1
gene  1 3 14 -0.2678769762169303 0 184.0 -0.2678769762169303 1
gene  1 6 14 -1.9151625729961093 0 187.0 -1.9151625729961093 1
gene  1 13 14 4.853211628616412 0 194.0 4.853211628616412 1
gene  1 14 14 -0.5724626531666508 1 195.0 -0.5724626531666508 1
gene  1 5 8 2.365872162606432 0 202.0 2.365872162606432 1
gene  1 4 13 -8.146281408042144 0 220.0 -8.146281408042144 1
gene  1 1 20 3.534509565655223 0 231.0 3.534509565655223 1
gene  1 20 14 6.521380965364975 0 232.0 6.521380965364975 1
gene  1 1 13 -4.244408506554766 0 329.0 -4.244408506554766 1
gene  1 13 20 -5.9267185093145365 0 337.0 -5.9267185093145365 0
gene  1 4 20 -2.062148120745058 0 339.0 -2.062148120745058 1
gene  1 9 8 -2.802314577550322 0 404.0 -2.802314577550322 1
gene  1 8 14 2.3410185893724917 0 410.0 2.3410185893724917 1
gene  1 5 56 -0.8026133287763954 0 434.0 -0.8026133287763954 1
gene  1 56 8 2.5964502000300165 0 435.0 2.5964502000300165 1
gene  1 2 9 1.8576953369682723 0 448.0 1.8576953369682723 1
gene  1 3 60 1.3720604711095947 0 458.0 1.3720604711095947 1
gene  1 60 8 -0.8367299470494753 0 459.0 -0.8367299470494753 1
gene  1 1 60 6.117582243585973 0 479.0 6.117582243585973 1
gene  1 7 56 1.763222566888662 0 520.0 1.763222566888662 1
gene  1 13 79 -0.39665856914248093 0 537.0 -0.39665856914248093 1
gene  1 79 20 -1.4984743338969344 0 538.0 -1.4984743338969344 1
genomeend 15
genomestart  16
trait 1 0.04702751910613956 0.5319433208524987 0.8875428902212121 1.1036226464327767 0.10522835245191364 0.39032959932087685 0.0 0.0 
node 1 1 1 1
node 2 1 1 1
node 3 1 1 1
node 4 1 1 1
node 5 1 1 1
node 6 1 1 1
node 7 1 1 3
node 8 1 0 0
node 9 1 0 0
node 13 1 0 2
node 14 1 0 2
node 20 1 0 0
node 56 1 0 0
node 60 1 0 0
node 79 1 0 0
gene  1 1 8 0.6033419417229846 0 98.0 0.6033419417229846 1
gene  1 2 8 2.0252849811857643 0 99.0 2.0252849811857643 1
gene  1 3 8 -0.5075654671053189 0 100.0 -0.5075654671053189 1
gene  1 6 8 0.5135263566327353 0 103.0 0.5135263566327353 1
gene  1 8 8 -0.468334726842101 1 105.0 -0.468334726842101 1
gene  1 9 8 -2.6117137453220898 1 106.0 -2.6117137453220898 1
gene  1 13 8 -7.950983317794858 1 110.0 -7.950983317794858 1
gene  1 14 8 -0.826940015708564 1 111.0 -0.826940015708564 1
gene  1 1 9 -1.5072416745529194 0 112.0 -1.5072416745529194 1
gene  1 4 9 1.4318823016744904 0 115.0 1.4318823016744904 1
gene  1 5 9 -0.125539965440429 0 116.0 -0.125539965440429 1
gene  1 7 9 -3.501071272055124 0 118.0 -3.501071272055124 1
gene  1 9 9 -1.2604811836828405 1 120.0 -1.2604811836828405 1
gene  1 14 9 -1.833620975438598 1 125.0 -1.833620975438598 1
gene  1 2 13 -3.209512815669285 0 169.0 -3.209512815669285 1
gene  1 5 13 1.250203056971581 0 172.0 1.250203056971581 1
gene  1 8 13 -1.893546507719139 0 175.0 -1.893546507719139 1
gene  1 1 14 0.3977477148127584 0 182.0 0.3977477148127584 1
gene  1 2 14 2.3983594963611186 0 183.0 2.3983594963611186 1
gene  1 3 14 -2.16387756694961 0 184.0 -2.16387756694961 1
gene  1 6 14 -2.1210015519066063 0 187.0 -2.1210015519066063 1
gene  1 13 14 4.853211628616412 0 194.0 4.853211628616412 1
gene  1 14 14 3.396779862775083 1 195.0 3.396779862775083 1
gene  1 5 8 1.2476875982821067 0 202.0 1.2476875982821067 1
gene  1 4 13 -5.9258023470405865 0 220.0 -5.9258023470405865 1
gene  1 1 20 3.534509565655223 0 231.0 3.534509565655223 1
gene  1 20 14 5.316763667827614 0 232.0 5.316763667827614 1
gene  1 1 13 -1.8861297340978047 0 329.0 -1.8861297340978047 1
gene  1 13 20 -4.39771285161612 0 337.0 -4.39771285161612 0
gene  1 4 20 0.3260683126823266 0 339.0 0.3260683126823266 1
gene  1 9 8 -2.802314577550322 0 404.0 -2.802314577550322 1
gene  1 8 14 0.9888694290525583 0 410.0 0.9888694290525583 1
gene  1 5 56 -1.094008991510769 0 434.0 -1.094008991510769 1
gene  1 56 8 0.5070828280875952 0 435.0 0.5070828280875952 1
gene  1 2 9 -1.4670914493909917 0 448.0 -1.4670914493909917 1
gene  1 3 60 0.41206173734166296 0 458.0 0.41206173734166296 1
gene  1 60 8 1.5369114291696953 0 459.0 1.5369114291696953 1
gene  1 1 60 4.171951552098562 0 479.0 4.171951552098562 1
gene  1 7 56 1.3246958621790688 0 520.0 1.3246958621790688 1
gene  1 13 79 1.5199675473336651 0 537.0 1.5199675473336651 1
gene  1 79 20 -1.6894373734458754 0 538.0 -1.6894373734458754 1
genomeend 16
genomestart  17
trait 1 0.0 0.13288052470053657 2.0400788442298796 0.0 0.9774676473893938 0.5916859962196944 0.0 0.0 
node 1 1 1 1
node 2 1 1 1
node 3 1 1 1
node 4 1 1 1
node 5 1 1 1
node 6 1 1 1
node 7 1 1 3
node 13 1 0 2
node 14 1 0 2
node 45 1 0 0
node 71 1 0 0
gene  1 1 13 1.9541316486881721 0 168.0 1.9541316486881721 1
gene  1 2 13 1.7373698252291074 0 169.0 1.7373698252291074 1
gene  1 5 13 -6.6779696659981775 0 172.0 -6.6779696659981775 1
gene  1 6 13 -2.8604714403928577 0 173.0 -2.8604714403928577 1
gene  1 7 13 1.9369680683263746 0 174.0 1.9369680683263746 1
gene  1 3 14 1.281789983552177 0 184.0 1.281789983552177 1
gene  1 4 14 0.6130421628054834 0 185.0 0.6130421628054834 1
gene  1 7 14 -0.22960406093202856 0 188.0 -0.22960406093202856 1
gene  1 13 14 -3.071752147525744 0 194.0 -3.071752147525744 1
gene  1 14 14 -3.612112361794168 1 195.0 -3.612112361794168 1
gene  1 4 13 1.4205293419903264 0 235.0 1.4205293419903264 1
gene  1 1 14 -2.7931873137068277 0 242.0 -2.7931873137068277 1
gene  1 5 14 6.534668637620425 0 319.0 6.534668637620425 1
gene  1 1 45 1.7428913744822094 0 370.0 1.7428913744822094 1
gene  1 45 13 2.3206597914866123 0 371.0 2.3206597914866123 1
gene  1 4 45 3.293258285668988 0 497.0 3.293258285668988 1
gene  1 6 71 -1.8150893367222638 0 502.0 -1.8150893367222638 1
gene  1 71 13 -2.06999626490955 0 503.0 -2.06999626490955 1
gene  1 45 71 6.253096034861764 0 534.0 6.253096034861764 1
gene  1 3 13 -0.16847382614084527 0 535.0 -0.16847382614084527 1
genomeend 17
genomestart  18
trait 1 0.0 0.13288052470053657 2.0400788442298796 0.0 0.9774676473893938 0.5916859962196944 0.0 0.0 
node 1 1 1 1
node 2 1 1 1
node 3 1 1 1
node 4 1 1 1
node 5 1 1 1
node 6 1 1 1
node 7 1 1 3
node 13 1 0 2
node 14 1 0 2
node 45 1 0 0
node 71 1 0 0
gene  1 1 13 2.6482405616382207 0 168.0 2.6482405616382207 1
gene  1 2 13 1.1812344725206396 0 169.0 1.1812344725206396 1
gene  1 5 13 -5.080410143745994 0 172.0 -5.080410143745994 1
gene  1 6 13 -2.2907113833707555 0 173.0 -2.2907113833707555 1
gene  1 7 13 2.862003630506549 0 174.0 2.862003630506549 1
gene  1 3 14 -0.9166635064803506 0 184.0 -0.9166635064803506 1
gene  1 4 14 -0.27956422658773894 0 185.0 -0.27956422658773894 1
gene  1 7 14 -0.7643455062129298 0 188.0 -0.7643455062129298 1
gene  1 13 14 -1.7355258491769376 0 194.0 -1.7355258491769376 1
gene  1 14 14 -1.1613152295057896 1 195.0 -1.1613152295057896 1
gene  1 4 13 2.31255239216645 0 235.0 2.31255239216645 1
gene  1 1 14 -3.3658714295239363 0 242.0 -3.3658714295239363 1
gene  1 5 14 8.46723322888971 0 319.0 8.46723322888971 1
gene  1 1 45 0.8185872317250439 0 370.0 0.8185872317250439 1
gene  1 45 13 1.4362665164244972 0 371.0 1.4362665164244972 1
gene  1 4 45 1.688644112487792 0 497.0 1.688644112487792 1
gene  1 6 71 0.07207970400012975 0 502.0 0.07207970400012975 1
gene  1 71 13 -2.06999626490955 0 503.0 -2.06999626490955 1
gene  1 45 71 4.077622176684833 0 534.0 4.077622176684833 1
gene  1 3 13 -0.16847382614084527 0 535.0 -0.16847382614084527 1
genomeend 18
genomestart  19
trait 1 0.0 0.13288052470053657 2.0400788442298796 0.0 0.9774676473893938 0.5916859962196944 0.0 0.0 
node 1 1 1 1
node 2 1 1 1
node 3 1 1 1
node 4 1 1 1
node 5 1 1 1
node 6 1 1 1
node 7 1 1 3
node 13 1 0 2
node 14 1 0 2
node 45 1 0 0
node 71 1 0 0
gene  1 1 13 1.3788039871728215 0 168.0 1.3788039871728215 1
gene  1 2 13 2.0983855930590796 0 169.0 2.0983855930590796 1
gene  1 5 13 -5.080410143745994 0 172.0 -5.080410143745994 1
gene  1 6 13 -3.055398976836776 0 173.0 -3.055398976836776 1
gene  1 7 13 1.0849224469058982 0 174.0 1.0849224469058982 1
gene  1 3 14 -0.3872228768643833 0 184.0 -0.3872228768643833 1
gene  1 4 14 0.6658844339636445 0 185.0 0.6658844339636445 1
gene  1 7 14 -0.9602971666789998 0 188.0 -0.9602971666789998 1
gene  1 13 14 -2.871545984337873 0 194.0 -2.871545984337873 1
gene  1 14 14 -1.021722090121359 1 195.0 -1.021722090121359 1
gene  1 4 13 3.801113441094601 0 235.0 3.801113441094601 1
gene  1 1 14 -1.9947980494460265 0 242.0 -1.9947980494460265 1
gene  1 5 14 2.164002058400691 0 319.0 2.164002058400691 1
gene  1 1 45 0.8185872317250439 0 370.0 0.8185872317250439 1
gene  1 45 13 0.925485738311623 0 371.0 0.925485738311623 1
gene  1 4 45 1.4276621310015236 0 497.0 1.4276621310015236 1
gene  1 6 71 -0.972275172845227 0 502.0 -0.972275172845227 1
gene  1 71 13 -2.8428127446442026 0 503.0 -2.8428127446442026 1
gene  1 45 71 6.289209911009157 0 534.0 6.289209911009157 1
gene  1 3 13 -1.0928079914907314 0 535.0 -1.0928079914907314 1
genomeend 19
