genomestart  0
trait 1 0.0 0.0 0.0 0.0 0.34861870450370325 0.18084195503611378 0.0 0.0 
node 1 1 1 1
node 2 1 1 1
node 3 1 1 1
node 4 1 1 1
node 5 1 1 1
node 6 1 1 1
node 7 1 1 3
node 13 1 0 2
node 14 1 0 2
gene  1 1 13 -1.5708874753654793 0 168.0 -1.5708874753654793 1
gene  1 3 13 -0.023421771263024027 0 170.0 -0.023421771263024027 1
gene  1 5 13 4.0056515003141975 0 172.0 4.0056515003141975 1
gene  1 6 13 -3.6627411440097792 0 173.0 -3.6627411440097792 1
gene  1 14 13 -2.644675904173023 1 181.0 -2.644675904173023 1
gene  1 1 14 -10.71726344757043 0 182.0 -10.71726344757043 1
gene  1 2 14 -0.26378054256025546 0 183.0 -0.26378054256025546 1
gene  1 4 14 2.243253890599222 0 185.0 2.243253890599222 1
gene  1 5 14 -0.03007068739370622 0 186.0 -0.03007068739370622 1
gene  1 6 14 -6.429261340166861 0 187.0 -6.429261340166861 1
gene  1 7 14 8.298980532828203 0 188.0 8.298980532828203 1
gene  1 13 14 0.9998248589994754 0 194.0 0.9998248589994754 1
gene  1 14 14 0.7417238432902185 1 195.0 0.7417238432902185 1
gene  1 2 13 -4.738708034560959 0 261.0 -4.738708034560959 1
genomeend 0
genomestart  1
trait 1 0.0 0.0 0.0 0.0 0.34861870450370325 0.18084195503611378 0.0 0.0 
node 1 1 1 1
node 2 1 1 1
node 3 1 1 1
node 4 1 1 1
node 5 1 1 1
node 6 1 1 1
node 7 1 1 3
node 13 1 0 2
node 14 1 0 2
gene  1 1 13 -3.2472813090320005 0 168.0 -3.2472813090320005 1
gene  1 3 13 -1.454458394928185 0 170.0 -1.454458394928185 1
gene  1 5 13 3.850835310452314 0 172.0 3.850835310452314 1
gene  1 6 13 -0.7674930339926063 0 173.0 -0.7674930339926063 1
gene  1 14 13 -3.811609506244612 1 181.0 -3.811609506244612 1
gene  1 1 14 -7.644755563490256 0 182.0 -7.644755563490256 1
gene  1 2 14 4.916821933250786 0 183.0 4.916821933250786 1
gene  1 4 14 -5.399761699132171 0 185.0 -5.399761699132171 1
gene  1 5 14 1.7848679582798206 0 186.0 1.7848679582798206 1
gene  1 6 14 -3.473480213055657 0 187.0 -3.473480213055657 1
gene  1 7 14 7.837386837877488 0 188.0 7.837386837877488 1
gene  1 13 14 0.5708579277227395 0 194.0 0.5708579277227395 1
gene  1 14 14 0.5467099894562819 1 195.0 0.5467099894562819 1
gene  1 2 13 0.19946202447377825 0 261.0 0.19946202447377825 1
genomeend 1
genomestart  2
trait 1 0.4195349490326866 0.5885108907393293 0.0 0.0 0.0 0.9657064716276549 0.3583119961020439 0.5379884025205909 
node 1 1 1 1
node 2 1 1 1
node 3 1 1 1
node 4 1 1 1
node 5 1 1 1
node 6 1 1 1
node 7 1 1 3
node 13 1 0 2
node 14 1 0 2
gene  1 2 13 5.324545178192638 0 169.0 5.324545178192638 1
gene  1 3 13 -11.044032536602854 0 170.0 -11.044032536602854 1
gene  1 4 13 -0.25749436081054805 0 171.0 -0.25749436081054805 1
gene  1 6 13 -4.528898266141335 0 173.0 -4.528898266141335 1
gene  1 7 13 0.8952581838258644 0 174.0 0.8952581838258644 1
gene  1 13 13 7.7832241742921 1 180.0 7.7832241742921 1
gene  1 1 14 -1.4263346578612233 0 182.0 -1.4263346578612233 1
gene  1 2 14 4.423848135377933 0 183.0 4.423848135377933 1
gene  1 5 14 -5.7833222683168115 0 186.0 -5.7833222683168115 1
gene  1 6 14 0.4403850604129657 0 187.0 0.4403850604129657 1
gene  1 7 14 -1.0340175845100226 0 188.0 -1.0340175845100226 1
gene  1 13 14 -0.010172709282563475 0 194.0 -0.010172709282563475 1
gene  1 14 14 -1.1554008398241185 1 195.0 -1.1554008398241185 1
gene  1 4 14 -2.1319314682551713 0 196.0 -2.1319314682551713 1
gene  1 1 13 5.2107737377051055 0 216.0 5.2107737377051055 1
genomeend 2
genomestart  3
trait 1 0.4195349490326866 0.5885108907393293 0.0 0.0 0.0 0.9657064716276549 0.3583119961020439 0.5379884025205909 
node 1 1 1 1
node 2 1 1 1
node 3 1 1 1
node 4 1 1 1
node 5 1 1 1
node 6 1 1 1
node 7 1 1 3
node 13 1 0 2
node 14 1 0 2
gene  1 2 13 4.9301321488104275 0 169.0 4.9301321488104275 1
gene  1 3 13 -8.983978518235073 0 170.0 -8.983978518235073 1
gene  1 4 13 -0.25749436081054805 0 171.0 -0.25749436081054805 1
gene  1 6 13 -6.839338752706327 0 173.0 -6.839338752706327 1
gene  1 7 13 -0.42459672276573635 0 174.0 -0.42459672276573635 1
gene  1 13 13 8.000760777578854 1 180.0 8.000760777578854 1
gene  1 1 14 0.9224224616898244 0 182.0 0.9224224616898244 1
gene  1 2 14 3.6041257436672036 0 183.0 3.6041257436672036 1
gene  1 5 14 -5.54667005579735 0 186.0 -5.54667005579735 1
gene  1 6 14 0.28410245926254785 0 187.0 0.28410245926254785 1
gene  1 7 14 -1.6279514151592755 0 188.0 -1.6279514151592755 1
gene  1 13 14 -0.2775023979987754 0 194.0 -0.2775023979987754 1
gene  1 14 14 0.1278580486326959 1 195.0 0.1278580486326959 1
gene  1 4 14 -0.7759837226108479 0 196.0 -0.7759837226108479 1
gene  1 1 13 3.4009087226177073 0 216.0 3.4009087226177073 1
genomeend 3
genomestart  4
trait 1 0.4195349490326866 0.5885108907393293 0.0 0.0 0.0 0.9657064716276549 0.3583119961020439 0.5379884025205909 
node 1 1 1 1
node 2 1 1 1
node 3 1 1 1
node 4 1 1 1
node 5 1 1 1
node 6 1 1 1
node 7 1 1 3
node 13 1 0 2
node 14 1 0 2
gene  1 2 13 4.6924803292415245 0 169.0 4.6924803292415245 1
gene  1 3 13 -8.41721021795625 0 170.0 -8.41721021795625 1
gene  1 4 13 1.6057186597679869 0 171.0 1.6057186597679869 1
gene  1 6 13 -8.365428594621513 0 173.0 -8.365428594621513 1
gene  1 7 13 -1.3345555663242092 0 174.0 -1.3345555663242092 1
gene  1 13 13 6.825864158871234 1 180.0 6.825864158871234 1
gene  1 1 14 1.0952370944406253 0 182.0 1.0952370944406253 1
gene  1 2 14 1.7494428591459625 0 183.0 1.7494428591459625 1
gene  1 5 14 -6.702414814448247 0 186.0 -6.702414814448247 1
gene  1 6 14 0.8675116684679669 0 187.0 0.8675116684679669 1
gene  1 7 14 -3.462074660034029 0 188.0 -3.462074660034029 1
gene  1 13 14 0.15508061966975872 0 194.0 0.15508061966975872 1
gene  1 14 14 1.2621924203014783 1 195.0 1.2621924203014783 1
gene  1 4 14 -1.1807469008448044 0 196.0 -1.1807469008448044 1
gene  1 1 13 -1.4699108012491564 0 216.0 -1.4699108012491564 1
genomeend 4
genomestart  5
trait 1 0.4195349490326866 0.5885108907393293 0.0 0.0 0.0 0.9657064716276549 0.3583119961020439 0.5379884025205909 
node 1 1 1 1
node 2 1 1 1
node 3 1 1 1
node 4 1 1 1
node 5 1 1 1
node 6 1 1 1
node 7 1 1 3
node 13 1 0 2
node 14 1 0 2
gene  1 2 13 4.9301321488104275 0 169.0 4.9301321488104275 1
gene  1 3 13 -8.983978518235073 0 170.0 -8.983978518235073 1
gene  1 4 13 -0.25749436081054805 0 171.0 -0.25749436081054805 1
gene  1 6 13 -6.839338752706327 0 173.0 -6.839338752706327 1
gene  1 7 13 -0.42459672276573635 0 174.0 -0.42459672276573635 1
gene  1 13 13 8.000760777578854 1 180.0 8.000760777578854 1
gene  1 1 14 0.9224224616898244 0 182.0 0.9224224616898244 1
gene  1 2 14 3.6041257436672036 0 183.0 3.6041257436672036 1
gene  1 5 14 -5.54667005579735 0 186.0 -5.54667005579735 1
gene  1 6 14 0.28410245926254785 0 187.0 0.28410245926254785 1
gene  1 7 14 -1.6279514151592755 0 188.0 -1.6279514151592755 1
gene  1 13 14 -0.2775023979987754 0 194.0 -0.2775023979987754 1
gene  1 14 14 0.1278580486326959 1 195.0 0.1278580486326959 1
gene  1 4 14 -0.7759837226108479 0 196.0 -0.7759837226108479 1
gene  1 1 13 3.4009087226177073 0 216.0 3.4009087226177073 1
genomeend 5
genomestart  6
trait 1 0.12933280474767544 0.29425544536966464 0.08853489118479813 0.07766507438443143 0.0 0.41262400137975846 0.0 0.0 
node 1 1 1 1
node 2 1 1 1
node 3 1 1 1
node 4 1 1 1
node 5 1 1 1
node 6 1 1 1
node 7 1 1 3
node 13 1 0 2
node 14 1 0 2
node 21 1 0 0
gene  1 1 13 2.7175793173762486 0 168.0 2.7175793173762486 1
gene  1 4 13 1.345429958964762 0 171.0 1.345429958964762 1
gene  1 5 13 -2.0383950544796265 0 172.0 -2.0383950544796265 1
gene  1 7 13 -0.6407112907381981 0 174.0 -0.6407112907381981 1
gene  1 13 13 -1.3078536499724045 1 180.0 -1.3078536499724045 1
gene  1 2 14 3.0306270755363593 0 183.0 3.0306270755363593 1
gene  1 3 14 -5.048894938475092 0 184.0 -5.048894938475092 1
gene  1 6 14 -2.458431837908796 0 187.0 -2.458431837908796 1
gene  1 13 14 -0.6177165671852025 0 194.0 -0.6177165671852025 1
gene  1 14 14 5.612586832862828 1 195.0 5.612586832862828 1
gene  1 6 13 2.548371314380684 0 205.0 2.548371314380684 1
gene  1 5 14 0.2086093752055171 0 223.0 0.2086093752055171 1
gene  1 3 13 6.602594857640105 0 229.0 6.602594857640105 1
gene  1 2 13 0.604188882646888 0 233.0 0.604188882646888 1
gene  1 1 21 2.5059522806883052 0 238.0 2.5059522806883052 1
gene  1 21 13 -3.490408679647822 0 239.0 -3.490408679647822 1
gene  1 5 21 -0.36573237270486225 0 253.0 -0.36573237270486225 1
genomeend 6
genomestart  7
trait 1 0.12933280474767544 0.29425544536966464 0.08853489118479813 0.07766507438443143 0.0 0.41262400137975846 0.0 0.0 
node 1 1 1 1
node 2 1 1 1
node 3 1 1 1
node 4 1 1 1
node 5 1 1 1
node 6 1 1 1
node 7 1 1 3
node 13 1 0 2
node 14 1 0 2
node 21 1 0 0
gene  1 1 13 1.1986008112847195 0 168.0 1.1986008112847195 1
gene  1 4 13 0.01898961886450362 0 171.0 0.01898961886450362 1
gene  1 5 13 -4.423093840093058 0 172.0 -4.423093840093058 1
gene  1 7 13 -0.7625153498507333 0 174.0 -0.7625153498507333 1
gene  1 13 13 -2.758063378457309 1 180.0 -2.758063378457309 1
gene  1 2 14 2.0891794625287474 0 183.0 2.0891794625287474 1
gene  1 3 14 -6.388727899345674 0 184.0 -6.388727899345674 1
gene  1 6 14 -0.866561238371645 0 187.0 -0.866561238371645 1
gene  1 13 14 2.874622915350636 0 194.0 2.874622915350636 1
gene  1 14 14 4.09012419938736 1 195.0 4.09012419938736 1
gene  1 6 13 4.108943545984401 0 205.0 4.108943545984401 1
gene  1 5 14 -5.412895043689092 0 223.0 -5.412895043689092 1
gene  1 3 13 6.511355292091661 0 229.0 6.511355292091661 1
gene  1 2 13 0.8180986007923783 0 233.0 0.8180986007923783 1
gene  1 1 21 2.3579869878789115 0 238.0 2.3579869878789115 1
gene  1 21 13 -2.1552790684172 0 239.0 -2.1552790684172 1
gene  1 5 21 -0.36573237270486225 0 253.0 -0.36573237270486225 1
genomeend 7
genomestart  8
trait 1 0.6013816486831691 0.03166108780081611 0.0 0.8800951238994141 1.3947101319955317 0.0 0.7999823718735023 0.0 
node 1 1 1 1
node 2 1 1 1
node 3 1 1 1
node 4 1 1 1
node 5 1 1 1
node 6 1 1 1
node 7 1 1 3
node 8 1 0 0
node 13 1 0 2
node 14 1 0 2
gene  1 1 8 2.306123997676927 0 98.0 2.306123997676927 1
gene  1 2 8 -0.13189972529655303 0 99.0 -0.13189972529655303 1
gene  1 3 8 -5.290398230016784 0 100.0 -5.290398230016784 1
gene  1 4 8 -2.5199730332086463 0 101.0 -2.5199730332086463 1
gene  1 5 8 -2.3117753303915185 0 102.0 -2.3117753303915185 1
gene  1 6 8 -2.522095838925809 0 103.0 -2.522095838925809 1
gene  1 8 8 -3.108800329365148 1 105.0 -3.108800329365148 1
gene  1 13 8 -0.23814091247746916 1 110.0 -0.23814091247746916 1
gene  1 14 8 3.3405513215393365 1 111.0 3.3405513215393365 1
gene  1 3 13 3.5094139060043 0 170.0 3.5094139060043 1
gene  1 5 13 0.2748889528403087 0 172.0 0.2748889528403087 1
gene  1 7 13 -1.6555084531467912 0 174.0 -1.6555084531467912 1
gene  1 13 13 -0.03628375538310613 1 180.0 -0.03628375538310613 1
gene  1 2 14 2.972948635258523 0 183.0 2.972948635258523 1
gene  1 4 14 -1.0977071634488849 0 185.0 -1.0977071634488849 1
gene  1 6 14 -1.2926901522641718 0 187.0 -1.2926901522641718 1
gene  1 8 14 2.5929975635444658 0 189.0 2.5929975635444658 1
gene  1 13 14 -0.5340262607498619 0 194.0 -0.5340262607498619 1
gene  1 2 13 0.3895277206543739 0 213.0 0.3895277206543739 1
gene  1 4 13 1.6809552112263806 0 230.0 1.6809552112263806 1
gene  1 13 8 0.8182445411161974 0 244.0 0.8182445411161974 1
gene  1 7 14 -9.173640205789864 0 264.0 -9.173640205789864 1
genomeend 8
genomestart  9
trait 1 0.6013816486831691 0.03166108780081611 0.0 0.8800951238994141 1.3947101319955317 0.0 0.7999823718735023 0.0 
node 1 1 1 1
node 2 1 1 1
node 3 1 1 1
node 4 1 1 1
node 5 1 1 1
node 6 1 1 1
node 7 1 1 3
node 8 1 0 0
node 13 1 0 2
node 14 1 0 2
gene  1 1 8 2.6027894678674866 0 98.0 2.6027894678674866 1
gene  1 2 8 1.1884309331337113 0 99.0 1.1884309331337113 1
gene  1 3 8 -4.4165756098792635 0 100.0 -4.4165756098792635 1
gene  1 4 8 -2.136514633626487 0 101.0 -2.136514633626487 1
gene  1 5 8 -3.308253019831497 0 102.0 -3.308253019831497 1
gene  1 6 8 -2.889359475912796 0 103.0 -2.889359475912796 1
gene  1 8 8 -0.947260728415007 1 105.0 -0.947260728415007 1
gene  1 13 8 -2.6014828933539045 1 110.0 -2.6014828933539045 1
gene  1 14 8 3.6729961942777076 1 111.0 3.6729961942777076 1
gene  1 3 13 1.6560045343955256 0 170.0 1.6560045343955256 1
gene  1 5 13 -0.773320295361468 0 172.0 -0.773320295361468 1
gene  1 7 13 -3.189087674420149 0 174.0 -3.189087674420149 1
gene  1 13 13 0.8133175876785519 1 180.0 0.8133175876785519 1
gene  1 2 14 4.2642323857627344 0 183.0 4.2642323857627344 1
gene  1 4 14 0.46276513544988074 0 185.0 0.46276513544988074 1
gene  1 6 14 -0.14776572983705116 0 187.0 -0.14776572983705116 1
gene  1 8 14 3.763656248833369 0 189.0 3.763656248833369 1
gene  1 13 14 0.5062339939038979 0 194.0 0.5062339939038979 1
gene  1 2 13 2.0590075211841112 0 213.0 2.0590075211841112 1
gene  1 4 13 1.4787207068064137 0 230.0 1.4787207068064137 1
gene  1 13 8 1.0796155251722395 0 244.0 1.0796155251722395 1
genomeend 9
genomestart  10
trait 1 1.005894589317995 0.0 0.0 0.7114720370213098 1.5610523093872115 0.3493210991972051 0.0 0.0 
node 1 1 1 1
node 2 1 1 1
node 3 1 1 1
node 4 1 1 1
node 5 1 1 1
node 6 1 1 1
node 7 1 1 3
node 8 1 0 0
node 9 1 0 0
node 10 1 0 0
node 13 1 0 2
node 14 1 0 2
gene  1 1 8 -1.4655268072470413 0 98.0 -1.4655268072470413 1
gene  1 3 8 -5.2853739065542165 0 100.0 -5.2853739065542165 1
gene  1 5 8 1.0756669561162013 0 102.0 1.0756669561162013 1
gene  1 6 8 3.2221018711941487 0 103.0 3.2221018711941487 1
gene  1 8 8 -6.614501327118509 1 105.0 -6.614501327118509 1
gene  1 1 9 -0.599307746659215 0 112.0 -0.599307746659215 1
gene  1 2 9 -1.134205183312225 0 113.0 -1.134205183312225 1
gene  1 3 9 -5.240612098690643 0 114.0 -5.240612098690643 1
gene  1 5 9 0.9906515309346013 0 116.0 0.9906515309346013 1
gene  1 7 9 2.1503189464045245 0 118.0 2.1503189464045245 1
gene  1 9 9 -0.6200349440138582 1 120.0 -0.6200349440138582 1
gene  1 10 9 -2.4760283516913946 1 121.0 -2.4760283516913946 1
gene  1 13 9 1.9138857998218815 1 124.0 1.9138857998218815 1
gene  1 2 10 0.9479251468767544 0 127.0 0.9479251468767544 1
gene  1 4 10 0.6368841087430919 0 129.0 0.6368841087430919 1
gene  1 5 10 -2.250393283649613 0 130.0 -2.250393283649613 1
gene  1 8 10 -1.929742026438578 0 133.0 -1.929742026438578 1
gene  1 9 10 1.9219554264430194 0 134.0 1.9219554264430194 1
gene  1 10 10 -4.765719360732264 1 135.0 -4.765719360732264 1
gene  1 13 10 3.3118675063931424 1 138.0 3.3118675063931424 1
gene  1 14 10 -1.243206627945756 1 139.0 -1.243206627945756 1
gene  1 2 13 -5.800746729689388 0 169.0 -5.800746729689388 1
gene  1 3 13 -1.3080611901886507 0 170.0 -1.3080611901886507 1
gene  1 6 13 -1.4421992754714394 0 173.0 -1.4421992754714394 1
gene  1 7 13 -1.5640438491724695 0 174.0 -1.5640438491724695 1
gene  1 9 13 -0.8234308054505318 0 176.0 -0.8234308054505318 1
gene  1 13 13 5.589055549612091 1 180.0 5.589055549612091 1
gene  1 14 13 -0.6820294113700995 1 181.0 -0.6820294113700995 1
gene  1 1 14 -11.107675416817047 0 182.0 -11.107675416817047 1
gene  1 3 14 -4.175422450237011 0 184.0 -4.175422450237011 1
gene  1 9 14 -0.5215364781684011 0 190.0 -0.5215364781684011 1
gene  1 10 14 1.2848522201591699 0 191.0 1.2848522201591699 1
gene  1 8 13 -1.0569675265224556 0 207.0 -1.0569675265224556 1
gene  1 1 10 -3.0225635716425847 0 226.0 -3.0225635716425847 1
gene  1 6 14 -1.3172327533626778 0 234.0 -1.3172327533626778 1
genomeend 10
genomestart  11
trait 1 1.005894589317995 0.0 0.0 0.7114720370213098 1.5610523093872115 0.3493210991972051 0.0 0.0 
node 1 1 1 1
node 2 1 1 1
node 3 1 1 1
node 4 1 1 1
node 5 1 1 1
node 6 1 1 1
node 7 1 1 3
node 8 1 0 0
node 9 1 0 0
node 10 1 0 0
node 13 1 0 2
node 14 1 0 2
gene  1 1 8 -1.6745699896950699 0 98.0 -1.6745699896950699 1
gene  1 3 8 -5.136132084459341 0 100.0 -5.136132084459341 1
gene  1 5 8 -0.2295841954299438 0 102.0 -0.2295841954299438 1
gene  1 6 8 0.11588643578176655 0 103.0 0.11588643578176655 1
gene  1 8 8 -6.15771695610967 1 105.0 -6.15771695610967 1
gene  1 1 9 -0.4959719681050198 0 112.0 -0.4959719681050198 1
gene  1 2 9 -2.4026582998518653 0 113.0 -2.4026582998518653 1
gene  1 3 9 -0.5000383662681982 0 114.0 -0.5000383662681982 1
gene  1 5 9 2.927856477493359 0 116.0 2.927856477493359 1
gene  1 7 9 0.9509560027296746 0 118.0 0.9509560027296746 1
gene  1 9 9 -0.6926981861686886 1 120.0 -0.6926981861686886 1
gene  1 10 9 -1.6254435615627032 1 121.0 -1.6254435615627032 1
gene  1 13 9 -1.0751038502543557 1 124.0 -1.0751038502543557 1
gene  1 2 10 2.367010034128722 0 127.0 2.367010034128722 1
gene  1 4 10 2.873341627880315 0 129.0 2.873341627880315 1
gene  1 5 10 -1.1492656661182497 0 130.0 -1.1492656661182497 1
gene  1 8 10 -0.7939549755253759 0 133.0 -0.7939549755253759 1
gene  1 9 10 0.15112170474185838 0 134.0 0.15112170474185838 1
gene  1 10 10 -4.840748267328744 1 135.0 -4.840748267328744 1
gene  1 13 10 3.7739240473041926 1 138.0 3.7739240473041926 1
gene  1 14 10 0.4399084992099536 1 139.0 0.4399084992099536 1
gene  1 2 13 -4.520071015499932 0 169.0 -4.520071015499932 1
gene  1 3 13 2.431453321821076 0 170.0 2.431453321821076 1
gene  1 6 13 -0.07231280224856107 0 173.0 -0.07231280224856107 1
gene  1 7 13 -2.4832179688924176 0 174.0 -2.4832179688924176 1
gene  1 9 13 -2.935454305592951 0 176.0 -2.935454305592951 1
gene  1 13 13 1.6550735667600218 1 180.0 1.6550735667600218 1
gene  1 14 13 0.1327257765089812 1 181.0 0.1327257765089812 1
gene  1 1 14 -14.517349154683409 0 182.0 -14.517349154683409 1
gene  1 3 14 -2.1305163783880534 0 184.0 -2.1305163783880534 1
gene  1 9 14 -2.201357878478079 0 190.0 -2.201357878478079 1
gene  1 10 14 -0.021503620402194057 0 191.0 -0.021503620402194057 1
gene  1 8 13 -2.238737232105241 0 207.0 -2.238737232105241 1
gene  1 1 10 -4.723813962920598 0 226.0 -4.723813962920598 1
gene  1 6 14 -0.9244228065009086 0 234.0 -0.9244228065009086 1
genomeend 11
genomestart  12
trait 1 0.0 0.0 0.4047372828381034 0.0 1.1905783516961135 0.0 0.0 0.6290818923229079 
node 1 1 1 1
node 2 1 1 1
node 3 1 1 1
node 4 1 1 1
node 5 1 1 1
node 6 1 1 1
node 7 1 1 3
node 8 1 0 0
node 13 1 0 2
node 14 1 0 2
node 22 1 0 0
gene  1 1 8 0.53439288655612 0 98.0 0.53439288655612 1
gene  1 3 8 -1.5170535030290107 0 100.0 -1.5170535030290107 1
gene  1 4 8 -0.3771741376264465 0 101.0 -0.3771741376264465 1
gene  1 5 8 3.079976982223669 0 102.0 3.079976982223669 1
gene  1 6 8 1.4837583426735121 0 103.0 1.4837583426735121 1
gene  1 8 8 2.06318380254906 1 105.0 2.06318380254906 1
gene  1 1 13 -2.7346093056538074 0 168.0 -2.7346093056538074 1
gene  1 5 13 7.557592412202576 0 172.0 7.557592412202576 1
gene  1 13 13 -0.45021880403068737 1 180.0 -0.45021880403068737 1
gene  1 14 13 0.9689138813508562 1 181.0 0.9689138813508562 1
gene  1 2 14 -2.7100355769864883 0 183.0 -2.7100355769864883 1
gene  1 3 14 -4.192220776253736 0 184.0 -4.192220776253736 1
gene  1 5 14 6.932986690518233 0 186.0 6.932986690518233 1
gene  1 7 14 -1.8993399543430682 0 188.0 -1.8993399543430682 1
gene  1 8 14 -3.278055436540435 0 189.0 -3.278055436540435 1
gene  1 13 14 1.1864307364571078 0 194.0 1.1864307364571078 1
gene  1 2 13 4.092629525479125 0 236.0 4.092629525479125 1
gene  1 8 22 -2.9633799808710957 0 240.0 -2.9633799808710957 1
gene  1 22 14 -0.17036382220876178 0 241.0 -0.17036382220876178 1
gene  1 1 22 1.0860080914744166 0 245.0 1.0860080914744166 1
gene  1 13 8 -3.06960089670348 0 257.0 -3.06960089670348 1
gene  1 5 22 -2.7729871943762663 0 265.0 -2.7729871943762663 1
genomeend 12
genomestart  13
trait 1 0.0 0.0 0.4047372828381034 0.0 1.1905783516961135 0.0 0.0 0.6290818923229079 
node 1 1 1 1
node 2 1 1 1
node 3 1 1 1
node 4 1 1 1
node 5 1 1 1
node 6 1 1 1
node 7 1 1 3
node 8 1 0 0
node 13 1 0 2
node 14 1 0 2
node 22 1 0 0
gene  1 1 8 -0.8176552204960363 0 98.0 -0.8176552204960363 1
gene  1 3 8 0.28837532504141583 0 100.0 0.28837532504141583 1
gene  1 4 8 2.0995777528742328 0 101.0 2.0995777528742328 1
gene  1 5 8 4.596750920087501 0 102.0 4.596750920087501 1
gene  1 6 8 1.4837583426735121 0 103.0 1.4837583426735121 1
gene  1 8 8 -1.0266093450233482 1 105.0 -1.0266093450233482 1
gene  1 1 13 -3.6355805356383812 0 168.0 -3.6355805356383812 1
gene  1 5 13 0.9685327850816552 0 172.0 0.9685327850816552 1
gene  1 13 13 0.27414310652789375 1 180.0 0.27414310652789375 1
gene  1 14 13 -1.3943368671856653 1 181.0 -1.3943368671856653 1
gene  1 2 14 -1.33964055338642 0 183.0 -1.33964055338642 1
gene  1 3 14 -3.6031448525712317 0 184.0 -3.6031448525712317 1
gene  1 5 14 1.4522731125325763 0 186.0 1.4522731125325763 1
gene  1 7 14 -2.7389201143152535 0 188.0 -2.7389201143152535 1
gene  1 8 14 -4.702937164447526 0 189.0 -4.702937164447526 1
gene  1 13 14 0.799261572702975 0 194.0 0.799261572702975 1
gene  1 2 13 -0.5846247688916386 0 236.0 -0.5846247688916386 1
gene  1 8 22 -2.8542693690211753 0 240.0 -2.8542693690211753 1
gene  1 22 14 -1.8248427432926304 0 241.0 -1.8248427432926304 1
gene  1 1 22 3.5001489613430357 0 245.0 3.5001489613430357 1
gene  1 13 8 -1.1600540762381346 0 257.0 -1.1600540762381346 1
genomeend 13
genomestart  14
trait 1 0.0 0.0 0.0 0.0 0.0 0.16725497665413347 0.0 0.0 
node 1 1 1 1
node 2 1 1 1
node 3 1 1 1
node 4 1 1 1
node 5 1 1 1
node 6 1 1 1
node 7 1 1 3
node 13 1 0 2
node 14 1 0 2
gene  1 1 13 -0.14121263861284628 0 168.0 -0.14121263861284628 1
gene  1 2 13 13.33295754967701 0 169.0 13.33295754967701 1
gene  1 3 13 2.755745002658074 0 170.0 2.755745002658074 1
gene  1 4 13 -2.0427331027997746 0 171.0 -2.0427331027997746 1
gene  1 5 13 6.7816945424402135 0 172.0 6.7816945424402135 1
gene  1 6 13 -2.008033924956783 0 173.0 -2.008033924956783 1
gene  1 7 13 4.70851905148312 0 174.0 4.70851905148312 1
gene  1 14 13 1.3068788157197977 1 181.0 1.3068788157197977 1
gene  1 1 14 -5.752422290143436 0 182.0 -5.752422290143436 1
gene  1 2 14 -1.2219497635756793 0 183.0 -1.2219497635756793 1
gene  1 3 14 2.3834713565699768 0 184.0 2.3834713565699768 1
gene  1 13 14 1.4005745156641662 0 194.0 1.4005745156641662 1
gene  1 14 14 -2.4700638569496283 1 195.0 -2.4700638569496283 1
genomeend 14
genomestart  15
trait 1 0.0 0.0 0.0 0.0 0.0 0.16725497665413347 0.0 0.0 
node 1 1 1 1
node 2 1 1 1
node 3 1 1 1
node 4 1 1 1
node 5 1 1 1
node 6 1 1 1
node 7 1 1 3
node 13 1 0 2
node 14 1 0 2
gene  1 1 13 0.7323231735390694 0 168.0 0.7323231735390694 1
gene  1 2 13 12.862752225293335 0 169.0 12.862752225293335 1
gene  1 3 13 1.0320283940584685 0 170.0 1.0320283940584685 1
gene  1 4 13 -1.6595664923998714 0 171.0 -1.6595664923998714 1
gene  1 5 13 3.5918798713849043 0 172.0 3.5918798713849043 1
gene  1 6 13 -3.3143194557429605 0 173.0 -3.3143194557429605 1
gene  1 7 13 7.109294741734295 0 174.0 7.109294741734295 1
gene  1 14 13 2.75693912442361 1 181.0 2.75693912442361 1
gene  1 1 14 -6.003144667959154 0 182.0 -6.003144667959154 1
gene  1 2 14 0.8339674450194897 0 183.0 0.8339674450194897 1
gene  1 3 14 3.835384223346846 0 184.0 3.835384223346846 1
gene  1 13 14 -0.5419880517105615 0 194.0 -0.5419880517105615 1
gene  1 14 14 -2.8135799385190983 1 195.0 -2.8135799385190983 1
genomeend 15
genomestart  16
trait 1 1.5789445155882764 0.0 0.2958241585930085 0.12971611567778152 0.2545070174269727 1.2499591227944433 0.0 0.0 
node 1 1 1 1
node 2 1 1 1
node 3 1 1 1
node 4 1 1 1
node 5 1 1 1
node 6 1 1 1
node 7 1 1 3
node 8 1 0 0
node 9 1 0 0
node 13 1 0 2
node 14 1 0 2
node 20 1 0 0
gene  1 1 8 0.9234304510274507 0 98.0 0.9234304510274507 1
gene  1 2 8 -5.777505600935511 0 99.0 -5.777505600935511 1
gene  1 3 8 1.0840073592486086 0 100.0 1.0840073592486086 1
gene  1 6 8 3.235729012093402 0 103.0 3.235729012093402 1
gene  1 8 8 3.0069844429320174 1 105.0 3.0069844429320174 1
gene  1 9 8 11.075002830025916 1 106.0 11.075002830025916 1
gene  1 13 8 -1.3684327340838178 1 110.0 -1.3684327340838178 1
gene  1 14 8 2.4917479920478107 1 111.0 2.4917479920478107 1
gene  1 1 9 -8.325762958197961 0 112.0 -8.325762958197961 1
gene  1 4 9 -3.6294574096450813 0 115.0 -3.6294574096450813 1
gene  1 5 9 3.6552988641576833 0 116.0 3.6552988641576833 1
gene  1 7 9 -7.208743825895592 0 118.0 -7.208743825895592 1
gene  1 9 9 6.475952161576284 1 120.0 6.475952161576284 1
gene  1 14 9 -4.4962776556883135 1 125.0 -4.4962776556883135 1
gene  1 2 13 -6.322710278273993 0 169.0 -6.322710278273993 1
gene  1 5 13 3.871348222845275 0 172.0 3.871348222845275 1
gene  1 8 13 2.041195816813209 0 175.0 2.041195816813209 1
gene  1 1 14 -0.4363825495247675 0 182.0 -0.4363825495247675 0
gene  1 2 14 17.107734820964517 0 183.0 17.107734820964517 1
gene  1 3 14 -5.180192211025634 0 184.0 -5.180192211025634 1
gene  1 6 14 3.68870328732012 0 187.0 3.68870328732012 1
gene  1 13 14 1.2857275002792048 0 194.0 1.2857275002792048 1
gene  1 14 14 -0.07034594423608165 1 195.0 -0.07034594423608165 1
gene  1 5 8 -0.6055694031861281 0 202.0 -0.6055694031861281 1
gene  1 4 13 -1.3491722295074393 0 220.0 -1.3491722295074393 1
gene  1 1 20 0.5510316483831446 0 231.0 0.5510316483831446 1
gene  1 20 14 -1.656063322039523 0 232.0 -1.656063322039523 1
genomeend 16
genomestart  17
trait 1 0.8771523772675741 0.0 0.4837506990707928 0.0 0.10536140174041086 1.2499591227944433 0.0 0.0 
node 1 1 1 1
node 2 1 1 1
node 3 1 1 1
node 4 1 1 1
node 5 1 1 1
node 6 1 1 1
node 7 1 1 3
node 8 1 0 0
node 9 1 0 0
node 13 1 0 2
node 14 1 0 2
node 20 1 0 0
gene  1 1 8 -1.3556903162682796 0 98.0 -1.3556903162682796 1
gene  1 2 8 -3.5931104589316414 0 99.0 -3.5931104589316414 1
gene  1 3 8 -1.054620596733174 0 100.0 -1.054620596733174 1
gene  1 6 8 3.938605279483792 0 103.0 3.938605279483792 1
gene  1 8 8 2.144561218402985 1 105.0 2.144561218402985 1
gene  1 9 8 7.892338206687828 1 106.0 7.892338206687828 1
gene  1 13 8 -2.8594460269599513 1 110.0 -2.8594460269599513 1
gene  1 14 8 -0.5017401990584258 1 111.0 -0.5017401990584258 1
gene  1 1 9 -8.563275765244235 0 112.0 -8.563275765244235 1
gene  1 4 9 -4.047492141714102 0 115.0 -4.047492141714102 1
gene  1 5 9 0.30148469310429915 0 116.0 0.30148469310429915 1
gene  1 7 9 -8.877710695224906 0 118.0 -8.877710695224906 1
gene  1 9 9 4.066421605553908 1 120.0 4.066421605553908 1
gene  1 14 9 -2.707353312602762 1 125.0 -2.707353312602762 1
gene  1 2 13 0.6441181840379198 0 169.0 0.6441181840379198 1
gene  1 5 13 3.888616006826633 0 172.0 3.888616006826633 1
gene  1 8 13 3.4720175399291415 0 175.0 3.4720175399291415 1
gene  1 1 14 -2.782725982123524 0 182.0 -2.782725982123524 0
gene  1 2 14 -1.8644282202473166 0 183.0 -1.8644282202473166 1
gene  1 3 14 -5.983708698997072 0 184.0 -5.983708698997072 1
gene  1 6 14 1.8015525788703728 0 187.0 1.8015525788703728 1
gene  1 13 14 4.808047518140137 0 194.0 4.808047518140137 1
gene  1 14 14 0.015143579040223676 1 195.0 0.015143579040223676 1
gene  1 5 8 2.456564029610809 0 202.0 2.456564029610809 1
gene  1 4 13 0.8085765854998577 0 220.0 0.8085765854998577 1
gene  1 1 20 -4.1002548018714045 0 231.0 -4.1002548018714045 1
gene  1 20 14 -1.8910696291191211 0 232.0 -1.8910696291191211 1
genomeend 17
genomestart  18
trait 1 0.0 0.0 0.0 0.0 0.0 0.3897189752820519 0.17983145715932447 0.07895419735974474 
node 1 1 1 1
node 2 1 1 1
node 3 1 1 1
node 4 1 1 1
node 5 1 1 1
node 6 1 1 1
node 7 1 1 3
node 13 1 0 2
node 14 1 0 2
gene  1 1 13 -6.745851334480262 0 168.0 -6.745851334480262 1
gene  1 2 13 -1.6706967443265663 0 169.0 -1.6706967443265663 1
gene  1 5 13 5.899828751817027 0 172.0 5.899828751817027 1
gene  1 6 13 -3.752895806758189 0 173.0 -3.752895806758189 1
gene  1 7 13 -0.2452327668995558 0 174.0 -0.2452327668995558 1
gene  1 3 14 -3.3405588027372968 0 184.0 -3.3405588027372968 1
gene  1 4 14 10.024985396486253 0 185.0 10.024985396486253 1
gene  1 7 14 -3.8559901604034152 0 188.0 -3.8559901604034152 1
gene  1 13 14 -0.5651585940535888 0 194.0 -0.5651585940535888 1
gene  1 14 14 -2.323447857229677 1 195.0 -2.323447857229677 1
gene  1 4 13 -1.9735327503543894 0 235.0 -1.9735327503543894 1
gene  1 1 14 0.8748532751535845 0 242.0 0.8748532751535845 1
genomeend 18
genomestart  19
trait 1 0.0 0.8507286365631731 0.8412243628926098 0.8164647912856297 0.6061681788876561 0.0 0.0 0.07895419735974474 
node 1 1 1 1
node 2 1 1 1
node 3 1 1 1
node 4 1 1 1
node 5 1 1 1
node 6 1 1 1
node 7 1 1 3
node 13 1 0 2
node 14 1 0 2
gene  1 1 13 -6.088433528066709 0 168.0 -6.088433528066709 1
gene  1 2 13 -1.22264888660731 0 169.0 -1.22264888660731 1
gene  1 5 13 4.402690416580169 0 172.0 4.402690416580169 1
gene  1 6 13 -4.603143647948431 0 173.0 -4.603143647948431 1
gene  1 7 13 0.14835642644639596 0 174.0 0.14835642644639596 1
gene  1 3 14 -4.12114600304035 0 184.0 -4.12114600304035 1
gene  1 4 14 0.13857599875976567 0 185.0 0.13857599875976567 1
gene  1 7 14 -5.585622842663235 0 188.0 -5.585622842663235 1
gene  1 13 14 -5.423052577509555 0 194.0 -5.423052577509555 1
gene  1 14 14 -0.03154801755411096 1 195.0 -0.03154801755411096 1
gene  1 4 13 -2.768738146405516 0 235.0 -2.768738146405516 1
gene  1 1 14 0.7551961645832332 0 242.0 0.7551961645832332 1
genomeend 19
