genomestart  0
trait 1 0.26937214532678067 0.0 1.8254139724488396 1.5024151630235587 2.3189347262940103 0.5573727924223622 0.4459857763917555 1.6429921308966946 
node 1 1 1 1
node 2 1 1 1
node 3 1 1 1
node 4 1 1 1
node 5 1 1 1
node 6 1 1 1
node 7 1 1 3
node 13 1 0 2
node 14 1 0 2
node 21 1 0 0
node 24 1 0 0
node 34 1 0 0
node 67 1 0 0
node 72 1 0 0
node 78 1 0 0
gene  1 1 13 -3.965099899807073 0 168.0 -3.965099899807073 0
gene  1 4 13 -4.5552658644492885 0 171.0 -4.5552658644492885 1
gene  1 5 13 1.741516035593496 0 172.0 1.741516035593496 1
gene  1 7 13 2.5229853886749876 0 174.0 2.5229853886749876 1
gene  1 13 13 -1.9724588626389505 1 180.0 -1.9724588626389505 1
gene  1 2 14 0.19339783720443338 0 183.0 0.19339783720443338 1
gene  1 3 14 5.092251639664786 0 184.0 5.092251639664786 1
gene  1 6 14 -2.5631940874528985 0 187.0 -2.5631940874528985 1
gene  1 13 14 -0.04660300719587385 0 194.0 -0.04660300719587385 1
gene  1 14 14 -3.311370208717384 1 195.0 -3.311370208717384 1
gene  1 6 13 2.3657081624691685 0 205.0 2.3657081624691685 1
gene  1 5 14 -4.873597128721952 0 223.0 -4.873597128721952 1
gene  1 3 13 5.524124156601711 0 229.0 5.524124156601711 1
gene  1 2 13 -2.254578443368526 0 233.0 -2.254578443368526 1
gene  1 1 21 16.442522660318858 0 238.0 16.442522660318858 1
gene  1 21 13 0.02461896246180656 0 239.0 0.02461896246180656 1
gene  1 5 21 -1.4181978615501005 0 253.0 -1.4181978615501005 1
gene  1 3 21 0.2058133945185786 0 270.0 0.2058133945185786 1
gene  1 1 24 -1.378119138605948 0 275.0 -1.378119138605948 1
gene  1 24 13 -1.0065623101198296 0 276.0 -1.0065623101198296 1
gene  1 3 34 8.291922514622522 0 315.0 8.291922514622522 1
gene  1 34 14 -0.7426611089799087 0 316.0 -0.7426611089799087 0
gene  1 3 24 2.6522104402375923 0 324.0 2.6522104402375923 1
gene  1 2 21 -1.2166376648508708 0 350.0 -1.2166376648508708 1
gene  1 34 13 -3.1227467098372816 0 355.0 -3.1227467098372816 1
gene  1 1 34 -2.085635457342168 0 361.0 -2.085635457342168 1
gene  1 7 14 -4.50948765315338 0 388.0 -4.50948765315338 1
gene  1 24 14 3.2474706900020918 0 468.0 3.2474706900020918 1
gene  1 34 67 1.776056070169582 0 491.0 1.776056070169582 1
gene  1 67 14 0.27713371771699385 0 492.0 0.27713371771699385 1
gene  1 1 72 2.633084313572888 0 505.0 2.633084313572888 1
gene  1 72 13 0.5796510914498225 0 506.0 0.5796510914498225 1
gene  1 1 78 0.4970918172021818 0 530.0 0.4970918172021818 1
gene  1 78 72 1.2258386877429435 0 531.0 1.2258386877429435 1
gene  1 5 72 1.7111774916377902 0 565.0 1.7111774916377902 1
gene  1 78 14 1.319642553656033 0 577.0 1.319642553656033 1
gene  1 7 21 6.84318787413495 0 604.0 6.84318787413495 1
genomeend 0
genomestart  1
trait 1 0.26937214532678067 0.0 1.8254139724488396 1.5024151630235587 2.3189347262940103 0.5573727924223622 0.4459857763917555 1.6429921308966946 
node 1 1 1 1
node 2 1 1 1
node 3 1 1 1
node 4 1 1 1
node 5 1 1 1
node 6 1 1 1
node 7 1 1 3
node 13 1 0 2
node 14 1 0 2
node 21 1 0 0
node 24 1 0 0
node 34 1 0 0
node 67 1 0 0
node 72 1 0 0
node 78 1 0 0
node 98 1 0 0
gene  1 1 13 -3.965099899807073 0 168.0 -3.965099899807073 1
gene  1 4 13 -4.5552658644492885 0 171.0 -4.5552658644492885 1
gene  1 5 13 1.741516035593496 0 172.0 1.741516035593496 1
gene  1 7 13 2.5229853886749876 0 174.0 2.5229853886749876 1
gene  1 13 13 -1.9724588626389505 1 180.0 -1.9724588626389505 1
gene  1 2 14 0.19339783720443338 0 183.0 0.19339783720443338 1
gene  1 3 14 5.092251639664786 0 184.0 5.092251639664786 1
gene  1 6 14 -2.5631940874528985 0 187.0 -2.5631940874528985 1
gene  1 13 14 -0.04660300719587385 0 194.0 -0.04660300719587385 1
gene  1 14 14 -3.311370208717384 1 195.0 -3.311370208717384 1
gene  1 6 13 2.3657081624691685 0 205.0 2.3657081624691685 1
gene  1 5 14 -4.873597128721952 0 223.0 -4.873597128721952 1
gene  1 3 13 5.524124156601711 0 229.0 5.524124156601711 1
gene  1 2 13 -2.254578443368526 0 233.0 -2.254578443368526 1
gene  1 1 21 16.442522660318858 0 238.0 16.442522660318858 1
gene  1 21 13 0.02461896246180656 0 239.0 0.02461896246180656 1
gene  1 5 21 -1.4181978615501005 0 253.0 -1.4181978615501005 1
gene  1 3 21 0.2058133945185786 0 270.0 0.2058133945185786 1
gene  1 1 24 -1.378119138605948 0 275.0 -1.378119138605948 1
gene  1 24 13 -1.0065623101198296 0 276.0 -1.0065623101198296 1
gene  1 3 34 8.291922514622522 0 315.0 8.291922514622522 1
gene  1 34 14 -0.7426611089799087 0 316.0 -0.7426611089799087 1
gene  1 3 24 2.6522104402375923 0 324.0 2.6522104402375923 1
gene  1 2 21 -1.2166376648508708 0 350.0 -1.2166376648508708 1
gene  1 34 13 -3.1227467098372816 0 355.0 -3.1227467098372816 1
gene  1 1 34 -2.085635457342168 0 361.0 -2.085635457342168 0
gene  1 7 14 -4.50948765315338 0 388.0 -4.50948765315338 1
gene  1 24 14 3.2474706900020918 0 468.0 3.2474706900020918 1
gene  1 34 67 1.776056070169582 0 491.0 1.776056070169582 1
gene  1 67 14 0.27713371771699385 0 492.0 0.27713371771699385 1
gene  1 1 72 2.633084313572888 0 505.0 2.633084313572888 1
gene  1 72 13 0.5796510914498225 0 506.0 0.5796510914498225 1
gene  1 1 78 0.4970918172021818 0 530.0 0.4970918172021818 1
gene  1 78 72 1.2258386877429435 0 531.0 1.2258386877429435 1
gene  1 5 72 1.7111774916377902 0 565.0 1.7111774916377902 1
gene  1 78 14 1.319642553656033 0 577.0 1.319642553656033 1
gene  1 1 98 1.0 0 605.0 0.0 1
gene  1 98 34 -2.085635457342168 0 606.0 0.0 1
genomeend 1
genomestart  2
trait 1 1.939229322238783 2.3343119142163693 0.747276035170299 2.969549466943627 1.5076454025049317 0.0 1.5989666598479386 0.2837832966800675 
node 1 1 1 1
node 2 1 1 1
node 3 1 1 1
node 4 1 1 1
node 5 1 1 1
node 6 1 1 1
node 7 1 1 3
node 8 1 0 0
node 13 1 0 2
node 14 1 0 2
node 39 1 0 0
node 42 1 0 0
node 51 1 0 0
node 68 1 0 0
node 77 1 0 0
gene  1 1 8 -2.3109862857978234 0 98.0 -2.3109862857978234 1
gene  1 2 8 1.2799004108692063 0 99.0 1.2799004108692063 1
gene  1 3 8 3.344803667510188 0 100.0 3.344803667510188 1
gene  1 4 8 -1.8799888710926982 0 101.0 -1.8799888710926982 1
gene  1 5 8 -0.4042454047847168 0 102.0 -0.4042454047847168 1
gene  1 6 8 -4.502926348563667 0 103.0 -4.502926348563667 1
gene  1 8 8 0.33718388257642196 1 105.0 0.33718388257642196 1
gene  1 13 8 -1.7250519340075763 1 110.0 -1.7250519340075763 1
gene  1 14 8 5.270933437359065 1 111.0 5.270933437359065 1
gene  1 3 13 2.7206814192984075 0 170.0 2.7206814192984075 1
gene  1 5 13 -1.2218025068008436 0 172.0 -1.2218025068008436 1
gene  1 7 13 6.1904567237689205 0 174.0 6.1904567237689205 1
gene  1 13 13 4.309543138197724 1 180.0 4.309543138197724 1
gene  1 2 14 5.211511320160234 0 183.0 5.211511320160234 1
gene  1 4 14 2.520641069344686 0 185.0 2.520641069344686 1
gene  1 6 14 -1.526785077127585 0 187.0 -1.526785077127585 1
gene  1 8 14 -0.9041074225930597 0 189.0 -0.9041074225930597 1
gene  1 13 14 -0.7914790456725036 0 194.0 -0.7914790456725036 1
gene  1 2 13 1.7440175020283362 0 213.0 1.7440175020283362 1
gene  1 4 13 7.993435260640286 0 230.0 7.993435260640286 1
gene  1 13 8 2.3094285007890774 0 244.0 2.3094285007890774 1
gene  1 7 14 2.0402061054983194 0 264.0 2.0402061054983194 1
gene  1 1 14 1.1188259287003754 0 299.0 1.1188259287003754 1
gene  1 5 14 -12.152582760282728 0 310.0 -12.152582760282728 1
gene  1 1 13 0.0587895342639293 0 311.0 0.0587895342639293 1
gene  1 13 39 -4.356883520035263 0 344.0 -4.356883520035263 1
gene  1 39 8 -1.3167788516399868 0 345.0 -1.3167788516399868 1
gene  1 6 13 1.6684172096032284 0 348.0 1.6684172096032284 1
gene  1 2 42 0.8430781304048542 0 359.0 0.8430781304048542 1
gene  1 42 14 -1.4675730429238745 0 360.0 -1.4675730429238745 1
gene  1 13 42 -1.6525058525283582 0 366.0 -1.6525058525283582 1
gene  1 5 51 -5.360258809544962 0 396.0 -5.360258809544962 1
gene  1 51 14 9.260801424118377 0 397.0 9.260801424118377 1
gene  1 6 42 0.4057954839425004 0 423.0 0.4057954839425004 1
gene  1 39 42 0.7867439949879951 0 426.0 0.7867439949879951 1
gene  1 51 13 2.0265628664042983 0 475.0 2.0265628664042983 1
gene  1 39 14 -0.9747119990117523 0 476.0 -0.9747119990117523 1
gene  1 5 39 -5.787114141537034 0 485.0 -5.787114141537034 1
gene  1 5 68 -1.5170283752484042 0 493.0 -1.5170283752484042 1
gene  1 68 39 -2.875903827922481 0 494.0 -2.875903827922481 1
gene  1 4 51 -1.6686392615179892 0 514.0 -1.6686392615179892 1
gene  1 39 77 -0.5352648016683892 0 528.0 -0.5352648016683892 1
gene  1 77 8 7.008472790143727 0 529.0 7.008472790143727 1
genomeend 2
genomestart  3
trait 1 1.939229322238783 2.3343119142163693 0.747276035170299 2.969549466943627 1.5076454025049317 0.0 1.5989666598479386 0.2837832966800675 
node 1 1 1 1
node 2 1 1 1
node 3 1 1 1
node 4 1 1 1
node 5 1 1 1
node 6 1 1 1
node 7 1 1 3
node 8 1 0 0
node 13 1 0 2
node 14 1 0 2
node 39 1 0 0
node 42 1 0 0
node 51 1 0 0
node 68 1 0 0
node 77 1 0 0
gene  1 1 8 -2.097769046978283 0 98.0 -2.097769046978283 1
gene  1 2 8 -0.18699948406846523 0 99.0 -0.18699948406846523 1
gene  1 3 8 1.7544621083254477 0 100.0 1.7544621083254477 1
gene  1 4 8 1.3340579665805476 0 101.0 1.3340579665805476 1
gene  1 5 8 -1.0593357424061434 0 102.0 -1.0593357424061434 1
gene  1 6 8 -1.253686019779357 0 103.0 -1.253686019779357 1
gene  1 8 8 -1.8954492232488014 1 105.0 -1.8954492232488014 1
gene  1 13 8 -0.8382578565404458 1 110.0 -0.8382578565404458 1
gene  1 14 8 7.052960651688341 1 111.0 7.052960651688341 1
gene  1 3 13 2.8311664213395082 0 170.0 2.8311664213395082 1
gene  1 5 13 0.655577331126747 0 172.0 0.655577331126747 1
gene  1 7 13 3.9337374935280596 0 174.0 3.9337374935280596 1
gene  1 13 13 6.156128710300564 1 180.0 6.156128710300564 1
gene  1 2 14 7.846492432955488 0 183.0 7.846492432955488 1
gene  1 4 14 -1.4930975878242023 0 185.0 -1.4930975878242023 1
gene  1 6 14 -1.1330034241655411 0 187.0 -1.1330034241655411 1
gene  1 8 14 -0.7075783296398994 0 189.0 -0.7075783296398994 1
gene  1 13 14 0.9606390219958916 0 194.0 0.9606390219958916 1
gene  1 2 13 3.304195912725896 0 213.0 3.304195912725896 1
gene  1 4 13 5.228376354453857 0 230.0 5.228376354453857 1
gene  1 13 8 3.1289471110094755 0 244.0 3.1289471110094755 1
gene  1 7 14 2.4209675911740516 0 264.0 2.4209675911740516 1
gene  1 1 14 -1.8366884567129163 0 299.0 -1.8366884567129163 1
gene  1 5 14 -9.95888328458292 0 310.0 -9.95888328458292 1
gene  1 1 13 1.674201686766694 0 311.0 1.674201686766694 1
gene  1 13 39 -3.7570700552295415 0 344.0 -3.7570700552295415 1
gene  1 39 8 -1.324534568345948 0 345.0 -1.324534568345948 1
gene  1 6 13 0.6879647055873449 0 348.0 0.6879647055873449 1
gene  1 2 42 -0.102264704126383 0 359.0 -0.102264704126383 1
gene  1 42 14 -2.5223826373002423 0 360.0 -2.5223826373002423 1
gene  1 13 42 -1.5640338613766072 0 366.0 -1.5640338613766072 1
gene  1 5 51 -6.97044502339763 0 396.0 -6.97044502339763 1
gene  1 51 14 7.179017913107693 0 397.0 7.179017913107693 1
gene  1 6 42 -1.5458329377197666 0 423.0 -1.5458329377197666 1
gene  1 39 42 -2.378420065692695 0 426.0 -2.378420065692695 1
gene  1 51 13 -0.5096960067790457 0 475.0 -0.5096960067790457 1
gene  1 39 14 -1.6462525445449188 0 476.0 -1.6462525445449188 1
gene  1 5 39 0.03900946322249965 0 485.0 0.03900946322249965 1
gene  1 5 68 1.9991545030279732 0 493.0 1.9991545030279732 1
gene  1 68 39 -3.5327862357589273 0 494.0 -3.5327862357589273 1
gene  1 4 51 -2.5737988996344034 0 514.0 -2.5737988996344034 1
gene  1 39 77 2.386578533201839 0 528.0 2.386578533201839 1
gene  1 77 8 5.539967510608395 0 529.0 5.539967510608395 1
genomeend 3
genomestart  4
trait 1 2.732431393943948 0.0 0.0 0.798512545900133 0.9382603138953756 0.0 1.9280392103089152 0.8152719799274877 
node 1 1 1 1
node 2 1 1 1
node 3 1 1 1
node 4 1 1 1
node 5 1 1 1
node 6 1 1 1
node 7 1 1 3
node 8 1 0 0
node 9 1 0 0
node 10 1 0 0
node 13 1 0 2
node 14 1 0 2
node 28 1 0 0
node 41 1 0 0
node 43 1 0 0
node 47 1 0 0
node 62 1 0 0
gene  1 1 8 -14.138482852553501 0 98.0 -14.138482852553501 1
gene  1 3 8 7.411901845283529 0 100.0 7.411901845283529 1
gene  1 5 8 -2.030975338880761 0 102.0 -2.030975338880761 1
gene  1 6 8 4.096753491897532 0 103.0 4.096753491897532 1
gene  1 8 8 4.0630403813625 1 105.0 4.0630403813625 1
gene  1 1 9 0.011016080438686682 0 112.0 0.011016080438686682 1
gene  1 2 9 4.223785724447501 0 113.0 4.223785724447501 1
gene  1 3 9 1.0767901210593882 0 114.0 1.0767901210593882 1
gene  1 5 9 -2.5103561427495 0 116.0 -2.5103561427495 1
gene  1 7 9 -6.8235752780169525 0 118.0 -6.8235752780169525 1
gene  1 9 9 -0.37939141259364484 1 120.0 -0.37939141259364484 1
gene  1 10 9 -0.12439759801853167 1 121.0 -0.12439759801853167 1
gene  1 13 9 8.66154078536592 1 124.0 8.66154078536592 1
gene  1 2 10 -3.0523893428653044 0 127.0 -3.0523893428653044 1
gene  1 4 10 1.6985968328362486 0 129.0 1.6985968328362486 1
gene  1 5 10 9.056820989896629 0 130.0 9.056820989896629 1
gene  1 8 10 6.785940857857816 0 133.0 6.785940857857816 1
gene  1 9 10 4.129008924635988 0 134.0 4.129008924635988 1
gene  1 10 10 -2.055371642246944 1 135.0 -2.055371642246944 1
gene  1 13 10 1.2530600677633335 1 138.0 1.2530600677633335 1
gene  1 14 10 -3.7287506964970856 1 139.0 -3.7287506964970856 1
gene  1 2 13 0.9365891441859266 0 169.0 0.9365891441859266 1
gene  1 3 13 2.7530235969855807 0 170.0 2.7530235969855807 1
gene  1 6 13 -4.963338401564651 0 173.0 -4.963338401564651 1
gene  1 7 13 1.0231641188346026 0 174.0 1.0231641188346026 1
gene  1 9 13 -0.5171973844991111 0 176.0 -0.5171973844991111 1
gene  1 13 13 -0.3186358052189091 1 180.0 -0.3186358052189091 1
gene  1 14 13 3.2627986344179343 1 181.0 3.2627986344179343 1
gene  1 1 14 -6.289801539958544 0 182.0 -6.289801539958544 1
gene  1 3 14 3.1177504883781784 0 184.0 3.1177504883781784 1
gene  1 9 14 2.4889939775097543 0 190.0 2.4889939775097543 1
gene  1 10 14 2.1814765925841235 0 191.0 2.1814765925841235 1
gene  1 8 13 -0.32318986936119065 0 207.0 -0.32318986936119065 1
gene  1 1 10 4.71187349565279 0 226.0 4.71187349565279 1
gene  1 6 14 -8.412731176825526 0 234.0 -8.412731176825526 1
gene  1 8 28 -3.0669105768765443 1 293.0 -3.0669105768765443 1
gene  1 28 8 -0.5486493639189851 0 294.0 -0.5486493639189851 1
gene  1 8 9 -0.21386694478857576 0 328.0 -0.21386694478857576 1
gene  1 8 41 0.40352100595568874 1 357.0 0.40352100595568874 1
gene  1 41 8 2.5678926800448725 0 358.0 2.5678926800448725 1
gene  1 14 43 2.2511034107276533 1 364.0 2.2511034107276533 1
gene  1 43 10 3.631387367072308 0 365.0 3.631387367072308 1
gene  1 5 47 -6.236970303304923 0 375.0 -6.236970303304923 1
gene  1 47 9 0.2806400458734255 0 376.0 0.2806400458734255 1
gene  1 41 14 -1.376714027483557 0 387.0 -1.376714027483557 1
gene  1 4 28 -2.983507784147274 0 419.0 -2.983507784147274 1
gene  1 2 28 0.1610457228622202 0 429.0 0.1610457228622202 1
gene  1 1 62 1.57792498155019 0 470.0 1.57792498155019 1
gene  1 62 9 -2.129509198773178 0 471.0 -2.129509198773178 1
gene  1 8 14 3.9990099109792263 0 484.0 3.9990099109792263 1
gene  1 1 13 -1.53895170689195 0 489.0 -1.53895170689195 1
gene  1 28 10 0.17774200804172846 0 510.0 0.17774200804172846 1
gene  1 2 41 -0.4341171061481194 0 515.0 -0.4341171061481194 1
gene  1 41 47 3.7507320143057195 0 548.0 3.7507320143057195 1
genomeend 4
genomestart  5
trait 1 2.732431393943948 0.0 0.0 0.798512545900133 0.9382603138953756 0.0 1.9280392103089152 0.8152719799274877 
node 1 1 1 1
node 2 1 1 1
node 3 1 1 1
node 4 1 1 1
node 5 1 1 1
node 6 1 1 1
node 7 1 1 3
node 8 1 0 0
node 9 1 0 0
node 10 1 0 0
node 13 1 0 2
node 14 1 0 2
node 28 1 0 0
node 41 1 0 0
node 43 1 0 0
node 47 1 0 0
node 62 1 0 0
gene  1 1 8 -14.138482852553501 0 98.0 -14.138482852553501 1
gene  1 3 8 7.411901845283529 0 100.0 7.411901845283529 1
gene  1 5 8 -2.030975338880761 0 102.0 -2.030975338880761 1
gene  1 6 8 4.096753491897532 0 103.0 4.096753491897532 1
gene  1 8 8 4.0630403813625 1 105.0 4.0630403813625 1
gene  1 1 9 0.011016080438686682 0 112.0 0.011016080438686682 1
gene  1 2 9 4.223785724447501 0 113.0 4.223785724447501 1
gene  1 3 9 1.0767901210593882 0 114.0 1.0767901210593882 1
gene  1 5 9 -2.5103561427495 0 116.0 -2.5103561427495 1
gene  1 7 9 -6.8235752780169525 0 118.0 -6.8235752780169525 1
gene  1 9 9 -0.37939141259364484 1 120.0 -0.37939141259364484 1
gene  1 10 9 -0.12439759801853167 1 121.0 -0.12439759801853167 1
gene  1 13 9 8.66154078536592 1 124.0 8.66154078536592 1
gene  1 2 10 -3.0523893428653044 0 127.0 -3.0523893428653044 1
gene  1 4 10 1.6985968328362486 0 129.0 1.6985968328362486 1
gene  1 5 10 9.056820989896629 0 130.0 9.056820989896629 1
gene  1 8 10 6.785940857857816 0 133.0 6.785940857857816 1
gene  1 9 10 4.129008924635988 0 134.0 4.129008924635988 1
gene  1 10 10 -2.055371642246944 1 135.0 -2.055371642246944 1
gene  1 13 10 1.2530600677633335 1 138.0 1.2530600677633335 1
gene  1 14 10 -3.7287506964970856 1 139.0 -3.7287506964970856 1
gene  1 2 13 0.9365891441859266 0 169.0 0.9365891441859266 1
gene  1 3 13 2.7530235969855807 0 170.0 2.7530235969855807 1
gene  1 6 13 -4.963338401564651 0 173.0 -4.963338401564651 1
gene  1 7 13 1.0231641188346026 0 174.0 1.0231641188346026 1
gene  1 9 13 -0.5171973844991111 0 176.0 -0.5171973844991111 1
gene  1 13 13 -0.3186358052189091 1 180.0 -0.3186358052189091 1
gene  1 14 13 3.2627986344179343 1 181.0 3.2627986344179343 1
gene  1 1 14 -6.289801539958544 0 182.0 -6.289801539958544 1
gene  1 3 14 3.1177504883781784 0 184.0 3.1177504883781784 1
gene  1 9 14 2.4889939775097543 0 190.0 2.4889939775097543 1
gene  1 10 14 2.1814765925841235 0 191.0 2.1814765925841235 1
gene  1 8 13 -0.32318986936119065 0 207.0 -0.32318986936119065 1
gene  1 1 10 4.71187349565279 0 226.0 4.71187349565279 1
gene  1 6 14 -8.412731176825526 0 234.0 -8.412731176825526 1
gene  1 8 28 -3.0669105768765443 1 293.0 -3.0669105768765443 1
gene  1 28 8 -0.5486493639189851 0 294.0 -0.5486493639189851 1
gene  1 8 9 -0.21386694478857576 0 328.0 -0.21386694478857576 1
gene  1 8 41 0.40352100595568874 1 357.0 0.40352100595568874 1
gene  1 41 8 2.5678926800448725 0 358.0 2.5678926800448725 1
gene  1 14 43 2.2511034107276533 1 364.0 2.2511034107276533 1
gene  1 43 10 3.631387367072308 0 365.0 3.631387367072308 1
gene  1 5 47 -6.236970303304923 0 375.0 -6.236970303304923 1
gene  1 47 9 0.2806400458734255 0 376.0 0.2806400458734255 1
gene  1 41 14 -1.376714027483557 0 387.0 -1.376714027483557 1
gene  1 4 28 -2.983507784147274 0 419.0 -2.983507784147274 1
gene  1 2 28 0.1610457228622202 0 429.0 0.1610457228622202 1
gene  1 1 62 1.57792498155019 0 470.0 1.57792498155019 1
gene  1 62 9 -2.129509198773178 0 471.0 -2.129509198773178 1
gene  1 8 14 3.9990099109792263 0 484.0 3.9990099109792263 1
gene  1 1 13 -1.53895170689195 0 489.0 -1.53895170689195 1
gene  1 28 10 0.17774200804172846 0 510.0 0.17774200804172846 1
gene  1 2 41 -0.4341171061481194 0 515.0 -0.4341171061481194 1
gene  1 41 47 3.7507320143057195 0 548.0 3.7507320143057195 1
gene  1 43 28 -5.618751318807637 0 607.0 -5.618751318807637 1
genomeend 5
genomestart  6
trait 1 2.732431393943948 0.0 0.0 0.798512545900133 0.9382603138953756 0.0 1.9280392103089152 0.8152719799274877 
node 1 1 1 1
node 2 1 1 1
node 3 1 1 1
node 4 1 1 1
node 5 1 1 1
node 6 1 1 1
node 7 1 1 3
node 8 1 0 0
node 9 1 0 0
node 10 1 0 0
node 13 1 0 2
node 14 1 0 2
node 28 1 0 0
node 41 1 0 0
node 43 1 0 0
node 47 1 0 0
node 62 1 0 0
gene  1 1 8 -14.138482852553501 0 98.0 -14.138482852553501 1
gene  1 3 8 -0.4741359263595782 0 100.0 -0.4741359263595782 1
gene  1 5 8 0.9604135229343286 0 102.0 0.9604135229343286 1
gene  1 6 8 1.6528833005409762 0 103.0 1.6528833005409762 1
gene  1 8 8 2.8594744858301526 1 105.0 2.8594744858301526 1
gene  1 1 9 -1.615214276606089 0 112.0 -1.615214276606089 1
gene  1 2 9 5.853056245344669 0 113.0 5.853056245344669 1
gene  1 3 9 2.5540444328049974 0 114.0 2.5540444328049974 1
gene  1 5 9 -2.513800920364048 0 116.0 -2.513800920364048 1
gene  1 7 9 -4.944162641538303 0 118.0 -4.944162641538303 1
gene  1 9 9 0.9359929600350319 1 120.0 0.9359929600350319 1
gene  1 10 9 -0.12439759801853167 1 121.0 -0.12439759801853167 1
gene  1 13 9 1.4284710659049993 1 124.0 1.4284710659049993 1
gene  1 2 10 -2.4228464534434426 0 127.0 -2.4228464534434426 1
gene  1 4 10 -0.15118848598556323 0 129.0 -0.15118848598556323 1
gene  1 5 10 8.560445681265511 0 130.0 8.560445681265511 1
gene  1 8 10 4.820646882841727 0 133.0 4.820646882841727 1
gene  1 9 10 2.5686876862347074 0 134.0 2.5686876862347074 1
gene  1 10 10 -0.4595413423459551 1 135.0 -0.4595413423459551 1
gene  1 13 10 0.9383569558922332 1 138.0 0.9383569558922332 1
gene  1 14 10 -3.7287506964970856 1 139.0 -3.7287506964970856 1
gene  1 2 13 2.4923633198608606 0 169.0 2.4923633198608606 1
gene  1 3 13 4.863424590393064 0 170.0 4.863424590393064 1
gene  1 6 13 -2.891366259203298 0 173.0 -2.891366259203298 1
gene  1 7 13 1.160805042050694 0 174.0 1.160805042050694 1
gene  1 9 13 1.4401523716007425 0 176.0 1.4401523716007425 1
gene  1 13 13 1.56832194408555 1 180.0 1.56832194408555 1
gene  1 14 13 4.9312789293070916 1 181.0 4.9312789293070916 1
gene  1 1 14 -6.289801539958544 0 182.0 -6.289801539958544 1
gene  1 3 14 2.6273948950033095 0 184.0 2.6273948950033095 1
gene  1 9 14 4.456712687123707 0 190.0 4.456712687123707 1
gene  1 10 14 2.9202942289129292 0 191.0 2.9202942289129292 1
gene  1 8 13 1.3412368893954296 0 207.0 1.3412368893954296 1
gene  1 1 10 -1.4878801372096802 0 226.0 -1.4878801372096802 1
gene  1 6 14 -9.773385627144268 0 234.0 -9.773385627144268 1
gene  1 8 28 -3.0669105768765443 1 293.0 -3.0669105768765443 1
gene  1 28 8 -1.2462292502179353 0 294.0 -1.2462292502179353 1
gene  1 8 9 -2.4732933163021995 0 328.0 -2.4732933163021995 1
gene  1 8 41 2.8399976173169814 1 357.0 2.8399976173169814 1
gene  1 41 8 2.1925490384281354 0 358.0 2.1925490384281354 1
gene  1 14 43 2.2511034107276533 1 364.0 2.2511034107276533 1
gene  1 43 10 1.2204271015020631 0 365.0 1.2204271015020631 1
gene  1 5 47 -4.204965989435265 0 375.0 -4.204965989435265 1
gene  1 47 9 -1.6480414105161048 0 376.0 -1.6480414105161048 1
gene  1 41 14 -0.8592667686862958 0 387.0 -0.8592667686862958 1
gene  1 4 28 -2.934298019467459 0 419.0 -2.934298019467459 1
gene  1 2 28 0.1056157850046881 0 429.0 0.1056157850046881 1
gene  1 1 62 3.1203115126704555 0 470.0 3.1203115126704555 1
gene  1 62 9 -2.5600249226831435 0 471.0 -2.5600249226831435 1
gene  1 8 14 3.250343385305516 0 484.0 3.250343385305516 1
gene  1 1 13 0.1734044730768134 0 489.0 0.1734044730768134 1
gene  1 28 10 -0.3885132646054776 0 510.0 -0.3885132646054776 1
gene  1 2 41 -2.927493475705819 0 515.0 -2.927493475705819 1
gene  1 41 47 5.179979964190915 0 548.0 5.179979964190915 1
genomeend 6
genomestart  7
trait 1 2.732431393943948 0.0 0.0 0.798512545900133 0.9382603138953756 0.0 1.9280392103089152 0.8152719799274877 
node 1 1 1 1
node 2 1 1 1
node 3 1 1 1
node 4 1 1 1
node 5 1 1 1
node 6 1 1 1
node 7 1 1 3
node 8 1 0 0
node 9 1 0 0
node 10 1 0 0
node 13 1 0 2
node 14 1 0 2
node 28 1 0 0
node 41 1 0 0
node 43 1 0 0
node 47 1 0 0
node 62 1 0 0
gene  1 1 8 -15.267842097008895 0 98.0 -15.267842097008895 1
gene  1 3 8 7.342994788386716 0 100.0 7.342994788386716 1
gene  1 5 8 -1.3327765826815499 0 102.0 -1.3327765826815499 1
gene  1 6 8 4.059960852324317 0 103.0 4.059960852324317 1
gene  1 8 8 4.3080154167351585 1 105.0 4.3080154167351585 1
gene  1 1 9 1.2622002137010755 0 112.0 1.2622002137010755 1
gene  1 2 9 4.492277159713836 0 113.0 4.492277159713836 1
gene  1 3 9 1.9607778767797808 0 114.0 1.9607778767797808 1
gene  1 5 9 -2.387860113898944 0 116.0 -2.387860113898944 1
gene  1 7 9 -4.907286181873475 0 118.0 -4.907286181873475 1
gene  1 9 9 -1.7232626987562925 1 120.0 -1.7232626987562925 1
gene  1 10 9 2.3629615185041053 1 121.0 2.3629615185041053 1
gene  1 13 9 8.706645733970099 1 124.0 8.706645733970099 1
gene  1 2 10 -3.0673956657304284 0 127.0 -3.0673956657304284 1
gene  1 4 10 3.7211859007036394 0 129.0 3.7211859007036394 1
gene  1 5 10 7.2041079465139255 0 130.0 7.2041079465139255 1
gene  1 8 10 5.061993592301123 0 133.0 5.061993592301123 1
gene  1 9 10 5.061861949645858 0 134.0 5.061861949645858 1
gene  1 10 10 -1.4735576975074887 1 135.0 -1.4735576975074887 1
gene  1 13 10 3.603593147030691 1 138.0 3.603593147030691 1
gene  1 14 10 -3.388079154261537 1 139.0 -3.388079154261537 1
gene  1 2 13 0.29648580052383045 0 169.0 0.29648580052383045 1
gene  1 3 13 2.6951332277551403 0 170.0 2.6951332277551403 1
gene  1 6 13 -4.688714767768032 0 173.0 -4.688714767768032 1
gene  1 7 13 3.129346477462579 0 174.0 3.129346477462579 1
gene  1 9 13 -2.4506231654810566 0 176.0 -2.4506231654810566 1
gene  1 13 13 0.6091038870479542 1 180.0 0.6091038870479542 1
gene  1 14 13 5.71133831799429 1 181.0 5.71133831799429 1
gene  1 1 14 -7.066715771679879 0 182.0 -7.066715771679879 1
gene  1 3 14 4.092355526351268 0 184.0 4.092355526351268 1
gene  1 9 14 4.269605307333861 0 190.0 4.269605307333861 1
gene  1 10 14 1.710484656724283 0 191.0 1.710484656724283 1
gene  1 8 13 0.6669422766267064 0 207.0 0.6669422766267064 1
gene  1 1 10 3.3518156734118274 0 226.0 3.3518156734118274 1
gene  1 6 14 -9.184539966649561 0 234.0 -9.184539966649561 1
gene  1 8 28 -1.9322269700094512 1 293.0 -1.9322269700094512 1
gene  1 28 8 -1.8254871593580961 0 294.0 -1.8254871593580961 1
gene  1 8 9 -2.682889741595789 0 328.0 -2.682889741595789 1
gene  1 8 41 1.893428889606625 1 357.0 1.893428889606625 1
gene  1 41 8 3.7905951178177397 0 358.0 3.7905951178177397 1
gene  1 14 43 3.1863976890487775 1 364.0 3.1863976890487775 1
gene  1 43 10 2.6655420925555755 0 365.0 2.6655420925555755 1
gene  1 5 47 -6.895522888360271 0 375.0 -6.895522888360271 1
gene  1 47 9 0.061927798839001125 0 376.0 0.061927798839001125 1
gene  1 41 14 -0.7891837941800682 0 387.0 -0.7891837941800682 1
gene  1 4 28 -5.296258138985227 0 419.0 -5.296258138985227 1
gene  1 2 28 0.1610457228622202 0 429.0 0.1610457228622202 1
gene  1 1 62 -1.125754072704201 0 470.0 -1.125754072704201 1
gene  1 62 9 -2.1242034736351725 0 471.0 -2.1242034736351725 1
gene  1 8 14 3.9990099109792263 0 484.0 3.9990099109792263 1
gene  1 1 13 -2.8954983616260574 0 489.0 -2.8954983616260574 1
gene  1 28 10 0.20019623322664093 0 510.0 0.20019623322664093 1
gene  1 2 41 0.053195326398074505 0 515.0 0.053195326398074505 1
gene  1 41 47 3.7507320143057195 0 548.0 3.7507320143057195 1
genomeend 7
genomestart  8
trait 1 1.0196578134443977 0.7502223240297183 0.0 0.19410325956016972 3.1752136023158166 0.0 0.826280999839004 1.190943612630714 
node 1 1 1 1
node 2 1 1 1
node 3 1 1 1
node 4 1 1 1
node 5 1 1 1
node 6 1 1 1
node 7 1 1 3
node 8 1 0 0
node 13 1 0 2
node 14 1 0 2
node 22 1 0 0
node 25 1 0 0
node 29 1 0 0
node 57 1 0 0
node 65 1 0 0
node 76 1 0 0
node 87 1 0 0
gene  1 1 8 -0.48267950891213496 0 98.0 -0.48267950891213496 1
gene  1 3 8 1.0653285474110865 0 100.0 1.0653285474110865 1
gene  1 4 8 -7.696245033152025 0 101.0 -7.696245033152025 1
gene  1 5 8 -1.024704245080372 0 102.0 -1.024704245080372 1
gene  1 6 8 -0.23121342271113177 0 103.0 -0.23121342271113177 1
gene  1 8 8 -13.32281985656607 1 105.0 -13.32281985656607 1
gene  1 1 13 2.5142293491392254 0 168.0 2.5142293491392254 1
gene  1 5 13 1.5077889035042584 0 172.0 1.5077889035042584 1
gene  1 13 13 2.0696138360106904 1 180.0 2.0696138360106904 1
gene  1 14 13 -7.039447678043853 1 181.0 -7.039447678043853 1
gene  1 2 14 0.11459987729689369 0 183.0 0.11459987729689369 1
gene  1 3 14 1.2746910385081325 0 184.0 1.2746910385081325 1
gene  1 5 14 -1.376359704676209 0 186.0 -1.376359704676209 1
gene  1 7 14 -1.0284836065380645 0 188.0 -1.0284836065380645 1
gene  1 8 14 0.26738127616073615 0 189.0 0.26738127616073615 1
gene  1 13 14 -0.1647804707221856 0 194.0 -0.1647804707221856 1
gene  1 2 13 1.5681710160185927 0 236.0 1.5681710160185927 1
gene  1 8 22 2.281396368749137 0 240.0 2.281396368749137 1
gene  1 22 14 1.7149018574756454 0 241.0 1.7149018574756454 1
gene  1 1 22 1.6669210651068123 0 245.0 1.6669210651068123 1
gene  1 13 8 0.7109975313015972 0 257.0 0.7109975313015972 1
gene  1 5 22 0.18745356574898236 0 265.0 0.18745356574898236 1
gene  1 1 25 2.137199655279855 0 279.0 2.137199655279855 1
gene  1 25 8 -6.294186216334088 0 280.0 -6.294186216334088 1
gene  1 8 29 5.487693221991276 0 297.0 5.487693221991276 1
gene  1 29 14 -11.596159000586312 0 298.0 -11.596159000586312 1
gene  1 1 14 -1.300515199557686 0 312.0 -1.300515199557686 1
gene  1 2 29 -2.402997630839929 0 330.0 -2.402997630839929 1
gene  1 5 25 -0.017153163197974053 0 343.0 -0.017153163197974053 1
gene  1 6 29 -4.84800158026613 0 386.0 -4.84800158026613 1
gene  1 22 29 -4.648633161343758 0 416.0 -4.648633161343758 1
gene  1 4 14 -1.7081242787077013 0 424.0 -1.7081242787077013 1
gene  1 4 29 -1.579336183435767 0 432.0 -1.579336183435767 1
gene  1 8 57 -0.07517093149997356 0 437.0 -0.07517093149997356 1
gene  1 57 14 1.6670072691412325 0 438.0 1.6670072691412325 1
gene  1 3 22 -4.637105154310883 0 440.0 -4.637105154310883 1
gene  1 2 25 0.7681277232430095 0 455.0 0.7681277232430095 1
gene  1 1 65 1.9380390984734248 0 481.0 1.9380390984734248 1
gene  1 65 25 -0.14614231189229637 0 482.0 -0.14614231189229637 1
gene  1 8 76 0.6786952779665695 0 525.0 0.6786952779665695 1
gene  1 76 22 1.5814882660483067 0 526.0 1.5814882660483067 1
gene  1 2 87 -0.3020400316268779 0 560.0 -0.3020400316268779 1
gene  1 87 14 -5.422232066176053 0 561.0 -5.422232066176053 1
genomeend 8
genomestart  9
trait 1 1.0196578134443977 0.7502223240297183 0.0 0.19410325956016972 3.1752136023158166 0.0 0.826280999839004 1.190943612630714 
node 1 1 1 1
node 2 1 1 1
node 3 1 1 1
node 4 1 1 1
node 5 1 1 1
node 6 1 1 1
node 7 1 1 3
node 8 1 0 0
node 13 1 0 2
node 14 1 0 2
node 22 1 0 0
node 25 1 0 0
node 29 1 0 0
node 57 1 0 0
node 65 1 0 0
node 76 1 0 0
node 87 1 0 0
gene  1 1 8 -2.398472194754194 0 98.0 -2.398472194754194 1
gene  1 3 8 -3.451843138624593 0 100.0 -3.451843138624593 1
gene  1 4 8 0.2797333254451395 0 101.0 0.2797333254451395 1
gene  1 5 8 -5.801450132307334 0 102.0 -5.801450132307334 1
gene  1 6 8 -2.0680499939643706 0 103.0 -2.0680499939643706 1
gene  1 8 8 -13.187234265601672 1 105.0 -13.187234265601672 1
gene  1 1 13 2.4737484272498085 0 168.0 2.4737484272498085 1
gene  1 5 13 2.493510660837201 0 172.0 2.493510660837201 1
gene  1 13 13 -2.14966345944394 1 180.0 -2.14966345944394 1
gene  1 14 13 -8.915358873452444 1 181.0 -8.915358873452444 1
gene  1 2 14 0.38155673057754536 0 183.0 0.38155673057754536 1
gene  1 3 14 0.2644231594677493 0 184.0 0.2644231594677493 1
gene  1 5 14 -0.2073419255888751 0 186.0 -0.2073419255888751 1
gene  1 7 14 0.7171292725491036 0 188.0 0.7171292725491036 1
gene  1 8 14 1.7137263907325528 0 189.0 1.7137263907325528 1
gene  1 13 14 -1.2533311358811303 0 194.0 -1.2533311358811303 1
gene  1 2 13 -2.3134202754242637 0 236.0 -2.3134202754242637 1
gene  1 8 22 -4.912181806269961 0 240.0 -4.912181806269961 1
gene  1 22 14 -2.273538393079098 0 241.0 -2.273538393079098 1
gene  1 1 22 -1.7627090007743875 0 245.0 -1.7627090007743875 1
gene  1 13 8 0.09892338645523846 0 257.0 0.09892338645523846 1
gene  1 5 22 1.0088286704715765 0 265.0 1.0088286704715765 1
gene  1 1 25 2.529957395255602 0 279.0 2.529957395255602 1
gene  1 25 8 -7.818056852574223 0 280.0 -7.818056852574223 1
gene  1 8 29 5.58501410411475 0 297.0 5.58501410411475 1
gene  1 29 14 -10.513660443020765 0 298.0 -10.513660443020765 1
gene  1 1 14 1.2519425009824512 0 312.0 1.2519425009824512 1
gene  1 2 29 -1.503221685363027 0 330.0 -1.503221685363027 1
gene  1 5 25 1.8555363865288004 0 343.0 1.8555363865288004 1
gene  1 6 29 -3.6315332130484728 0 386.0 -3.6315332130484728 1
gene  1 22 29 -2.8845897473684854 0 416.0 -2.8845897473684854 1
gene  1 4 14 -1.3518794735033608 0 424.0 -1.3518794735033608 1
gene  1 4 29 0.9449739587686913 0 432.0 0.9449739587686913 1
gene  1 8 57 -1.6585178352828964 0 437.0 -1.6585178352828964 1
gene  1 57 14 -3.092013765764512 0 438.0 -3.092013765764512 1
gene  1 3 22 -3.0102912044752217 0 440.0 -3.0102912044752217 1
gene  1 2 25 0.1344474545093619 0 455.0 0.1344474545093619 1
gene  1 1 65 1.5587306256601599 0 481.0 1.5587306256601599 1
gene  1 65 25 4.184016752574222 0 482.0 4.184016752574222 1
gene  1 8 76 0.6052098999483124 0 525.0 0.6052098999483124 1
gene  1 76 22 -0.8617749125453205 0 526.0 -0.8617749125453205 1
gene  1 2 87 0.5653711963845234 0 560.0 0.5653711963845234 1
gene  1 87 14 -2.0447226739708815 0 561.0 -2.0447226739708815 1
genomeend 9
genomestart  10
trait 1 1.0196578134443977 0.7502223240297183 0.0 0.19410325956016972 3.1752136023158166 0.0 0.826280999839004 1.190943612630714 
node 1 1 1 1
node 2 1 1 1
node 3 1 1 1
node 4 1 1 1
node 5 1 1 1
node 6 1 1 1
node 7 1 1 3
node 8 1 0 0
node 13 1 0 2
node 14 1 0 2
node 22 1 0 0
node 25 1 0 0
node 29 1 0 0
node 57 1 0 0
node 65 1 0 0
node 76 1 0 0
node 87 1 0 0
gene  1 1 8 -3.7031681579646483 0 98.0 -3.7031681579646483 1
gene  1 3 8 0.01919158119249964 0 100.0 0.01919158119249964 1
gene  1 4 8 -5.327917465543074 0 101.0 -5.327917465543074 1
gene  1 5 8 -6.350844899406448 0 102.0 -6.350844899406448 1
gene  1 6 8 1.39942656915704 0 103.0 1.39942656915704 1
gene  1 8 8 -10.915309432652444 1 105.0 -10.915309432652444 1
gene  1 1 13 2.2751614174196355 0 168.0 2.2751614174196355 1
gene  1 5 13 -1.527981204767518 0 172.0 -1.527981204767518 1
gene  1 13 13 1.0321395170108933 1 180.0 1.0321395170108933 1
gene  1 14 13 -7.799821626084852 1 181.0 -7.799821626084852 1
gene  1 2 14 -0.1566208994713688 0 183.0 -0.1566208994713688 1
gene  1 3 14 -0.0703559253633479 0 184.0 -0.0703559253633479 1
gene  1 5 14 -3.0641901220683034 0 186.0 -3.0641901220683034 1
gene  1 7 14 -2.760653023740466 0 188.0 -2.760653023740466 1
gene  1 8 14 1.0926870799131425 0 189.0 1.0926870799131425 1
gene  1 13 14 0.19385792582639894 0 194.0 0.19385792582639894 1
gene  1 2 13 -3.998495210281595 0 236.0 -3.998495210281595 1
gene  1 8 22 -3.896609267805954 0 240.0 -3.896609267805954 1
gene  1 22 14 0.015642842829975745 0 241.0 0.015642842829975745 1
gene  1 1 22 2.1834620086491907 0 245.0 2.1834620086491907 1
gene  1 13 8 1.145445153385316 0 257.0 1.145445153385316 1
gene  1 5 22 3.058216073212949 0 265.0 3.058216073212949 1
gene  1 1 25 0.6922100065194828 0 279.0 0.6922100065194828 1
gene  1 25 8 -8.234119336157223 0 280.0 -8.234119336157223 1
gene  1 8 29 1.3880330474509466 0 297.0 1.3880330474509466 1
gene  1 29 14 -13.202941298493975 0 298.0 -13.202941298493975 1
gene  1 1 14 0.658911358096666 0 312.0 0.658911358096666 1
gene  1 2 29 -4.1264888737043455 0 330.0 -4.1264888737043455 1
gene  1 5 25 2.5677826087541 0 343.0 2.5677826087541 1
gene  1 6 29 -1.9113842312010003 0 386.0 -1.9113842312010003 1
gene  1 22 29 -4.781273462772278 0 416.0 -4.781273462772278 1
gene  1 4 14 -2.781340553594779 0 424.0 -2.781340553594779 1
gene  1 4 29 1.2583894957937392 0 432.0 1.2583894957937392 1
gene  1 8 57 -4.195666055160742 0 437.0 -4.195666055160742 1
gene  1 57 14 -2.0892201009943365 0 438.0 -2.0892201009943365 1
gene  1 3 22 1.8315147695804295 0 440.0 1.8315147695804295 1
gene  1 2 25 0.532503682120852 0 455.0 0.532503682120852 1
gene  1 1 65 0.060218347830156005 0 481.0 0.060218347830156005 1
gene  1 65 25 3.204053256927606 0 482.0 3.204053256927606 1
gene  1 8 76 0.3568258923830516 0 525.0 0.3568258923830516 1
gene  1 76 22 -2.459570521604825 0 526.0 -2.459570521604825 1
gene  1 2 87 -0.2576457713652833 0 560.0 -0.2576457713652833 1
gene  1 87 14 -3.260642999541093 0 561.0 -3.260642999541093 1
genomeend 10
genomestart  11
trait 1 1.0196578134443977 0.7502223240297183 0.0 0.19410325956016972 3.1752136023158166 0.0 0.826280999839004 1.190943612630714 
node 1 1 1 1
node 2 1 1 1
node 3 1 1 1
node 4 1 1 1
node 5 1 1 1
node 6 1 1 1
node 7 1 1 3
node 8 1 0 0
node 13 1 0 2
node 14 1 0 2
node 22 1 0 0
node 25 1 0 0
node 29 1 0 0
node 57 1 0 0
node 65 1 0 0
node 76 1 0 0
node 87 1 0 0
gene  1 1 8 -4.741057967290525 0 98.0 -4.741057967290525 1
gene  1 3 8 1.6930363484667144 0 100.0 1.6930363484667144 1
gene  1 4 8 -5.074795068814928 0 101.0 -5.074795068814928 1
gene  1 5 8 -4.583185636647279 0 102.0 -4.583185636647279 1
gene  1 6 8 1.5802040763862073 0 103.0 1.5802040763862073 1
gene  1 8 8 1.6949948005459194 1 105.0 1.6949948005459194 1
gene  1 1 13 -0.898477324973757 0 168.0 -0.898477324973757 1
gene  1 5 13 -1.0511968551235915 0 172.0 -1.0511968551235915 1
gene  1 13 13 -0.013009170290688044 1 180.0 -0.013009170290688044 1
gene  1 14 13 -6.301426433031411 1 181.0 -6.301426433031411 1
gene  1 2 14 -0.7498048183398867 0 183.0 -0.7498048183398867 1
gene  1 3 14 -1.1068384698817397 0 184.0 -1.1068384698817397 1
gene  1 5 14 -2.0260313839644772 0 186.0 -2.0260313839644772 1
gene  1 7 14 -3.1164904785192227 0 188.0 -3.1164904785192227 1
gene  1 8 14 2.059457832141085 0 189.0 2.059457832141085 1
gene  1 13 14 2.5542796472489875 0 194.0 2.5542796472489875 1
gene  1 2 13 -1.8275058859043796 0 236.0 -1.8275058859043796 1
gene  1 8 22 -1.8306606807134465 0 240.0 -1.8306606807134465 1
gene  1 22 14 -1.8931986781469181 0 241.0 -1.8931986781469181 1
gene  1 1 22 0.7316092064596103 0 245.0 0.7316092064596103 1
gene  1 13 8 0.8515487792812725 0 257.0 0.8515487792812725 1
gene  1 5 22 0.6167289275354111 0 265.0 0.6167289275354111 1
gene  1 1 25 -0.1139615895222823 0 279.0 -0.1139615895222823 1
gene  1 25 8 -2.234785966568951 0 280.0 -2.234785966568951 1
gene  1 8 29 4.132207355254151 0 297.0 4.132207355254151 1
gene  1 29 14 -11.31765342399494 0 298.0 -11.31765342399494 1
gene  1 1 14 0.7657914870954476 0 312.0 0.7657914870954476 1
gene  1 2 29 -3.50271979099573 0 330.0 -3.50271979099573 1
gene  1 5 25 5.98771305773175 0 343.0 5.98771305773175 1
gene  1 6 29 -5.186841157165139 0 386.0 -5.186841157165139 1
gene  1 22 29 -4.006260208976049 0 416.0 -4.006260208976049 1
gene  1 4 14 1.0557418990393586 0 424.0 1.0557418990393586 1
gene  1 4 29 -0.38547800468039806 0 432.0 -0.38547800468039806 1
gene  1 8 57 -3.4729489727646046 0 437.0 -3.4729489727646046 1
gene  1 57 14 -0.16025856932511517 0 438.0 -0.16025856932511517 1
gene  1 3 22 -3.695420513521621 0 440.0 -3.695420513521621 1
gene  1 2 25 -2.1959304150585077 0 455.0 -2.1959304150585077 1
gene  1 1 65 1.883266196414126 0 481.0 1.883266196414126 1
gene  1 65 25 -0.7846897552617358 0 482.0 -0.7846897552617358 1
gene  1 8 76 2.7931646233776846 0 525.0 2.7931646233776846 1
gene  1 76 22 -4.4385181897564365 0 526.0 -4.4385181897564365 1
gene  1 2 87 -1.3150125358679208 0 560.0 -1.3150125358679208 1
gene  1 87 14 -0.8585018867699281 0 561.0 -0.8585018867699281 1
genomeend 11
genomestart  12
trait 1 1.0196578134443977 0.7502223240297183 0.0 0.19410325956016972 3.1752136023158166 0.0 0.826280999839004 1.190943612630714 
node 1 1 1 1
node 2 1 1 1
node 3 1 1 1
node 4 1 1 1
node 5 1 1 1
node 6 1 1 1
node 7 1 1 3
node 8 1 0 0
node 13 1 0 2
node 14 1 0 2
node 22 1 0 0
node 25 1 0 0
node 29 1 0 0
node 57 1 0 0
node 65 1 0 0
node 76 1 0 0
node 87 1 0 0
gene  1 1 8 -4.8359436326467105 0 98.0 -4.8359436326467105 1
gene  1 3 8 -3.659151109750587 0 100.0 -3.659151109750587 1
gene  1 4 8 -7.603950970923225 0 101.0 -7.603950970923225 1
gene  1 5 8 -0.10566850027482866 0 102.0 -0.10566850027482866 1
gene  1 6 8 2.0674745603881224 0 103.0 2.0674745603881224 1
gene  1 8 8 -13.92637456702503 1 105.0 -13.92637456702503 1
gene  1 1 13 1.3436575665112018 0 168.0 1.3436575665112018 1
gene  1 5 13 0.9730220138347451 0 172.0 0.9730220138347451 1
gene  1 13 13 -1.6483912337346556 1 180.0 -1.6483912337346556 1
gene  1 14 13 -5.3216747316198925 1 181.0 -5.3216747316198925 1
gene  1 2 14 0.5274258141865329 0 183.0 0.5274258141865329 1
gene  1 3 14 2.749730762838384 0 184.0 2.749730762838384 1
gene  1 5 14 -2.0260313839644772 0 186.0 -2.0260313839644772 1
gene  1 7 14 -3.4628985906874705 0 188.0 -3.4628985906874705 1
gene  1 8 14 -0.5200431694405058 0 189.0 -0.5200431694405058 1
gene  1 13 14 -2.1379927292840106 0 194.0 -2.1379927292840106 1
gene  1 2 13 -1.7614890521138205 0 236.0 -1.7614890521138205 1
gene  1 8 22 -3.7924271085765087 0 240.0 -3.7924271085765087 1
gene  1 22 14 -1.03751602013944 0 241.0 -1.03751602013944 1
gene  1 1 22 1.87898228463795 0 245.0 1.87898228463795 1
gene  1 13 8 1.461229321256953 0 257.0 1.461229321256953 1
gene  1 5 22 0.6475304460641582 0 265.0 0.6475304460641582 1
gene  1 1 25 -0.27685597853724375 0 279.0 -0.27685597853724375 1
gene  1 25 8 0.9419840128297332 0 280.0 0.9419840128297332 1
gene  1 8 29 2.8441016714011464 0 297.0 2.8441016714011464 1
gene  1 29 14 -12.716524086726757 0 298.0 -12.716524086726757 1
gene  1 1 14 1.308819709314934 0 312.0 1.308819709314934 1
gene  1 2 29 -2.6229243528853843 0 330.0 -2.6229243528853843 1
gene  1 5 25 6.723414691395428 0 343.0 6.723414691395428 1
gene  1 6 29 -3.0264652302951567 0 386.0 -3.0264652302951567 1
gene  1 22 29 -4.5719695292351235 0 416.0 -4.5719695292351235 1
gene  1 4 14 0.5809438291522011 0 424.0 0.5809438291522011 1
gene  1 4 29 1.8670317574231008 0 432.0 1.8670317574231008 1
gene  1 8 57 -4.383414065801188 0 437.0 -4.383414065801188 1
gene  1 57 14 -2.0328380086830955 0 438.0 -2.0328380086830955 1
gene  1 3 22 -1.447825483704085 0 440.0 -1.447825483704085 1
gene  1 2 25 -1.3524677019940285 0 455.0 -1.3524677019940285 1
gene  1 1 65 1.342523984758715 0 481.0 1.342523984758715 1
gene  1 65 25 2.43663744025867 0 482.0 2.43663744025867 1
gene  1 8 76 0.24216333227818798 0 525.0 0.24216333227818798 1
gene  1 76 22 -1.2480094883209738 0 526.0 -1.2480094883209738 1
gene  1 2 87 -0.4463191309155321 0 560.0 -0.4463191309155321 1
gene  1 87 14 -3.8350523429561 0 561.0 -3.8350523429561 1
genomeend 12
genomestart  13
trait 1 1.9492969961009945 0.0 0.4289699328456915 1.1835456827051778 0.0 0.7294252873384013 0.042201429445747896 0.0 
node 1 1 1 1
node 2 1 1 1
node 3 1 1 1
node 4 1 1 1
node 5 1 1 1
node 6 1 1 1
node 7 1 1 3
node 13 1 0 2
node 14 1 0 2
node 49 1 0 0
node 73 1 0 0
node 81 1 0 0
gene  1 1 13 0.6317729622173979 0 168.0 0.6317729622173979 1
gene  1 2 13 -10.86319773029371 0 169.0 -10.86319773029371 1
gene  1 3 13 -0.7962502335754651 0 170.0 -0.7962502335754651 1
gene  1 4 13 0.25637654110893415 0 171.0 0.25637654110893415 1
gene  1 5 13 2.6425682460807445 0 172.0 2.6425682460807445 1
gene  1 6 13 0.8270019090299143 0 173.0 0.8270019090299143 1
gene  1 7 13 0.8475065661296324 0 174.0 0.8475065661296324 1
gene  1 14 13 3.0952490440045874 1 181.0 3.0952490440045874 1
gene  1 1 14 1.9697870611935546 0 182.0 1.9697870611935546 1
gene  1 2 14 -1.9834831053195168 0 183.0 -1.9834831053195168 1
gene  1 3 14 -5.4922002593327655 0 184.0 -5.4922002593327655 1
gene  1 13 14 -3.074077229873709 0 194.0 -3.074077229873709 1
gene  1 14 14 -2.730164467269151 1 195.0 -2.730164467269151 1
gene  1 7 14 0.5432456401667527 0 273.0 0.5432456401667527 1
gene  1 4 14 -1.1287600599897072 0 283.0 -1.1287600599897072 1
gene  1 5 14 2.1586008156734504 0 303.0 2.1586008156734504 1
gene  1 6 14 2.865997157230658 0 307.0 2.865997157230658 1
gene  1 3 49 3.7718531466966807 0 389.0 3.7718531466966807 1
gene  1 49 13 1.845436735721847 0 390.0 1.845436735721847 1
gene  1 5 49 0.400350554256306 0 403.0 0.400350554256306 1
gene  1 1 49 1.813202118503732 0 430.0 1.813202118503732 1
gene  1 7 49 -0.7862956952573072 0 456.0 -0.7862956952573072 1
gene  1 4 49 -2.429008149147536 0 495.0 -2.429008149147536 1
gene  1 6 73 -5.1429550674175575 0 508.0 -5.1429550674175575 1
gene  1 73 13 -2.493024004926297 0 509.0 -2.493024004926297 1
gene  1 6 81 -1.2869619149897606 0 542.0 -1.2869619149897606 1
gene  1 81 73 -7.262320872304326 0 543.0 -7.262320872304326 1
gene  1 81 49 -0.4780459406217541 0 569.0 -0.4780459406217541 1
genomeend 13
genomestart  14
trait 1 1.9492969961009945 0.0 0.4289699328456915 1.1835456827051778 0.0 0.7294252873384013 0.042201429445747896 0.0 
node 1 1 1 1
node 2 1 1 1
node 3 1 1 1
node 4 1 1 1
node 5 1 1 1
node 6 1 1 1
node 7 1 1 3
node 13 1 0 2
node 14 1 0 2
node 49 1 0 0
node 73 1 0 0
node 81 1 0 0
gene  1 1 13 -7.750749490635128 0 168.0 -7.750749490635128 1
gene  1 2 13 -9.359168334528658 0 169.0 -9.359168334528658 1
gene  1 3 13 -1.2516483643567045 0 170.0 -1.2516483643567045 1
gene  1 4 13 1.0980217112646558 0 171.0 1.0980217112646558 1
gene  1 5 13 -0.4565169730820966 0 172.0 -0.4565169730820966 1
gene  1 6 13 1.2428776707955422 0 173.0 1.2428776707955422 1
gene  1 7 13 3.9964999201981652 0 174.0 3.9964999201981652 1
gene  1 14 13 0.3127693608290808 1 181.0 0.3127693608290808 1
gene  1 1 14 1.6689452168120469 0 182.0 1.6689452168120469 1
gene  1 2 14 -2.7245737302316915 0 183.0 -2.7245737302316915 1
gene  1 3 14 -4.325922196648697 0 184.0 -4.325922196648697 1
gene  1 13 14 -3.841741382855876 0 194.0 -3.841741382855876 1
gene  1 14 14 -0.5847547899625121 1 195.0 -0.5847547899625121 1
gene  1 7 14 0.08435834630829675 0 273.0 0.08435834630829675 1
gene  1 4 14 0.5274566194113217 0 283.0 0.5274566194113217 1
gene  1 5 14 0.28274653823485085 0 303.0 0.28274653823485085 1
gene  1 6 14 1.3441942171941221 0 307.0 1.3441942171941221 1
gene  1 3 49 3.277652389385289 0 389.0 3.277652389385289 1
gene  1 49 13 -2.291928064839659 0 390.0 -2.291928064839659 1
gene  1 5 49 5.39317850032604 0 403.0 5.39317850032604 1
gene  1 1 49 -0.3216334578981197 0 430.0 -0.3216334578981197 1
gene  1 7 49 -3.925061873619132 0 456.0 -3.925061873619132 1
gene  1 4 49 0.6830346752263541 0 495.0 0.6830346752263541 1
gene  1 6 73 -6.413636501305494 0 508.0 -6.413636501305494 1
gene  1 73 13 -1.033644881428989 0 509.0 -1.033644881428989 1
gene  1 6 81 -1.7486156308705483 0 542.0 -1.7486156308705483 1
gene  1 81 73 -4.879799265664075 0 543.0 -4.879799265664075 1
gene  1 81 49 1.6447977642458074 0 569.0 1.6447977642458074 1
genomeend 14
genomestart  15
trait 1 1.9492969961009945 0.0 0.4289699328456915 1.1835456827051778 0.0 0.7294252873384013 0.042201429445747896 0.0 
node 1 1 1 1
node 2 1 1 1
node 3 1 1 1
node 4 1 1 1
node 5 1 1 1
node 6 1 1 1
node 7 1 1 3
node 13 1 0 2
node 14 1 0 2
node 49 1 0 0
node 73 1 0 0
node 81 1 0 0
gene  1 1 13 -9.940827260021617 0 168.0 -9.940827260021617 1
gene  1 2 13 -12.840410867176212 0 169.0 -12.840410867176212 1
gene  1 3 13 -2.157297796738468 0 170.0 -2.157297796738468 1
gene  1 4 13 2.0893825381419813 0 171.0 2.0893825381419813 1
gene  1 5 13 0.822274298145562 0 172.0 0.822274298145562 1
gene  1 6 13 1.4689911510747509 0 173.0 1.4689911510747509 1
gene  1 7 13 -0.5589811409155891 0 174.0 -0.5589811409155891 1
gene  1 14 13 2.104617243782486 1 181.0 2.104617243782486 1
gene  1 1 14 4.182284607622041 0 182.0 4.182284607622041 1
gene  1 2 14 -2.006694440775448 0 183.0 -2.006694440775448 1
gene  1 3 14 -6.190907268785304 0 184.0 -6.190907268785304 1
gene  1 13 14 -5.131082384318587 0 194.0 -5.131082384318587 1
gene  1 14 14 -0.10907564587392576 1 195.0 -0.10907564587392576 1
gene  1 7 14 2.054144488105317 0 273.0 2.054144488105317 1
gene  1 4 14 -0.09876155483647087 0 283.0 -0.09876155483647087 1
gene  1 5 14 1.3795408045309299 0 303.0 1.3795408045309299 1
gene  1 6 14 -1.080336457508937 0 307.0 -1.080336457508937 1
gene  1 3 49 3.6883801932872946 0 389.0 3.6883801932872946 1
gene  1 49 13 -2.965067409432945 0 390.0 -2.965067409432945 1
gene  1 5 49 3.6713422406539955 0 403.0 3.6713422406539955 1
gene  1 1 49 -3.398536247052389 0 430.0 -3.398536247052389 1
gene  1 7 49 -1.8342509354673604 0 456.0 -1.8342509354673604 1
gene  1 4 49 3.5395371948545513 0 495.0 3.5395371948545513 1
gene  1 6 73 -3.7633849756840942 0 508.0 -3.7633849756840942 1
gene  1 73 13 -1.033644881428989 0 509.0 -1.033644881428989 1
gene  1 6 81 -1.7486156308705483 0 542.0 -1.7486156308705483 1
gene  1 81 73 -5.9498229370074815 0 543.0 -5.9498229370074815 1
gene  1 81 49 1.0612518509264712 0 569.0 1.0612518509264712 1
genomeend 15
genomestart  16
trait 1 0.0 0.0 1.2381570377802138 1.1036226464327767 0.10522835245191364 0.0 0.0 0.0 
node 1 1 1 1
node 2 1 1 1
node 3 1 1 1
node 4 1 1 1
node 5 1 1 1
node 6 1 1 1
node 7 1 1 3
node 8 1 0 0
node 9 1 0 0
node 13 1 0 2
node 14 1 0 2
node 20 1 0 0
node 56 1 0 0
node 60 1 0 0
node 79 1 0 0
node 92 1 0 0
node 94 1 0 0
node 97 1 0 0
gene  1 1 8 -10.437099117035462 0 98.0 -10.437099117035462 1
gene  1 2 8 -1.7067829877131206 0 99.0 -1.7067829877131206 1
gene  1 3 8 -3.073125437926596 0 100.0 -3.073125437926596 1
gene  1 6 8 -0.06090614690651619 0 103.0 -0.06090614690651619 1
gene  1 8 8 -2.516137883106169 1 105.0 -2.516137883106169 1
gene  1 9 8 -7.900050787320871 1 106.0 -7.900050787320871 1
gene  1 13 8 -3.089307240772726 1 110.0 -3.089307240772726 1
gene  1 14 8 -2.6878612887804576 1 111.0 -2.6878612887804576 1
gene  1 1 9 -2.4991043976521135 0 112.0 -2.4991043976521135 1
gene  1 4 9 0.051423940109103006 0 115.0 0.051423940109103006 1
gene  1 5 9 -2.7592019419344127 0 116.0 -2.7592019419344127 1
gene  1 7 9 3.5927315067323686 0 118.0 3.5927315067323686 1
gene  1 9 9 5.269710451140051 1 120.0 5.269710451140051 1
gene  1 14 9 -0.6857771857707684 1 125.0 -0.6857771857707684 1
gene  1 2 13 2.896956877075694 0 169.0 2.896956877075694 1
gene  1 5 13 -0.5961883369152471 0 172.0 -0.5961883369152471 1
gene  1 8 13 3.811552059156909 0 175.0 3.811552059156909 1
gene  1 1 14 -4.498461128356744 0 182.0 -4.498461128356744 1
gene  1 2 14 -1.247063410310288 0 183.0 -1.247063410310288 1
gene  1 3 14 -0.9913446569304698 0 184.0 -0.9913446569304698 1
gene  1 6 14 0.20232549580577486 0 187.0 0.20232549580577486 1
gene  1 13 14 1.2939942608610402 0 194.0 1.2939942608610402 1
gene  1 14 14 0.22056786640450632 1 195.0 0.22056786640450632 1
gene  1 5 8 3.635811798410197 0 202.0 3.635811798410197 1
gene  1 4 13 2.7815869912264723 0 220.0 2.7815869912264723 1
gene  1 1 20 -1.7345331155179324 0 231.0 -1.7345331155179324 1
gene  1 20 14 3.0132315698121497 0 232.0 3.0132315698121497 1
gene  1 1 13 0.23669050221415716 0 329.0 0.23669050221415716 1
gene  1 13 20 -5.992672098184665 0 337.0 -5.992672098184665 1
gene  1 4 20 -1.2971036722099591 0 339.0 -1.2971036722099591 1
gene  1 9 8 -1.7107137449865741 0 404.0 -1.7107137449865741 1
gene  1 8 14 -1.7845676316512495 0 410.0 -1.7845676316512495 1
gene  1 5 56 -2.7185731624704674 0 434.0 -2.7185731624704674 1
gene  1 56 8 -6.312572105057668 0 435.0 -6.312572105057668 1
gene  1 2 9 -1.731070050514737 0 448.0 -1.731070050514737 1
gene  1 3 60 1.416816312801271 0 458.0 1.416816312801271 1
gene  1 60 8 1.650999582692351 0 459.0 1.650999582692351 1
gene  1 1 60 -0.3172032940020067 0 479.0 -0.3172032940020067 1
gene  1 7 56 3.4868808545147325 0 520.0 3.4868808545147325 1
gene  1 13 79 -5.39707553359033 0 537.0 -5.39707553359033 1
gene  1 79 20 4.001195023139819 0 538.0 4.001195023139819 1
gene  1 3 79 3.6405147710633496 0 556.0 3.6405147710633496 1
gene  1 5 92 0.4582652466187026 0 575.0 0.4582652466187026 1
gene  1 92 13 -8.047812280778032 0 576.0 -8.047812280778032 1
gene  1 14 94 1.9547514271852608 1 582.0 1.9547514271852608 1
gene  1 94 8 -2.2687234791155433 0 583.0 -2.2687234791155433 1
gene  1 13 97 4.380216423938325 1 593.0 4.380216423938325 1
gene  1 97 8 2.237132530887442 0 594.0 2.237132530887442 1
gene  1 9 56 2.3754525369411112 0 596.0 2.3754525369411112 1
gene  1 60 20 5.787176346968112 0 603.0 5.787176346968112 1
genomeend 16
genomestart  17
trait 1 0.0 0.0 1.2381570377802138 1.1036226464327767 0.10522835245191364 0.0 0.0 0.0 
node 1 1 1 1
node 2 1 1 1
node 3 1 1 1
node 4 1 1 1
node 5 1 1 1
node 6 1 1 1
node 7 1 1 3
node 8 1 0 0
node 9 1 0 0
node 13 1 0 2
node 14 1 0 2
node 20 1 0 0
node 56 1 0 0
node 60 1 0 0
node 79 1 0 0
node 92 1 0 0
node 94 1 0 0
node 97 1 0 0
gene  1 1 8 -7.996866630722736 0 98.0 -7.996866630722736 1
gene  1 2 8 -2.7879413212688706 0 99.0 -2.7879413212688706 1
gene  1 3 8 -3.7202099544532463 0 100.0 -3.7202099544532463 1
gene  1 6 8 -0.2678417598302969 0 103.0 -0.2678417598302969 1
gene  1 8 8 -3.8149719190260534 1 105.0 -3.8149719190260534 1
gene  1 9 8 -5.818077400396634 1 106.0 -5.818077400396634 1
gene  1 13 8 -2.4333786566672337 1 110.0 -2.4333786566672337 1
gene  1 14 8 -1.702872720741887 1 111.0 -1.702872720741887 1
gene  1 1 9 5.431006858701413 0 112.0 5.431006858701413 1
gene  1 4 9 1.8773642539031044 0 115.0 1.8773642539031044 1
gene  1 5 9 -2.360453439559373 0 116.0 -2.360453439559373 1
gene  1 7 9 0.2522020481001148 0 118.0 0.2522020481001148 1
gene  1 9 9 3.272022164790593 1 120.0 3.272022164790593 1
gene  1 14 9 0.28879398520690436 1 125.0 0.28879398520690436 1
gene  1 2 13 6.36798914660535 0 169.0 6.36798914660535 1
gene  1 5 13 -0.46326400553217306 0 172.0 -0.46326400553217306 1
gene  1 8 13 2.3263532432071274 0 175.0 2.3263532432071274 1
gene  1 1 14 -1.2951739967224394 0 182.0 -1.2951739967224394 1
gene  1 2 14 -0.19343863210231793 0 183.0 -0.19343863210231793 1
gene  1 3 14 0.299880367006895 0 184.0 0.299880367006895 1
gene  1 6 14 -2.327822009256825 0 187.0 -2.327822009256825 1
gene  1 13 14 -1.1081417762122476 0 194.0 -1.1081417762122476 1
gene  1 14 14 7.583911320266976 1 195.0 7.583911320266976 1
gene  1 5 8 1.9761340712084496 0 202.0 1.9761340712084496 1
gene  1 4 13 2.54476225899852 0 220.0 2.54476225899852 1
gene  1 1 20 2.0269161554774304 0 231.0 2.0269161554774304 1
gene  1 20 14 6.498684159981299 0 232.0 6.498684159981299 1
gene  1 1 13 -1.5724988023690967 0 329.0 -1.5724988023690967 1
gene  1 13 20 -7.360982642286952 0 337.0 -7.360982642286952 1
gene  1 4 20 -3.263207531477649 0 339.0 -3.263207531477649 1
gene  1 9 8 -1.793058719730759 0 404.0 -1.793058719730759 1
gene  1 8 14 2.171114729061362 0 410.0 2.171114729061362 1
gene  1 5 56 -1.9691851526179522 0 434.0 -1.9691851526179522 1
gene  1 56 8 -7.606594410070926 0 435.0 -7.606594410070926 1
gene  1 2 9 -0.957080188380145 0 448.0 -0.957080188380145 1
gene  1 3 60 0.0813754726256497 0 458.0 0.0813754726256497 1
gene  1 60 8 3.233312747305781 0 459.0 3.233312747305781 1
gene  1 1 60 1.081922037490314 0 479.0 1.081922037490314 1
gene  1 7 56 3.4868808545147325 0 520.0 3.4868808545147325 1
gene  1 13 79 -3.087920103078031 0 537.0 -3.087920103078031 1
gene  1 79 20 0.7007713056194276 0 538.0 0.7007713056194276 1
gene  1 3 79 -1.5001026266836952 0 556.0 -1.5001026266836952 1
gene  1 5 92 0.7616041527713302 0 575.0 0.7616041527713302 1
gene  1 92 13 -7.192843345047573 0 576.0 -7.192843345047573 1
gene  1 14 94 6.0516227935449685 1 582.0 6.0516227935449685 1
gene  1 94 8 -0.2770156187008499 0 583.0 -0.2770156187008499 1
gene  1 13 97 4.421130463826937 1 593.0 4.421130463826937 1
gene  1 97 8 -0.03215691493277023 0 594.0 -0.03215691493277023 1
gene  1 9 56 1.0079403912784732 0 596.0 1.0079403912784732 1
gene  1 60 20 1.6262741588588208 0 603.0 1.6262741588588208 1
genomeend 17
genomestart  18
trait 1 0.0 0.9380171225566565 2.8572292317689647 0.0 0.9774676473893938 0.5916859962196944 0.0 0.0 
node 1 1 1 1
node 2 1 1 1
node 3 1 1 1
node 4 1 1 1
node 5 1 1 1
node 6 1 1 1
node 7 1 1 3
node 13 1 0 2
node 14 1 0 2
node 45 1 0 0
node 71 1 0 0
node 89 1 0 0
gene  1 1 13 -3.152142749800635 0 168.0 -3.152142749800635 1
gene  1 2 13 -1.9232030121835972 0 169.0 -1.9232030121835972 1
gene  1 5 13 -1.7910130122406986 0 172.0 -1.7910130122406986 1
gene  1 6 13 1.763372157634581 0 173.0 1.763372157634581 1
gene  1 7 13 -1.0421974616756051 0 174.0 -1.0421974616756051 1
gene  1 3 14 1.3472900041318805 0 184.0 1.3472900041318805 1
gene  1 4 14 -2.511982943657212 0 185.0 -2.511982943657212 1
gene  1 7 14 9.07700751799888 0 188.0 9.07700751799888 1
gene  1 13 14 -3.804477823005241 0 194.0 -3.804477823005241 1
gene  1 14 14 -4.242890385398287 1 195.0 -4.242890385398287 1
gene  1 4 13 -0.49757088586741194 0 235.0 -0.49757088586741194 1
gene  1 1 14 -0.05749639422602382 0 242.0 -0.05749639422602382 1
gene  1 5 14 -2.7719235310453705 0 319.0 -2.7719235310453705 1
gene  1 1 45 -7.624928411231601 0 370.0 -7.624928411231601 1
gene  1 45 13 0.7446307884022045 0 371.0 0.7446307884022045 0
gene  1 4 45 -1.225437609894799 0 497.0 -1.225437609894799 1
gene  1 6 71 -0.35148095866740786 0 502.0 -0.35148095866740786 1
gene  1 71 13 4.0830497293061825 0 503.0 4.0830497293061825 1
gene  1 45 71 0.04490860291456511 0 534.0 0.04490860291456511 1
gene  1 3 13 -5.6225730933552045 0 535.0 -5.6225730933552045 1
gene  1 45 89 1.5215504777815176 0 566.0 1.5215504777815176 1
gene  1 89 13 -2.0321008686842075 0 567.0 -2.0321008686842075 1
genomeend 18
genomestart  19
trait 1 0.0 0.9380171225566565 2.8572292317689647 0.0 0.9774676473893938 0.5916859962196944 0.0 0.0 
node 1 1 1 1
node 2 1 1 1
node 3 1 1 1
node 4 1 1 1
node 5 1 1 1
node 6 1 1 1
node 7 1 1 3
node 13 1 0 2
node 14 1 0 2
node 45 1 0 0
node 71 1 0 0
node 89 1 0 0
gene  1 1 13 -3.3398443745277167 0 168.0 -3.3398443745277167 1
gene  1 2 13 -0.9847477781547369 0 169.0 -0.9847477781547369 1
gene  1 5 13 -1.4863067334336306 0 172.0 -1.4863067334336306 1
gene  1 6 13 -2.150316185760061 0 173.0 -2.150316185760061 1
gene  1 7 13 -2.442121822827018 0 174.0 -2.442121822827018 1
gene  1 3 14 2.3590049286871424 0 184.0 2.3590049286871424 1
gene  1 4 14 -4.870272756523957 0 185.0 -4.870272756523957 1
gene  1 7 14 12.116243214385653 0 188.0 12.116243214385653 1
gene  1 13 14 -4.451289893659497 0 194.0 -4.451289893659497 1
gene  1 14 14 -2.8268024949734287 1 195.0 -2.8268024949734287 1
gene  1 4 13 -0.8740236167721722 0 235.0 -0.8740236167721722 1
gene  1 1 14 3.2784315473655363 0 242.0 3.2784315473655363 1
gene  1 5 14 -4.9719298338461675 0 319.0 -4.9719298338461675 1
gene  1 1 45 -7.290398770433132 0 370.0 -7.290398770433132 1
gene  1 45 13 -1.817553018039696 0 371.0 -1.817553018039696 0
gene  1 4 45 -2.2778384731989503 0 497.0 -2.2778384731989503 1
gene  1 6 71 -1.2255958079710843 0 502.0 -1.2255958079710843 1
gene  1 71 13 1.2998764031746493 0 503.0 1.2998764031746493 1
gene  1 45 71 5.999335467805186 0 534.0 5.999335467805186 1
gene  1 3 13 -3.148213929396926 0 535.0 -3.148213929396926 1
gene  1 45 89 1.6924096191757876 0 566.0 1.6924096191757876 1
gene  1 89 13 1.2078061585875857 0 567.0 1.2078061585875857 1
genomeend 19
