genomestart  0
trait 1 0.0 0.0 0.0 0.0 0.34861870450370325 0.18084195503611378 0.0 0.0 
node 1 1 1 1
node 2 1 1 1
node 3 1 1 1
node 4 1 1 1
node 5 1 1 1
node 6 1 1 1
node 7 1 1 3
node 13 1 0 2
node 14 1 0 2
gene  1 1 13 -2.400276729025159 0 168.0 -2.400276729025159 1
gene  1 3 13 -3.5497140556796962 0 170.0 -3.5497140556796962 1
gene  1 5 13 -1.027411834402444 0 172.0 -1.027411834402444 1
gene  1 6 13 -6.354372929752688 0 173.0 -6.354372929752688 1
gene  1 14 13 2.242502580274155 1 181.0 2.242502580274155 1
gene  1 1 14 -0.19199093289385377 0 182.0 -0.19199093289385377 1
gene  1 2 14 3.744382503200698 0 183.0 3.744382503200698 1
gene  1 4 14 -1.0734749822377962 0 185.0 -1.0734749822377962 1
gene  1 5 14 5.76897411525017 0 186.0 5.76897411525017 1
gene  1 6 14 -1.2997195450754482 0 187.0 -1.2997195450754482 1
gene  1 7 14 2.040735776677039 0 188.0 2.040735776677039 1
gene  1 13 14 1.710146017574843 0 194.0 1.710146017574843 1
gene  1 14 14 -4.52712614707803 1 195.0 -4.52712614707803 1
genomeend 0
genomestart  1
trait 1 0.0 0.0 0.0 0.0 0.34861870450370325 0.18084195503611378 0.0 0.0 
node 1 1 1 1
node 2 1 1 1
node 3 1 1 1
node 4 1 1 1
node 5 1 1 1
node 6 1 1 1
node 7 1 1 3
node 13 1 0 2
node 14 1 0 2
gene  1 1 13 1.4933233673298327 0 168.0 1.4933233673298327 1
gene  1 3 13 -2.0640921141966238 0 170.0 -2.0640921141966238 1
gene  1 5 13 -0.3155388102078813 0 172.0 -0.3155388102078813 1
gene  1 6 13 -1.6533849024868885 0 173.0 -1.6533849024868885 1
gene  1 14 13 -1.3160009312314704 1 181.0 -1.3160009312314704 1
gene  1 1 14 0.3323830551916096 0 182.0 0.3323830551916096 1
gene  1 2 14 4.280389726701181 0 183.0 4.280389726701181 1
gene  1 4 14 -1.0734749822377962 0 185.0 -1.0734749822377962 1
gene  1 5 14 4.572660977131958 0 186.0 4.572660977131958 1
gene  1 6 14 1.55665551063761 0 187.0 1.55665551063761 1
gene  1 7 14 4.048451244143311 0 188.0 4.048451244143311 1
gene  1 13 14 1.9885709846544994 0 194.0 1.9885709846544994 1
gene  1 14 14 -1.7376057793755666 1 195.0 -1.7376057793755666 1
genomeend 1
genomestart  2
trait 1 0.2586656094953509 0.5885108907393293 0.0 0.0 0.0 0.8252480027595169 0.3583119961020439 0.5379884025205909 
node 1 1 1 1
node 2 1 1 1
node 3 1 1 1
node 4 1 1 1
node 5 1 1 1
node 6 1 1 1
node 7 1 1 3
node 13 1 0 2
node 14 1 0 2
gene  1 2 13 2.0424285315280613 0 169.0 2.0424285315280613 1
gene  1 3 13 -8.745667733999175 0 170.0 -8.745667733999175 1
gene  1 4 13 4.2749173816413055 0 171.0 4.2749173816413055 1
gene  1 6 13 12.286978547573153 0 173.0 12.286978547573153 1
gene  1 7 13 2.8748783977536556 0 174.0 2.8748783977536556 1
gene  1 13 13 7.9128159300792795 1 180.0 7.9128159300792795 1
gene  1 1 14 -1.0215636163673314 0 182.0 -1.0215636163673314 1
gene  1 2 14 3.938305571341275 0 183.0 3.938305571341275 1
gene  1 5 14 -0.5720518315717924 0 186.0 -0.5720518315717924 1
gene  1 6 14 -0.4602827693647089 0 187.0 -0.4602827693647089 1
gene  1 7 14 0.5895878962422185 0 188.0 0.5895878962422185 1
gene  1 13 14 1.3334276924671755 0 194.0 1.3334276924671755 1
gene  1 14 14 -1.4486444880325955 1 195.0 -1.4486444880325955 1
gene  1 4 14 -1.3062467789536982 0 196.0 -1.3062467789536982 1
gene  1 1 13 -1.1223280686005421 0 216.0 -1.1223280686005421 1
genomeend 2
genomestart  3
trait 1 0.2586656094953509 0.5885108907393293 0.0 0.0 0.0 0.8252480027595169 0.3583119961020439 0.5379884025205909 
node 1 1 1 1
node 2 1 1 1
node 3 1 1 1
node 4 1 1 1
node 5 1 1 1
node 6 1 1 1
node 7 1 1 3
node 13 1 0 2
node 14 1 0 2
gene  1 2 13 5.438593220978126 0 169.0 5.438593220978126 1
gene  1 3 13 -7.138211303710615 0 170.0 -7.138211303710615 1
gene  1 4 13 -1.4894915274864768 0 171.0 -1.4894915274864768 1
gene  1 6 13 10.369995991037323 0 173.0 10.369995991037323 1
gene  1 7 13 0.4173858200663941 0 174.0 0.4173858200663941 1
gene  1 13 13 7.14936881919464 1 180.0 7.14936881919464 1
gene  1 1 14 -0.45327676546151774 0 182.0 -0.45327676546151774 1
gene  1 2 14 0.2759758668705911 0 183.0 0.2759758668705911 1
gene  1 5 14 -3.269043609427041 0 186.0 -3.269043609427041 1
gene  1 6 14 -0.71729154734096 0 187.0 -0.71729154734096 1
gene  1 7 14 -0.5680375577194985 0 188.0 -0.5680375577194985 1
gene  1 13 14 -2.644533973239132 0 194.0 -2.644533973239132 1
gene  1 14 14 -2.161221911103804 1 195.0 -2.161221911103804 1
gene  1 4 14 -0.2386100650934922 0 196.0 -0.2386100650934922 1
gene  1 1 13 2.858319169466453 0 216.0 2.858319169466453 1
genomeend 3
genomestart  4
trait 1 0.12933280474767544 0.29425544536966464 0.08853489118479813 0.07766507438443143 0.0 0.41262400137975846 0.0 0.0 
node 1 1 1 1
node 2 1 1 1
node 3 1 1 1
node 4 1 1 1
node 5 1 1 1
node 6 1 1 1
node 7 1 1 3
node 13 1 0 2
node 14 1 0 2
node 21 1 0 0
gene  1 1 13 1.2812120426909313 0 168.0 1.2812120426909313 1
gene  1 4 13 -0.8628714568598344 0 171.0 -0.8628714568598344 1
gene  1 5 13 -4.571008321812371 0 172.0 -4.571008321812371 1
gene  1 7 13 0.981708242537751 0 174.0 0.981708242537751 1
gene  1 13 13 -2.754868935487597 1 180.0 -2.754868935487597 1
gene  1 2 14 2.2358444190524205 0 183.0 2.2358444190524205 1
gene  1 3 14 -2.835497545643672 0 184.0 -2.835497545643672 1
gene  1 6 14 3.558126489993314 0 187.0 3.558126489993314 1
gene  1 13 14 1.7606530124901976 0 194.0 1.7606530124901976 1
gene  1 14 14 1.8047363661331222 1 195.0 1.8047363661331222 1
gene  1 6 13 -0.11200446464932678 0 205.0 -0.11200446464932678 1
gene  1 5 14 -3.752516375125567 0 223.0 -3.752516375125567 1
gene  1 3 13 2.8281369291434153 0 229.0 2.8281369291434153 1
gene  1 2 13 0.06277539881432093 0 233.0 0.06277539881432093 1
gene  1 1 21 1.8529363180360545 0 238.0 1.8529363180360545 1
gene  1 21 13 2.036806861660008 0 239.0 2.036806861660008 1
genomeend 4
genomestart  5
trait 1 0.12933280474767544 0.29425544536966464 0.08853489118479813 0.07766507438443143 0.0 0.41262400137975846 0.0 0.0 
node 1 1 1 1
node 2 1 1 1
node 3 1 1 1
node 4 1 1 1
node 5 1 1 1
node 6 1 1 1
node 7 1 1 3
node 13 1 0 2
node 14 1 0 2
node 21 1 0 0
gene  1 1 13 3.045158272965012 0 168.0 3.045158272965012 1
gene  1 4 13 0.08441414431069583 0 171.0 0.08441414431069583 1
gene  1 5 13 -2.15351694461321 0 172.0 -2.15351694461321 1
gene  1 7 13 0.11357200165961467 0 174.0 0.11357200165961467 1
gene  1 13 13 1.44912993679026 1 180.0 1.44912993679026 1
gene  1 2 14 -2.187966633282064 0 183.0 -2.187966633282064 1
gene  1 3 14 -3.1506775465073535 0 184.0 -3.1506775465073535 1
gene  1 6 14 1.524242958783237 0 187.0 1.524242958783237 1
gene  1 13 14 1.2577129142800858 0 194.0 1.2577129142800858 1
gene  1 14 14 1.7887686263804374 1 195.0 1.7887686263804374 1
gene  1 6 13 2.3137821579911035 0 205.0 2.3137821579911035 1
gene  1 5 14 -4.323790249752979 0 223.0 -4.323790249752979 1
gene  1 3 13 2.4726704841375935 0 229.0 2.4726704841375935 1
gene  1 2 13 -1.1171818647127216 0 233.0 -1.1171818647127216 1
gene  1 1 21 -1.6065327190132206 0 238.0 -1.6065327190132206 1
gene  1 21 13 -4.101988355531304 0 239.0 -4.101988355531304 1
genomeend 5
genomestart  6
trait 1 1.0490503876793729 0.03166108780081611 0.0 0.8800951238994141 0.919598732340333 0.055111220103936875 0.36131295212581005 0.0 
node 1 1 1 1
node 2 1 1 1
node 3 1 1 1
node 4 1 1 1
node 5 1 1 1
node 6 1 1 1
node 7 1 1 3
node 8 1 0 0
node 13 1 0 2
node 14 1 0 2
gene  1 1 8 1.0515450021131834 0 98.0 1.0515450021131834 1
gene  1 2 8 0.5934640088444658 0 99.0 0.5934640088444658 1
gene  1 3 8 -1.7743828140654574 0 100.0 -1.7743828140654574 1
gene  1 4 8 6.457009015916725 0 101.0 6.457009015916725 1
gene  1 5 8 2.5013964936013235 0 102.0 2.5013964936013235 1
gene  1 6 8 0.21573710434360427 0 103.0 0.21573710434360427 1
gene  1 8 8 -0.8068580236622493 1 105.0 -0.8068580236622493 1
gene  1 13 8 2.1616515699330296 1 110.0 2.1616515699330296 1
gene  1 14 8 5.938108110560669 1 111.0 5.938108110560669 1
gene  1 3 13 3.421301858291964 0 170.0 3.421301858291964 1
gene  1 5 13 2.6863662283064813 0 172.0 2.6863662283064813 1
gene  1 7 13 -2.4324192665743265 0 174.0 -2.4324192665743265 1
gene  1 13 13 -3.097442325494546 1 180.0 -3.097442325494546 1
gene  1 2 14 4.436198588124395 0 183.0 4.436198588124395 1
gene  1 4 14 0.5679850347860047 0 185.0 0.5679850347860047 1
gene  1 6 14 -2.797580860546148 0 187.0 -2.797580860546148 1
gene  1 8 14 0.5885276845226283 0 189.0 0.5885276845226283 1
gene  1 13 14 3.0904060090402234 0 194.0 3.0904060090402234 1
gene  1 2 13 1.2768983800624174 0 213.0 1.2768983800624174 1
gene  1 4 13 8.532501483742793 0 230.0 8.532501483742793 1
gene  1 13 8 3.0856385371901935 0 244.0 3.0856385371901935 1
genomeend 6
genomestart  7
trait 1 1.0490503876793729 0.03166108780081611 0.0 0.8800951238994141 0.919598732340333 0.055111220103936875 0.36131295212581005 0.0 
node 1 1 1 1
node 2 1 1 1
node 3 1 1 1
node 4 1 1 1
node 5 1 1 1
node 6 1 1 1
node 7 1 1 3
node 8 1 0 0
node 13 1 0 2
node 14 1 0 2
gene  1 1 8 2.1264729690457163 0 98.0 2.1264729690457163 1
gene  1 2 8 -2.091932454142104 0 99.0 -2.091932454142104 1
gene  1 3 8 -2.3941021698297336 0 100.0 -2.3941021698297336 1
gene  1 4 8 5.575781806319298 0 101.0 5.575781806319298 1
gene  1 5 8 1.0164272654094746 0 102.0 1.0164272654094746 1
gene  1 6 8 -3.907655870182554 0 103.0 -3.907655870182554 1
gene  1 8 8 1.2105322144528772 1 105.0 1.2105322144528772 1
gene  1 13 8 -0.0822882819784948 1 110.0 -0.0822882819784948 1
gene  1 14 8 3.4243202117147398 1 111.0 3.4243202117147398 1
gene  1 3 13 2.7177667107989616 0 170.0 2.7177667107989616 1
gene  1 5 13 0.8462371814890397 0 172.0 0.8462371814890397 1
gene  1 7 13 -5.539665054165194 0 174.0 -5.539665054165194 1
gene  1 13 13 -2.5763540158320763 1 180.0 -2.5763540158320763 1
gene  1 2 14 4.960310436435201 0 183.0 4.960310436435201 1
gene  1 4 14 -1.9864405794001927 0 185.0 -1.9864405794001927 1
gene  1 6 14 -0.396916238172736 0 187.0 -0.396916238172736 1
gene  1 8 14 -2.2258480166393424 0 189.0 -2.2258480166393424 1
gene  1 13 14 4.0727712799216365 0 194.0 4.0727712799216365 1
gene  1 2 13 2.2299647209810507 0 213.0 2.2299647209810507 1
gene  1 4 13 8.732780582906248 0 230.0 8.732780582906248 1
gene  1 13 8 3.471671769110455 0 244.0 3.471671769110455 1
genomeend 7
genomestart  8
trait 1 0.30953570504356986 0.0 0.01179544772583263 0.7114720370213098 1.5610523093872115 0.3493210991972051 0.0 0.0 
node 1 1 1 1
node 2 1 1 1
node 3 1 1 1
node 4 1 1 1
node 5 1 1 1
node 6 1 1 1
node 7 1 1 3
node 8 1 0 0
node 9 1 0 0
node 10 1 0 0
node 13 1 0 2
node 14 1 0 2
gene  1 1 8 1.1289600700474465 0 98.0 1.1289600700474465 1
gene  1 3 8 -3.3629767238733796 0 100.0 -3.3629767238733796 1
gene  1 5 8 -2.9486140489124075 0 102.0 -2.9486140489124075 1
gene  1 6 8 -0.4854361492714848 0 103.0 -0.4854361492714848 1
gene  1 8 8 -4.89941120526422 1 105.0 -4.89941120526422 1
gene  1 1 9 -0.4441592447101578 0 112.0 -0.4441592447101578 1
gene  1 2 9 -4.7100322375429995 0 113.0 -4.7100322375429995 1
gene  1 3 9 2.392438632810846 0 114.0 2.392438632810846 1
gene  1 5 9 1.8650774032050843 0 116.0 1.8650774032050843 1
gene  1 7 9 -0.7684742460233971 0 118.0 -0.7684742460233971 1
gene  1 9 9 1.4654384475167033 1 120.0 1.4654384475167033 1
gene  1 10 9 -4.757253358337955 1 121.0 -4.757253358337955 1
gene  1 13 9 5.454865700129357 1 124.0 5.454865700129357 1
gene  1 2 10 -0.9868708585945274 0 127.0 -0.9868708585945274 1
gene  1 4 10 -1.5971638579360306 0 129.0 -1.5971638579360306 1
gene  1 5 10 4.54356231736077 0 130.0 4.54356231736077 1
gene  1 8 10 -1.8930446728798827 0 133.0 -1.8930446728798827 1
gene  1 9 10 -1.7622102847740484 0 134.0 -1.7622102847740484 1
gene  1 10 10 0.10026129930714056 1 135.0 0.10026129930714056 1
gene  1 13 10 -5.174314116562328 1 138.0 -5.174314116562328 1
gene  1 14 10 -5.955349327857392 1 139.0 -5.955349327857392 1
gene  1 2 13 4.738209753585884 0 169.0 4.738209753585884 1
gene  1 3 13 -0.49884862378410477 0 170.0 -0.49884862378410477 1
gene  1 6 13 -5.18250087378925 0 173.0 -5.18250087378925 1
gene  1 7 13 6.256322151740836 0 174.0 6.256322151740836 1
gene  1 9 13 4.578418096909483 0 176.0 4.578418096909483 1
gene  1 13 13 4.561987128880482 1 180.0 4.561987128880482 1
gene  1 14 13 -3.29407771226345 1 181.0 -3.29407771226345 1
gene  1 1 14 2.4537757662793442 0 182.0 2.4537757662793442 1
gene  1 3 14 1.191425350557524 0 184.0 1.191425350557524 1
gene  1 9 14 -1.6460036812331338 0 190.0 -1.6460036812331338 1
gene  1 10 14 -1.267800657006817 0 191.0 -1.267800657006817 1
gene  1 8 13 0.8116225629583464 0 207.0 0.8116225629583464 1
gene  1 1 10 1.7678550706922875 0 226.0 1.7678550706922875 1
gene  1 6 14 4.290687791752294 0 234.0 4.290687791752294 1
genomeend 8
genomestart  9
trait 1 0.30953570504356986 0.0 0.01179544772583263 0.7114720370213098 1.5610523093872115 0.3493210991972051 0.0 0.0 
node 1 1 1 1
node 2 1 1 1
node 3 1 1 1
node 4 1 1 1
node 5 1 1 1
node 6 1 1 1
node 7 1 1 3
node 8 1 0 0
node 9 1 0 0
node 10 1 0 0
node 13 1 0 2
node 14 1 0 2
gene  1 1 8 -0.8943731930267973 0 98.0 -0.8943731930267973 1
gene  1 3 8 -2.5459494605593505 0 100.0 -2.5459494605593505 1
gene  1 5 8 -0.07033269011506671 0 102.0 -0.07033269011506671 1
gene  1 6 8 3.331135356988715 0 103.0 3.331135356988715 1
gene  1 8 8 -6.0799216871730835 1 105.0 -6.0799216871730835 1
gene  1 1 9 -0.010554806378465065 0 112.0 -0.010554806378465065 1
gene  1 2 9 -0.5028865632667645 0 113.0 -0.5028865632667645 1
gene  1 3 9 -2.2912979798046447 0 114.0 -2.2912979798046447 1
gene  1 5 9 1.2293625114951423 0 116.0 1.2293625114951423 1
gene  1 7 9 0.9429341226261858 0 118.0 0.9429341226261858 1
gene  1 9 9 0.918350966470499 1 120.0 0.918350966470499 1
gene  1 10 9 -3.089517841376444 1 121.0 -3.089517841376444 1
gene  1 13 9 5.144850986558779 1 124.0 5.144850986558779 1
gene  1 2 10 -1.71429356767181 0 127.0 -1.71429356767181 1
gene  1 4 10 -0.5968522611505809 0 129.0 -0.5968522611505809 1
gene  1 5 10 -0.37288729088219785 0 130.0 -0.37288729088219785 1
gene  1 8 10 -1.2137494565277303 0 133.0 -1.2137494565277303 1
gene  1 9 10 1.909997746334073 0 134.0 1.909997746334073 1
gene  1 10 10 3.292119081082449 1 135.0 3.292119081082449 1
gene  1 13 10 -9.59150439277965 1 138.0 -9.59150439277965 1
gene  1 14 10 -1.6139767821385123 1 139.0 -1.6139767821385123 1
gene  1 2 13 3.966223312816696 0 169.0 3.966223312816696 1
gene  1 3 13 2.0393133204170284 0 170.0 2.0393133204170284 1
gene  1 6 13 -0.7967223725081793 0 173.0 -0.7967223725081793 1
gene  1 7 13 6.906035331198788 0 174.0 6.906035331198788 1
gene  1 9 13 6.824543076440643 0 176.0 6.824543076440643 1
gene  1 13 13 4.482141536411827 1 180.0 4.482141536411827 1
gene  1 14 13 -1.9158683853594778 1 181.0 -1.9158683853594778 1
gene  1 1 14 -8.041337816243388 0 182.0 -8.041337816243388 1
gene  1 3 14 0.4280387853640766 0 184.0 0.4280387853640766 1
gene  1 9 14 -1.066877962554439 0 190.0 -1.066877962554439 1
gene  1 10 14 -1.9236747559125824 0 191.0 -1.9236747559125824 1
gene  1 8 13 2.5871123239635243 0 207.0 2.5871123239635243 1
gene  1 1 10 -1.315416988056934 0 226.0 -1.315416988056934 1
gene  1 6 14 4.50542590611774 0 234.0 4.50542590611774 1
genomeend 9
genomestart  10
trait 1 0.0 0.21752476535502496 0.0 0.0 0.3565870268080499 0.0 0.0 0.0 
node 1 1 1 1
node 2 1 1 1
node 3 1 1 1
node 4 1 1 1
node 5 1 1 1
node 6 1 1 1
node 7 1 1 3
node 8 1 0 0
node 13 1 0 2
node 14 1 0 2
node 22 1 0 0
gene  1 1 8 3.319480561500112 0 98.0 3.319480561500112 1
gene  1 3 8 5.348691866452835 0 100.0 5.348691866452835 1
gene  1 4 8 -8.181926635071427 0 101.0 -8.181926635071427 1
gene  1 5 8 -1.6538806501386207 0 102.0 -1.6538806501386207 1
gene  1 6 8 2.1649889377548557 0 103.0 2.1649889377548557 1
gene  1 8 8 -6.839042278112395 1 105.0 -6.839042278112395 1
gene  1 1 13 -5.101612148919047 0 168.0 -5.101612148919047 1
gene  1 5 13 0.42489106021708434 0 172.0 0.42489106021708434 1
gene  1 13 13 -4.141797503877651 1 180.0 -4.141797503877651 1
gene  1 14 13 -0.3136216382285548 1 181.0 -0.3136216382285548 1
gene  1 2 14 -6.670759230568219 0 183.0 -6.670759230568219 1
gene  1 3 14 -0.8482036821172807 0 184.0 -0.8482036821172807 1
gene  1 5 14 0.255344842242776 0 186.0 0.255344842242776 1
gene  1 7 14 0.8423425642206701 0 188.0 0.8423425642206701 1
gene  1 8 14 -2.391337030699417 0 189.0 -2.391337030699417 1
gene  1 13 14 -3.456250441925457 0 194.0 -3.456250441925457 1
gene  1 2 13 1.4134207308714843 0 236.0 1.4134207308714843 1
gene  1 8 22 1.3057288245485017 0 240.0 1.3057288245485017 1
gene  1 22 14 -4.180902539375046 0 241.0 -4.180902539375046 1
gene  1 1 22 -0.6151853201594815 0 245.0 -0.6151853201594815 1
genomeend 10
genomestart  11
trait 1 0.0 0.21752476535502496 0.0 0.0 0.3565870268080499 0.0 0.0 0.0 
node 1 1 1 1
node 2 1 1 1
node 3 1 1 1
node 4 1 1 1
node 5 1 1 1
node 6 1 1 1
node 7 1 1 3
node 8 1 0 0
node 13 1 0 2
node 14 1 0 2
node 22 1 0 0
gene  1 1 8 3.307365849636947 0 98.0 3.307365849636947 1
gene  1 3 8 2.958809000815851 0 100.0 2.958809000815851 1
gene  1 4 8 -8.240566462026683 0 101.0 -8.240566462026683 1
gene  1 5 8 -3.9993579882567625 0 102.0 -3.9993579882567625 1
gene  1 6 8 1.3695521766730716 0 103.0 1.3695521766730716 1
gene  1 8 8 -6.789956827283762 1 105.0 -6.789956827283762 1
gene  1 1 13 -1.8268451136776154 0 168.0 -1.8268451136776154 1
gene  1 5 13 2.1489335780607055 0 172.0 2.1489335780607055 1
gene  1 13 13 -6.635965783318985 1 180.0 -6.635965783318985 1
gene  1 14 13 -0.3608291670484044 1 181.0 -0.3608291670484044 1
gene  1 2 14 -4.366285042746076 0 183.0 -4.366285042746076 1
gene  1 3 14 -0.053289374380618426 0 184.0 -0.053289374380618426 1
gene  1 5 14 -0.11187422258201174 0 186.0 -0.11187422258201174 1
gene  1 7 14 -0.07227826464546805 0 188.0 -0.07227826464546805 1
gene  1 8 14 -2.2409156299589155 0 189.0 -2.2409156299589155 1
gene  1 13 14 -3.923434444115143 0 194.0 -3.923434444115143 1
gene  1 2 13 1.7398712520781912 0 236.0 1.7398712520781912 1
gene  1 8 22 0.4746608209548822 0 240.0 0.4746608209548822 1
gene  1 22 14 -4.461002185709755 0 241.0 -4.461002185709755 1
gene  1 1 22 -2.9326562594849177 0 245.0 -2.9326562594849177 1
genomeend 11
genomestart  12
trait 1 0.06350238224711335 0.0 0.0 0.39087263542472395 0.3565870268080499 0.0 0.0 0.0 
node 1 1 1 1
node 2 1 1 1
node 3 1 1 1
node 4 1 1 1
node 5 1 1 1
node 6 1 1 1
node 7 1 1 3
node 8 1 0 0
node 13 1 0 2
node 14 1 0 2
node 22 1 0 0
gene  1 1 8 4.259639674415615 0 98.0 4.259639674415615 1
gene  1 3 8 3.782862077466995 0 100.0 3.782862077466995 1
gene  1 4 8 -9.806365672640311 0 101.0 -9.806365672640311 1
gene  1 5 8 -0.6561248833473308 0 102.0 -0.6561248833473308 1
gene  1 6 8 1.3212716067357624 0 103.0 1.3212716067357624 1
gene  1 8 8 -7.486302787950421 1 105.0 -7.486302787950421 1
gene  1 1 13 -2.2355610465407763 0 168.0 -2.2355610465407763 1
gene  1 5 13 1.4680441404532871 0 172.0 1.4680441404532871 1
gene  1 13 13 -5.028966646305709 1 180.0 -5.028966646305709 1
gene  1 14 13 -2.065843501165672 1 181.0 -2.065843501165672 1
gene  1 2 14 -7.746164425514356 0 183.0 -7.746164425514356 1
gene  1 3 14 -1.6696292233154313 0 184.0 -1.6696292233154313 1
gene  1 5 14 2.7936810717266485 0 186.0 2.7936810717266485 1
gene  1 7 14 -2.3116545410731213 0 188.0 -2.3116545410731213 1
gene  1 8 14 0.8833424419098904 0 189.0 0.8833424419098904 1
gene  1 13 14 -4.500083755799331 0 194.0 -4.500083755799331 1
gene  1 2 13 0.04916867798892943 0 236.0 0.04916867798892943 1
gene  1 8 22 -0.5409352260722939 0 240.0 -0.5409352260722939 1
gene  1 22 14 -4.021524391757117 0 241.0 -4.021524391757117 1
gene  1 1 22 -0.9091318742349022 0 245.0 -0.9091318742349022 1
genomeend 12
genomestart  13
trait 1 0.0 0.21752476535502496 0.0 0.0 0.3565870268080499 0.0 0.0 0.0 
node 1 1 1 1
node 2 1 1 1
node 3 1 1 1
node 4 1 1 1
node 5 1 1 1
node 6 1 1 1
node 7 1 1 3
node 8 1 0 0
node 13 1 0 2
node 14 1 0 2
node 22 1 0 0
gene  1 1 8 4.277971255933573 0 98.0 4.277971255933573 1
gene  1 3 8 4.09894061621552 0 100.0 4.09894061621552 1
gene  1 4 8 -7.874032934998565 0 101.0 -7.874032934998565 1
gene  1 5 8 -3.692426996118466 0 102.0 -3.692426996118466 1
gene  1 6 8 -0.883118486145918 0 103.0 -0.883118486145918 1
gene  1 8 8 -8.236499812872943 1 105.0 -8.236499812872943 1
gene  1 1 13 -5.382540965018833 0 168.0 -5.382540965018833 1
gene  1 5 13 1.7316347036665132 0 172.0 1.7316347036665132 1
gene  1 13 13 -7.233683675343294 1 180.0 -7.233683675343294 1
gene  1 14 13 -1.0040755714117862 1 181.0 -1.0040755714117862 1
gene  1 2 14 -7.1171103042595805 0 183.0 -7.1171103042595805 1
gene  1 3 14 0.8884169002046864 0 184.0 0.8884169002046864 1
gene  1 5 14 1.4903353503053631 0 186.0 1.4903353503053631 1
gene  1 7 14 1.646067393578857 0 188.0 1.646067393578857 1
gene  1 8 14 1.448089966920572 0 189.0 1.448089966920572 1
gene  1 13 14 -1.418080574462886 0 194.0 -1.418080574462886 1
gene  1 2 13 1.3094605332031315 0 236.0 1.3094605332031315 1
gene  1 8 22 -2.2926650292544393 0 240.0 -2.2926650292544393 1
gene  1 22 14 -2.834735992224575 0 241.0 -2.834735992224575 1
gene  1 1 22 -1.851001340618204 0 245.0 -1.851001340618204 1
genomeend 13
genomestart  14
trait 1 0.0 0.0 0.0 0.0 0.0 0.16725497665413347 0.0 0.0 
node 1 1 1 1
node 2 1 1 1
node 3 1 1 1
node 4 1 1 1
node 5 1 1 1
node 6 1 1 1
node 7 1 1 3
node 13 1 0 2
node 14 1 0 2
gene  1 1 13 5.7163787496569745 0 168.0 5.7163787496569745 1
gene  1 2 13 8.062581985483211 0 169.0 8.062581985483211 1
gene  1 3 13 -0.47770888085876223 0 170.0 -0.47770888085876223 1
gene  1 4 13 -2.5009621545274046 0 171.0 -2.5009621545274046 1
gene  1 5 13 0.8119337732016663 0 172.0 0.8119337732016663 1
gene  1 6 13 -4.999495797638865 0 173.0 -4.999495797638865 1
gene  1 7 13 2.819349852361432 0 174.0 2.819349852361432 1
gene  1 14 13 1.0373347903026349 1 181.0 1.0373347903026349 1
gene  1 1 14 -1.6075630698160572 0 182.0 -1.6075630698160572 1
gene  1 2 14 2.185691161323108 0 183.0 2.185691161323108 1
gene  1 3 14 0.36873638381835994 0 184.0 0.36873638381835994 1
gene  1 13 14 -0.47436131171441964 0 194.0 -0.47436131171441964 1
gene  1 14 14 -0.722426422907702 1 195.0 -0.722426422907702 1
genomeend 14
genomestart  15
trait 1 0.0 0.0 0.0 0.0 0.0 0.16725497665413347 0.0 0.0 
node 1 1 1 1
node 2 1 1 1
node 3 1 1 1
node 4 1 1 1
node 5 1 1 1
node 6 1 1 1
node 7 1 1 3
node 13 1 0 2
node 14 1 0 2
gene  1 1 13 5.487849320277091 0 168.0 5.487849320277091 1
gene  1 2 13 -1.9787206757973486 0 169.0 -1.9787206757973486 1
gene  1 3 13 0.11052248136030923 0 170.0 0.11052248136030923 1
gene  1 4 13 0.490894192322186 0 171.0 0.490894192322186 1
gene  1 5 13 -0.4858007793864483 0 172.0 -0.4858007793864483 1
gene  1 6 13 -3.0263675423526717 0 173.0 -3.0263675423526717 1
gene  1 7 13 1.256703801548848 0 174.0 1.256703801548848 1
gene  1 14 13 5.018321117088972 1 181.0 5.018321117088972 1
gene  1 1 14 1.9126108162653637 0 182.0 1.9126108162653637 1
gene  1 2 14 4.650303409667664 0 183.0 4.650303409667664 1
gene  1 3 14 0.36873638381835994 0 184.0 0.36873638381835994 1
gene  1 13 14 -4.128907768376568 0 194.0 -4.128907768376568 1
gene  1 14 14 -0.1104063197449685 1 195.0 -0.1104063197449685 1
genomeend 15
genomestart  16
trait 1 0.0 0.0 0.4837506990707928 0.0 0.10536140174041086 0.7373771694244708 0.38469724871211086 0.0 
node 1 1 1 1
node 2 1 1 1
node 3 1 1 1
node 4 1 1 1
node 5 1 1 1
node 6 1 1 1
node 7 1 1 3
node 8 1 0 0
node 9 1 0 0
node 13 1 0 2
node 14 1 0 2
node 20 1 0 0
gene  1 1 8 -5.272651910547855 0 98.0 -5.272651910547855 1
gene  1 2 8 3.3376740168441645 0 99.0 3.3376740168441645 1
gene  1 3 8 -1.073590643310368 0 100.0 -1.073590643310368 1
gene  1 6 8 1.0950291470544573 0 103.0 1.0950291470544573 1
gene  1 8 8 4.195555585639234 1 105.0 4.195555585639234 1
gene  1 9 8 8.54115446904516 1 106.0 8.54115446904516 1
gene  1 13 8 7.266024637502476 1 110.0 7.266024637502476 1
gene  1 14 8 -3.661444989256152 1 111.0 -3.661444989256152 1
gene  1 1 9 -0.5393900230624782 0 112.0 -0.5393900230624782 1
gene  1 4 9 1.4947645720091303 0 115.0 1.4947645720091303 1
gene  1 5 9 -3.559005295321774 0 116.0 -3.559005295321774 1
gene  1 7 9 -3.855529720651053 0 118.0 -3.855529720651053 1
gene  1 9 9 5.616619669626185 1 120.0 5.616619669626185 1
gene  1 14 9 -1.5954739719879192 1 125.0 -1.5954739719879192 1
gene  1 2 13 -5.125863959780377 0 169.0 -5.125863959780377 1
gene  1 5 13 -4.952151600271442 0 172.0 -4.952151600271442 1
gene  1 8 13 -5.9996340559337105 0 175.0 -5.9996340559337105 1
gene  1 1 14 3.675170354933467 0 182.0 3.675170354933467 0
gene  1 2 14 13.419912991380787 0 183.0 13.419912991380787 1
gene  1 3 14 -3.8406591687448346 0 184.0 -3.8406591687448346 1
gene  1 6 14 2.862831260386613 0 187.0 2.862831260386613 1
gene  1 13 14 0.18039043137836125 0 194.0 0.18039043137836125 1
gene  1 14 14 0.8820605927914547 1 195.0 0.8820605927914547 1
gene  1 5 8 -2.058901490368577 0 202.0 -2.058901490368577 1
gene  1 4 13 -2.554535866291514 0 220.0 -2.554535866291514 1
gene  1 1 20 -1.2729441666322183 0 231.0 -1.2729441666322183 1
gene  1 20 14 0.5187796743614604 0 232.0 0.5187796743614604 1
genomeend 16
genomestart  17
trait 1 0.0 0.0 0.4837506990707928 0.0 0.10536140174041086 0.7373771694244708 0.38469724871211086 0.0 
node 1 1 1 1
node 2 1 1 1
node 3 1 1 1
node 4 1 1 1
node 5 1 1 1
node 6 1 1 1
node 7 1 1 3
node 8 1 0 0
node 9 1 0 0
node 13 1 0 2
node 14 1 0 2
node 20 1 0 0
gene  1 1 8 -4.164464367007808 0 98.0 -4.164464367007808 1
gene  1 2 8 3.5728527335193547 0 99.0 3.5728527335193547 1
gene  1 3 8 0.40925621141860224 0 100.0 0.40925621141860224 1
gene  1 6 8 -1.773710582492821 0 103.0 -1.773710582492821 1
gene  1 8 8 2.135526538740845 1 105.0 2.135526538740845 1
gene  1 9 8 7.76641334346538 1 106.0 7.76641334346538 1
gene  1 13 8 6.211863960340764 1 110.0 6.211863960340764 1
gene  1 14 8 0.5973347383629379 1 111.0 0.5973347383629379 1
gene  1 1 9 2.685920268014502 0 112.0 2.685920268014502 1
gene  1 4 9 -2.466529066727147 0 115.0 -2.466529066727147 1
gene  1 5 9 0.49015339099535393 0 116.0 0.49015339099535393 1
gene  1 7 9 0.30679772252521986 0 118.0 0.30679772252521986 1
gene  1 9 9 4.04075529356487 1 120.0 4.04075529356487 1
gene  1 14 9 -2.2513031329379802 1 125.0 -2.2513031329379802 1
gene  1 2 13 -5.179514502515367 0 169.0 -5.179514502515367 1
gene  1 5 13 -6.007609700773926 0 172.0 -6.007609700773926 1
gene  1 8 13 -10.127480865917159 0 175.0 -10.127480865917159 1
gene  1 1 14 0.8202823536843751 0 182.0 0.8202823536843751 0
gene  1 2 14 15.301845162244584 0 183.0 15.301845162244584 1
gene  1 3 14 -2.9740794537323074 0 184.0 -2.9740794537323074 1
gene  1 6 14 6.117038293717682 0 187.0 6.117038293717682 1
gene  1 13 14 0.4457210854270609 0 194.0 0.4457210854270609 1
gene  1 14 14 2.4902150829587772 1 195.0 2.4902150829587772 1
gene  1 5 8 -0.588958324753769 0 202.0 -0.588958324753769 1
gene  1 4 13 -0.11716289971111182 0 220.0 -0.11716289971111182 1
gene  1 1 20 -0.9970860690914685 0 231.0 -0.9970860690914685 1
gene  1 20 14 -3.1119482661789597 0 232.0 -3.1119482661789597 1
genomeend 17
genomestart  18
trait 1 0.0 0.5083495325446782 0.0 0.0 0.0 0.0 0.865269713865461 0.0 
node 1 1 1 1
node 2 1 1 1
node 3 1 1 1
node 4 1 1 1
node 5 1 1 1
node 6 1 1 1
node 7 1 1 3
node 13 1 0 2
node 14 1 0 2
gene  1 1 13 -2.28366731680787 0 168.0 -2.28366731680787 1
gene  1 2 13 -0.23323589071263778 0 169.0 -0.23323589071263778 1
gene  1 5 13 3.9786754759564724 0 172.0 3.9786754759564724 1
gene  1 6 13 -0.868330595976522 0 173.0 -0.868330595976522 1
gene  1 7 13 -0.21441500447888606 0 174.0 -0.21441500447888606 1
gene  1 3 14 -0.12881380940487674 0 184.0 -0.12881380940487674 1
gene  1 4 14 7.163969481372975 0 185.0 7.163969481372975 1
gene  1 7 14 2.4324317594098357 0 188.0 2.4324317594098357 1
gene  1 13 14 -2.028868082824064 0 194.0 -2.028868082824064 1
gene  1 14 14 4.568522524036789 1 195.0 4.568522524036789 1
gene  1 4 13 -9.024837108118419 0 235.0 -9.024837108118419 1
gene  1 1 14 -1.1492412666784038 0 242.0 -1.1492412666784038 1
genomeend 18
genomestart  19
trait 1 0.0 0.0 0.0 0.0 0.0 0.0 0.0 0.0 
node 1 1 1 1
node 2 1 1 1
node 3 1 1 1
node 4 1 1 1
node 5 1 1 1
node 6 1 1 1
node 7 1 1 3
node 13 1 0 2
node 14 1 0 2
gene  1 1 13 -1.4270570315548907 0 168.0 -1.4270570315548907 1
gene  1 2 13 0.47581028723513136 0 169.0 0.47581028723513136 1
gene  1 5 13 1.5680237298234245 0 172.0 1.5680237298234245 1
gene  1 6 13 -2.1124007745439046 0 173.0 -2.1124007745439046 1
gene  1 7 13 1.2464519222931363 0 174.0 1.2464519222931363 1
gene  1 3 14 -2.6255233729438965 0 184.0 -2.6255233729438965 1
gene  1 4 14 8.22101084551647 0 185.0 8.22101084551647 1
gene  1 7 14 1.539193371241795 0 188.0 1.539193371241795 1
gene  1 13 14 -2.597749710774031 0 194.0 -2.597749710774031 1
gene  1 14 14 6.773159605524004 1 195.0 6.773159605524004 1
gene  1 4 13 -8.780622402963868 0 235.0 -8.780622402963868 1
gene  1 1 14 -1.0053385729193518 0 242.0 -1.0053385729193518 1
genomeend 19
