genomestart  0
trait 1 0.12236385032328645 0.11996509262718169 0.0 0.2680690567629802 0.4290534949251379 1.5455413581743827 1.0590140864502917 1.129602463927845 
node 1 1 1 1
node 2 1 1 1
node 3 1 1 1
node 4 1 1 1
node 5 1 1 1
node 6 1 1 1
node 7 1 1 3
node 13 1 0 2
node 14 1 0 2
node 33 1 0 0
gene  1 2 13 4.0121133301321805 0 169.0 4.0121133301321805 1
gene  1 3 13 -13.800766182179675 0 170.0 -13.800766182179675 1
gene  1 4 13 -3.2191622921286096 0 171.0 -3.2191622921286096 1
gene  1 6 13 0.4975653146146821 0 173.0 0.4975653146146821 1
gene  1 7 13 1.601163067952915 0 174.0 1.601163067952915 1
gene  1 13 13 -1.5640080646197037 1 180.0 -1.5640080646197037 1
gene  1 1 14 -7.244788867380822 0 182.0 -7.244788867380822 0
gene  1 2 14 14.304643131468339 0 183.0 14.304643131468339 1
gene  1 5 14 1.617539158717585 0 186.0 1.617539158717585 1
gene  1 6 14 1.8051940573996748 0 187.0 1.8051940573996748 1
gene  1 7 14 2.4040436982523583 0 188.0 2.4040436982523583 1
gene  1 13 14 1.1418660260649682 0 194.0 1.1418660260649682 1
gene  1 14 14 6.2784570551391 1 195.0 6.2784570551391 1
gene  1 4 14 -2.9021693583489627 0 196.0 -2.9021693583489627 1
gene  1 1 13 1.038354002715811 0 216.0 1.038354002715811 1
gene  1 1 33 0.739131261319617 0 313.0 0.739131261319617 1
gene  1 33 14 0.529749773501591 0 314.0 0.529749773501591 1
genomeend 0
genomestart  1
trait 1 0.12236385032328645 0.11996509262718169 0.0 1.2348572107762614 0.0 1.3168578850843018 1.0590140864502917 1.7905313975538821 
node 1 1 1 1
node 2 1 1 1
node 3 1 1 1
node 4 1 1 1
node 5 1 1 1
node 6 1 1 1
node 7 1 1 3
node 13 1 0 2
node 14 1 0 2
node 33 1 0 0
gene  1 2 13 4.472554498306052 0 169.0 4.472554498306052 1
gene  1 3 13 -2.047791568917354 0 170.0 -2.047791568917354 1
gene  1 4 13 -5.766142785488456 0 171.0 -5.766142785488456 1
gene  1 6 13 3.288480733575991 0 173.0 3.288480733575991 1
gene  1 7 13 -0.2219938355533213 0 174.0 -0.2219938355533213 1
gene  1 13 13 0.1943338253886251 1 180.0 0.1943338253886251 1
gene  1 1 14 2.071013151377787 0 182.0 2.071013151377787 0
gene  1 2 14 14.065930855479762 0 183.0 14.065930855479762 1
gene  1 5 14 3.0550581565680193 0 186.0 3.0550581565680193 1
gene  1 6 14 3.834911117524273 0 187.0 3.834911117524273 1
gene  1 7 14 0.8812726684468524 0 188.0 0.8812726684468524 1
gene  1 13 14 -2.0828077352868606 0 194.0 -2.0828077352868606 1
gene  1 14 14 8.387817171236641 1 195.0 8.387817171236641 1
gene  1 4 14 -2.050061789958419 0 196.0 -2.050061789958419 1
gene  1 1 13 0.6657339555623321 0 216.0 0.6657339555623321 1
gene  1 1 33 -1.5228626618123577 0 313.0 -1.5228626618123577 1
gene  1 33 14 -1.1763517025408274 0 314.0 -1.1763517025408274 1
genomeend 1
genomestart  2
trait 1 0.8313848170184033 0.29425544536966464 0.8345681790297872 0.07766507438443143 0.7226901151585414 0.41262400137975846 0.0 0.6750180349138831 
node 1 1 1 1
node 2 1 1 1
node 3 1 1 1
node 4 1 1 1
node 5 1 1 1
node 6 1 1 1
node 7 1 1 3
node 13 1 0 2
node 14 1 0 2
node 21 1 0 0
node 24 1 0 0
node 34 1 0 0
gene  1 1 13 1.825786112521825 0 168.0 1.825786112521825 1
gene  1 4 13 -1.213037846326155 0 171.0 -1.213037846326155 1
gene  1 5 13 -0.3353737312388736 0 172.0 -0.3353737312388736 1
gene  1 7 13 -4.098269257005359 0 174.0 -4.098269257005359 1
gene  1 13 13 -4.644077406843156 1 180.0 -4.644077406843156 1
gene  1 2 14 -3.720679688524061 0 183.0 -3.720679688524061 1
gene  1 3 14 -14.722404714401641 0 184.0 -14.722404714401641 1
gene  1 6 14 -1.2531718083012422 0 187.0 -1.2531718083012422 1
gene  1 13 14 -0.5343208518531558 0 194.0 -0.5343208518531558 1
gene  1 14 14 25.32395785518049 1 195.0 25.32395785518049 1
gene  1 6 13 -0.47707161090410466 0 205.0 -0.47707161090410466 1
gene  1 5 14 -0.6417397003799628 0 223.0 -0.6417397003799628 1
gene  1 3 13 8.844155540623815 0 229.0 8.844155540623815 1
gene  1 2 13 1.1609805021898645 0 233.0 1.1609805021898645 1
gene  1 1 21 3.785229393733899 0 238.0 3.785229393733899 1
gene  1 21 13 -8.721015353117851 0 239.0 -8.721015353117851 1
gene  1 5 21 2.7626754794071378 0 253.0 2.7626754794071378 1
gene  1 3 21 -1.180989194679313 0 270.0 -1.180989194679313 1
gene  1 1 24 0.23344903669829054 0 275.0 0.23344903669829054 1
gene  1 24 13 2.3994130238381564 0 276.0 2.3994130238381564 1
gene  1 3 34 0.675359452624751 0 315.0 0.675359452624751 1
gene  1 34 14 1.0622622819575906 0 316.0 1.0622622819575906 1
gene  1 3 24 -1.9926976175132576 0 324.0 -1.9926976175132576 1
genomeend 2
genomestart  3
trait 1 0.8313848170184033 0.29425544536966464 0.8345681790297872 0.07766507438443143 0.7226901151585414 0.41262400137975846 0.0 0.6750180349138831 
node 1 1 1 1
node 2 1 1 1
node 3 1 1 1
node 4 1 1 1
node 5 1 1 1
node 6 1 1 1
node 7 1 1 3
node 13 1 0 2
node 14 1 0 2
node 21 1 0 0
node 24 1 0 0
node 34 1 0 0
gene  1 1 13 2.7318982301692376 0 168.0 2.7318982301692376 1
gene  1 4 13 7.58494928848296 0 171.0 7.58494928848296 1
gene  1 5 13 0.49768010858050915 0 172.0 0.49768010858050915 1
gene  1 7 13 -4.350894287788479 0 174.0 -4.350894287788479 1
gene  1 13 13 -4.792942228064419 1 180.0 -4.792942228064419 1
gene  1 2 14 -3.263306101013497 0 183.0 -3.263306101013497 1
gene  1 3 14 -0.6601805916637482 0 184.0 -0.6601805916637482 0
gene  1 6 14 -2.0516300044930467 0 187.0 -2.0516300044930467 1
gene  1 13 14 -0.7959403053176856 0 194.0 -0.7959403053176856 1
gene  1 14 14 20.7512436241582 1 195.0 20.7512436241582 1
gene  1 6 13 -0.5625669952505605 0 205.0 -0.5625669952505605 1
gene  1 5 14 -1.845566501683956 0 223.0 -1.845566501683956 1
gene  1 3 13 7.346033094187633 0 229.0 7.346033094187633 1
gene  1 2 13 1.3158289283237081 0 233.0 1.3158289283237081 1
gene  1 1 21 3.9857905957956263 0 238.0 3.9857905957956263 1
gene  1 21 13 -7.3557952009496095 0 239.0 -7.3557952009496095 1
gene  1 5 21 1.796566843531111 0 253.0 1.796566843531111 1
gene  1 3 21 -7.969878509708609 0 270.0 -7.969878509708609 1
gene  1 1 24 1.730721427757544 0 275.0 1.730721427757544 1
gene  1 24 13 2.359728090180841 0 276.0 2.359728090180841 1
gene  1 3 34 -3.518818126043442 0 315.0 -3.518818126043442 1
gene  1 34 14 -1.132035311793687 0 316.0 -1.132035311793687 1
gene  1 3 24 -1.0427514242014795 0 324.0 -1.0427514242014795 1
genomeend 3
genomestart  4
trait 1 2.3156897472124616 1.1820041572981141 0.040429975822587116 1.2383225027221012 0.8876970332296057 0.0 1.0519504429777482 0.6090045709865577 
node 1 1 1 1
node 2 1 1 1
node 3 1 1 1
node 4 1 1 1
node 5 1 1 1
node 6 1 1 1
node 7 1 1 3
node 8 1 0 0
node 13 1 0 2
node 14 1 0 2
gene  1 1 8 -0.25843410800476874 0 98.0 -0.25843410800476874 1
gene  1 2 8 -2.95685141384903 0 99.0 -2.95685141384903 1
gene  1 3 8 -0.31496122570390767 0 100.0 -0.31496122570390767 1
gene  1 4 8 9.370805094292718 0 101.0 9.370805094292718 1
gene  1 5 8 -3.205992319164361 0 102.0 -3.205992319164361 1
gene  1 6 8 -6.030838825204303 0 103.0 -6.030838825204303 1
gene  1 8 8 -5.890362685310646 1 105.0 -5.890362685310646 1
gene  1 13 8 4.6466169948589116 1 110.0 4.6466169948589116 1
gene  1 14 8 -1.3765079137171148 1 111.0 -1.3765079137171148 1
gene  1 3 13 2.4203495764841523 0 170.0 2.4203495764841523 1
gene  1 5 13 1.8892788735168065 0 172.0 1.8892788735168065 1
gene  1 7 13 1.6349167391873718 0 174.0 1.6349167391873718 1
gene  1 13 13 0.16279689621818783 1 180.0 0.16279689621818783 1
gene  1 2 14 -0.6642541737469869 0 183.0 -0.6642541737469869 1
gene  1 4 14 -2.5640430111695793 0 185.0 -2.5640430111695793 1
gene  1 6 14 -1.9358883980450243 0 187.0 -1.9358883980450243 1
gene  1 8 14 -4.0354004871812075 0 189.0 -4.0354004871812075 1
gene  1 13 14 0.826813924836773 0 194.0 0.826813924836773 1
gene  1 2 13 -2.7104519430947787 0 213.0 -2.7104519430947787 1
gene  1 4 13 9.034466410944251 0 230.0 9.034466410944251 1
gene  1 13 8 -7.685090164373447 0 244.0 -7.685090164373447 1
gene  1 7 14 1.738704383740126 0 264.0 1.738704383740126 1
gene  1 1 14 0.3519504101048898 0 299.0 0.3519504101048898 1
gene  1 5 14 0.34145457753278263 0 310.0 0.34145457753278263 1
gene  1 1 13 -0.8498226273703422 0 311.0 -0.8498226273703422 1
genomeend 4
genomestart  5
trait 1 2.3156897472124616 1.1820041572981141 0.040429975822587116 1.2383225027221012 0.8876970332296057 0.0 1.0519504429777482 0.6090045709865577 
node 1 1 1 1
node 2 1 1 1
node 3 1 1 1
node 4 1 1 1
node 5 1 1 1
node 6 1 1 1
node 7 1 1 3
node 8 1 0 0
node 13 1 0 2
node 14 1 0 2
gene  1 1 8 1.7279666416336859 0 98.0 1.7279666416336859 1
gene  1 2 8 -2.129022173673242 0 99.0 -2.129022173673242 1
gene  1 3 8 -0.8329501706612592 0 100.0 -0.8329501706612592 1
gene  1 4 8 9.000964982527995 0 101.0 9.000964982527995 1
gene  1 5 8 -5.601442010718694 0 102.0 -5.601442010718694 1
gene  1 6 8 -5.679095630483346 0 103.0 -5.679095630483346 1
gene  1 8 8 -4.758867475809633 1 105.0 -4.758867475809633 1
gene  1 13 8 0.7008638290460754 1 110.0 0.7008638290460754 1
gene  1 14 8 -1.5272743089014496 1 111.0 -1.5272743089014496 1
gene  1 3 13 3.109802746233677 0 170.0 3.109802746233677 1
gene  1 5 13 6.197984377648532 0 172.0 6.197984377648532 1
gene  1 7 13 0.17098789502049438 0 174.0 0.17098789502049438 1
gene  1 13 13 -0.1868732497480079 1 180.0 -0.1868732497480079 1
gene  1 2 14 -1.1773473711212181 0 183.0 -1.1773473711212181 1
gene  1 4 14 -4.6482832027047785 0 185.0 -4.6482832027047785 1
gene  1 6 14 -3.4478279735400745 0 187.0 -3.4478279735400745 1
gene  1 8 14 -1.9428464659134008 0 189.0 -1.9428464659134008 1
gene  1 13 14 0.3765597175731381 0 194.0 0.3765597175731381 1
gene  1 2 13 -0.010895694089167185 0 213.0 -0.010895694089167185 1
gene  1 4 13 8.70420008015729 0 230.0 8.70420008015729 1
gene  1 13 8 -4.2593017125660495 0 244.0 -4.2593017125660495 1
gene  1 7 14 0.4907354290865269 0 264.0 0.4907354290865269 1
gene  1 1 14 -0.101575684457762 0 299.0 -0.101575684457762 1
gene  1 5 14 0.34145457753278263 0 310.0 0.34145457753278263 1
gene  1 1 13 1.632654584753034 0 311.0 1.632654584753034 1
genomeend 5
genomestart  6
trait 1 1.3246046552763442 0.0 0.6715679179718652 0.876858839596525 0.9371719768747795 0.4004553947000543 0.4130893652942357 0.0 
node 1 1 1 1
node 2 1 1 1
node 3 1 1 1
node 4 1 1 1
node 5 1 1 1
node 6 1 1 1
node 7 1 1 3
node 8 1 0 0
node 9 1 0 0
node 10 1 0 0
node 13 1 0 2
node 14 1 0 2
node 28 1 0 0
gene  1 1 8 -0.18770214111377959 0 98.0 -0.18770214111377959 1
gene  1 3 8 -1.1932188927754197 0 100.0 -1.1932188927754197 1
gene  1 5 8 -0.9514180165681857 0 102.0 -0.9514180165681857 1
gene  1 6 8 0.18209505807387627 0 103.0 0.18209505807387627 1
gene  1 8 8 2.6323253655982413 1 105.0 2.6323253655982413 1
gene  1 1 9 -0.6213518895171928 0 112.0 -0.6213518895171928 1
gene  1 2 9 1.053498661816635 0 113.0 1.053498661816635 1
gene  1 3 9 2.4103718852035088 0 114.0 2.4103718852035088 1
gene  1 5 9 -4.705807411131581 0 116.0 -4.705807411131581 1
gene  1 7 9 6.890550567268365 0 118.0 6.890550567268365 1
gene  1 9 9 -6.517526636519009 1 120.0 -6.517526636519009 1
gene  1 10 9 -2.2993285952970575 1 121.0 -2.2993285952970575 1
gene  1 13 9 9.052894206684943 1 124.0 9.052894206684943 1
gene  1 2 10 1.4073590849697617 0 127.0 1.4073590849697617 1
gene  1 4 10 -9.568194749852324 0 129.0 -9.568194749852324 1
gene  1 5 10 -3.5164333709875413 0 130.0 -3.5164333709875413 1
gene  1 8 10 10.961576864228983 0 133.0 10.961576864228983 1
gene  1 9 10 0.7041848227773723 0 134.0 0.7041848227773723 1
gene  1 10 10 1.3835346338765553 1 135.0 1.3835346338765553 1
gene  1 13 10 -0.06530228365679319 1 138.0 -0.06530228365679319 1
gene  1 14 10 2.833482623983176 1 139.0 2.833482623983176 1
gene  1 2 13 3.3668309066255304 0 169.0 3.3668309066255304 1
gene  1 3 13 -2.3552379636402954 0 170.0 -2.3552379636402954 1
gene  1 6 13 -5.078737374206664 0 173.0 -5.078737374206664 1
gene  1 7 13 2.6885878953143 0 174.0 2.6885878953143 1
gene  1 9 13 -1.9267046123253246 0 176.0 -1.9267046123253246 1
gene  1 13 13 -0.3444626791138808 1 180.0 -0.3444626791138808 1
gene  1 14 13 3.734558860014416 1 181.0 3.734558860014416 1
gene  1 1 14 0.3652692116119738 0 182.0 0.3652692116119738 1
gene  1 3 14 9.163797556653062 0 184.0 9.163797556653062 1
gene  1 9 14 -0.13402766586547354 0 190.0 -0.13402766586547354 1
gene  1 10 14 -0.09855834370328242 0 191.0 -0.09855834370328242 1
gene  1 8 13 -7.891014633701997 0 207.0 -7.891014633701997 1
gene  1 1 10 3.7906343481937212 0 226.0 3.7906343481937212 1
gene  1 6 14 -2.256139833368827 0 234.0 -2.256139833368827 1
gene  1 8 28 2.8721006906873816 1 293.0 2.8721006906873816 1
gene  1 28 8 -3.1584875408421738 0 294.0 -3.1584875408421738 1
gene  1 8 9 -4.385966753879105 0 328.0 -4.385966753879105 1
genomeend 6
genomestart  7
trait 1 1.3246046552763442 0.0 0.6715679179718652 0.876858839596525 0.9371719768747795 0.4004553947000543 0.4130893652942357 0.0 
node 1 1 1 1
node 2 1 1 1
node 3 1 1 1
node 4 1 1 1
node 5 1 1 1
node 6 1 1 1
node 7 1 1 3
node 8 1 0 0
node 9 1 0 0
node 10 1 0 0
node 13 1 0 2
node 14 1 0 2
node 28 1 0 0
gene  1 1 8 0.8865453035866804 0 98.0 0.8865453035866804 1
gene  1 3 8 -2.9795898584176665 0 100.0 -2.9795898584176665 1
gene  1 5 8 11.166163391204998 0 102.0 11.166163391204998 1
gene  1 6 8 -1.2934792219437905 0 103.0 -1.2934792219437905 1
gene  1 8 8 2.1533808384262274 1 105.0 2.1533808384262274 1
gene  1 1 9 1.1681549634888593 0 112.0 1.1681549634888593 1
gene  1 2 9 -1.545249897310072 0 113.0 -1.545249897310072 1
gene  1 3 9 0.947307721140964 0 114.0 0.947307721140964 1
gene  1 5 9 -4.053337231387623 0 116.0 -4.053337231387623 1
gene  1 7 9 3.439930519943933 0 118.0 3.439930519943933 1
gene  1 9 9 -5.63142804785743 1 120.0 -5.63142804785743 1
gene  1 10 9 -1.8063262396009456 1 121.0 -1.8063262396009456 1
gene  1 13 9 7.967979207865798 1 124.0 7.967979207865798 1
gene  1 2 10 -2.5346186865995755 0 127.0 -2.5346186865995755 1
gene  1 4 10 -9.78656426334748 0 129.0 -9.78656426334748 1
gene  1 5 10 -0.7925025006384845 0 130.0 -0.7925025006384845 1
gene  1 8 10 -1.6300479847779246 0 133.0 -1.6300479847779246 1
gene  1 9 10 -7.794978668007207 0 134.0 -7.794978668007207 1
gene  1 10 10 -0.05333033582319513 1 135.0 -0.05333033582319513 1
gene  1 13 10 -9.40234428269742 1 138.0 -9.40234428269742 1
gene  1 14 10 6.2422877222937565 1 139.0 6.2422877222937565 1
gene  1 2 13 1.6180816973152883 0 169.0 1.6180816973152883 1
gene  1 3 13 -4.802272393984631 0 170.0 -4.802272393984631 1
gene  1 6 13 -1.747053971381996 0 173.0 -1.747053971381996 1
gene  1 7 13 3.3942834719345947 0 174.0 3.3942834719345947 1
gene  1 9 13 -3.1539506395313475 0 176.0 -3.1539506395313475 1
gene  1 13 13 -1.136469630616998 1 180.0 -1.136469630616998 1
gene  1 14 13 0.49327771680402055 1 181.0 0.49327771680402055 1
gene  1 1 14 -1.68740457113161 0 182.0 -1.68740457113161 1
gene  1 3 14 5.096657732261446 0 184.0 5.096657732261446 1
gene  1 9 14 -2.5757751806863185 0 190.0 -2.5757751806863185 1
gene  1 10 14 -1.8133563687992005 0 191.0 -1.8133563687992005 1
gene  1 8 13 -6.965352068807843 0 207.0 -6.965352068807843 1
gene  1 1 10 -0.13858180714562596 0 226.0 -0.13858180714562596 1
gene  1 6 14 1.4031120490585254 0 234.0 1.4031120490585254 1
gene  1 8 28 2.6919450417223345 1 293.0 2.6919450417223345 1
gene  1 28 8 -5.277572552840016 0 294.0 -5.277572552840016 1
gene  1 8 9 -4.2589131373592215 0 328.0 -4.2589131373592215 1
genomeend 7
genomestart  8
trait 1 1.3246046552763442 0.0 0.6715679179718652 0.876858839596525 0.9371719768747795 0.4004553947000543 0.4130893652942357 0.0 
node 1 1 1 1
node 2 1 1 1
node 3 1 1 1
node 4 1 1 1
node 5 1 1 1
node 6 1 1 1
node 7 1 1 3
node 8 1 0 0
node 9 1 0 0
node 10 1 0 0
node 13 1 0 2
node 14 1 0 2
node 28 1 0 0
gene  1 1 8 2.8350022158747405 0 98.0 2.8350022158747405 1
gene  1 3 8 -0.8820129662783125 0 100.0 -0.8820129662783125 1
gene  1 5 8 11.890869941820144 0 102.0 11.890869941820144 1
gene  1 6 8 -0.5104282388375563 0 103.0 -0.5104282388375563 1
gene  1 8 8 1.923500061635265 1 105.0 1.923500061635265 1
gene  1 1 9 1.1732130035046262 0 112.0 1.1732130035046262 1
gene  1 2 9 1.2205166778999073 0 113.0 1.2205166778999073 1
gene  1 3 9 -1.8289908370657386 0 114.0 -1.8289908370657386 1
gene  1 5 9 -6.179937710912109 0 116.0 -6.179937710912109 1
gene  1 7 9 2.5259321739265013 0 118.0 2.5259321739265013 1
gene  1 9 9 -4.760736692631456 1 120.0 -4.760736692631456 1
gene  1 10 9 2.10707896659441 1 121.0 2.10707896659441 1
gene  1 13 9 7.94203381886933 1 124.0 7.94203381886933 1
gene  1 2 10 -1.3023785378989992 0 127.0 -1.3023785378989992 1
gene  1 4 10 -9.277538913098606 0 129.0 -9.277538913098606 1
gene  1 5 10 -0.6794979240991359 0 130.0 -0.6794979240991359 1
gene  1 8 10 10.036493559916503 0 133.0 10.036493559916503 1
gene  1 9 10 -5.679284335889591 0 134.0 -5.679284335889591 1
gene  1 10 10 2.2400358423335023 1 135.0 2.2400358423335023 1
gene  1 13 10 -9.02439602661674 1 138.0 -9.02439602661674 1
gene  1 14 10 3.2580541113718384 1 139.0 3.2580541113718384 1
gene  1 2 13 1.4644602777901674 0 169.0 1.4644602777901674 1
gene  1 3 13 -5.3406386833307256 0 170.0 -5.3406386833307256 1
gene  1 6 13 -3.902466193678581 0 173.0 -3.902466193678581 1
gene  1 7 13 2.5146853243394265 0 174.0 2.5146853243394265 1
gene  1 9 13 -2.0828071913581976 0 176.0 -2.0828071913581976 1
gene  1 13 13 -1.1685096055514106 1 180.0 -1.1685096055514106 1
gene  1 14 13 4.3109039709011405 1 181.0 4.3109039709011405 1
gene  1 1 14 1.9155927652400215 0 182.0 1.9155927652400215 1
gene  1 3 14 7.428556258838033 0 184.0 7.428556258838033 1
gene  1 9 14 -1.155925037740864 0 190.0 -1.155925037740864 1
gene  1 10 14 0.3662210156148864 0 191.0 0.3662210156148864 1
gene  1 8 13 -1.914143530574148 0 207.0 -1.914143530574148 1
gene  1 1 10 0.45397917051341263 0 226.0 0.45397917051341263 1
gene  1 6 14 5.036375599620256 0 234.0 5.036375599620256 1
gene  1 8 28 0.42578843845082676 1 293.0 0.42578843845082676 1
gene  1 28 8 -6.470797730460022 0 294.0 -6.470797730460022 1
gene  1 8 9 0.39036254326965475 0 328.0 0.39036254326965475 1
genomeend 8
genomestart  9
trait 1 0.0 0.0 0.4047372828381034 0.0 1.7256588363025962 0.0 0.0 0.6290818923229079 
node 1 1 1 1
node 2 1 1 1
node 3 1 1 1
node 4 1 1 1
node 5 1 1 1
node 6 1 1 1
node 7 1 1 3
node 8 1 0 0
node 13 1 0 2
node 14 1 0 2
node 22 1 0 0
node 25 1 0 0
node 29 1 0 0
gene  1 1 8 3.4250128109555824 0 98.0 3.4250128109555824 1
gene  1 3 8 -1.3508121056540228 0 100.0 -1.3508121056540228 1
gene  1 4 8 -3.374937104321194 0 101.0 -3.374937104321194 1
gene  1 5 8 6.844614414200914 0 102.0 6.844614414200914 1
gene  1 6 8 17.086685268633026 0 103.0 17.086685268633026 1
gene  1 8 8 6.169728720304423 1 105.0 6.169728720304423 1
gene  1 1 13 5.077082194844382 0 168.0 5.077082194844382 1
gene  1 5 13 2.8893365326222553 0 172.0 2.8893365326222553 1
gene  1 13 13 1.71959180913453 1 180.0 1.71959180913453 1
gene  1 14 13 -13.30817038307843 1 181.0 -13.30817038307843 1
gene  1 2 14 0.8084523658315312 0 183.0 0.8084523658315312 1
gene  1 3 14 -1.4184344682317658 0 184.0 -1.4184344682317658 1
gene  1 5 14 4.51935297388604 0 186.0 4.51935297388604 1
gene  1 7 14 -2.9610158475695227 0 188.0 -2.9610158475695227 1
gene  1 8 14 -3.631904103316037 0 189.0 -3.631904103316037 1
gene  1 13 14 2.918007311185747 0 194.0 2.918007311185747 1
gene  1 2 13 13.754428912809185 0 236.0 13.754428912809185 1
gene  1 8 22 -6.677996809161111 0 240.0 -6.677996809161111 1
gene  1 22 14 0.9593541028792453 0 241.0 0.9593541028792453 1
gene  1 1 22 -0.015056570977481087 0 245.0 -0.015056570977481087 1
gene  1 13 8 -1.9867983407590009 0 257.0 -1.9867983407590009 1
gene  1 5 22 5.409014516791806 0 265.0 5.409014516791806 1
gene  1 1 25 2.391735969736182 0 279.0 2.391735969736182 1
gene  1 25 8 -1.2844403830673774 0 280.0 -1.2844403830673774 1
gene  1 8 29 -4.2619581440777905 0 297.0 -4.2619581440777905 1
gene  1 29 14 0.31095868653077585 0 298.0 0.31095868653077585 1
gene  1 1 14 -0.4696856462065577 0 312.0 -0.4696856462065577 1
genomeend 9
genomestart  10
trait 1 0.0 0.0 0.4047372828381034 0.0 1.1905783516961135 0.0 0.0 0.6290818923229079 
node 1 1 1 1
node 2 1 1 1
node 3 1 1 1
node 4 1 1 1
node 5 1 1 1
node 6 1 1 1
node 7 1 1 3
node 8 1 0 0
node 13 1 0 2
node 14 1 0 2
node 22 1 0 0
node 25 1 0 0
node 29 1 0 0
gene  1 1 8 2.199700579091935 0 98.0 2.199700579091935 1
gene  1 3 8 -0.6986335876465066 0 100.0 -0.6986335876465066 1
gene  1 4 8 -3.829641635427203 0 101.0 -3.829641635427203 1
gene  1 5 8 4.7553992760611745 0 102.0 4.7553992760611745 1
gene  1 6 8 15.187065008315146 0 103.0 15.187065008315146 1
gene  1 8 8 3.7985778379206914 1 105.0 3.7985778379206914 1
gene  1 1 13 3.3114299497693245 0 168.0 3.3114299497693245 1
gene  1 5 13 1.0598843922777814 0 172.0 1.0598843922777814 1
gene  1 13 13 -0.46874454394715215 1 180.0 -0.46874454394715215 1
gene  1 14 13 -13.86073621428089 1 181.0 -13.86073621428089 1
gene  1 2 14 -0.7571119126417727 0 183.0 -0.7571119126417727 1
gene  1 3 14 -0.2272620555980741 0 184.0 -0.2272620555980741 1
gene  1 5 14 5.302102989641523 0 186.0 5.302102989641523 1
gene  1 7 14 -4.438961874652181 0 188.0 -4.438961874652181 1
gene  1 8 14 -1.7429664443215316 0 189.0 -1.7429664443215316 1
gene  1 13 14 2.941412737569279 0 194.0 2.941412737569279 1
gene  1 2 13 15.190850730612011 0 236.0 15.190850730612011 1
gene  1 8 22 -7.049893470877268 0 240.0 -7.049893470877268 1
gene  1 22 14 1.6619641904552358 0 241.0 1.6619641904552358 1
gene  1 1 22 -0.3974633963333124 0 245.0 -0.3974633963333124 1
gene  1 13 8 -2.4300513445244243 0 257.0 -2.4300513445244243 1
gene  1 5 22 3.3584084099440243 0 265.0 3.3584084099440243 1
gene  1 1 25 0.6470637545830388 0 279.0 0.6470637545830388 1
gene  1 25 8 -1.2844403830673774 0 280.0 -1.2844403830673774 1
gene  1 8 29 -5.006666076105921 0 297.0 -5.006666076105921 1
gene  1 29 14 1.6076624654401819 0 298.0 1.6076624654401819 1
gene  1 1 14 -1.5426927979219682 0 312.0 -1.5426927979219682 1
gene  1 2 29 2.1007286881363307 0 330.0 2.1007286881363307 1
genomeend 10
genomestart  11
trait 1 0.0 0.0 0.4047372828381034 0.0 1.1905783516961135 0.0 0.0 0.6290818923229079 
node 1 1 1 1
node 2 1 1 1
node 3 1 1 1
node 4 1 1 1
node 5 1 1 1
node 6 1 1 1
node 7 1 1 3
node 8 1 0 0
node 13 1 0 2
node 14 1 0 2
node 22 1 0 0
node 25 1 0 0
node 29 1 0 0
gene  1 1 8 2.199700579091935 0 98.0 2.199700579091935 1
gene  1 3 8 -0.6986335876465066 0 100.0 -0.6986335876465066 1
gene  1 4 8 -3.829641635427203 0 101.0 -3.829641635427203 1
gene  1 5 8 4.7553992760611745 0 102.0 4.7553992760611745 1
gene  1 6 8 15.187065008315146 0 103.0 15.187065008315146 1
gene  1 8 8 3.7985778379206914 1 105.0 3.7985778379206914 1
gene  1 1 13 3.3114299497693245 0 168.0 3.3114299497693245 1
gene  1 5 13 1.0598843922777814 0 172.0 1.0598843922777814 1
gene  1 13 13 -0.46874454394715215 1 180.0 -0.46874454394715215 1
gene  1 14 13 -13.86073621428089 1 181.0 -13.86073621428089 1
gene  1 2 14 -0.7571119126417727 0 183.0 -0.7571119126417727 1
gene  1 3 14 -0.2272620555980741 0 184.0 -0.2272620555980741 1
gene  1 5 14 5.302102989641523 0 186.0 5.302102989641523 1
gene  1 7 14 -4.438961874652181 0 188.0 -4.438961874652181 1
gene  1 8 14 -1.7429664443215316 0 189.0 -1.7429664443215316 1
gene  1 13 14 2.941412737569279 0 194.0 2.941412737569279 1
gene  1 2 13 15.190850730612011 0 236.0 15.190850730612011 1
gene  1 8 22 -7.049893470877268 0 240.0 -7.049893470877268 1
gene  1 22 14 1.6619641904552358 0 241.0 1.6619641904552358 1
gene  1 1 22 -0.3974633963333124 0 245.0 -0.3974633963333124 1
gene  1 13 8 -2.4300513445244243 0 257.0 -2.4300513445244243 1
gene  1 5 22 3.3584084099440243 0 265.0 3.3584084099440243 1
gene  1 1 25 0.6470637545830388 0 279.0 0.6470637545830388 1
gene  1 25 8 -1.2844403830673774 0 280.0 -1.2844403830673774 1
gene  1 8 29 -5.006666076105921 0 297.0 -5.006666076105921 1
gene  1 29 14 1.6076624654401819 0 298.0 1.6076624654401819 1
gene  1 1 14 -1.5426927979219682 0 312.0 -1.5426927979219682 1
gene  1 1 29 -2.3194273379477846 0 331.0 -2.3194273379477846 1
genomeend 11
genomestart  12
trait 1 0.0 0.0 0.15129359452277458 0.4907559607991464 0.08358235011292536 0.3073711629624263 0.32969388154307144 0.19246702122178583 
node 1 1 1 1
node 2 1 1 1
node 3 1 1 1
node 4 1 1 1
node 5 1 1 1
node 6 1 1 1
node 7 1 1 3
node 13 1 0 2
node 14 1 0 2
gene  1 1 13 11.590762004617215 0 168.0 11.590762004617215 1
gene  1 2 13 -4.317071595329921 0 169.0 -4.317071595329921 1
gene  1 3 13 -7.724340377861632 0 170.0 -7.724340377861632 1
gene  1 4 13 -4.431055589760332 0 171.0 -4.431055589760332 1
gene  1 5 13 -4.032128527318024 0 172.0 -4.032128527318024 1
gene  1 6 13 9.238036435333619 0 173.0 9.238036435333619 1
gene  1 7 13 -0.8699944377707212 0 174.0 -0.8699944377707212 1
gene  1 14 13 3.8004602670563905 1 181.0 3.8004602670563905 1
gene  1 1 14 7.106986087071133 0 182.0 7.106986087071133 1
gene  1 2 14 -3.4765535814361312 0 183.0 -3.4765535814361312 1
gene  1 3 14 -1.3479243397817784 0 184.0 -1.3479243397817784 1
gene  1 13 14 -0.7357213485228989 0 194.0 -0.7357213485228989 1
gene  1 14 14 5.1020392868403 1 195.0 5.1020392868403 1
gene  1 7 14 1.3642147736840358 0 273.0 1.3642147736840358 1
gene  1 4 14 -0.10158602256004928 0 283.0 -0.10158602256004928 1
gene  1 5 14 -0.37698109647247846 0 303.0 -0.37698109647247846 1
gene  1 6 14 -7.4807828420824745 0 307.0 -7.4807828420824745 1
genomeend 12
genomestart  13
trait 1 0.0 0.0 0.15129359452277458 0.4907559607991464 0.08358235011292536 0.3073711629624263 0.32969388154307144 0.19246702122178583 
node 1 1 1 1
node 2 1 1 1
node 3 1 1 1
node 4 1 1 1
node 5 1 1 1
node 6 1 1 1
node 7 1 1 3
node 13 1 0 2
node 14 1 0 2
gene  1 1 13 7.974750437744715 0 168.0 7.974750437744715 1
gene  1 2 13 -8.977467077094527 0 169.0 -8.977467077094527 1
gene  1 3 13 2.007858630925297 0 170.0 2.007858630925297 1
gene  1 4 13 -0.306826591066653 0 171.0 -0.306826591066653 1
gene  1 5 13 0.015912046082775244 0 172.0 0.015912046082775244 1
gene  1 6 13 10.117835859730498 0 173.0 10.117835859730498 1
gene  1 7 13 -3.6700240619244613 0 174.0 -3.6700240619244613 1
gene  1 14 13 3.7711977187550247 1 181.0 3.7711977187550247 1
gene  1 1 14 5.7583131516916914 0 182.0 5.7583131516916914 1
gene  1 2 14 -2.0207342977010017 0 183.0 -2.0207342977010017 1
gene  1 3 14 -5.50699105148586 0 184.0 -5.50699105148586 1
gene  1 13 14 -0.9847277643812672 0 194.0 -0.9847277643812672 1
gene  1 14 14 5.424063397661583 1 195.0 5.424063397661583 1
gene  1 7 14 1.6805176169003473 0 273.0 1.6805176169003473 1
gene  1 4 14 -1.5375388062771254 0 283.0 -1.5375388062771254 1
gene  1 5 14 1.9428977164067531 0 303.0 1.9428977164067531 1
gene  1 6 14 -6.112084848012226 0 307.0 -6.112084848012226 1
genomeend 13
genomestart  14
trait 1 0.731715373568969 0.5319433208524987 0.8875428902212121 1.0172554146688002 0.2545070174269727 0.6799681748259421 0.0 0.0 
node 1 1 1 1
node 2 1 1 1
node 3 1 1 1
node 4 1 1 1
node 5 1 1 1
node 6 1 1 1
node 7 1 1 3
node 8 1 0 0
node 9 1 0 0
node 13 1 0 2
node 14 1 0 2
node 20 1 0 0
gene  1 1 8 -1.2064905070890575 0 98.0 -1.2064905070890575 1
gene  1 2 8 -1.4446075928044797 0 99.0 -1.4446075928044797 1
gene  1 3 8 0.4457663965166084 0 100.0 0.4457663965166084 1
gene  1 6 8 0.2896962893275272 0 103.0 0.2896962893275272 1
gene  1 8 8 0.4613717877405876 1 105.0 0.4613717877405876 1
gene  1 9 8 -2.11063343572692 1 106.0 -2.11063343572692 1
gene  1 13 8 1.3188307813093336 1 110.0 1.3188307813093336 1
gene  1 14 8 -9.032937041638775 1 111.0 -9.032937041638775 1
gene  1 1 9 7.48872376338937 0 112.0 7.48872376338937 1
gene  1 4 9 -1.232407516654011 0 115.0 -1.232407516654011 1
gene  1 5 9 -0.9782944907744784 0 116.0 -0.9782944907744784 1
gene  1 7 9 0.7187965041148179 0 118.0 0.7187965041148179 1
gene  1 9 9 2.506586312934882 1 120.0 2.506586312934882 1
gene  1 14 9 1.5940466548997392 1 125.0 1.5940466548997392 1
gene  1 2 13 -10.775103833307895 0 169.0 -10.775103833307895 1
gene  1 5 13 -2.571283349356346 0 172.0 -2.571283349356346 1
gene  1 8 13 -2.7350298070449917 0 175.0 -2.7350298070449917 1
gene  1 1 14 -3.154351278370152 0 182.0 -3.154351278370152 1
gene  1 2 14 10.250638912174615 0 183.0 10.250638912174615 1
gene  1 3 14 0.1484551950905726 0 184.0 0.1484551950905726 1
gene  1 6 14 9.826490726554416 0 187.0 9.826490726554416 1
gene  1 13 14 10.102507137229145 0 194.0 10.102507137229145 1
gene  1 14 14 -0.5043284550404576 1 195.0 -0.5043284550404576 1
gene  1 5 8 -3.6467447815899403 0 202.0 -3.6467447815899403 1
gene  1 4 13 1.3389471362906133 0 220.0 1.3389471362906133 1
gene  1 1 20 -0.19322294054020928 0 231.0 -0.19322294054020928 1
gene  1 20 14 -0.8017757397354566 0 232.0 -0.8017757397354566 1
genomeend 14
genomestart  15
trait 1 0.731715373568969 0.5319433208524987 0.8875428902212121 1.0172554146688002 0.2545070174269727 0.6799681748259421 0.0 0.0 
node 1 1 1 1
node 2 1 1 1
node 3 1 1 1
node 4 1 1 1
node 5 1 1 1
node 6 1 1 1
node 7 1 1 3
node 8 1 0 0
node 9 1 0 0
node 13 1 0 2
node 14 1 0 2
node 20 1 0 0
gene  1 1 8 0.09283750949690628 0 98.0 0.09283750949690628 1
gene  1 2 8 -2.4885059200698123 0 99.0 -2.4885059200698123 1
gene  1 3 8 3.7722853400282625 0 100.0 3.7722853400282625 1
gene  1 6 8 0.8463447584423707 0 103.0 0.8463447584423707 1
gene  1 8 8 0.9829243052042054 1 105.0 0.9829243052042054 1
gene  1 9 8 1.5643557002799757 1 106.0 1.5643557002799757 1
gene  1 13 8 0.033189729250198974 1 110.0 0.033189729250198974 1
gene  1 14 8 -7.411085050629918 1 111.0 -7.411085050629918 1
gene  1 1 9 5.424943127347986 0 112.0 5.424943127347986 1
gene  1 4 9 -3.0302265664149948 0 115.0 -3.0302265664149948 1
gene  1 5 9 1.17831224169131 0 116.0 1.17831224169131 1
gene  1 7 9 -1.5681397218029407 0 118.0 -1.5681397218029407 1
gene  1 9 9 0.6490711076022562 1 120.0 0.6490711076022562 1
gene  1 14 9 -2.3383881422378754 1 125.0 -2.3383881422378754 1
gene  1 2 13 -10.775103833307895 0 169.0 -10.775103833307895 1
gene  1 5 13 -2.735189675559024 0 172.0 -2.735189675559024 1
gene  1 8 13 -1.138850412269393 0 175.0 -1.138850412269393 1
gene  1 1 14 -3.154351278370152 0 182.0 -3.154351278370152 1
gene  1 2 14 11.560836507348334 0 183.0 11.560836507348334 1
gene  1 3 14 0.39377247494392104 0 184.0 0.39377247494392104 1
gene  1 6 14 12.27148544119607 0 187.0 12.27148544119607 1
gene  1 13 14 8.268740149843762 0 194.0 8.268740149843762 1
gene  1 14 14 -1.0552397758821959 1 195.0 -1.0552397758821959 1
gene  1 5 8 -1.7296831559429746 0 202.0 -1.7296831559429746 1
gene  1 4 13 1.3389471362906133 0 220.0 1.3389471362906133 1
gene  1 1 20 -2.222042101757294 0 231.0 -2.222042101757294 1
gene  1 20 14 0.8422952448311605 0 232.0 0.8422952448311605 1
gene  1 1 13 9.783505525563356 0 329.0 9.783505525563356 1
genomeend 15
genomestart  16
trait 1 0.731715373568969 0.5319433208524987 0.8875428902212121 1.0172554146688002 0.2545070174269727 0.6799681748259421 0.0 0.0 
node 1 1 1 1
node 2 1 1 1
node 3 1 1 1
node 4 1 1 1
node 5 1 1 1
node 6 1 1 1
node 7 1 1 3
node 8 1 0 0
node 9 1 0 0
node 13 1 0 2
node 14 1 0 2
node 20 1 0 0
gene  1 1 8 2.395761696882026 0 98.0 2.395761696882026 1
gene  1 2 8 -1.4500429722917698 0 99.0 -1.4500429722917698 1
gene  1 3 8 5.416902768148225 0 100.0 5.416902768148225 1
gene  1 6 8 -1.0819687668042188 0 103.0 -1.0819687668042188 1
gene  1 8 8 0.2771964308663437 1 105.0 0.2771964308663437 1
gene  1 9 8 3.499802593521433 1 106.0 3.499802593521433 1
gene  1 13 8 -1.3295252108998836 1 110.0 -1.3295252108998836 1
gene  1 14 8 -9.434796398859609 1 111.0 -9.434796398859609 1
gene  1 1 9 6.230996350303448 0 112.0 6.230996350303448 1
gene  1 4 9 -5.253270364025879 0 115.0 -5.253270364025879 1
gene  1 5 9 0.3382071101686539 0 116.0 0.3382071101686539 1
gene  1 7 9 -2.9786078866191037 0 118.0 -2.9786078866191037 1
gene  1 9 9 0.38511331938167825 1 120.0 0.38511331938167825 1
gene  1 14 9 -3.529207578529772 1 125.0 -3.529207578529772 1
gene  1 2 13 -8.898122898447372 0 169.0 -8.898122898447372 1
gene  1 5 13 -3.6164606608733783 0 172.0 -3.6164606608733783 1
gene  1 8 13 0.9732249272386522 0 175.0 0.9732249272386522 1
gene  1 1 14 -5.165365847546763 0 182.0 -5.165365847546763 1
gene  1 2 14 10.791427686560738 0 183.0 10.791427686560738 1
gene  1 3 14 1.919877699026588 0 184.0 1.919877699026588 1
gene  1 6 14 12.22111711336159 0 187.0 12.22111711336159 1
gene  1 13 14 9.266160279357766 0 194.0 9.266160279357766 1
gene  1 14 14 1.6305813829080251 1 195.0 1.6305813829080251 1
gene  1 5 8 -1.7296831559429746 0 202.0 -1.7296831559429746 1
gene  1 4 13 1.3389471362906133 0 220.0 1.3389471362906133 1
gene  1 1 20 -1.2329256600887426 0 231.0 -1.2329256600887426 1
gene  1 20 14 2.395266824960441 0 232.0 2.395266824960441 1
genomeend 16
genomestart  17
trait 1 0.731715373568969 0.5319433208524987 0.8875428902212121 1.0172554146688002 0.2545070174269727 0.6799681748259421 0.0 0.0 
node 1 1 1 1
node 2 1 1 1
node 3 1 1 1
node 4 1 1 1
node 5 1 1 1
node 6 1 1 1
node 7 1 1 3
node 8 1 0 0
node 9 1 0 0
node 13 1 0 2
node 14 1 0 2
node 20 1 0 0
gene  1 1 8 2.3473982294309192 0 98.0 2.3473982294309192 1
gene  1 2 8 -0.16094156457107145 0 99.0 -0.16094156457107145 1
gene  1 3 8 2.9929691353087584 0 100.0 2.9929691353087584 1
gene  1 6 8 1.2181939728275653 0 103.0 1.2181939728275653 1
gene  1 8 8 0.7955452957450375 1 105.0 0.7955452957450375 1
gene  1 9 8 2.437411000486715 1 106.0 2.437411000486715 1
gene  1 13 8 -1.2064103739707412 1 110.0 -1.2064103739707412 1
gene  1 14 8 -6.309180633636514 1 111.0 -6.309180633636514 1
gene  1 1 9 7.411106179316865 0 112.0 7.411106179316865 1
gene  1 4 9 -4.182051786472609 0 115.0 -4.182051786472609 1
gene  1 5 9 1.3838770760779915 0 116.0 1.3838770760779915 1
gene  1 7 9 -1.3070646331665632 0 118.0 -1.3070646331665632 1
gene  1 9 9 -1.2988761470148256 1 120.0 -1.2988761470148256 1
gene  1 14 9 -0.4891384089078734 1 125.0 -0.4891384089078734 1
gene  1 2 13 -11.676213238410751 0 169.0 -11.676213238410751 1
gene  1 5 13 -2.3471004658602457 0 172.0 -2.3471004658602457 1
gene  1 8 13 -1.6536451569950825 0 175.0 -1.6536451569950825 1
gene  1 1 14 -2.512633937321225 0 182.0 -2.512633937321225 1
gene  1 2 14 11.31570752585211 0 183.0 11.31570752585211 1
gene  1 3 14 -1.2026809914791816 0 184.0 -1.2026809914791816 1
gene  1 6 14 13.134637734804752 0 187.0 13.134637734804752 1
gene  1 13 14 10.68544796843465 0 194.0 10.68544796843465 1
gene  1 14 14 -1.0552397758821959 1 195.0 -1.0552397758821959 1
gene  1 5 8 -2.892628063925767 0 202.0 -2.892628063925767 1
gene  1 4 13 2.9717834974346866 0 220.0 2.9717834974346866 1
gene  1 1 20 -2.8244556020898335 0 231.0 -2.8244556020898335 1
gene  1 20 14 0.3182184335096314 0 232.0 0.3182184335096314 1
genomeend 17
genomestart  18
trait 1 0.0 0.8507286365631731 0.8412243628926098 0.8164647912856297 0.6061681788876561 0.0 0.0 0.07895419735974474 
node 1 1 1 1
node 2 1 1 1
node 3 1 1 1
node 4 1 1 1
node 5 1 1 1
node 6 1 1 1
node 7 1 1 3
node 13 1 0 2
node 14 1 0 2
gene  1 1 13 -0.15581311959338595 0 168.0 -0.15581311959338595 1
gene  1 2 13 -6.352192393736722 0 169.0 -6.352192393736722 1
gene  1 5 13 -3.5348625931511672 0 172.0 -3.5348625931511672 1
gene  1 6 13 4.426613094065953 0 173.0 4.426613094065953 1
gene  1 7 13 2.5964215776955637 0 174.0 2.5964215776955637 1
gene  1 3 14 0.6976782931547613 0 184.0 0.6976782931547613 1
gene  1 4 14 4.194098947001005 0 185.0 4.194098947001005 1
gene  1 7 14 -4.123314317540315 0 188.0 -4.123314317540315 1
gene  1 13 14 6.657484416246442 0 194.0 6.657484416246442 1
gene  1 14 14 -4.906620048572129 1 195.0 -4.906620048572129 1
gene  1 4 13 3.6544079473481403 0 235.0 3.6544079473481403 1
gene  1 1 14 2.9314874250808303 0 242.0 2.9314874250808303 1
gene  1 5 14 0.7939207346268745 0 319.0 0.7939207346268745 1
genomeend 18
genomestart  19
trait 1 0.0 0.8507286365631731 0.8412243628926098 0.8164647912856297 0.6061681788876561 0.0 0.0 0.07895419735974474 
node 1 1 1 1
node 2 1 1 1
node 3 1 1 1
node 4 1 1 1
node 5 1 1 1
node 6 1 1 1
node 7 1 1 3
node 13 1 0 2
node 14 1 0 2
gene  1 1 13 -0.5588615106935368 0 168.0 -0.5588615106935368 1
gene  1 2 13 -6.223705761085016 0 169.0 -6.223705761085016 1
gene  1 5 13 -4.896553068609091 0 172.0 -4.896553068609091 1
gene  1 6 13 1.903756614073548 0 173.0 1.903756614073548 1
gene  1 7 13 2.6412178252573373 0 174.0 2.6412178252573373 1
gene  1 3 14 2.106001856088586 0 184.0 2.106001856088586 1
gene  1 4 14 0.9317756982001049 0 185.0 0.9317756982001049 1
gene  1 7 14 0.6092619460090004 0 188.0 0.6092619460090004 1
gene  1 13 14 6.9910801624886805 0 194.0 6.9910801624886805 1
gene  1 14 14 -0.5756278157581035 1 195.0 -0.5756278157581035 1
gene  1 4 13 4.146665736956475 0 235.0 4.146665736956475 1
gene  1 1 14 1.3254703653627964 0 242.0 1.3254703653627964 1
gene  1 5 14 1.1710941083198996 0 319.0 1.1710941083198996 1
genomeend 19
