genomestart  0
trait 1 0.0 0.0 0.0 0.0 0.0 0.0 0.0 0.0 
node 1 1 1 1
node 2 1 1 1
node 3 1 1 1
node 4 1 1 1
node 5 1 1 1
node 6 1 1 1
node 7 1 1 3
node 13 1 0 2
node 14 1 0 2
node 18 1 0 0
node 19 1 0 0
gene  1 1 13 -2.250740630942637 0 168.0 -2.250740630942637 0
gene  1 2 13 1.1501097751732887 0 169.0 1.1501097751732887 1
gene  1 5 13 1.4775642642133935 0 172.0 1.4775642642133935 1
gene  1 6 13 0.8465274992533958 0 173.0 0.8465274992533958 1
gene  1 7 13 2.2963500231833214 0 174.0 2.2963500231833214 1
gene  1 14 13 0.9428251165011065 1 181.0 0.9428251165011065 1
gene  1 1 14 -3.505744734880714 0 182.0 -3.505744734880714 1
gene  1 2 14 3.8209023491252925 0 183.0 3.8209023491252925 1
gene  1 3 14 0.9592566009109338 0 184.0 0.9592566009109338 0
gene  1 4 14 -0.1524250231374804 0 185.0 -0.1524250231374804 1
gene  1 6 14 5.518502512676945 0 187.0 5.518502512676945 1
gene  1 7 14 -4.134562313973064 0 188.0 -4.134562313973064 1
gene  1 14 14 2.7982502021426883 1 195.0 2.7982502021426883 1
gene  1 1 18 -2.417172250369315 0 221.0 -2.417172250369315 1
gene  1 18 13 -1.342733489987538 0 222.0 -1.342733489987538 1
gene  1 4 13 -7.0467029463868425 0 224.0 -7.0467029463868425 1
gene  1 3 19 -0.8497856877886805 0 227.0 -0.8497856877886805 1
gene  1 19 14 2.896595424338297 0 228.0 2.896595424338297 1
genomeend 0
genomestart  1
trait 1 0.0 0.0 0.09557991641577823 0.0 0.0 0.0 0.0 0.0 
node 1 1 1 1
node 2 1 1 1
node 3 1 1 1
node 4 1 1 1
node 5 1 1 1
node 6 1 1 1
node 7 1 1 3
node 13 1 0 2
node 14 1 0 2
gene  1 1 13 1.4577748066230494 0 168.0 1.4577748066230494 1
gene  1 3 13 -1.7367959017932433 0 170.0 -1.7367959017932433 1
gene  1 5 13 -3.138061224168802 0 172.0 -3.138061224168802 1
gene  1 6 13 -5.924313221897949 0 173.0 -5.924313221897949 1
gene  1 14 13 -2.1013924392736927 1 181.0 -2.1013924392736927 1
gene  1 1 14 7.096973132377714 0 182.0 7.096973132377714 1
gene  1 2 14 0.46816501229188456 0 183.0 0.46816501229188456 1
gene  1 4 14 -4.362122257682161 0 185.0 -4.362122257682161 1
gene  1 5 14 1.491884352353492 0 186.0 1.491884352353492 1
gene  1 6 14 1.947860384280155 0 187.0 1.947860384280155 1
gene  1 7 14 -2.6661583966101188 0 188.0 -2.6661583966101188 1
gene  1 13 14 -0.46001170306878447 0 194.0 -0.46001170306878447 1
gene  1 14 14 0.3125561180925887 1 195.0 0.3125561180925887 1
genomeend 1
genomestart  2
trait 1 0.0 0.0 0.09557991641577823 0.0 0.0 0.0 0.0 0.0 
node 1 1 1 1
node 2 1 1 1
node 3 1 1 1
node 4 1 1 1
node 5 1 1 1
node 6 1 1 1
node 7 1 1 3
node 13 1 0 2
node 14 1 0 2
gene  1 1 13 2.467923565508807 0 168.0 2.467923565508807 1
gene  1 3 13 -3.156035829966653 0 170.0 -3.156035829966653 1
gene  1 5 13 -3.9275712247471724 0 172.0 -3.9275712247471724 1
gene  1 6 13 -8.912955557098275 0 173.0 -8.912955557098275 1
gene  1 14 13 -2.07513014338846 1 181.0 -2.07513014338846 1
gene  1 1 14 4.1930135463605165 0 182.0 4.1930135463605165 1
gene  1 2 14 1.5430944171555727 0 183.0 1.5430944171555727 1
gene  1 4 14 -2.542858562064464 0 185.0 -2.542858562064464 1
gene  1 5 14 3.2269944328485938 0 186.0 3.2269944328485938 1
gene  1 6 14 4.149150476031382 0 187.0 4.149150476031382 1
gene  1 7 14 -2.7376302398798504 0 188.0 -2.7376302398798504 1
gene  1 13 14 2.233003707757113 0 194.0 2.233003707757113 1
gene  1 14 14 -3.6968719752409345 1 195.0 -3.6968719752409345 1
genomeend 2
genomestart  3
trait 1 0.2586656094953509 0.5885108907393293 0.0 0.0 0.0 0.8252480027595169 0.0 0.0 
node 1 1 1 1
node 2 1 1 1
node 3 1 1 1
node 4 1 1 1
node 5 1 1 1
node 6 1 1 1
node 7 1 1 3
node 13 1 0 2
node 14 1 0 2
gene  1 2 13 1.0192640777578363 0 169.0 1.0192640777578363 1
gene  1 3 13 -7.075306841653308 0 170.0 -7.075306841653308 1
gene  1 4 13 2.9831121689877773 0 171.0 2.9831121689877773 1
gene  1 6 13 8.12992598070931 0 173.0 8.12992598070931 1
gene  1 7 13 0.5322574786235479 0 174.0 0.5322574786235479 1
gene  1 13 13 1.636478518367615 1 180.0 1.636478518367615 1
gene  1 1 14 -1.2264368393965948 0 182.0 -1.2264368393965948 1
gene  1 2 14 2.62950676160622 0 183.0 2.62950676160622 1
gene  1 5 14 0.03187240386212298 0 186.0 0.03187240386212298 1
gene  1 6 14 0.20515964469926673 0 187.0 0.20515964469926673 1
gene  1 7 14 1.1479937431609242 0 188.0 1.1479937431609242 1
gene  1 13 14 1.540234261830556 0 194.0 1.540234261830556 1
gene  1 14 14 -0.6855851772477459 1 195.0 -0.6855851772477459 1
gene  1 4 14 -0.46561768706366724 0 196.0 -0.46561768706366724 1
gene  1 1 13 4.7194483951609465 0 216.0 4.7194483951609465 1
genomeend 3
genomestart  4
trait 1 0.2586656094953509 0.5885108907393293 0.0 0.0 0.0 0.8252480027595169 0.0 0.0 
node 1 1 1 1
node 2 1 1 1
node 3 1 1 1
node 4 1 1 1
node 5 1 1 1
node 6 1 1 1
node 7 1 1 3
node 13 1 0 2
node 14 1 0 2
gene  1 2 13 2.2507051344319873 0 169.0 2.2507051344319873 1
gene  1 3 13 -8.293927368391474 0 170.0 -8.293927368391474 1
gene  1 4 13 2.3534005934924913 0 171.0 2.3534005934924913 1
gene  1 6 13 6.407364544886375 0 173.0 6.407364544886375 1
gene  1 7 13 0.07852305132575921 0 174.0 0.07852305132575921 1
gene  1 13 13 1.2024869098582784 1 180.0 1.2024869098582784 1
gene  1 1 14 -0.006732768854751381 0 182.0 -0.006732768854751381 1
gene  1 2 14 2.83344534411391 0 183.0 2.83344534411391 1
gene  1 5 14 -0.9826531557423595 0 186.0 -0.9826531557423595 1
gene  1 6 14 1.615310949466099 0 187.0 1.615310949466099 1
gene  1 7 14 -0.57389412283475 0 188.0 -0.57389412283475 1
gene  1 13 14 3.622965516852881 0 194.0 3.622965516852881 1
gene  1 14 14 -1.9553747671111137 1 195.0 -1.9553747671111137 1
gene  1 4 14 0.19613518710047595 0 196.0 0.19613518710047595 1
gene  1 1 13 0.3030022140704963 0 216.0 0.3030022140704963 1
genomeend 4
genomestart  5
trait 1 0.12933280474767544 0.29425544536966464 0.08853489118479813 0.07766507438443143 0.0 0.41262400137975846 0.0 0.0 
node 1 1 1 1
node 2 1 1 1
node 3 1 1 1
node 4 1 1 1
node 5 1 1 1
node 6 1 1 1
node 7 1 1 3
node 13 1 0 2
node 14 1 0 2
gene  1 1 13 0.1929565716814381 0 168.0 0.1929565716814381 1
gene  1 4 13 0.3494603031909649 0 171.0 0.3494603031909649 1
gene  1 5 13 -0.17417119821403992 0 172.0 -0.17417119821403992 1
gene  1 7 13 2.798887589338031 0 174.0 2.798887589338031 1
gene  1 13 13 0.19807874407825365 1 180.0 0.19807874407825365 1
gene  1 2 14 2.6854542319730275 0 183.0 2.6854542319730275 1
gene  1 3 14 -1.401863592348153 0 184.0 -1.401863592348153 1
gene  1 6 14 4.617749708945491 0 187.0 4.617749708945491 1
gene  1 13 14 4.625152531869089 0 194.0 4.625152531869089 1
gene  1 14 14 -0.10921024124316098 1 195.0 -0.10921024124316098 1
gene  1 6 13 0.2915904929991102 0 205.0 0.2915904929991102 1
gene  1 5 14 -3.616212619951078 0 223.0 -3.616212619951078 1
gene  1 3 13 4.605894312347102 0 229.0 4.605894312347102 1
genomeend 5
genomestart  6
trait 1 0.12933280474767544 0.29425544536966464 0.08853489118479813 0.07766507438443143 0.0 0.41262400137975846 0.0 0.0 
node 1 1 1 1
node 2 1 1 1
node 3 1 1 1
node 4 1 1 1
node 5 1 1 1
node 6 1 1 1
node 7 1 1 3
node 13 1 0 2
node 14 1 0 2
gene  1 1 13 -0.5423843320257122 0 168.0 -0.5423843320257122 1
gene  1 4 13 1.4314712126541629 0 171.0 1.4314712126541629 1
gene  1 5 13 -1.6490528376092568 0 172.0 -1.6490528376092568 1
gene  1 7 13 2.3764326402892753 0 174.0 2.3764326402892753 1
gene  1 13 13 -0.9886532568249566 1 180.0 -0.9886532568249566 1
gene  1 2 14 0.7776530691838865 0 183.0 0.7776530691838865 1
gene  1 3 14 0.39454611838640696 0 184.0 0.39454611838640696 1
gene  1 6 14 2.2636469276630784 0 187.0 2.2636469276630784 1
gene  1 13 14 2.798665047711482 0 194.0 2.798665047711482 1
gene  1 14 14 -0.3318414253066422 1 195.0 -0.3318414253066422 1
gene  1 6 13 -1.41754149511716 0 205.0 -1.41754149511716 1
gene  1 5 14 -3.616212619951078 0 223.0 -3.616212619951078 1
gene  1 3 13 3.275849950699169 0 229.0 3.275849950699169 1
gene  1 2 13 -8.901653361270922 0 233.0 -8.901653361270922 1
genomeend 6
genomestart  7
trait 1 1.0490503876793729 0.03166108780081611 0.0 0.8800951238994141 0.919598732340333 0.055111220103936875 0.36131295212581005 0.0 
node 1 1 1 1
node 2 1 1 1
node 3 1 1 1
node 4 1 1 1
node 5 1 1 1
node 6 1 1 1
node 7 1 1 3
node 8 1 0 0
node 13 1 0 2
node 14 1 0 2
gene  1 1 8 -2.1874439281788773 0 98.0 -2.1874439281788773 1
gene  1 2 8 0.1691224586353668 0 99.0 0.1691224586353668 1
gene  1 3 8 -3.1021234293022433 0 100.0 -3.1021234293022433 1
gene  1 4 8 6.533280241548847 0 101.0 6.533280241548847 1
gene  1 5 8 -0.00957354073602712 0 102.0 -0.00957354073602712 1
gene  1 6 8 -1.4727190747854821 0 103.0 -1.4727190747854821 1
gene  1 8 8 2.4604530593963507 1 105.0 2.4604530593963507 1
gene  1 13 8 0.28465126618081404 1 110.0 0.28465126618081404 1
gene  1 14 8 1.8427989376611564 1 111.0 1.8427989376611564 1
gene  1 3 13 -1.0957590594447737 0 170.0 -1.0957590594447737 1
gene  1 5 13 0.03603013683284917 0 172.0 0.03603013683284917 1
gene  1 7 13 -2.970505549913696 0 174.0 -2.970505549913696 1
gene  1 13 13 -2.52844156137473 1 180.0 -2.52844156137473 1
gene  1 2 14 3.6772070490297972 0 183.0 3.6772070490297972 1
gene  1 4 14 -0.26117039664286884 0 185.0 -0.26117039664286884 1
gene  1 6 14 -0.03265828950772082 0 187.0 -0.03265828950772082 1
gene  1 8 14 0.28483573970217746 0 189.0 0.28483573970217746 1
gene  1 13 14 2.8939315604150155 0 194.0 2.8939315604150155 1
gene  1 2 13 -2.833807037406074 0 213.0 -2.833807037406074 1
gene  1 4 13 9.349414307539684 0 230.0 9.349414307539684 1
genomeend 7
genomestart  8
trait 1 1.0490503876793729 0.03166108780081611 0.0 0.8800951238994141 0.919598732340333 0.055111220103936875 0.36131295212581005 0.0 
node 1 1 1 1
node 2 1 1 1
node 3 1 1 1
node 4 1 1 1
node 5 1 1 1
node 6 1 1 1
node 7 1 1 3
node 8 1 0 0
node 13 1 0 2
node 14 1 0 2
gene  1 1 8 -1.7300795081696525 0 98.0 -1.7300795081696525 1
gene  1 2 8 0.45612129900087206 0 99.0 0.45612129900087206 1
gene  1 3 8 -3.2361619906027728 0 100.0 -3.2361619906027728 1
gene  1 4 8 4.499503693800673 0 101.0 4.499503693800673 1
gene  1 5 8 -1.4643705884213105 0 102.0 -1.4643705884213105 1
gene  1 6 8 0.925706577882307 0 103.0 0.925706577882307 1
gene  1 8 8 -1.493616195824266 1 105.0 -1.493616195824266 1
gene  1 13 8 2.487954297202757 1 110.0 2.487954297202757 1
gene  1 14 8 -0.013209047660960538 1 111.0 -0.013209047660960538 1
gene  1 3 13 1.6859684829762462 0 170.0 1.6859684829762462 1
gene  1 5 13 -4.285159597431569 0 172.0 -4.285159597431569 1
gene  1 7 13 -0.369601565123312 0 174.0 -0.369601565123312 1
gene  1 13 13 -0.5815175690606809 1 180.0 -0.5815175690606809 1
gene  1 2 14 2.6924173394295066 0 183.0 2.6924173394295066 1
gene  1 4 14 -3.214981411095127 0 185.0 -3.214981411095127 1
gene  1 6 14 2.059013088818717 0 187.0 2.059013088818717 1
gene  1 8 14 -0.4499630248244648 0 189.0 -0.4499630248244648 1
gene  1 13 14 4.820865143784183 0 194.0 4.820865143784183 1
gene  1 2 13 0.8371600773081196 0 213.0 0.8371600773081196 1
gene  1 4 13 9.937246022445462 0 230.0 9.937246022445462 1
genomeend 8
genomestart  9
trait 1 0.30953570504356986 0.0 0.01179544772583263 0.0 0.8254741105461121 0.0 0.0 0.0 
node 1 1 1 1
node 2 1 1 1
node 3 1 1 1
node 4 1 1 1
node 5 1 1 1
node 6 1 1 1
node 7 1 1 3
node 8 1 0 0
node 9 1 0 0
node 10 1 0 0
node 13 1 0 2
node 14 1 0 2
gene  1 1 8 -2.364998011021041 0 98.0 -2.364998011021041 1
gene  1 3 8 -3.831106969795922 0 100.0 -3.831106969795922 1
gene  1 5 8 -8.619295630243965 0 102.0 -8.619295630243965 1
gene  1 6 8 -1.1964814333217435 0 103.0 -1.1964814333217435 1
gene  1 8 8 4.812287368334589 1 105.0 4.812287368334589 1
gene  1 1 9 0.9384344329031631 0 112.0 0.9384344329031631 1
gene  1 2 9 0.8848300388786194 0 113.0 0.8848300388786194 1
gene  1 3 9 -4.906816350062742 0 114.0 -4.906816350062742 1
gene  1 5 9 -0.030989242710521392 0 116.0 -0.030989242710521392 1
gene  1 7 9 4.8663662362144775 0 118.0 4.8663662362144775 1
gene  1 9 9 -0.7122900403272414 1 120.0 -0.7122900403272414 1
gene  1 10 9 -6.88681919988065 1 121.0 -6.88681919988065 1
gene  1 13 9 4.637187375796508 1 124.0 4.637187375796508 1
gene  1 2 10 1.113687582379168 0 127.0 1.113687582379168 1
gene  1 4 10 1.4515976557335264 0 129.0 1.4515976557335264 1
gene  1 5 10 -2.680804390724264 0 130.0 -2.680804390724264 1
gene  1 8 10 3.653200517584029 0 133.0 3.653200517584029 1
gene  1 9 10 4.800302745120197 0 134.0 4.800302745120197 1
gene  1 10 10 3.3517657681658504 1 135.0 3.3517657681658504 1
gene  1 13 10 -6.079344167363732 1 138.0 -6.079344167363732 1
gene  1 14 10 -1.7226539726655639 1 139.0 -1.7226539726655639 1
gene  1 2 13 11.954897758835648 0 169.0 11.954897758835648 1
gene  1 3 13 3.7035493065149265 0 170.0 3.7035493065149265 1
gene  1 6 13 -2.865122540882208 0 173.0 -2.865122540882208 1
gene  1 7 13 5.674323747061042 0 174.0 5.674323747061042 1
gene  1 9 13 5.577766880376469 0 176.0 5.577766880376469 1
gene  1 13 13 -1.1758421677796624 1 180.0 -1.1758421677796624 1
gene  1 14 13 -3.5633198024593575 1 181.0 -3.5633198024593575 1
gene  1 1 14 -5.861704313516534 0 182.0 -5.861704313516534 1
gene  1 3 14 2.2795882024000678 0 184.0 2.2795882024000678 1
gene  1 9 14 4.236325873956531 0 190.0 4.236325873956531 1
gene  1 10 14 1.2039293868926983 0 191.0 1.2039293868926983 1
gene  1 8 13 -0.573635272922487 0 207.0 -0.573635272922487 1
gene  1 1 10 -6.723243683223158 0 226.0 -6.723243683223158 1
gene  1 6 14 9.204255504995402 0 234.0 9.204255504995402 1
genomeend 9
genomestart  10
trait 1 0.0 0.21752476535502496 0.0 0.0 0.3565870268080499 0.0 0.0 0.0 
node 1 1 1 1
node 2 1 1 1
node 3 1 1 1
node 4 1 1 1
node 5 1 1 1
node 6 1 1 1
node 7 1 1 3
node 8 1 0 0
node 13 1 0 2
node 14 1 0 2
gene  1 1 8 3.0647520747635713 0 98.0 3.0647520747635713 1
gene  1 3 8 2.0069000436854405 0 100.0 2.0069000436854405 1
gene  1 4 8 -0.8604854974083771 0 101.0 -0.8604854974083771 1
gene  1 5 8 -4.702651203965289 0 102.0 -4.702651203965289 1
gene  1 6 8 1.012646427292563 0 103.0 1.012646427292563 1
gene  1 8 8 -6.111081016542804 1 105.0 -6.111081016542804 1
gene  1 1 13 -1.920615374307655 0 168.0 -1.920615374307655 1
gene  1 5 13 -0.673710641736291 0 172.0 -0.673710641736291 1
gene  1 13 13 -2.450860492528655 1 180.0 -2.450860492528655 1
gene  1 14 13 -1.4388453111719426 1 181.0 -1.4388453111719426 1
gene  1 2 14 2.1522334363752362 0 183.0 2.1522334363752362 1
gene  1 3 14 0.2727921345926956 0 184.0 0.2727921345926956 1
gene  1 5 14 2.9145525583334773 0 186.0 2.9145525583334773 1
gene  1 7 14 2.7770494054877 0 188.0 2.7770494054877 1
gene  1 8 14 -1.9681084513384866 0 189.0 -1.9681084513384866 1
gene  1 13 14 -0.2168226625358598 0 194.0 -0.2168226625358598 1
genomeend 10
genomestart  11
trait 1 0.0 0.21752476535502496 0.0 0.0 0.3565870268080499 0.0 0.0 0.0 
node 1 1 1 1
node 2 1 1 1
node 3 1 1 1
node 4 1 1 1
node 5 1 1 1
node 6 1 1 1
node 7 1 1 3
node 8 1 0 0
node 13 1 0 2
node 14 1 0 2
gene  1 1 8 0.16244549378411327 0 98.0 0.16244549378411327 1
gene  1 3 8 0.4623572850840641 0 100.0 0.4623572850840641 1
gene  1 4 8 -2.909372277249248 0 101.0 -2.909372277249248 1
gene  1 5 8 -6.252111516399472 0 102.0 -6.252111516399472 1
gene  1 6 8 0.2596804072447749 0 103.0 0.2596804072447749 1
gene  1 8 8 -5.192154741187871 1 105.0 -5.192154741187871 1
gene  1 1 13 -0.9842495673051175 0 168.0 -0.9842495673051175 1
gene  1 5 13 1.5422739745511296 0 172.0 1.5422739745511296 1
gene  1 13 13 -4.401291669271578 1 180.0 -4.401291669271578 1
gene  1 14 13 -0.6969429887399797 1 181.0 -0.6969429887399797 1
gene  1 2 14 -0.3566658607525522 0 183.0 -0.3566658607525522 1
gene  1 3 14 -0.08040777757929618 0 184.0 -0.08040777757929618 1
gene  1 5 14 0.1284655698535322 0 186.0 0.1284655698535322 1
gene  1 7 14 5.465506924698573 0 188.0 5.465506924698573 1
gene  1 8 14 -1.8050462412499282 0 189.0 -1.8050462412499282 1
gene  1 13 14 1.092676199729095 0 194.0 1.092676199729095 1
genomeend 11
genomestart  12
trait 1 0.0 0.0 0.0 0.0 0.0 0.0 0.0 0.0 
node 1 1 1 1
node 2 1 1 1
node 3 1 1 1
node 4 1 1 1
node 5 1 1 1
node 6 1 1 1
node 7 1 1 3
node 13 1 0 2
node 14 1 0 2
gene  1 1 13 0.811853710778579 0 168.0 0.811853710778579 1
gene  1 2 13 2.3436115765549417 0 169.0 2.3436115765549417 1
gene  1 3 13 -5.043063780602791 0 170.0 -5.043063780602791 1
gene  1 4 13 1.1352522484759706 0 171.0 1.1352522484759706 1
gene  1 5 13 -0.15842385742962728 0 172.0 -0.15842385742962728 1
gene  1 6 13 -2.016823292895722 0 173.0 -2.016823292895722 1
gene  1 7 13 1.805676540019508 0 174.0 1.805676540019508 1
gene  1 14 13 3.977067848140123 1 181.0 3.977067848140123 1
gene  1 1 14 11.221127006095362 0 182.0 11.221127006095362 1
gene  1 2 14 2.8866416314687755 0 183.0 2.8866416314687755 1
gene  1 3 14 3.9320157137288256 0 184.0 3.9320157137288256 1
gene  1 13 14 3.955478797011267 0 194.0 3.955478797011267 1
gene  1 14 14 -0.1135645045663114 1 195.0 -0.1135645045663114 1
genomeend 12
genomestart  13
trait 1 0.0 0.0 0.0 0.0 0.0 0.0 0.0 0.0 
node 1 1 1 1
node 2 1 1 1
node 3 1 1 1
node 4 1 1 1
node 5 1 1 1
node 6 1 1 1
node 7 1 1 3
node 13 1 0 2
node 14 1 0 2
gene  1 1 13 1.4574972995271935 0 168.0 1.4574972995271935 1
gene  1 2 13 -1.3113432203930029 0 169.0 -1.3113432203930029 1
gene  1 3 13 -5.313609522113387 0 170.0 -5.313609522113387 1
gene  1 4 13 -2.16591463052956 0 171.0 -2.16591463052956 1
gene  1 5 13 0.19554339909425167 0 172.0 0.19554339909425167 1
gene  1 6 13 -1.3550427123524964 0 173.0 -1.3550427123524964 1
gene  1 7 13 0.6406292592179796 0 174.0 0.6406292592179796 1
gene  1 14 13 0.7289653450258762 1 181.0 0.7289653450258762 1
gene  1 1 14 10.90051424647525 0 182.0 10.90051424647525 1
gene  1 2 14 -1.2085584087334995 0 183.0 -1.2085584087334995 1
gene  1 3 14 5.244214941192759 0 184.0 5.244214941192759 1
gene  1 13 14 -0.9148903355418059 0 194.0 -0.9148903355418059 1
gene  1 14 14 -0.2882366859875518 1 195.0 -0.2882366859875518 1
genomeend 13
genomestart  14
trait 1 0.2032234050104359 0.0 0.0 0.0 0.4092548331044268 0.0 0.5384463152040307 0.0 
node 1 1 1 1
node 2 1 1 1
node 3 1 1 1
node 4 1 1 1
node 5 1 1 1
node 6 1 1 1
node 7 1 1 3
node 8 1 0 0
node 9 1 0 0
node 13 1 0 2
node 14 1 0 2
node 20 1 0 0
gene  1 1 8 0.3025839250652186 0 98.0 0.3025839250652186 1
gene  1 2 8 -1.4084594850385976 0 99.0 -1.4084594850385976 1
gene  1 3 8 2.031441148038111 0 100.0 2.031441148038111 1
gene  1 6 8 -5.376678203739464 0 103.0 -5.376678203739464 1
gene  1 8 8 4.0838246658217 1 105.0 4.0838246658217 1
gene  1 9 8 3.0096523803021986 1 106.0 3.0096523803021986 1
gene  1 13 8 -0.5733674283658929 1 110.0 -0.5733674283658929 1
gene  1 14 8 -2.4149227874608368 1 111.0 -2.4149227874608368 1
gene  1 1 9 -1.210615541757905 0 112.0 -1.210615541757905 1
gene  1 4 9 1.0526184643959757 0 115.0 1.0526184643959757 1
gene  1 5 9 1.8568356247081108 0 116.0 1.8568356247081108 1
gene  1 7 9 2.5020376479641775 0 118.0 2.5020376479641775 1
gene  1 9 9 -1.900552543166274 1 120.0 -1.900552543166274 1
gene  1 14 9 -1.870672638145623 1 125.0 -1.870672638145623 1
gene  1 2 13 -1.182349519625416 0 169.0 -1.182349519625416 1
gene  1 5 13 -2.5036779928255237 0 172.0 -2.5036779928255237 1
gene  1 8 13 0.35252908998888643 0 175.0 0.35252908998888643 1
gene  1 1 14 -0.6170309084459005 0 182.0 -0.6170309084459005 0
gene  1 2 14 10.214140815049946 0 183.0 10.214140815049946 1
gene  1 3 14 -6.0181490456464894 0 184.0 -6.0181490456464894 1
gene  1 6 14 0.6385715688779869 0 187.0 0.6385715688779869 1
gene  1 13 14 3.644232029297056 0 194.0 3.644232029297056 1
gene  1 14 14 -4.192381480544518 1 195.0 -4.192381480544518 1
gene  1 5 8 1.2829873296169256 0 202.0 1.2829873296169256 1
gene  1 4 13 -2.419895700019882 0 220.0 -2.419895700019882 1
gene  1 1 20 1.0 0 231.0 0.0 1
gene  1 20 14 -0.6170309084459005 0 232.0 0.0 1
genomeend 14
genomestart  15
trait 1 0.2032234050104359 0.0 0.0 0.0 0.4092548331044268 0.0 0.5384463152040307 0.0 
node 1 1 1 1
node 2 1 1 1
node 3 1 1 1
node 4 1 1 1
node 5 1 1 1
node 6 1 1 1
node 7 1 1 3
node 8 1 0 0
node 9 1 0 0
node 13 1 0 2
node 14 1 0 2
node 20 1 0 0
gene  1 1 8 0.3025839250652186 0 98.0 0.3025839250652186 1
gene  1 2 8 -1.4084594850385976 0 99.0 -1.4084594850385976 1
gene  1 3 8 2.031441148038111 0 100.0 2.031441148038111 1
gene  1 6 8 -5.376678203739464 0 103.0 -5.376678203739464 1
gene  1 8 8 4.0838246658217 1 105.0 4.0838246658217 1
gene  1 9 8 3.0096523803021986 1 106.0 3.0096523803021986 1
gene  1 13 8 -0.5733674283658929 1 110.0 -0.5733674283658929 1
gene  1 14 8 -2.4149227874608368 1 111.0 -2.4149227874608368 1
gene  1 1 9 -1.210615541757905 0 112.0 -1.210615541757905 1
gene  1 4 9 1.0526184643959757 0 115.0 1.0526184643959757 1
gene  1 5 9 1.8568356247081108 0 116.0 1.8568356247081108 1
gene  1 7 9 2.5020376479641775 0 118.0 2.5020376479641775 1
gene  1 9 9 -1.900552543166274 1 120.0 -1.900552543166274 1
gene  1 14 9 -1.870672638145623 1 125.0 -1.870672638145623 1
gene  1 2 13 -1.182349519625416 0 169.0 -1.182349519625416 1
gene  1 5 13 -2.5036779928255237 0 172.0 -2.5036779928255237 1
gene  1 8 13 0.35252908998888643 0 175.0 0.35252908998888643 1
gene  1 1 14 -0.6170309084459005 0 182.0 -0.6170309084459005 0
gene  1 2 14 10.214140815049946 0 183.0 10.214140815049946 1
gene  1 3 14 -6.0181490456464894 0 184.0 -6.0181490456464894 1
gene  1 6 14 0.6385715688779869 0 187.0 0.6385715688779869 1
gene  1 13 14 3.644232029297056 0 194.0 3.644232029297056 1
gene  1 14 14 -4.192381480544518 1 195.0 -4.192381480544518 1
gene  1 5 8 1.2829873296169256 0 202.0 1.2829873296169256 1
gene  1 4 13 -2.419895700019882 0 220.0 -2.419895700019882 1
gene  1 1 20 1.0 0 231.0 0.0 1
gene  1 20 14 -0.6170309084459005 0 232.0 0.0 1
genomeend 15
genomestart  16
trait 1 0.0 0.0 0.37602320177701687 0.0 0.0 0.0 0.0 0.42725376803424764 
node 1 1 1 1
node 2 1 1 1
node 3 1 1 1
node 4 1 1 1
node 5 1 1 1
node 6 1 1 1
node 7 1 1 3
node 13 1 0 2
node 14 1 0 2
node 17 1 0 0
gene  1 1 13 -3.0023477857575154 0 168.0 -3.0023477857575154 1
gene  1 2 13 -1.825490337618498 0 169.0 -1.825490337618498 1
gene  1 3 13 -0.2752603899535515 0 170.0 -0.2752603899535515 1
gene  1 4 13 1.5118189693247563 0 171.0 1.5118189693247563 1
gene  1 5 13 4.148372621914396 0 172.0 4.148372621914396 1
gene  1 6 13 -0.1183960285683403 0 173.0 -0.1183960285683403 1
gene  1 13 13 8.847805774037145 1 180.0 8.847805774037145 1
gene  1 14 13 0.27586701397465196 1 181.0 0.27586701397465196 1
gene  1 1 14 -3.812878946865109 0 182.0 -3.812878946865109 1
gene  1 4 14 -3.183884427116666 0 185.0 -3.183884427116666 1
gene  1 7 14 0.7595060412014216 0 188.0 0.7595060412014216 1
gene  1 2 14 2.9700275199102633 0 198.0 2.9700275199102633 1
gene  1 1 17 5.734768072405966 0 210.0 5.734768072405966 1
gene  1 17 13 -1.043726447107597 0 211.0 -1.043726447107597 1
gene  1 14 17 -7.683541020297175 0 214.0 -7.683541020297175 1
gene  1 6 17 8.005066687042067 0 215.0 8.005066687042067 1
genomeend 16
genomestart  17
trait 1 0.0 0.0 0.37602320177701687 0.0 0.0 0.0 0.0 0.42725376803424764 
node 1 1 1 1
node 2 1 1 1
node 3 1 1 1
node 4 1 1 1
node 5 1 1 1
node 6 1 1 1
node 7 1 1 3
node 13 1 0 2
node 14 1 0 2
node 17 1 0 0
gene  1 1 13 -2.292027165490979 0 168.0 -2.292027165490979 1
gene  1 2 13 -2.4796520407565623 0 169.0 -2.4796520407565623 1
gene  1 3 13 -1.7551622526128003 0 170.0 -1.7551622526128003 1
gene  1 4 13 1.8877938898996485 0 171.0 1.8877938898996485 1
gene  1 5 13 2.6300104723765294 0 172.0 2.6300104723765294 1
gene  1 6 13 -2.5012583984635164 0 173.0 -2.5012583984635164 1
gene  1 13 13 5.049815641811543 1 180.0 5.049815641811543 1
gene  1 14 13 -0.7116143914430273 1 181.0 -0.7116143914430273 1
gene  1 1 14 -5.994569416810989 0 182.0 -5.994569416810989 1
gene  1 4 14 -1.541423301050359 0 185.0 -1.541423301050359 1
gene  1 7 14 0.34767975450621136 0 188.0 0.34767975450621136 1
gene  1 2 14 -0.5393499121369312 0 198.0 -0.5393499121369312 1
gene  1 1 17 2.665428820336222 0 210.0 2.665428820336222 1
gene  1 17 13 -1.5445084799289086 0 211.0 -1.5445084799289086 1
gene  1 14 17 -8.742349144471083 0 214.0 -8.742349144471083 1
gene  1 6 17 -1.0549395551378138 0 215.0 -1.0549395551378138 1
genomeend 17
genomestart  18
trait 1 0.0 0.0 0.37602320177701687 0.0 0.0 0.0 0.0 0.42725376803424764 
node 1 1 1 1
node 2 1 1 1
node 3 1 1 1
node 4 1 1 1
node 5 1 1 1
node 6 1 1 1
node 7 1 1 3
node 13 1 0 2
node 14 1 0 2
node 17 1 0 0
gene  1 1 13 -3.6578003173359477 0 168.0 -3.6578003173359477 1
gene  1 2 13 -0.008934791161292477 0 169.0 -0.008934791161292477 1
gene  1 3 13 2.571573874168132 0 170.0 2.571573874168132 1
gene  1 4 13 -1.6756999809475723 0 171.0 -1.6756999809475723 1
gene  1 5 13 2.9480855979078777 0 172.0 2.9480855979078777 1
gene  1 6 13 0.040757398241773046 0 173.0 0.040757398241773046 1
gene  1 13 13 6.697892585199645 1 180.0 6.697892585199645 1
gene  1 14 13 0.29902787904624306 1 181.0 0.29902787904624306 1
gene  1 1 14 -1.4322311196470219 0 182.0 -1.4322311196470219 1
gene  1 4 14 0.3115359136194855 0 185.0 0.3115359136194855 1
gene  1 7 14 0.8457650767504774 0 188.0 0.8457650767504774 1
gene  1 2 14 2.578568151561444 0 198.0 2.578568151561444 1
gene  1 1 17 5.5308783419777345 0 210.0 5.5308783419777345 1
gene  1 17 13 0.7968648951164594 0 211.0 0.7968648951164594 1
gene  1 14 17 0.8754997006946236 0 214.0 0.8754997006946236 1
gene  1 6 17 3.6696988551986656 0 215.0 3.6696988551986656 1
genomeend 18
genomestart  19
trait 1 0.0 0.0 0.0 0.0 0.0 0.0 0.0 0.0 
node 1 1 1 1
node 2 1 1 1
node 3 1 1 1
node 4 1 1 1
node 5 1 1 1
node 6 1 1 1
node 7 1 1 3
node 13 1 0 2
node 14 1 0 2
gene  1 1 13 0.13166070761238347 0 168.0 0.13166070761238347 1
gene  1 2 13 1.371671381784564 0 169.0 1.371671381784564 1
gene  1 5 13 1.3064770747658132 0 172.0 1.3064770747658132 1
gene  1 6 13 0.6530409115758913 0 173.0 0.6530409115758913 1
gene  1 7 13 0.07935699781105066 0 174.0 0.07935699781105066 1
gene  1 3 14 0.7355941470744642 0 184.0 0.7355941470744642 1
gene  1 4 14 4.445157543785547 0 185.0 4.445157543785547 1
gene  1 7 14 -8.109709771485129 0 188.0 -8.109709771485129 1
gene  1 13 14 2.072369811192278 0 194.0 2.072369811192278 1
gene  1 14 14 -1.108353246986241 1 195.0 -1.108353246986241 1
genomeend 19
