genomestart  0
trait 1 0.12236385032328645 0.11996509262718169 0.0 1.2348572107762614 0.0 1.3168578850843018 1.0590140864502917 1.7905313975538821 
node 1 1 1 1
node 2 1 1 1
node 3 1 1 1
node 4 1 1 1
node 5 1 1 1
node 6 1 1 1
node 7 1 1 3
node 13 1 0 2
node 14 1 0 2
node 33 1 0 0
node 48 1 0 0
node 55 1 0 0
node 61 1 0 0
gene  1 2 13 1.3164450286968035 0 169.0 1.3164450286968035 1
gene  1 3 13 -2.780132315284665 0 170.0 -2.780132315284665 1
gene  1 4 13 2.415114086464015 0 171.0 2.415114086464015 1
gene  1 6 13 -0.8081264853157193 0 173.0 -0.8081264853157193 1
gene  1 7 13 0.20963956354038266 0 174.0 0.20963956354038266 1
gene  1 13 13 1.8372270073680124 1 180.0 1.8372270073680124 1
gene  1 1 14 3.6168346674226717 0 182.0 3.6168346674226717 1
gene  1 2 14 -1.4899220440681804 0 183.0 -1.4899220440681804 1
gene  1 5 14 1.0760128440854495 0 186.0 1.0760128440854495 1
gene  1 6 14 4.62270762028445 0 187.0 4.62270762028445 1
gene  1 7 14 -1.5666371444279874 0 188.0 -1.5666371444279874 1
gene  1 13 14 -6.197392739146969 0 194.0 -6.197392739146969 1
gene  1 14 14 3.4313413940892974 1 195.0 3.4313413940892974 1
gene  1 4 14 -1.1068143908257189 0 196.0 -1.1068143908257189 1
gene  1 1 13 -2.63626953069273 0 216.0 -2.63626953069273 1
gene  1 1 33 -0.9847790335194908 0 313.0 -0.9847790335194908 1
gene  1 33 14 -7.838071312784314 0 314.0 -7.838071312784314 1
gene  1 14 48 -3.4594859728954015 1 379.0 -3.4594859728954015 1
gene  1 48 14 -1.1439775556374316 0 380.0 -1.1439775556374316 1
gene  1 48 33 -1.2748455575092135 0 381.0 -1.2748455575092135 1
gene  1 4 33 2.1681419201565926 0 384.0 2.1681419201565926 1
gene  1 13 55 -6.077399403667926 0 407.0 -6.077399403667926 1
gene  1 55 14 9.746626439694912 0 408.0 9.746626439694912 1
gene  1 2 33 -8.911006634441062 0 425.0 -8.911006634441062 1
gene  1 13 33 -0.1739530580148143 0 427.0 -0.1739530580148143 1
gene  1 5 13 1.2363241088932782 0 436.0 1.2363241088932782 1
gene  1 7 33 5.050321999462851 0 465.0 5.050321999462851 1
gene  1 2 61 -1.5044371056162644 0 466.0 -1.5044371056162644 1
gene  1 61 33 -4.26441584622649 0 467.0 -4.26441584622649 1
genomeend 0
genomestart  1
trait 1 0.12236385032328645 0.11996509262718169 0.0 1.2348572107762614 0.0 1.3168578850843018 1.0590140864502917 1.7905313975538821 
node 1 1 1 1
node 2 1 1 1
node 3 1 1 1
node 4 1 1 1
node 5 1 1 1
node 6 1 1 1
node 7 1 1 3
node 13 1 0 2
node 14 1 0 2
node 33 1 0 0
node 48 1 0 0
node 55 1 0 0
node 61 1 0 0
gene  1 2 13 0.5303524260067993 0 169.0 0.5303524260067993 1
gene  1 3 13 -0.08084064902136023 0 170.0 -0.08084064902136023 1
gene  1 4 13 1.0129211895160464 0 171.0 1.0129211895160464 1
gene  1 6 13 0.13498249916820937 0 173.0 0.13498249916820937 1
gene  1 7 13 1.8801612179919547 0 174.0 1.8801612179919547 1
gene  1 13 13 0.15419573458820407 1 180.0 0.15419573458820407 1
gene  1 1 14 5.803380518255781 0 182.0 5.803380518255781 1
gene  1 2 14 -1.3150620269192372 0 183.0 -1.3150620269192372 1
gene  1 5 14 -1.9283183465898577 0 186.0 -1.9283183465898577 1
gene  1 6 14 2.9720214329142345 0 187.0 2.9720214329142345 1
gene  1 7 14 -0.9855934937632331 0 188.0 -0.9855934937632331 1
gene  1 13 14 -3.5120201339750654 0 194.0 -3.5120201339750654 1
gene  1 14 14 2.437597943223001 1 195.0 2.437597943223001 1
gene  1 4 14 -7.2623468290030075 0 196.0 -7.2623468290030075 1
gene  1 1 13 -2.560302239994279 0 216.0 -2.560302239994279 1
gene  1 1 33 1.5586383478006147 0 313.0 1.5586383478006147 1
gene  1 33 14 -6.716797094463757 0 314.0 -6.716797094463757 1
gene  1 14 48 1.9396350136607377 1 379.0 1.9396350136607377 1
gene  1 48 14 -1.0177671850525325 0 380.0 -1.0177671850525325 1
gene  1 48 33 -2.8270544246917475 0 381.0 -2.8270544246917475 1
gene  1 4 33 2.767828237540166 0 384.0 2.767828237540166 1
gene  1 13 55 -8.111205176159148 0 407.0 -8.111205176159148 1
gene  1 55 14 9.05148317407151 0 408.0 9.05148317407151 1
gene  1 2 33 -9.009058700271055 0 425.0 -9.009058700271055 1
gene  1 13 33 0.7782539550546591 0 427.0 0.7782539550546591 1
gene  1 5 13 1.9327519538386801 0 436.0 1.9327519538386801 1
gene  1 7 33 6.7919580661461225 0 465.0 6.7919580661461225 1
gene  1 2 61 -1.1142912186802687 0 466.0 -1.1142912186802687 1
gene  1 61 33 -2.5457175452841003 0 467.0 -2.5457175452841003 1
genomeend 1
genomestart  2
trait 1 0.26937214532678067 0.0 1.896310652799719 1.0664206773141058 1.8651080668398228 0.9057529697611906 1.2186392275033897 1.6429921308966946 
node 1 1 1 1
node 2 1 1 1
node 3 1 1 1
node 4 1 1 1
node 5 1 1 1
node 6 1 1 1
node 7 1 1 3
node 13 1 0 2
node 14 1 0 2
node 21 1 0 0
node 24 1 0 0
node 34 1 0 0
node 67 1 0 0
node 72 1 0 0
node 78 1 0 0
gene  1 1 13 0.8574976248333133 0 168.0 0.8574976248333133 0
gene  1 4 13 3.2747495897828003 0 171.0 3.2747495897828003 1
gene  1 5 13 0.34841333863636015 0 172.0 0.34841333863636015 1
gene  1 7 13 -1.0223113221099593 0 174.0 -1.0223113221099593 1
gene  1 13 13 0.8255301158450556 1 180.0 0.8255301158450556 1
gene  1 2 14 -2.1351916238368407 0 183.0 -2.1351916238368407 1
gene  1 3 14 2.360031436335749 0 184.0 2.360031436335749 1
gene  1 6 14 1.3863539093707056 0 187.0 1.3863539093707056 1
gene  1 13 14 0.031080764249377113 0 194.0 0.031080764249377113 1
gene  1 14 14 2.9235757792207 1 195.0 2.9235757792207 1
gene  1 6 13 -0.058986924736324664 0 205.0 -0.058986924736324664 1
gene  1 5 14 -0.12127310524191781 0 223.0 -0.12127310524191781 1
gene  1 3 13 -1.118816490530639 0 229.0 -1.118816490530639 1
gene  1 2 13 6.667376925562561 0 233.0 6.667376925562561 1
gene  1 1 21 12.697503126711826 0 238.0 12.697503126711826 1
gene  1 21 13 0.4109728514793945 0 239.0 0.4109728514793945 1
gene  1 5 21 0.48331166075259957 0 253.0 0.48331166075259957 1
gene  1 3 21 -0.03880914566193522 0 270.0 -0.03880914566193522 1
gene  1 1 24 2.6874007827306037 0 275.0 2.6874007827306037 1
gene  1 24 13 0.4663075099404428 0 276.0 0.4663075099404428 1
gene  1 3 34 5.667260713397834 0 315.0 5.667260713397834 1
gene  1 34 14 1.8379949151791815 0 316.0 1.8379949151791815 0
gene  1 3 24 -0.28331202311437154 0 324.0 -0.28331202311437154 1
gene  1 2 21 -2.0881360033774503 0 350.0 -2.0881360033774503 1
gene  1 34 13 5.05626840175764 0 355.0 5.05626840175764 1
gene  1 1 34 3.9912422289142233 0 361.0 3.9912422289142233 1
gene  1 7 14 5.462630002708647 0 388.0 5.462630002708647 1
gene  1 24 14 -1.3612638704267672 0 468.0 -1.3612638704267672 1
gene  1 34 67 1.0748659741366282 0 491.0 1.0748659741366282 1
gene  1 67 14 5.273718414750156 0 492.0 5.273718414750156 1
gene  1 1 72 -1.4105353040055753 0 505.0 -1.4105353040055753 1
gene  1 72 13 2.4100387540257167 0 506.0 2.4100387540257167 1
gene  1 1 78 -1.4971349373183735 0 530.0 -1.4971349373183735 1
gene  1 78 72 1.4115995527967353 0 531.0 1.4115995527967353 1
genomeend 2
genomestart  3
trait 1 0.9649211997096274 0.24518671547336335 2.3039500942107773 1.0570584164411514 2.726167529167061 0.9057529697611906 1.254113655980182 1.6736001174498143 
node 1 1 1 1
node 2 1 1 1
node 3 1 1 1
node 4 1 1 1
node 5 1 1 1
node 6 1 1 1
node 7 1 1 3
node 13 1 0 2
node 14 1 0 2
node 21 1 0 0
node 24 1 0 0
node 34 1 0 0
node 67 1 0 0
node 72 1 0 0
node 78 1 0 0
gene  1 1 13 5.366124539416889 0 168.0 5.366124539416889 0
gene  1 4 13 3.5281871020092637 0 171.0 3.5281871020092637 1
gene  1 5 13 1.170487585540565 0 172.0 1.170487585540565 1
gene  1 7 13 -0.8647118916947447 0 174.0 -0.8647118916947447 1
gene  1 13 13 1.7224263154595245 1 180.0 1.7224263154595245 1
gene  1 2 14 -2.60188461735399 0 183.0 -2.60188461735399 1
gene  1 3 14 2.6159234794381154 0 184.0 2.6159234794381154 1
gene  1 6 14 0.06280197069829502 0 187.0 0.06280197069829502 1
gene  1 13 14 -3.7342356196576674 0 194.0 -3.7342356196576674 1
gene  1 14 14 1.0267910546727772 1 195.0 1.0267910546727772 1
gene  1 6 13 0.2988970717863477 0 205.0 0.2988970717863477 1
gene  1 5 14 -0.748448760519157 0 223.0 -0.748448760519157 1
gene  1 3 13 1.7126374025124584 0 229.0 1.7126374025124584 1
gene  1 2 13 1.7592831081967044 0 233.0 1.7592831081967044 1
gene  1 1 21 10.28084650620311 0 238.0 10.28084650620311 1
gene  1 21 13 -0.019373861753910204 0 239.0 -0.019373861753910204 1
gene  1 5 21 -0.36185136543476715 0 253.0 -0.36185136543476715 1
gene  1 3 21 -5.142835880785785 0 270.0 -5.142835880785785 1
gene  1 1 24 0.0696773397143785 0 275.0 0.0696773397143785 1
gene  1 24 13 3.7133842350742037 0 276.0 3.7133842350742037 1
gene  1 3 34 4.967399743346695 0 315.0 4.967399743346695 1
gene  1 34 14 1.8458953610992381 0 316.0 1.8458953610992381 0
gene  1 3 24 4.097110674140085 0 324.0 4.097110674140085 1
gene  1 2 21 -4.559115034381879 0 350.0 -4.559115034381879 1
gene  1 34 13 2.978094480774422 0 355.0 2.978094480774422 1
gene  1 1 34 2.981129311692548 0 361.0 2.981129311692548 1
gene  1 7 14 3.3677599931797055 0 388.0 3.3677599931797055 1
gene  1 24 14 -3.5943887825064778 0 468.0 -3.5943887825064778 1
gene  1 34 67 -2.294823345237722 0 491.0 -2.294823345237722 1
gene  1 67 14 5.371997329708274 0 492.0 5.371997329708274 1
gene  1 1 72 0.6730664019899466 0 505.0 0.6730664019899466 0
gene  1 72 13 -0.6228117949125216 0 506.0 -0.6228117949125216 1
gene  1 1 78 -0.29668450306319677 0 530.0 -0.29668450306319677 1
gene  1 78 72 1.9945654897543932 0 531.0 1.9945654897543932 1
genomeend 3
genomestart  4
trait 1 0.26937214532678067 0.0 1.896310652799719 1.0664206773141058 1.8651080668398228 0.9057529697611906 1.2186392275033897 1.6429921308966946 
node 1 1 1 1
node 2 1 1 1
node 3 1 1 1
node 4 1 1 1
node 5 1 1 1
node 6 1 1 1
node 7 1 1 3
node 13 1 0 2
node 14 1 0 2
node 21 1 0 0
node 24 1 0 0
node 34 1 0 0
node 67 1 0 0
node 72 1 0 0
node 78 1 0 0
gene  1 1 13 5.7696300332688395 0 168.0 5.7696300332688395 0
gene  1 4 13 2.3592906073110815 0 171.0 2.3592906073110815 1
gene  1 5 13 -0.6990877978712171 0 172.0 -0.6990877978712171 1
gene  1 7 13 -1.8474026993054868 0 174.0 -1.8474026993054868 1
gene  1 13 13 -1.0882565577091312 1 180.0 -1.0882565577091312 1
gene  1 2 14 -0.24466659432097648 0 183.0 -0.24466659432097648 1
gene  1 3 14 0.6194888512301442 0 184.0 0.6194888512301442 1
gene  1 6 14 -0.7739592465941202 0 187.0 -0.7739592465941202 1
gene  1 13 14 -3.3502900086740963 0 194.0 -3.3502900086740963 1
gene  1 14 14 0.950388924643646 1 195.0 0.950388924643646 1
gene  1 6 13 1.6162928970242187 0 205.0 1.6162928970242187 1
gene  1 5 14 -2.1216485978225563 0 223.0 -2.1216485978225563 1
gene  1 3 13 -1.18216038036695 0 229.0 -1.18216038036695 1
gene  1 2 13 5.123313187986835 0 233.0 5.123313187986835 1
gene  1 1 21 11.030646667932416 0 238.0 11.030646667932416 1
gene  1 21 13 2.419499850150252 0 239.0 2.419499850150252 1
gene  1 5 21 -1.3169743580462263 0 253.0 -1.3169743580462263 1
gene  1 3 21 -3.35994745977258 0 270.0 -3.35994745977258 1
gene  1 1 24 4.0820870869441315 0 275.0 4.0820870869441315 1
gene  1 24 13 4.5677158440529215 0 276.0 4.5677158440529215 1
gene  1 3 34 5.023071428375448 0 315.0 5.023071428375448 1
gene  1 34 14 0.25157754847002173 0 316.0 0.25157754847002173 0
gene  1 3 24 1.4949307405438326 0 324.0 1.4949307405438326 1
gene  1 2 21 -5.235412548992882 0 350.0 -5.235412548992882 1
gene  1 34 13 4.966584578570474 0 355.0 4.966584578570474 1
gene  1 1 34 1.3496625311045132 0 361.0 1.3496625311045132 1
gene  1 7 14 2.9882549943605152 0 388.0 2.9882549943605152 1
gene  1 24 14 -4.609803477196147 0 468.0 -4.609803477196147 1
gene  1 34 67 0.5843232175375174 0 491.0 0.5843232175375174 1
gene  1 67 14 2.082413120136949 0 492.0 2.082413120136949 1
gene  1 1 72 -2.8732353420988965 0 505.0 -2.8732353420988965 0
gene  1 72 13 0.37740965198529475 0 506.0 0.37740965198529475 1
gene  1 1 78 -3.0042033026659674 0 530.0 -3.0042033026659674 1
gene  1 78 72 2.137291039772475 0 531.0 2.137291039772475 1
genomeend 4
genomestart  5
trait 1 0.990764809340612 0.11168036512555457 0.0 2.5667145009496477 0.4651853155222945 0.0 0.027339901520710974 0.8024602724468012 
node 1 1 1 1
node 2 1 1 1
node 3 1 1 1
node 4 1 1 1
node 5 1 1 1
node 6 1 1 1
node 7 1 1 3
node 8 1 0 0
node 13 1 0 2
node 14 1 0 2
node 39 1 0 0
node 42 1 0 0
node 51 1 0 0
node 68 1 0 0
node 77 1 0 0
gene  1 1 8 0.6561873184284199 0 98.0 0.6561873184284199 1
gene  1 2 8 5.866062537008144 0 99.0 5.866062537008144 1
gene  1 3 8 3.9303149497260765 0 100.0 3.9303149497260765 1
gene  1 4 8 -1.0977684871580105 0 101.0 -1.0977684871580105 1
gene  1 5 8 0.7132683099601114 0 102.0 0.7132683099601114 1
gene  1 6 8 -1.6780728886795424 0 103.0 -1.6780728886795424 1
gene  1 8 8 7.2231989262950025 1 105.0 7.2231989262950025 1
gene  1 13 8 -2.0044159053468666 1 110.0 -2.0044159053468666 1
gene  1 14 8 15.083550858205593 1 111.0 15.083550858205593 1
gene  1 3 13 -1.846421393444867 0 170.0 -1.846421393444867 1
gene  1 5 13 -1.6071483820542207 0 172.0 -1.6071483820542207 1
gene  1 7 13 3.8059703268519227 0 174.0 3.8059703268519227 1
gene  1 13 13 -7.974320240075903 1 180.0 -7.974320240075903 1
gene  1 2 14 1.787899207919391 0 183.0 1.787899207919391 1
gene  1 4 14 1.6260715481133896 0 185.0 1.6260715481133896 1
gene  1 6 14 -2.5103127074620497 0 187.0 -2.5103127074620497 1
gene  1 8 14 -1.5722068172080785 0 189.0 -1.5722068172080785 1
gene  1 13 14 0.8025363405354824 0 194.0 0.8025363405354824 1
gene  1 2 13 -1.775379974779765 0 213.0 -1.775379974779765 1
gene  1 4 13 -0.9733357864867567 0 230.0 -0.9733357864867567 1
gene  1 13 8 -3.6127857564058505 0 244.0 -3.6127857564058505 1
gene  1 7 14 -0.9086101263406947 0 264.0 -0.9086101263406947 1
gene  1 1 14 -4.081797150895497 0 299.0 -4.081797150895497 1
gene  1 5 14 -1.5054960795965768 0 310.0 -1.5054960795965768 1
gene  1 1 13 -0.9670123223174081 0 311.0 -0.9670123223174081 1
gene  1 13 39 -0.16206780251809755 0 344.0 -0.16206780251809755 1
gene  1 39 8 -0.7061104987420844 0 345.0 -0.7061104987420844 0
gene  1 6 13 -0.7520700476225213 0 348.0 -0.7520700476225213 1
gene  1 2 42 1.867543429041721 0 359.0 1.867543429041721 1
gene  1 42 14 6.556154903653679 0 360.0 6.556154903653679 1
gene  1 13 42 3.032114581130778 0 366.0 3.032114581130778 1
gene  1 5 51 0.8248788931759756 0 396.0 0.8248788931759756 1
gene  1 51 14 -3.030242443900006 0 397.0 -3.030242443900006 1
gene  1 6 42 -0.00816349264181504 0 423.0 -0.00816349264181504 1
gene  1 39 42 -2.4823047485740846 0 426.0 -2.4823047485740846 1
gene  1 51 13 2.0574056688048357 0 475.0 2.0574056688048357 1
gene  1 39 14 1.4783995402486447 0 476.0 1.4783995402486447 1
gene  1 5 39 -1.838203949635341 0 485.0 -1.838203949635341 1
gene  1 5 68 -0.6416961364142253 0 493.0 -0.6416961364142253 1
gene  1 68 39 -5.862310146539385 0 494.0 -5.862310146539385 1
gene  1 4 51 -0.9381414848721122 0 514.0 -0.9381414848721122 1
gene  1 39 77 4.613017177265374 0 528.0 4.613017177265374 1
gene  1 77 8 0.2075151569810345 0 529.0 0.2075151569810345 1
genomeend 5
genomestart  6
trait 1 0.7406206948073408 0.11168036512555457 0.0 2.5667145009496477 0.4651853155222945 0.0 0.0 0.7608726933702716 
node 1 1 1 1
node 2 1 1 1
node 3 1 1 1
node 4 1 1 1
node 5 1 1 1
node 6 1 1 1
node 7 1 1 3
node 8 1 0 0
node 13 1 0 2
node 14 1 0 2
node 39 1 0 0
node 42 1 0 0
node 51 1 0 0
node 68 1 0 0
node 77 1 0 0
gene  1 1 8 1.7775995381336016 0 98.0 1.7775995381336016 1
gene  1 2 8 1.9613928085419223 0 99.0 1.9613928085419223 1
gene  1 3 8 4.523771866641418 0 100.0 4.523771866641418 1
gene  1 4 8 1.9138267450281026 0 101.0 1.9138267450281026 1
gene  1 5 8 -0.6895060795468737 0 102.0 -0.6895060795468737 1
gene  1 6 8 -0.5787858582664249 0 103.0 -0.5787858582664249 1
gene  1 8 8 6.886283224456587 1 105.0 6.886283224456587 1
gene  1 13 8 -4.7719315804344715 1 110.0 -4.7719315804344715 1
gene  1 14 8 12.404960629825814 1 111.0 12.404960629825814 1
gene  1 3 13 -1.1605169418686692 0 170.0 -1.1605169418686692 1
gene  1 5 13 2.802215782475497 0 172.0 2.802215782475497 1
gene  1 7 13 3.918367112166557 0 174.0 3.918367112166557 1
gene  1 13 13 -4.2987534225778585 1 180.0 -4.2987534225778585 1
gene  1 2 14 1.2587714702072044 0 183.0 1.2587714702072044 1
gene  1 4 14 0.2444399975541922 0 185.0 0.2444399975541922 1
gene  1 6 14 0.8399003069759148 0 187.0 0.8399003069759148 1
gene  1 8 14 -2.4711699614445113 0 189.0 -2.4711699614445113 1
gene  1 13 14 5.589880622889586 0 194.0 5.589880622889586 1
gene  1 2 13 -2.0862290883192496 0 213.0 -2.0862290883192496 1
gene  1 4 13 -1.83849187235195 0 230.0 -1.83849187235195 1
gene  1 13 8 -1.6138307933046625 0 244.0 -1.6138307933046625 1
gene  1 7 14 -0.7369028686328043 0 264.0 -0.7369028686328043 1
gene  1 1 14 -3.478104787328663 0 299.0 -3.478104787328663 1
gene  1 5 14 -2.232960115949742 0 310.0 -2.232960115949742 1
gene  1 1 13 1.0851687588418275 0 311.0 1.0851687588418275 1
gene  1 13 39 0.7876996836843813 0 344.0 0.7876996836843813 1
gene  1 39 8 -3.2904381362538566 0 345.0 -3.2904381362538566 1
gene  1 6 13 -0.13139856177052356 0 348.0 -0.13139856177052356 1
gene  1 2 42 3.9910511451017316 0 359.0 3.9910511451017316 1
gene  1 42 14 5.626069935847189 0 360.0 5.626069935847189 1
gene  1 13 42 2.2595775775111853 0 366.0 2.2595775775111853 1
gene  1 5 51 1.8164940329297223 0 396.0 1.8164940329297223 1
gene  1 51 14 -2.347785263506357 0 397.0 -2.347785263506357 1
gene  1 6 42 2.6603478238551883 0 423.0 2.6603478238551883 1
gene  1 39 42 -3.581243389461142 0 426.0 -3.581243389461142 1
gene  1 51 13 1.0792837012095375 0 475.0 1.0792837012095375 1
gene  1 39 14 -0.9878743375533225 0 476.0 -0.9878743375533225 1
gene  1 5 39 1.5192674950523504 0 485.0 1.5192674950523504 1
gene  1 5 68 2.1767055695505886 0 493.0 2.1767055695505886 1
gene  1 68 39 -6.254172356294907 0 494.0 -6.254172356294907 1
gene  1 4 51 -0.9381414848721122 0 514.0 -0.9381414848721122 1
gene  1 39 77 6.946447147342107 0 528.0 6.946447147342107 1
gene  1 77 8 0.2075151569810345 0 529.0 0.2075151569810345 1
genomeend 6
genomestart  7
trait 1 2.732431393943948 0.0 0.0 0.798512545900133 0.9382603138953756 0.0 1.9280392103089152 0.8152719799274877 
node 1 1 1 1
node 2 1 1 1
node 3 1 1 1
node 4 1 1 1
node 5 1 1 1
node 6 1 1 1
node 7 1 1 3
node 8 1 0 0
node 9 1 0 0
node 10 1 0 0
node 13 1 0 2
node 14 1 0 2
node 28 1 0 0
node 41 1 0 0
node 43 1 0 0
node 47 1 0 0
node 62 1 0 0
gene  1 1 8 -2.4032136207365227 0 98.0 -2.4032136207365227 1
gene  1 3 8 -1.3846791453120628 0 100.0 -1.3846791453120628 1
gene  1 5 8 -3.617133850729793 0 102.0 -3.617133850729793 1
gene  1 6 8 -1.7719644656967652 0 103.0 -1.7719644656967652 1
gene  1 8 8 0.9754207587455745 1 105.0 0.9754207587455745 1
gene  1 1 9 0.07449315450580918 0 112.0 0.07449315450580918 1
gene  1 2 9 -0.15805197537421822 0 113.0 -0.15805197537421822 1
gene  1 3 9 6.42949282774191 0 114.0 6.42949282774191 1
gene  1 5 9 5.325156518661046 0 116.0 5.325156518661046 1
gene  1 7 9 -1.7208521569316493 0 118.0 -1.7208521569316493 1
gene  1 9 9 2.452809103401651 1 120.0 2.452809103401651 1
gene  1 10 9 9.442811565786458 1 121.0 9.442811565786458 1
gene  1 13 9 -1.4018681595302995 1 124.0 -1.4018681595302995 1
gene  1 2 10 -0.46877653234219496 0 127.0 -0.46877653234219496 1
gene  1 4 10 3.0257666406898864 0 129.0 3.0257666406898864 1
gene  1 5 10 -3.578083200960848 0 130.0 -3.578083200960848 1
gene  1 8 10 -1.889124924198772 0 133.0 -1.889124924198772 1
gene  1 9 10 -3.0087372485256014 0 134.0 -3.0087372485256014 1
gene  1 10 10 -3.964399251476693 1 135.0 -3.964399251476693 1
gene  1 13 10 -1.6187935984901005 1 138.0 -1.6187935984901005 1
gene  1 14 10 -4.09457092687918 1 139.0 -4.09457092687918 1
gene  1 2 13 0.2841886420322745 0 169.0 0.2841886420322745 1
gene  1 3 13 1.8854833346486433 0 170.0 1.8854833346486433 1
gene  1 6 13 0.8523104497477427 0 173.0 0.8523104497477427 1
gene  1 7 13 -1.0044330236309824 0 174.0 -1.0044330236309824 1
gene  1 9 13 1.979002291834966 0 176.0 1.979002291834966 1
gene  1 13 13 -0.7205409817079209 1 180.0 -0.7205409817079209 1
gene  1 14 13 10.64349486753104 1 181.0 10.64349486753104 1
gene  1 1 14 -0.4115241386503962 0 182.0 -0.4115241386503962 1
gene  1 3 14 0.4734852552350241 0 184.0 0.4734852552350241 1
gene  1 9 14 -6.478092419009569 0 190.0 -6.478092419009569 1
gene  1 10 14 2.347878982843029 0 191.0 2.347878982843029 1
gene  1 8 13 9.548385392239386 0 207.0 9.548385392239386 1
gene  1 1 10 0.46692517673061507 0 226.0 0.46692517673061507 1
gene  1 6 14 -4.801667436332088 0 234.0 -4.801667436332088 1
gene  1 8 28 -0.4710242741216435 1 293.0 -0.4710242741216435 1
gene  1 28 8 -1.6511712559884961 0 294.0 -1.6511712559884961 1
gene  1 8 9 -1.462390373045508 0 328.0 -1.462390373045508 1
gene  1 8 41 0.23093229649403435 1 357.0 0.23093229649403435 1
gene  1 41 8 3.2555276820222607 0 358.0 3.2555276820222607 1
gene  1 14 43 -0.975676376839282 1 364.0 -0.975676376839282 1
gene  1 43 10 0.692718649895403 0 365.0 0.692718649895403 1
gene  1 5 47 5.402727594115812 0 375.0 5.402727594115812 1
gene  1 47 9 1.9669470810253997 0 376.0 1.9669470810253997 1
gene  1 41 14 3.4908246874847095 0 387.0 3.4908246874847095 1
gene  1 4 28 -1.5498540930682572 0 419.0 -1.5498540930682572 1
gene  1 2 28 0.11430620206488595 0 429.0 0.11430620206488595 1
gene  1 1 62 -0.0725785204481133 0 470.0 -0.0725785204481133 1
gene  1 62 9 -2.2130962983734466 0 471.0 -2.2130962983734466 1
gene  1 8 14 6.501490972425316 0 484.0 6.501490972425316 1
gene  1 1 13 1.4751902011805411 0 489.0 1.4751902011805411 1
gene  1 28 10 -2.217456970593819 0 510.0 -2.217456970593819 1
gene  1 2 41 1.1892791901421715 0 515.0 1.1892791901421715 1
gene  1 41 47 7.031415223118472 0 548.0 7.031415223118472 1
genomeend 7
genomestart  8
trait 1 2.732431393943948 0.0 0.0 0.798512545900133 0.9382603138953756 0.0 1.9280392103089152 0.8152719799274877 
node 1 1 1 1
node 2 1 1 1
node 3 1 1 1
node 4 1 1 1
node 5 1 1 1
node 6 1 1 1
node 7 1 1 3
node 8 1 0 0
node 9 1 0 0
node 10 1 0 0
node 13 1 0 2
node 14 1 0 2
node 28 1 0 0
node 41 1 0 0
node 43 1 0 0
node 47 1 0 0
node 62 1 0 0
gene  1 1 8 -5.350262921265712 0 98.0 -5.350262921265712 1
gene  1 3 8 -0.16925367186370566 0 100.0 -0.16925367186370566 1
gene  1 5 8 -6.03957668737323 0 102.0 -6.03957668737323 1
gene  1 6 8 -4.849651265233961 0 103.0 -4.849651265233961 1
gene  1 8 8 -2.353625817786612 1 105.0 -2.353625817786612 1
gene  1 1 9 0.952220406916291 0 112.0 0.952220406916291 1
gene  1 2 9 1.191761744023799 0 113.0 1.191761744023799 1
gene  1 3 9 9.05310690641423 0 114.0 9.05310690641423 1
gene  1 5 9 5.621471382785794 0 116.0 5.621471382785794 1
gene  1 7 9 -4.693583962490201 0 118.0 -4.693583962490201 1
gene  1 9 9 0.7079764458478492 1 120.0 0.7079764458478492 1
gene  1 10 9 7.564175559442555 1 121.0 7.564175559442555 1
gene  1 13 9 -1.4660057618772815 1 124.0 -1.4660057618772815 1
gene  1 2 10 -1.5545866830836028 0 127.0 -1.5545866830836028 1
gene  1 4 10 2.466784832692528 0 129.0 2.466784832692528 1
gene  1 5 10 -1.2674705727900277 0 130.0 -1.2674705727900277 1
gene  1 8 10 3.127476966561587 0 133.0 3.127476966561587 1
gene  1 9 10 -0.3480706680680101 0 134.0 -0.3480706680680101 1
gene  1 10 10 -3.806778964973149 1 135.0 -3.806778964973149 1
gene  1 13 10 0.32183190511445964 1 138.0 0.32183190511445964 1
gene  1 14 10 -1.9669150299732419 1 139.0 -1.9669150299732419 1
gene  1 2 13 7.367393904006995 0 169.0 7.367393904006995 1
gene  1 3 13 4.219698921607344 0 170.0 4.219698921607344 1
gene  1 6 13 9.669962781018695 0 173.0 9.669962781018695 1
gene  1 7 13 2.157898503441225 0 174.0 2.157898503441225 1
gene  1 9 13 2.057145754602999 0 176.0 2.057145754602999 1
gene  1 13 13 -4.877584848716735 1 180.0 -4.877584848716735 1
gene  1 14 13 8.031233504395036 1 181.0 8.031233504395036 1
gene  1 1 14 1.6803520365330247 0 182.0 1.6803520365330247 1
gene  1 3 14 0.18868443264191265 0 184.0 0.18868443264191265 1
gene  1 9 14 -10.366028325332156 0 190.0 -10.366028325332156 1
gene  1 10 14 -6.377808392076377 0 191.0 -6.377808392076377 1
gene  1 8 13 7.5979858306365635 0 207.0 7.5979858306365635 1
gene  1 1 10 -3.0973011986568277 0 226.0 -3.0973011986568277 1
gene  1 6 14 -2.459710187992172 0 234.0 -2.459710187992172 1
gene  1 8 28 -1.4961003212395716 1 293.0 -1.4961003212395716 1
gene  1 28 8 -4.158109496878837 0 294.0 -4.158109496878837 1
gene  1 8 9 -6.5109677715191445 0 328.0 -6.5109677715191445 1
gene  1 8 41 0.7884421845059868 1 357.0 0.7884421845059868 1
gene  1 41 8 2.2436408945808086 0 358.0 2.2436408945808086 1
gene  1 14 43 2.6106292794294697 1 364.0 2.6106292794294697 1
gene  1 43 10 2.8232107508103046 0 365.0 2.8232107508103046 1
gene  1 5 47 2.6337667935085975 0 375.0 2.6337667935085975 1
gene  1 47 9 3.425212426108052 0 376.0 3.425212426108052 1
gene  1 41 14 2.0270032523581767 0 387.0 2.0270032523581767 1
gene  1 4 28 -0.9174358118540002 0 419.0 -0.9174358118540002 1
gene  1 2 28 2.492148905435206 0 429.0 2.492148905435206 1
gene  1 1 62 -0.7489032877485208 0 470.0 -0.7489032877485208 1
gene  1 62 9 -2.27338781301335 0 471.0 -2.27338781301335 1
gene  1 8 14 1.7298026897827279 0 484.0 1.7298026897827279 1
gene  1 1 13 1.1437108252070556 0 489.0 1.1437108252070556 1
gene  1 28 10 2.4651590606926863 0 510.0 2.4651590606926863 1
gene  1 2 41 0.8512577039577016 0 515.0 0.8512577039577016 1
gene  1 41 47 7.255841501833054 0 548.0 7.255841501833054 1
genomeend 8
genomestart  9
trait 1 2.732431393943948 0.0 0.0 0.798512545900133 0.9382603138953756 0.0 1.9280392103089152 0.8152719799274877 
node 1 1 1 1
node 2 1 1 1
node 3 1 1 1
node 4 1 1 1
node 5 1 1 1
node 6 1 1 1
node 7 1 1 3
node 8 1 0 0
node 9 1 0 0
node 10 1 0 0
node 13 1 0 2
node 14 1 0 2
node 28 1 0 0
node 41 1 0 0
node 43 1 0 0
node 47 1 0 0
node 62 1 0 0
gene  1 1 8 -2.1121100608382237 0 98.0 -2.1121100608382237 1
gene  1 3 8 0.7305352743560065 0 100.0 0.7305352743560065 1
gene  1 5 8 -8.134029426809445 0 102.0 -8.134029426809445 1
gene  1 6 8 -5.178612042783181 0 103.0 -5.178612042783181 1
gene  1 8 8 -2.42867745409583 1 105.0 -2.42867745409583 1
gene  1 1 9 -1.6912038191399132 0 112.0 -1.6912038191399132 1
gene  1 2 9 -1.3293487506782034 0 113.0 -1.3293487506782034 1
gene  1 3 9 5.699269196031649 0 114.0 5.699269196031649 1
gene  1 5 9 7.246543322002188 0 116.0 7.246543322002188 1
gene  1 7 9 -4.387113352614943 0 118.0 -4.387113352614943 1
gene  1 9 9 0.29166907051656477 1 120.0 0.29166907051656477 1
gene  1 10 9 6.217739376098493 1 121.0 6.217739376098493 1
gene  1 13 9 -2.280914100037652 1 124.0 -2.280914100037652 1
gene  1 2 10 -2.671499697707641 0 127.0 -2.671499697707641 1
gene  1 4 10 5.913175862204348 0 129.0 5.913175862204348 1
gene  1 5 10 -3.0489454221703163 0 130.0 -3.0489454221703163 1
gene  1 8 10 2.4267085543434823 0 133.0 2.4267085543434823 1
gene  1 9 10 -0.6853651696276901 0 134.0 -0.6853651696276901 1
gene  1 10 10 -1.7195822984953835 1 135.0 -1.7195822984953835 1
gene  1 13 10 -2.071075720943865 1 138.0 -2.071075720943865 1
gene  1 14 10 -5.999501524210343 1 139.0 -5.999501524210343 1
gene  1 2 13 5.357689298597334 0 169.0 5.357689298597334 1
gene  1 3 13 2.014038732959443 0 170.0 2.014038732959443 1
gene  1 6 13 9.829369272329734 0 173.0 9.829369272329734 1
gene  1 7 13 3.1541698940771052 0 174.0 3.1541698940771052 1
gene  1 9 13 1.8226450352362424 0 176.0 1.8226450352362424 1
gene  1 13 13 -1.4971053439502822 1 180.0 -1.4971053439502822 1
gene  1 14 13 10.641063125292403 1 181.0 10.641063125292403 1
gene  1 1 14 2.399736468296523 0 182.0 2.399736468296523 1
gene  1 3 14 0.3985230382787658 0 184.0 0.3985230382787658 1
gene  1 9 14 -8.904110623754054 0 190.0 -8.904110623754054 1
gene  1 10 14 -5.411294717879234 0 191.0 -5.411294717879234 1
gene  1 8 13 6.164096906177663 0 207.0 6.164096906177663 1
gene  1 1 10 -2.1880881506348198 0 226.0 -2.1880881506348198 1
gene  1 6 14 -4.1413836567531686 0 234.0 -4.1413836567531686 1
gene  1 8 28 -0.9126261608157538 1 293.0 -0.9126261608157538 1
gene  1 28 8 -0.35940803493300666 0 294.0 -0.35940803493300666 1
gene  1 8 9 -2.528642285286624 0 328.0 -2.528642285286624 1
gene  1 8 41 0.010843461370423302 1 357.0 0.010843461370423302 1
gene  1 41 8 3.6700201363317824 0 358.0 3.6700201363317824 1
gene  1 14 43 3.4387158766318775 1 364.0 3.4387158766318775 1
gene  1 43 10 5.297983727368782 0 365.0 5.297983727368782 1
gene  1 5 47 2.8406879919852983 0 375.0 2.8406879919852983 1
gene  1 47 9 3.8236965263561142 0 376.0 3.8236965263561142 1
gene  1 41 14 1.0767830711787632 0 387.0 1.0767830711787632 1
gene  1 4 28 -1.1579692958730814 0 419.0 -1.1579692958730814 1
gene  1 2 28 0.015499010750596065 0 429.0 0.015499010750596065 1
gene  1 1 62 -1.8054707106293688 0 470.0 -1.8054707106293688 1
gene  1 62 9 1.3715970505222588 0 471.0 1.3715970505222588 1
gene  1 8 14 4.037628755267415 0 484.0 4.037628755267415 1
gene  1 1 13 1.0274594125698853 0 489.0 1.0274594125698853 1
gene  1 28 10 -0.16124927432003222 0 510.0 -0.16124927432003222 1
gene  1 2 41 1.1892791901421715 0 515.0 1.1892791901421715 1
gene  1 41 47 7.1223736076910935 0 548.0 7.1223736076910935 1
genomeend 9
genomestart  10
trait 1 0.0 0.0 0.18016573799761848 0.007880455156273225 3.0347432330657154 0.45322605837968266 0.9983210840752836 0.868067118942248 
node 1 1 1 1
node 2 1 1 1
node 3 1 1 1
node 4 1 1 1
node 5 1 1 1
node 6 1 1 1
node 7 1 1 3
node 8 1 0 0
node 13 1 0 2
node 14 1 0 2
node 22 1 0 0
node 25 1 0 0
node 29 1 0 0
node 57 1 0 0
node 65 1 0 0
node 76 1 0 0
gene  1 1 8 6.065349840057532 0 98.0 6.065349840057532 1
gene  1 3 8 1.521172577830959 0 100.0 1.521172577830959 1
gene  1 4 8 -1.2535982809027904 0 101.0 -1.2535982809027904 1
gene  1 5 8 1.2253258255766386 0 102.0 1.2253258255766386 1
gene  1 6 8 2.8759072826139653 0 103.0 2.8759072826139653 1
gene  1 8 8 -2.886711919535527 1 105.0 -2.886711919535527 1
gene  1 1 13 -2.3452896025671315 0 168.0 -2.3452896025671315 1
gene  1 5 13 -1.471018613824464 0 172.0 -1.471018613824464 1
gene  1 13 13 0.7818684951028673 1 180.0 0.7818684951028673 1
gene  1 14 13 0.7846075669257969 1 181.0 0.7846075669257969 1
gene  1 2 14 -0.6786290727450437 0 183.0 -0.6786290727450437 1
gene  1 3 14 4.395885364121842 0 184.0 4.395885364121842 1
gene  1 5 14 -0.9611356399866711 0 186.0 -0.9611356399866711 1
gene  1 7 14 -1.7886245307657722 0 188.0 -1.7886245307657722 1
gene  1 8 14 8.637226979292777 0 189.0 8.637226979292777 1
gene  1 13 14 0.2721725429510055 0 194.0 0.2721725429510055 1
gene  1 2 13 -6.327156142588674 0 236.0 -6.327156142588674 1
gene  1 8 22 2.755031748311031 0 240.0 2.755031748311031 0
gene  1 22 14 7.927882432303466 0 241.0 7.927882432303466 1
gene  1 1 22 -7.313347739728699 0 245.0 -7.313347739728699 1
gene  1 13 8 2.21621274378004 0 257.0 2.21621274378004 1
gene  1 5 22 -3.4698599578348532 0 265.0 -3.4698599578348532 1
gene  1 1 25 -2.296735567308548 0 279.0 -2.296735567308548 1
gene  1 25 8 -2.382211316717932 0 280.0 -2.382211316717932 1
gene  1 8 29 -0.2384117598742539 0 297.0 -0.2384117598742539 1
gene  1 29 14 -3.9521542971072834 0 298.0 -3.9521542971072834 1
gene  1 1 14 2.061869075016355 0 312.0 2.061869075016355 1
gene  1 2 29 3.8801189506889213 0 330.0 3.8801189506889213 1
gene  1 5 25 -0.1682834166122804 0 343.0 -0.1682834166122804 1
gene  1 6 29 2.6877579238865668 0 386.0 2.6877579238865668 1
gene  1 22 29 -0.7809690642086211 0 416.0 -0.7809690642086211 1
gene  1 4 14 2.956782701156494 0 424.0 2.956782701156494 1
gene  1 4 29 0.039873996653526256 0 432.0 0.039873996653526256 1
gene  1 8 57 0.915241184284826 0 437.0 0.915241184284826 1
gene  1 57 14 1.620412781009536 0 438.0 1.620412781009536 1
gene  1 3 22 -2.0896977086065975 0 440.0 -2.0896977086065975 1
gene  1 2 25 6.854322809340187 0 455.0 6.854322809340187 1
gene  1 1 65 -0.9776637815506992 0 481.0 -0.9776637815506992 1
gene  1 65 25 0.12889129786963394 0 482.0 0.12889129786963394 1
gene  1 8 76 -5.1301779399377 0 525.0 -5.1301779399377 1
gene  1 76 22 2.3360355722021904 0 526.0 2.3360355722021904 1
genomeend 10
genomestart  11
trait 1 0.0 0.0 0.18016573799761848 0.007880455156273225 3.0347432330657154 0.45322605837968266 0.9983210840752836 0.868067118942248 
node 1 1 1 1
node 2 1 1 1
node 3 1 1 1
node 4 1 1 1
node 5 1 1 1
node 6 1 1 1
node 7 1 1 3
node 8 1 0 0
node 13 1 0 2
node 14 1 0 2
node 22 1 0 0
node 25 1 0 0
node 29 1 0 0
node 57 1 0 0
node 65 1 0 0
node 76 1 0 0
gene  1 1 8 8.331425351623954 0 98.0 8.331425351623954 1
gene  1 3 8 0.6036124620254794 0 100.0 0.6036124620254794 1
gene  1 4 8 -3.002591949840409 0 101.0 -3.002591949840409 1
gene  1 5 8 -0.4355179233386022 0 102.0 -0.4355179233386022 1
gene  1 6 8 5.224366538425655 0 103.0 5.224366538425655 1
gene  1 8 8 -4.128908777589711 1 105.0 -4.128908777589711 1
gene  1 1 13 0.6742191675692462 0 168.0 0.6742191675692462 1
gene  1 5 13 0.14022181978436676 0 172.0 0.14022181978436676 1
gene  1 13 13 -2.748479062110512 1 180.0 -2.748479062110512 1
gene  1 14 13 -2.5142955203638575 1 181.0 -2.5142955203638575 1
gene  1 2 14 -3.144394012778565 0 183.0 -3.144394012778565 1
gene  1 3 14 2.430553197767325 0 184.0 2.430553197767325 1
gene  1 5 14 -1.9126686727342954 0 186.0 -1.9126686727342954 1
gene  1 7 14 -1.8746549573714026 0 188.0 -1.8746549573714026 1
gene  1 8 14 5.651968185081846 0 189.0 5.651968185081846 1
gene  1 13 14 -2.67556490884456 0 194.0 -2.67556490884456 1
gene  1 2 13 -4.263562644460979 0 236.0 -4.263562644460979 1
gene  1 8 22 -1.7850466384848978 0 240.0 -1.7850466384848978 0
gene  1 22 14 9.583985491180576 0 241.0 9.583985491180576 1
gene  1 1 22 -4.538570346542755 0 245.0 -4.538570346542755 1
gene  1 13 8 -1.4069031787179724 0 257.0 -1.4069031787179724 1
gene  1 5 22 -1.0395645903974553 0 265.0 -1.0395645903974553 1
gene  1 1 25 -0.07854882034046018 0 279.0 -0.07854882034046018 1
gene  1 25 8 -0.4369626573677128 0 280.0 -0.4369626573677128 1
gene  1 8 29 3.3180466200823613 0 297.0 3.3180466200823613 1
gene  1 29 14 -5.0761403940787115 0 298.0 -5.0761403940787115 1
gene  1 1 14 0.11751443401969852 0 312.0 0.11751443401969852 1
gene  1 2 29 4.39590337787148 0 330.0 4.39590337787148 1
gene  1 5 25 0.6138343173096696 0 343.0 0.6138343173096696 1
gene  1 6 29 1.3794663532273514 0 386.0 1.3794663532273514 1
gene  1 22 29 -4.328368779316465 0 416.0 -4.328368779316465 1
gene  1 4 14 0.25939934478591953 0 424.0 0.25939934478591953 1
gene  1 4 29 2.183125056288002 0 432.0 2.183125056288002 1
gene  1 8 57 -0.207866816510012 0 437.0 -0.207866816510012 1
gene  1 57 14 0.1717653638950789 0 438.0 0.1717653638950789 1
gene  1 3 22 -1.5631778909532528 0 440.0 -1.5631778909532528 1
gene  1 2 25 7.500502394485649 0 455.0 7.500502394485649 1
gene  1 1 65 -0.9954201616168845 0 481.0 -0.9954201616168845 1
gene  1 65 25 -0.34671855430294796 0 482.0 -0.34671855430294796 1
gene  1 8 76 -7.953398818043841 0 525.0 -7.953398818043841 1
gene  1 76 22 1.42816585146073 0 526.0 1.42816585146073 1
genomeend 11
genomestart  12
trait 1 0.0 0.0 0.18016573799761848 0.007880455156273225 3.0347432330657154 0.45322605837968266 0.9983210840752836 0.868067118942248 
node 1 1 1 1
node 2 1 1 1
node 3 1 1 1
node 4 1 1 1
node 5 1 1 1
node 6 1 1 1
node 7 1 1 3
node 8 1 0 0
node 13 1 0 2
node 14 1 0 2
node 22 1 0 0
node 25 1 0 0
node 29 1 0 0
node 57 1 0 0
node 65 1 0 0
node 76 1 0 0
gene  1 1 8 6.259629059497645 0 98.0 6.259629059497645 1
gene  1 3 8 -3.1573284015456204 0 100.0 -3.1573284015456204 1
gene  1 4 8 -2.301036654842954 0 101.0 -2.301036654842954 1
gene  1 5 8 -0.4188935247946229 0 102.0 -0.4188935247946229 1
gene  1 6 8 4.254794688848489 0 103.0 4.254794688848489 1
gene  1 8 8 -0.6104712990049059 1 105.0 -0.6104712990049059 1
gene  1 1 13 1.2304828483469867 0 168.0 1.2304828483469867 1
gene  1 5 13 -1.951315452203018 0 172.0 -1.951315452203018 1
gene  1 13 13 -0.9394320977189844 1 180.0 -0.9394320977189844 1
gene  1 14 13 0.18275220195780217 1 181.0 0.18275220195780217 1
gene  1 2 14 0.28503524918448786 0 183.0 0.28503524918448786 1
gene  1 3 14 0.20488887279142975 0 184.0 0.20488887279142975 1
gene  1 5 14 -0.4685317790071668 0 186.0 -0.4685317790071668 1
gene  1 7 14 -1.076926450278374 0 188.0 -1.076926450278374 1
gene  1 8 14 5.290074276993259 0 189.0 5.290074276993259 1
gene  1 13 14 -0.45068484559166955 0 194.0 -0.45068484559166955 1
gene  1 2 13 -1.785313687200412 0 236.0 -1.785313687200412 1
gene  1 8 22 1.2056669071334145 0 240.0 1.2056669071334145 0
gene  1 22 14 7.1771657072808 0 241.0 7.1771657072808 1
gene  1 1 22 -7.51656963104605 0 245.0 -7.51656963104605 1
gene  1 13 8 -1.7954358442997653 0 257.0 -1.7954358442997653 1
gene  1 5 22 1.1078447731552372 0 265.0 1.1078447731552372 1
gene  1 1 25 -0.9431392707990951 0 279.0 -0.9431392707990951 1
gene  1 25 8 -3.0398044583379678 0 280.0 -3.0398044583379678 1
gene  1 8 29 -0.216907624749198 0 297.0 -0.216907624749198 1
gene  1 29 14 -4.099119879780307 0 298.0 -4.099119879780307 1
gene  1 1 14 1.9138479882668 0 312.0 1.9138479882668 1
gene  1 2 29 4.729372187621575 0 330.0 4.729372187621575 1
gene  1 5 25 0.45427506241801247 0 343.0 0.45427506241801247 1
gene  1 6 29 3.1687963680098257 0 386.0 3.1687963680098257 1
gene  1 22 29 -2.221447568466027 0 416.0 -2.221447568466027 1
gene  1 4 14 -0.22404664079872694 0 424.0 -0.22404664079872694 1
gene  1 4 29 0.4253057623786398 0 432.0 0.4253057623786398 1
gene  1 8 57 1.377511683154439 0 437.0 1.377511683154439 1
gene  1 57 14 2.459973051582317 0 438.0 2.459973051582317 1
gene  1 3 22 -0.7166925172172838 0 440.0 -0.7166925172172838 1
gene  1 2 25 -1.5222993421901876 0 455.0 -1.5222993421901876 1
gene  1 1 65 2.0797722033926203 0 481.0 2.0797722033926203 1
gene  1 65 25 -0.8700681117581305 0 482.0 -0.8700681117581305 1
gene  1 8 76 -5.672172214431904 0 525.0 -5.672172214431904 1
gene  1 76 22 2.0022919232763408 0 526.0 2.0022919232763408 1
genomeend 12
genomestart  13
trait 1 1.9492969961009945 0.0 0.4289699328456915 1.1835456827051778 0.0 0.7294252873384013 0.042201429445747896 0.0 
node 1 1 1 1
node 2 1 1 1
node 3 1 1 1
node 4 1 1 1
node 5 1 1 1
node 6 1 1 1
node 7 1 1 3
node 13 1 0 2
node 14 1 0 2
node 49 1 0 0
node 73 1 0 0
node 81 1 0 0
gene  1 1 13 -0.9186067862702691 0 168.0 -0.9186067862702691 1
gene  1 2 13 2.995210398176857 0 169.0 2.995210398176857 1
gene  1 3 13 7.051192436701077 0 170.0 7.051192436701077 1
gene  1 4 13 2.1030599179999996 0 171.0 2.1030599179999996 1
gene  1 5 13 -3.9586164156256767 0 172.0 -3.9586164156256767 1
gene  1 6 13 -2.3368756593331885 0 173.0 -2.3368756593331885 1
gene  1 7 13 0.14705856461308553 0 174.0 0.14705856461308553 1
gene  1 14 13 -0.10269412417949386 1 181.0 -0.10269412417949386 1
gene  1 1 14 1.4358291907293252 0 182.0 1.4358291907293252 1
gene  1 2 14 1.8508841719714173 0 183.0 1.8508841719714173 1
gene  1 3 14 -2.6911345797726387 0 184.0 -2.6911345797726387 1
gene  1 13 14 0.3391046755885543 0 194.0 0.3391046755885543 1
gene  1 14 14 0.5405023966970837 1 195.0 0.5405023966970837 1
gene  1 7 14 2.0286171522095215 0 273.0 2.0286171522095215 1
gene  1 4 14 0.2561164819478521 0 283.0 0.2561164819478521 1
gene  1 5 14 -4.200211051413241 0 303.0 -4.200211051413241 1
gene  1 6 14 -0.413070076697 0 307.0 -0.413070076697 1
gene  1 3 49 0.5045570594782978 0 389.0 0.5045570594782978 1
gene  1 49 13 3.243876905041991 0 390.0 3.243876905041991 1
gene  1 5 49 2.3483882439078148 0 403.0 2.3483882439078148 1
gene  1 1 49 1.5691553896589818 0 430.0 1.5691553896589818 1
gene  1 7 49 8.008746002850174 0 456.0 8.008746002850174 1
gene  1 4 49 0.9701103315438409 0 495.0 0.9701103315438409 1
gene  1 6 73 -4.978638978296008 0 508.0 -4.978638978296008 1
gene  1 73 13 -0.28902645335043775 0 509.0 -0.28902645335043775 1
gene  1 6 81 -6.080338578216861 0 542.0 -6.080338578216861 1
gene  1 81 73 -2.3474741445146474 0 543.0 -2.3474741445146474 1
genomeend 13
genomestart  14
trait 1 0.04702751910613956 0.5319433208524987 0.8875428902212121 1.1036226464327767 0.10522835245191364 0.39032959932087685 0.0 0.0 
node 1 1 1 1
node 2 1 1 1
node 3 1 1 1
node 4 1 1 1
node 5 1 1 1
node 6 1 1 1
node 7 1 1 3
node 8 1 0 0
node 9 1 0 0
node 13 1 0 2
node 14 1 0 2
node 20 1 0 0
node 56 1 0 0
node 60 1 0 0
node 79 1 0 0
node 84 1 0 0
gene  1 1 8 0.3492754233108397 0 98.0 0.3492754233108397 1
gene  1 2 8 1.5732206350369624 0 99.0 1.5732206350369624 1
gene  1 3 8 -1.8769289999787375 0 100.0 -1.8769289999787375 1
gene  1 6 8 -1.9039141505279449 0 103.0 -1.9039141505279449 1
gene  1 8 8 -2.119233922690545 1 105.0 -2.119233922690545 1
gene  1 9 8 -2.594339842559181 1 106.0 -2.594339842559181 1
gene  1 13 8 -9.082042497439147 1 110.0 -9.082042497439147 1
gene  1 14 8 -1.5098526600316475 1 111.0 -1.5098526600316475 1
gene  1 1 9 -2.268495057141896 0 112.0 -2.268495057141896 1
gene  1 4 9 0.6055122561552055 0 115.0 0.6055122561552055 1
gene  1 5 9 -0.9720115448601712 0 116.0 -0.9720115448601712 1
gene  1 7 9 -5.688005136419506 0 118.0 -5.688005136419506 1
gene  1 9 9 0.3697279504525828 1 120.0 0.3697279504525828 1
gene  1 14 9 -1.1151360405674373 1 125.0 -1.1151360405674373 1
gene  1 2 13 -4.915904858042699 0 169.0 -4.915904858042699 1
gene  1 5 13 -0.299723614818763 0 172.0 -0.299723614818763 1
gene  1 8 13 -2.849333259666537 0 175.0 -2.849333259666537 1
gene  1 1 14 -0.27945477160997245 0 182.0 -0.27945477160997245 1
gene  1 2 14 1.0745266242257583 0 183.0 1.0745266242257583 1
gene  1 3 14 -1.5098578964053244 0 184.0 -1.5098578964053244 1
gene  1 6 14 -4.021210247932503 0 187.0 -4.021210247932503 1
gene  1 13 14 5.7705737165429785 0 194.0 5.7705737165429785 1
gene  1 14 14 5.795260369805786 1 195.0 5.795260369805786 0
gene  1 5 8 1.3190659131863578 0 202.0 1.3190659131863578 1
gene  1 4 13 -3.824107195321259 0 220.0 -3.824107195321259 1
gene  1 1 20 1.5015438580121905 0 231.0 1.5015438580121905 1
gene  1 20 14 5.602596146682868 0 232.0 5.602596146682868 1
gene  1 1 13 -3.352882710735914 0 329.0 -3.352882710735914 1
gene  1 13 20 -4.011683134215084 0 337.0 -4.011683134215084 0
gene  1 4 20 -0.709739912545326 0 339.0 -0.709739912545326 1
gene  1 9 8 -2.900314380799723 0 404.0 -2.900314380799723 1
gene  1 8 14 0.4794247046841188 0 410.0 0.4794247046841188 1
gene  1 5 56 0.8785806959469455 0 434.0 0.8785806959469455 1
gene  1 56 8 -0.7669452409259299 0 435.0 -0.7669452409259299 1
gene  1 2 9 0.4675941030919166 0 448.0 0.4675941030919166 1
gene  1 3 60 0.8862816745737556 0 458.0 0.8862816745737556 1
gene  1 60 8 1.5585473866527 0 459.0 1.5585473866527 1
gene  1 1 60 3.251798830481215 0 479.0 3.251798830481215 1
gene  1 7 56 3.648866546539715 0 520.0 3.648866546539715 1
gene  1 13 79 1.9016218217410576 0 537.0 1.9016218217410576 1
gene  1 79 20 -4.030675330883386 0 538.0 -4.030675330883386 1
gene  1 14 84 1.0 1 551.0 0.0 1
gene  1 84 14 5.795260369805786 0 552.0 0.0 1
genomeend 14
genomestart  15
trait 1 0.04702751910613956 0.5319433208524987 0.8875428902212121 1.1036226464327767 0.10522835245191364 0.39032959932087685 0.0 0.0 
node 1 1 1 1
node 2 1 1 1
node 3 1 1 1
node 4 1 1 1
node 5 1 1 1
node 6 1 1 1
node 7 1 1 3
node 8 1 0 0
node 9 1 0 0
node 13 1 0 2
node 14 1 0 2
node 20 1 0 0
node 56 1 0 0
node 60 1 0 0
node 79 1 0 0
gene  1 1 8 0.2366567410856793 0 98.0 0.2366567410856793 1
gene  1 2 8 2.380727134370249 0 99.0 2.380727134370249 1
gene  1 3 8 0.39675959036764175 0 100.0 0.39675959036764175 1
gene  1 6 8 -3.8217499223175855 0 103.0 -3.8217499223175855 1
gene  1 8 8 -2.579213568735436 1 105.0 -2.579213568735436 1
gene  1 9 8 -2.6012232426183983 1 106.0 -2.6012232426183983 1
gene  1 13 8 -9.0973851652147 1 110.0 -9.0973851652147 1
gene  1 14 8 -3.9618836687630363 1 111.0 -3.9618836687630363 1
gene  1 1 9 -1.5636017789512764 0 112.0 -1.5636017789512764 1
gene  1 4 9 1.9620772515190077 0 115.0 1.9620772515190077 1
gene  1 5 9 0.9739572646139536 0 116.0 0.9739572646139536 1
gene  1 7 9 -7.381391954681491 0 118.0 -7.381391954681491 1
gene  1 9 9 2.7857094609358457 1 120.0 2.7857094609358457 1
gene  1 14 9 -0.30481298999788153 1 125.0 -0.30481298999788153 1
gene  1 2 13 -2.490829140016207 0 169.0 -2.490829140016207 1
gene  1 5 13 1.0822028650237054 0 172.0 1.0822028650237054 1
gene  1 8 13 -2.1113927976471896 0 175.0 -2.1113927976471896 1
gene  1 1 14 -0.5522933319560162 0 182.0 -0.5522933319560162 1
gene  1 2 14 3.5710227875145546 0 183.0 3.5710227875145546 1
gene  1 3 14 -0.8045726342240076 0 184.0 -0.8045726342240076 1
gene  1 6 14 -3.368688783655264 0 187.0 -3.368688783655264 1
gene  1 13 14 3.553875212750944 0 194.0 3.553875212750944 1
gene  1 14 14 6.527657327572019 1 195.0 6.527657327572019 1
gene  1 5 8 0.19196210724933804 0 202.0 0.19196210724933804 1
gene  1 4 13 -6.1538890492228315 0 220.0 -6.1538890492228315 1
gene  1 1 20 0.1708056239202964 0 231.0 0.1708056239202964 1
gene  1 20 14 5.805463600909502 0 232.0 5.805463600909502 1
gene  1 1 13 -1.9460963623056209 0 329.0 -1.9460963623056209 1
gene  1 13 20 -3.2869593090210434 0 337.0 -3.2869593090210434 0
gene  1 4 20 -0.1406326501471532 0 339.0 -0.1406326501471532 1
gene  1 9 8 -4.248125076600257 0 404.0 -4.248125076600257 1
gene  1 8 14 1.6275621207919437 0 410.0 1.6275621207919437 1
gene  1 5 56 3.2783490858083173 0 434.0 3.2783490858083173 1
gene  1 56 8 -0.7669452409259299 0 435.0 -0.7669452409259299 1
gene  1 2 9 0.6132190502193907 0 448.0 0.6132190502193907 1
gene  1 3 60 1.415737417312076 0 458.0 1.415737417312076 1
gene  1 60 8 0.6026584173545674 0 459.0 0.6026584173545674 1
gene  1 1 60 3.251798830481215 0 479.0 3.251798830481215 1
gene  1 7 56 2.348018426638931 0 520.0 2.348018426638931 1
gene  1 13 79 0.6200757575737028 0 537.0 0.6200757575737028 1
gene  1 79 20 -3.6536941605801756 0 538.0 -3.6536941605801756 1
genomeend 15
genomestart  16
trait 1 0.04702751910613956 0.5319433208524987 0.8875428902212121 1.1036226464327767 0.10522835245191364 0.39032959932087685 0.0 0.0 
node 1 1 1 1
node 2 1 1 1
node 3 1 1 1
node 4 1 1 1
node 5 1 1 1
node 6 1 1 1
node 7 1 1 3
node 8 1 0 0
node 9 1 0 0
node 13 1 0 2
node 14 1 0 2
node 20 1 0 0
node 56 1 0 0
node 60 1 0 0
node 79 1 0 0
gene  1 1 8 0.17379197544929254 0 98.0 0.17379197544929254 1
gene  1 2 8 -0.21933844133851754 0 99.0 -0.21933844133851754 1
gene  1 3 8 -1.664099499045909 0 100.0 -1.664099499045909 1
gene  1 6 8 1.7216920969873406 0 103.0 1.7216920969873406 1
gene  1 8 8 -4.17907510239843 1 105.0 -4.17907510239843 1
gene  1 9 8 -2.0875888761693333 1 106.0 -2.0875888761693333 1
gene  1 13 8 -0.5038326595156162 1 110.0 -0.5038326595156162 1
gene  1 14 8 -3.856111867409314 1 111.0 -3.856111867409314 1
gene  1 1 9 -0.6617740713586767 0 112.0 -0.6617740713586767 1
gene  1 4 9 -2.3907834075855097 0 115.0 -2.3907834075855097 1
gene  1 5 9 1.3552082098589782 0 116.0 1.3552082098589782 1
gene  1 7 9 2.272520653283729 0 118.0 2.272520653283729 1
gene  1 9 9 1.0628543593798285 1 120.0 1.0628543593798285 1
gene  1 14 9 -3.3317663630940118 1 125.0 -3.3317663630940118 1
gene  1 2 13 -4.915904858042699 0 169.0 -4.915904858042699 1
gene  1 5 13 0.499771871660877 0 172.0 0.499771871660877 1
gene  1 8 13 -1.3692991464628048 0 175.0 -1.3692991464628048 1
gene  1 1 14 -1.4227280789054808 0 182.0 -1.4227280789054808 1
gene  1 2 14 2.0702555237734312 0 183.0 2.0702555237734312 1
gene  1 3 14 -3.9910340433081024 0 184.0 -3.9910340433081024 1
gene  1 6 14 -4.927902271920077 0 187.0 -4.927902271920077 1
gene  1 13 14 8.167522765522548 0 194.0 8.167522765522548 1
gene  1 14 14 5.841499620547496 1 195.0 5.841499620547496 1
gene  1 5 8 2.967288354699807 0 202.0 2.967288354699807 1
gene  1 4 13 -5.623063041634067 0 220.0 -5.623063041634067 1
gene  1 1 20 1.5015438580121905 0 231.0 1.5015438580121905 1
gene  1 20 14 7.509471571909183 0 232.0 7.509471571909183 1
gene  1 1 13 -2.58944006033594 0 329.0 -2.58944006033594 1
gene  1 13 20 -4.011683134215084 0 337.0 -4.011683134215084 0
gene  1 4 20 0.8992222189725322 0 339.0 0.8992222189725322 1
gene  1 9 8 -1.8678973490595097 0 404.0 -1.8678973490595097 1
gene  1 8 14 0.4794247046841188 0 410.0 0.4794247046841188 1
gene  1 5 56 -0.9808521289736163 0 434.0 -0.9808521289736163 1
gene  1 56 8 -2.043952243637715 0 435.0 -2.043952243637715 1
gene  1 2 9 -1.2335529241160346 0 448.0 -1.2335529241160346 1
gene  1 3 60 -0.4676305820748536 0 458.0 -0.4676305820748536 1
gene  1 60 8 3.2857075677536116 0 459.0 3.2857075677536116 1
gene  1 1 60 3.886438723705895 0 479.0 3.886438723705895 1
gene  1 7 56 2.2134850071953567 0 520.0 2.2134850071953567 1
gene  1 13 79 0.8227607989135501 0 537.0 0.8227607989135501 1
gene  1 79 20 -5.808120944874563 0 538.0 -5.808120944874563 1
genomeend 16
genomestart  17
trait 1 0.0037215894548314754 0.43052083530272245 1.9936559394220597 0.0 0.9774676473893938 0.5916859962196944 0.0 0.0 
node 1 1 1 1
node 2 1 1 1
node 3 1 1 1
node 4 1 1 1
node 5 1 1 1
node 6 1 1 1
node 7 1 1 3
node 13 1 0 2
node 14 1 0 2
node 45 1 0 0
node 71 1 0 0
gene  1 1 13 0.858277588386501 0 168.0 0.858277588386501 1
gene  1 2 13 2.3206038376541565 0 169.0 2.3206038376541565 1
gene  1 5 13 -3.64914258988063 0 172.0 -3.64914258988063 1
gene  1 6 13 -3.055398976836776 0 173.0 -3.055398976836776 1
gene  1 7 13 0.9824487644911948 0 174.0 0.9824487644911948 1
gene  1 3 14 0.646557530066656 0 184.0 0.646557530066656 1
gene  1 4 14 2.769812893179984 0 185.0 2.769812893179984 1
gene  1 7 14 1.2976610663945172 0 188.0 1.2976610663945172 1
gene  1 13 14 0.1144746597844365 0 194.0 0.1144746597844365 1
gene  1 14 14 0.6068141633585453 1 195.0 0.6068141633585453 1
gene  1 4 13 3.643879372417551 0 235.0 3.643879372417551 1
gene  1 1 14 -1.9947980494460265 0 242.0 -1.9947980494460265 1
gene  1 5 14 2.003286540014935 0 319.0 2.003286540014935 1
gene  1 1 45 3.1924628681927083 0 370.0 3.1924628681927083 1
gene  1 45 13 1.740275404223298 0 371.0 1.740275404223298 1
gene  1 4 45 1.452726805940974 0 497.0 1.452726805940974 1
gene  1 6 71 -0.7400966900307744 0 502.0 -0.7400966900307744 1
gene  1 71 13 -5.225103977888546 0 503.0 -5.225103977888546 1
gene  1 45 71 8.230355056352973 0 534.0 8.230355056352973 1
gene  1 3 13 -2.0039641800187225 0 535.0 -2.0039641800187225 1
genomeend 17
genomestart  18
trait 1 0.0 0.13288052470053657 2.0400788442298796 0.0 0.9774676473893938 0.5916859962196944 0.0 0.0 
node 1 1 1 1
node 2 1 1 1
node 3 1 1 1
node 4 1 1 1
node 5 1 1 1
node 6 1 1 1
node 7 1 1 3
node 13 1 0 2
node 14 1 0 2
node 45 1 0 0
node 71 1 0 0
gene  1 1 13 3.317168362736786 0 168.0 3.317168362736786 1
gene  1 2 13 0.5646886864896146 0 169.0 0.5646886864896146 1
gene  1 5 13 -2.0393309515865914 0 172.0 -2.0393309515865914 1
gene  1 6 13 -3.8294222323152787 0 173.0 -3.8294222323152787 1
gene  1 7 13 1.0014711084471162 0 174.0 1.0014711084471162 1
gene  1 3 14 -0.05187128555921405 0 184.0 -0.05187128555921405 1
gene  1 4 14 2.6739903546241006 0 185.0 2.6739903546241006 1
gene  1 7 14 3.6063512100457626 0 188.0 3.6063512100457626 1
gene  1 13 14 0.7695667854049001 0 194.0 0.7695667854049001 1
gene  1 14 14 1.305140359601396 1 195.0 1.305140359601396 1
gene  1 4 13 5.601219763342238 0 235.0 5.601219763342238 1
gene  1 1 14 -3.786891776695665 0 242.0 -3.786891776695665 1
gene  1 5 14 4.26591009875299 0 319.0 4.26591009875299 1
gene  1 1 45 1.1503835667361137 0 370.0 1.1503835667361137 1
gene  1 45 13 1.03000777264857 0 371.0 1.03000777264857 1
gene  1 4 45 -1.0036795549449422 0 497.0 -1.0036795549449422 1
gene  1 6 71 0.47939362721118495 0 502.0 0.47939362721118495 1
gene  1 71 13 -2.8102243940829696 0 503.0 -2.8102243940829696 1
gene  1 45 71 6.361767719709274 0 534.0 6.361767719709274 1
gene  1 3 13 -2.0039641800187225 0 535.0 -2.0039641800187225 1
genomeend 18
genomestart  19
trait 1 0.0 0.13288052470053657 2.0400788442298796 0.0 0.9774676473893938 0.5916859962196944 0.0 0.0 
node 1 1 1 1
node 2 1 1 1
node 3 1 1 1
node 4 1 1 1
node 5 1 1 1
node 6 1 1 1
node 7 1 1 3
node 13 1 0 2
node 14 1 0 2
node 45 1 0 0
node 71 1 0 0
gene  1 1 13 0.858277588386501 0 168.0 0.858277588386501 1
gene  1 2 13 2.269849963075027 0 169.0 2.269849963075027 1
gene  1 5 13 -5.168606950583195 0 172.0 -5.168606950583195 1
gene  1 6 13 -4.500901386371396 0 173.0 -4.500901386371396 1
gene  1 7 13 0.9824487644911948 0 174.0 0.9824487644911948 1
gene  1 3 14 0.5815599303555902 0 184.0 0.5815599303555902 1
gene  1 4 14 4.575325799948862 0 185.0 4.575325799948862 1
gene  1 7 14 -1.1522347543882412 0 188.0 -1.1522347543882412 1
gene  1 13 14 1.912689622317758 0 194.0 1.912689622317758 1
gene  1 14 14 0.6068141633585453 1 195.0 0.6068141633585453 1
gene  1 4 13 3.63936579200727 0 235.0 3.63936579200727 1
gene  1 1 14 0.01928457740083378 0 242.0 0.01928457740083378 1
gene  1 5 14 4.3235406379918615 0 319.0 4.3235406379918615 1
gene  1 1 45 -1.7114903743035772 0 370.0 -1.7114903743035772 1
gene  1 45 13 0.6385218188501462 0 371.0 0.6385218188501462 1
gene  1 4 45 0.13474839160165542 0 497.0 0.13474839160165542 1
gene  1 6 71 -1.027493990842152 0 502.0 -1.027493990842152 1
gene  1 71 13 -3.9298320032825194 0 503.0 -3.9298320032825194 1
gene  1 45 71 8.531309589355947 0 534.0 8.531309589355947 1
gene  1 3 13 0.7658778075586292 0 535.0 0.7658778075586292 1
genomeend 19
