genomestart  0
trait 1 0.26937214532678067 0.0 1.896310652799719 1.0664206773141058 1.8651080668398228 0.9057529697611906 1.2186392275033897 1.6429921308966946 
node 1 1 1 1
node 2 1 1 1
node 3 1 1 1
node 4 1 1 1
node 5 1 1 1
node 6 1 1 1
node 7 1 1 3
node 13 1 0 2
node 14 1 0 2
node 21 1 0 0
node 24 1 0 0
node 34 1 0 0
node 67 1 0 0
node 72 1 0 0
node 78 1 0 0
gene  1 1 13 0.7430822378709556 0 168.0 0.7430822378709556 1
gene  1 4 13 -0.12959185779407023 0 171.0 -0.12959185779407023 1
gene  1 5 13 4.2169028377963995 0 172.0 4.2169028377963995 1
gene  1 7 13 2.1692497454492985 0 174.0 2.1692497454492985 1
gene  1 13 13 -2.2865635106218627 1 180.0 -2.2865635106218627 1
gene  1 2 14 -2.265660019803446 0 183.0 -2.265660019803446 1
gene  1 3 14 4.141800886904573 0 184.0 4.141800886904573 1
gene  1 6 14 -2.70746073991754 0 187.0 -2.70746073991754 1
gene  1 13 14 -2.524707889556563 0 194.0 -2.524707889556563 1
gene  1 14 14 -3.033128474686168 1 195.0 -3.033128474686168 1
gene  1 6 13 3.112201934883694 0 205.0 3.112201934883694 1
gene  1 5 14 -1.8643251368928957 0 223.0 -1.8643251368928957 1
gene  1 3 13 6.76913961303878 0 229.0 6.76913961303878 1
gene  1 2 13 -1.6804899045097177 0 233.0 -1.6804899045097177 1
gene  1 1 21 14.452314696798624 0 238.0 14.452314696798624 1
gene  1 21 13 0.9518681186748355 0 239.0 0.9518681186748355 1
gene  1 5 21 -1.7991082427305964 0 253.0 -1.7991082427305964 1
gene  1 3 21 2.775174835017764 0 270.0 2.775174835017764 1
gene  1 1 24 -2.0670390784377988 0 275.0 -2.0670390784377988 1
gene  1 24 13 6.860547436652274 0 276.0 6.860547436652274 1
gene  1 3 34 7.9361446363940225 0 315.0 7.9361446363940225 1
gene  1 34 14 1.596858845020375 0 316.0 1.596858845020375 0
gene  1 3 24 5.687891283491791 0 324.0 5.687891283491791 1
gene  1 2 21 -0.32611306040541677 0 350.0 -0.32611306040541677 1
gene  1 34 13 -1.9167836024965712 0 355.0 -1.9167836024965712 1
gene  1 1 34 -2.8985530047414176 0 361.0 -2.8985530047414176 1
gene  1 7 14 0.7174023265777141 0 388.0 0.7174023265777141 1
gene  1 24 14 1.3121824021400885 0 468.0 1.3121824021400885 1
gene  1 34 67 4.9840193321443005 0 491.0 4.9840193321443005 1
gene  1 67 14 2.6236338654302336 0 492.0 2.6236338654302336 1
gene  1 1 72 0.865257700084332 0 505.0 0.865257700084332 1
gene  1 72 13 4.585527728848463 0 506.0 4.585527728848463 1
gene  1 1 78 -2.3440396242913772 0 530.0 -2.3440396242913772 1
gene  1 78 72 -1.1915325419860248 0 531.0 -1.1915325419860248 1
gene  1 5 72 -1.0818458052027409 0 565.0 -1.0818458052027409 1
gene  1 78 14 -4.335897991832757 0 577.0 -4.335897991832757 1
genomeend 0
genomestart  1
trait 1 0.26937214532678067 0.0 1.896310652799719 1.0664206773141058 1.8651080668398228 0.9057529697611906 1.2186392275033897 1.6429921308966946 
node 1 1 1 1
node 2 1 1 1
node 3 1 1 1
node 4 1 1 1
node 5 1 1 1
node 6 1 1 1
node 7 1 1 3
node 13 1 0 2
node 14 1 0 2
node 21 1 0 0
node 24 1 0 0
node 34 1 0 0
node 67 1 0 0
node 72 1 0 0
node 78 1 0 0
gene  1 1 13 -0.9487059669328107 0 168.0 -0.9487059669328107 0
gene  1 4 13 -2.942719659179385 0 171.0 -2.942719659179385 1
gene  1 5 13 2.0789024988738634 0 172.0 2.0789024988738634 1
gene  1 7 13 2.5621325485240023 0 174.0 2.5621325485240023 1
gene  1 13 13 0.15097641235504544 1 180.0 0.15097641235504544 1
gene  1 2 14 1.8467888719284977 0 183.0 1.8467888719284977 1
gene  1 3 14 3.0133649619393768 0 184.0 3.0133649619393768 1
gene  1 6 14 -0.306578390440277 0 187.0 -0.306578390440277 1
gene  1 13 14 2.083974850622039 0 194.0 2.083974850622039 1
gene  1 14 14 -0.6960591956740836 1 195.0 -0.6960591956740836 1
gene  1 6 13 3.5645966233133013 0 205.0 3.5645966233133013 1
gene  1 5 14 -1.2148460808229486 0 223.0 -1.2148460808229486 1
gene  1 3 13 7.3529593982357735 0 229.0 7.3529593982357735 1
gene  1 2 13 -1.362725962604595 0 233.0 -1.362725962604595 1
gene  1 1 21 12.704554004909022 0 238.0 12.704554004909022 1
gene  1 21 13 0.7212922093736616 0 239.0 0.7212922093736616 1
gene  1 5 21 -3.501294028845308 0 253.0 -3.501294028845308 1
gene  1 3 21 0.7209983705875206 0 270.0 0.7209983705875206 1
gene  1 1 24 -0.9102436559820598 0 275.0 -0.9102436559820598 1
gene  1 24 13 0.7432011113121073 0 276.0 0.7432011113121073 1
gene  1 3 34 8.177834637014584 0 315.0 8.177834637014584 1
gene  1 34 14 -1.0295854074349977 0 316.0 -1.0295854074349977 0
gene  1 3 24 4.160804238356642 0 324.0 4.160804238356642 1
gene  1 2 21 -1.414845344420114 0 350.0 -1.414845344420114 1
gene  1 34 13 -3.31523346223807 0 355.0 -3.31523346223807 1
gene  1 1 34 -4.514732471740256 0 361.0 -4.514732471740256 1
gene  1 7 14 -0.4746026663556584 0 388.0 -0.4746026663556584 1
gene  1 24 14 2.6865312786685123 0 468.0 2.6865312786685123 1
gene  1 34 67 2.0286642419673226 0 491.0 2.0286642419673226 1
gene  1 67 14 0.6347507513514348 0 492.0 0.6347507513514348 1
gene  1 1 72 1.853869477432373 0 505.0 1.853869477432373 1
gene  1 72 13 2.0909396011470753 0 506.0 2.0909396011470753 1
gene  1 1 78 3.6054536501558863 0 530.0 3.6054536501558863 1
gene  1 78 72 1.2882479235864246 0 531.0 1.2882479235864246 1
gene  1 5 72 -0.7128286328298055 0 565.0 -0.7128286328298055 1
gene  1 78 14 1.6078962651061868 0 577.0 1.6078962651061868 1
genomeend 1
genomestart  2
trait 1 0.26937214532678067 0.0 1.896310652799719 1.0664206773141058 1.8651080668398228 0.9057529697611906 1.2186392275033897 1.6429921308966946 
node 1 1 1 1
node 2 1 1 1
node 3 1 1 1
node 4 1 1 1
node 5 1 1 1
node 6 1 1 1
node 7 1 1 3
node 13 1 0 2
node 14 1 0 2
node 21 1 0 0
node 24 1 0 0
node 34 1 0 0
node 67 1 0 0
node 72 1 0 0
node 78 1 0 0
gene  1 1 13 3.400570967184055 0 168.0 3.400570967184055 0
gene  1 4 13 -3.1132051509619427 0 171.0 -3.1132051509619427 1
gene  1 5 13 4.164017114535779 0 172.0 4.164017114535779 1
gene  1 7 13 1.0013953309041637 0 174.0 1.0013953309041637 1
gene  1 13 13 -2.7266321700390446 1 180.0 -2.7266321700390446 1
gene  1 2 14 -3.9684543412600957 0 183.0 -3.9684543412600957 1
gene  1 3 14 1.3105670003967955 0 184.0 1.3105670003967955 1
gene  1 6 14 -1.8826013331008415 0 187.0 -1.8826013331008415 1
gene  1 13 14 0.27727612367922516 0 194.0 0.27727612367922516 1
gene  1 14 14 1.4324223707015376 1 195.0 1.4324223707015376 1
gene  1 6 13 1.6101047907542039 0 205.0 1.6101047907542039 1
gene  1 5 14 -0.5348387760238584 0 223.0 -0.5348387760238584 1
gene  1 3 13 7.906666534299902 0 229.0 7.906666534299902 1
gene  1 2 13 -1.6732231131498523 0 233.0 -1.6732231131498523 1
gene  1 1 21 13.75589505729138 0 238.0 13.75589505729138 1
gene  1 21 13 3.330518162526162 0 239.0 3.330518162526162 1
gene  1 5 21 -1.6255493972694184 0 253.0 -1.6255493972694184 1
gene  1 3 21 2.383500631934156 0 270.0 2.383500631934156 1
gene  1 1 24 -2.005167042236714 0 275.0 -2.005167042236714 1
gene  1 24 13 3.2066356321642546 0 276.0 3.2066356321642546 1
gene  1 3 34 7.730825524489242 0 315.0 7.730825524489242 1
gene  1 34 14 0.37408388815004057 0 316.0 0.37408388815004057 0
gene  1 3 24 4.218554171842884 0 324.0 4.218554171842884 1
gene  1 2 21 1.341488525015914 0 350.0 1.341488525015914 1
gene  1 34 13 -1.1526393809266355 0 355.0 -1.1526393809266355 1
gene  1 1 34 -1.8233355005173086 0 361.0 -1.8233355005173086 1
gene  1 7 14 1.9405849158217316 0 388.0 1.9405849158217316 1
gene  1 24 14 4.633154669703943 0 468.0 4.633154669703943 1
gene  1 34 67 7.032687677457995 0 491.0 7.032687677457995 1
gene  1 67 14 0.3832418922204847 0 492.0 0.3832418922204847 1
gene  1 1 72 0.865257700084332 0 505.0 0.865257700084332 1
gene  1 72 13 1.1550039634142677 0 506.0 1.1550039634142677 1
gene  1 1 78 -0.43191562905006253 0 530.0 -0.43191562905006253 1
gene  1 78 72 -1.1915325419860248 0 531.0 -1.1915325419860248 1
gene  1 5 72 -0.23346173432567363 0 565.0 -0.23346173432567363 1
gene  1 78 14 -1.2131047090485843 0 577.0 -1.2131047090485843 1
genomeend 2
genomestart  3
trait 1 1.4256522994671585 1.6350426995209824 0.747276035170299 2.969549466943627 0.71872319980739 0.4404084300883778 0.7201715107197918 0.2837832966800675 
node 1 1 1 1
node 2 1 1 1
node 3 1 1 1
node 4 1 1 1
node 5 1 1 1
node 6 1 1 1
node 7 1 1 3
node 8 1 0 0
node 13 1 0 2
node 14 1 0 2
node 39 1 0 0
node 42 1 0 0
node 51 1 0 0
node 68 1 0 0
node 77 1 0 0
gene  1 1 8 -0.8642265315349509 0 98.0 -0.8642265315349509 1
gene  1 2 8 0.9493535399147508 0 99.0 0.9493535399147508 1
gene  1 3 8 -3.1311326281696723 0 100.0 -3.1311326281696723 1
gene  1 4 8 1.551702907301122 0 101.0 1.551702907301122 1
gene  1 5 8 -0.8242765175490475 0 102.0 -0.8242765175490475 1
gene  1 6 8 -1.8387078446600715 0 103.0 -1.8387078446600715 1
gene  1 8 8 -1.0039596613970379 1 105.0 -1.0039596613970379 1
gene  1 13 8 -0.34886668201165183 1 110.0 -0.34886668201165183 1
gene  1 14 8 3.1471237735554247 1 111.0 3.1471237735554247 1
gene  1 3 13 -1.2699647530158171 0 170.0 -1.2699647530158171 1
gene  1 5 13 -1.0899975396638577 0 172.0 -1.0899975396638577 1
gene  1 7 13 2.3143102648487877 0 174.0 2.3143102648487877 1
gene  1 13 13 5.483609391948066 1 180.0 5.483609391948066 1
gene  1 2 14 2.469844469642227 0 183.0 2.469844469642227 1
gene  1 4 14 -4.05033805538792 0 185.0 -4.05033805538792 1
gene  1 6 14 1.6883208915498105 0 187.0 1.6883208915498105 1
gene  1 8 14 -1.6245960255651093 0 189.0 -1.6245960255651093 1
gene  1 13 14 5.707481622820973 0 194.0 5.707481622820973 1
gene  1 2 13 -1.828905380929882 0 213.0 -1.828905380929882 1
gene  1 4 13 4.0017622174095235 0 230.0 4.0017622174095235 1
gene  1 13 8 0.1619220446506202 0 244.0 0.1619220446506202 1
gene  1 7 14 2.5199989656420567 0 264.0 2.5199989656420567 1
gene  1 1 14 0.6411807222571725 0 299.0 0.6411807222571725 1
gene  1 5 14 -10.022373107714003 0 310.0 -10.022373107714003 1
gene  1 1 13 -2.225841271859486 0 311.0 -2.225841271859486 1
gene  1 13 39 -5.910060598643913 0 344.0 -5.910060598643913 1
gene  1 39 8 -1.0821535227663097 0 345.0 -1.0821535227663097 1
gene  1 6 13 0.43739942620028033 0 348.0 0.43739942620028033 1
gene  1 2 42 -0.9374203893789281 0 359.0 -0.9374203893789281 1
gene  1 42 14 -4.232900839859482 0 360.0 -4.232900839859482 1
gene  1 13 42 0.8128931612420462 0 366.0 0.8128931612420462 1
gene  1 5 51 -2.6292461594441687 0 396.0 -2.6292461594441687 1
gene  1 51 14 7.044508019331957 0 397.0 7.044508019331957 1
gene  1 6 42 0.6778842655992614 0 423.0 0.6778842655992614 1
gene  1 39 42 -0.12736240199546223 0 426.0 -0.12736240199546223 1
gene  1 51 13 1.1967750036756604 0 475.0 1.1967750036756604 1
gene  1 39 14 -3.9673556963883083 0 476.0 -3.9673556963883083 1
gene  1 5 39 -5.534650896045264 0 485.0 -5.534650896045264 1
gene  1 5 68 -1.0621864323896892 0 493.0 -1.0621864323896892 1
gene  1 68 39 -3.5180822829756413 0 494.0 -3.5180822829756413 1
gene  1 4 51 -0.16501642278272088 0 514.0 -0.16501642278272088 1
gene  1 39 77 1.3283037638505226 0 528.0 1.3283037638505226 1
gene  1 77 8 4.555532752009081 0 529.0 4.555532752009081 1
genomeend 3
genomestart  4
trait 1 1.4256522994671585 1.6350426995209824 0.747276035170299 2.969549466943627 0.71872319980739 0.4404084300883778 0.7201715107197918 0.2837832966800675 
node 1 1 1 1
node 2 1 1 1
node 3 1 1 1
node 4 1 1 1
node 5 1 1 1
node 6 1 1 1
node 7 1 1 3
node 8 1 0 0
node 13 1 0 2
node 14 1 0 2
node 39 1 0 0
node 42 1 0 0
node 51 1 0 0
node 68 1 0 0
node 77 1 0 0
gene  1 1 8 0.7153150710092797 0 98.0 0.7153150710092797 1
gene  1 2 8 -1.0428019666537167 0 99.0 -1.0428019666537167 1
gene  1 3 8 -0.689792633489652 0 100.0 -0.689792633489652 1
gene  1 4 8 2.1368467918207164 0 101.0 2.1368467918207164 1
gene  1 5 8 0.25073254267229084 0 102.0 0.25073254267229084 1
gene  1 6 8 -0.8344161275681173 0 103.0 -0.8344161275681173 1
gene  1 8 8 4.274512427722029 1 105.0 4.274512427722029 1
gene  1 13 8 0.6326866413965182 1 110.0 0.6326866413965182 1
gene  1 14 8 3.3111010306650397 1 111.0 3.3111010306650397 1
gene  1 3 13 -2.2794535485253644 0 170.0 -2.2794535485253644 1
gene  1 5 13 -0.5153980832601679 0 172.0 -0.5153980832601679 1
gene  1 7 13 1.7861455606278498 0 174.0 1.7861455606278498 1
gene  1 13 13 4.777361685962201 1 180.0 4.777361685962201 1
gene  1 2 14 1.2926051702992503 0 183.0 1.2926051702992503 1
gene  1 4 14 -5.878651267532209 0 185.0 -5.878651267532209 1
gene  1 6 14 0.6131713524236257 0 187.0 0.6131713524236257 1
gene  1 8 14 -0.2612184357511438 0 189.0 -0.2612184357511438 1
gene  1 13 14 5.503675972181184 0 194.0 5.503675972181184 1
gene  1 2 13 -3.223192018337361 0 213.0 -3.223192018337361 1
gene  1 4 13 3.655026830559346 0 230.0 3.655026830559346 1
gene  1 13 8 -1.8415232773674157 0 244.0 -1.8415232773674157 1
gene  1 7 14 -0.8889420114145117 0 264.0 -0.8889420114145117 1
gene  1 1 14 0.9955464224526717 0 299.0 0.9955464224526717 1
gene  1 5 14 -6.960974015302695 0 310.0 -6.960974015302695 1
gene  1 1 13 -6.010652312744641 0 311.0 -6.010652312744641 1
gene  1 13 39 -4.748060469776208 0 344.0 -4.748060469776208 1
gene  1 39 8 -4.667268638965292 0 345.0 -4.667268638965292 1
gene  1 6 13 -0.5611362441811654 0 348.0 -0.5611362441811654 1
gene  1 2 42 0.742824289515637 0 359.0 0.742824289515637 1
gene  1 42 14 -4.232900839859482 0 360.0 -4.232900839859482 1
gene  1 13 42 -4.496054613748587 0 366.0 -4.496054613748587 1
gene  1 5 51 -1.9288284687449457 0 396.0 -1.9288284687449457 1
gene  1 51 14 7.9110502371208975 0 397.0 7.9110502371208975 1
gene  1 6 42 2.2691949454248617 0 423.0 2.2691949454248617 1
gene  1 39 42 1.7598606109941306 0 426.0 1.7598606109941306 1
gene  1 51 13 0.11394593453352336 0 475.0 0.11394593453352336 1
gene  1 39 14 -4.59958890980233 0 476.0 -4.59958890980233 1
gene  1 5 39 -0.5882357472945859 0 485.0 -0.5882357472945859 1
gene  1 5 68 -1.9437864015952635 0 493.0 -1.9437864015952635 1
gene  1 68 39 -1.8436086238898088 0 494.0 -1.8436086238898088 1
gene  1 4 51 1.6261531164002585 0 514.0 1.6261531164002585 1
gene  1 39 77 4.164280414537481 0 528.0 4.164280414537481 1
gene  1 77 8 3.4040084367976755 0 529.0 3.4040084367976755 1
genomeend 4
genomestart  5
trait 1 1.4256522994671585 1.6350426995209824 0.747276035170299 2.969549466943627 0.71872319980739 0.4404084300883778 0.7201715107197918 0.2837832966800675 
node 1 1 1 1
node 2 1 1 1
node 3 1 1 1
node 4 1 1 1
node 5 1 1 1
node 6 1 1 1
node 7 1 1 3
node 8 1 0 0
node 13 1 0 2
node 14 1 0 2
node 39 1 0 0
node 42 1 0 0
node 51 1 0 0
node 68 1 0 0
node 77 1 0 0
gene  1 1 8 0.0801536655026509 0 98.0 0.0801536655026509 1
gene  1 2 8 -3.047512266438355 0 99.0 -3.047512266438355 1
gene  1 3 8 -4.55729242680928 0 100.0 -4.55729242680928 1
gene  1 4 8 1.3059477517345282 0 101.0 1.3059477517345282 1
gene  1 5 8 1.8641376368531168 0 102.0 1.8641376368531168 1
gene  1 6 8 0.15969127020146967 0 103.0 0.15969127020146967 1
gene  1 8 8 3.519944109894923 1 105.0 3.519944109894923 1
gene  1 13 8 0.3621356928695687 1 110.0 0.3621356928695687 1
gene  1 14 8 1.0157929294318273 1 111.0 1.0157929294318273 1
gene  1 3 13 -2.3342735708108453 0 170.0 -2.3342735708108453 1
gene  1 5 13 -0.1294890326758733 0 172.0 -0.1294890326758733 1
gene  1 7 13 1.2663855101132981 0 174.0 1.2663855101132981 1
gene  1 13 13 7.018666822572216 1 180.0 7.018666822572216 1
gene  1 2 14 0.9082396488563604 0 183.0 0.9082396488563604 1
gene  1 4 14 -6.050062239662979 0 185.0 -6.050062239662979 1
gene  1 6 14 3.5835461325381344 0 187.0 3.5835461325381344 1
gene  1 8 14 4.163011553139347 0 189.0 4.163011553139347 1
gene  1 13 14 5.105562489589717 0 194.0 5.105562489589717 1
gene  1 2 13 -1.8464068380128447 0 213.0 -1.8464068380128447 1
gene  1 4 13 6.798695312188979 0 230.0 6.798695312188979 1
gene  1 13 8 -1.3535731116389356 0 244.0 -1.3535731116389356 1
gene  1 7 14 -0.6394872564010358 0 264.0 -0.6394872564010358 1
gene  1 1 14 2.252209408492423 0 299.0 2.252209408492423 1
gene  1 5 14 -5.233902411459962 0 310.0 -5.233902411459962 1
gene  1 1 13 -8.803166230332987 0 311.0 -8.803166230332987 1
gene  1 13 39 -2.9770098342526126 0 344.0 -2.9770098342526126 1
gene  1 39 8 -4.390424562794126 0 345.0 -4.390424562794126 1
gene  1 6 13 -0.44452720766486276 0 348.0 -0.44452720766486276 1
gene  1 2 42 -0.5997038508211476 0 359.0 -0.5997038508211476 1
gene  1 42 14 -5.561166015804846 0 360.0 -5.561166015804846 1
gene  1 13 42 -6.27638878279488 0 366.0 -6.27638878279488 1
gene  1 5 51 -1.0485616108432745 0 396.0 -1.0485616108432745 1
gene  1 51 14 5.530061927300933 0 397.0 5.530061927300933 1
gene  1 6 42 2.6132667874510456 0 423.0 2.6132667874510456 1
gene  1 39 42 -0.4967035994509734 0 426.0 -0.4967035994509734 1
gene  1 51 13 -1.9830804142698644 0 475.0 -1.9830804142698644 1
gene  1 39 14 -2.9999371313514698 0 476.0 -2.9999371313514698 1
gene  1 5 39 -3.5716088239953887 0 485.0 -3.5716088239953887 1
gene  1 5 68 0.1451038492024162 0 493.0 0.1451038492024162 1
gene  1 68 39 -3.617808936805241 0 494.0 -3.617808936805241 1
gene  1 4 51 4.026861311709247 0 514.0 4.026861311709247 1
gene  1 39 77 4.243603740336803 0 528.0 4.243603740336803 1
gene  1 77 8 3.9280623379901334 0 529.0 3.9280623379901334 1
genomeend 5
genomestart  6
trait 1 2.732431393943948 0.0 0.0 0.798512545900133 0.9382603138953756 0.0 1.9280392103089152 0.8152719799274877 
node 1 1 1 1
node 2 1 1 1
node 3 1 1 1
node 4 1 1 1
node 5 1 1 1
node 6 1 1 1
node 7 1 1 3
node 8 1 0 0
node 9 1 0 0
node 10 1 0 0
node 13 1 0 2
node 14 1 0 2
node 28 1 0 0
node 41 1 0 0
node 43 1 0 0
node 47 1 0 0
node 62 1 0 0
gene  1 1 8 -17.446389184538738 0 98.0 -17.446389184538738 1
gene  1 3 8 1.7564458975320278 0 100.0 1.7564458975320278 1
gene  1 5 8 -2.268124907775039 0 102.0 -2.268124907775039 1
gene  1 6 8 -0.4170506828174716 0 103.0 -0.4170506828174716 1
gene  1 8 8 0.32511959589644657 1 105.0 0.32511959589644657 1
gene  1 1 9 1.5070727379344988 0 112.0 1.5070727379344988 1
gene  1 2 9 1.197275259004131 0 113.0 1.197275259004131 1
gene  1 3 9 8.64076172557133 0 114.0 8.64076172557133 1
gene  1 5 9 0.2966766189395359 0 116.0 0.2966766189395359 1
gene  1 7 9 -2.5939834788894545 0 118.0 -2.5939834788894545 1
gene  1 9 9 2.01791800645017 1 120.0 2.01791800645017 1
gene  1 10 9 -1.296515753229818 1 121.0 -1.296515753229818 1
gene  1 13 9 8.689909930454387 1 124.0 8.689909930454387 1
gene  1 2 10 -2.5635614243818083 0 127.0 -2.5635614243818083 1
gene  1 4 10 -0.9428715387142765 0 129.0 -0.9428715387142765 1
gene  1 5 10 -0.9114826585766189 0 130.0 -0.9114826585766189 1
gene  1 8 10 -0.10665825377949412 0 133.0 -0.10665825377949412 1
gene  1 9 10 4.029395801440803 0 134.0 4.029395801440803 1
gene  1 10 10 -2.459166355562543 1 135.0 -2.459166355562543 1
gene  1 13 10 -5.881339351289313 1 138.0 -5.881339351289313 1
gene  1 14 10 -3.8111087010164786 1 139.0 -3.8111087010164786 1
gene  1 2 13 4.3756168003135505 0 169.0 4.3756168003135505 1
gene  1 3 13 2.6009693839246726 0 170.0 2.6009693839246726 1
gene  1 6 13 -2.8254491267760535 0 173.0 -2.8254491267760535 1
gene  1 7 13 2.2527974954185863 0 174.0 2.2527974954185863 1
gene  1 9 13 -1.6922490695339953 0 176.0 -1.6922490695339953 1
gene  1 13 13 4.96675829858348 1 180.0 4.96675829858348 1
gene  1 14 13 4.227636590087366 1 181.0 4.227636590087366 1
gene  1 1 14 -1.1772839008135385 0 182.0 -1.1772839008135385 1
gene  1 3 14 1.8529975508313163 0 184.0 1.8529975508313163 1
gene  1 9 14 3.143682072365455 0 190.0 3.143682072365455 1
gene  1 10 14 -0.9740581385455571 0 191.0 -0.9740581385455571 1
gene  1 8 13 -2.1129149089629893 0 207.0 -2.1129149089629893 1
gene  1 1 10 1.3123412027685466 0 226.0 1.3123412027685466 1
gene  1 6 14 -2.5086866781875945 0 234.0 -2.5086866781875945 1
gene  1 8 28 0.5822484581558068 1 293.0 0.5822484581558068 1
gene  1 28 8 -4.574262755502328 0 294.0 -4.574262755502328 1
gene  1 8 9 0.6095594970627127 0 328.0 0.6095594970627127 1
gene  1 8 41 0.22146458032636795 1 357.0 0.22146458032636795 1
gene  1 41 8 3.5651571260086716 0 358.0 3.5651571260086716 1
gene  1 14 43 4.213350687077011 1 364.0 4.213350687077011 1
gene  1 43 10 -0.847767517099534 0 365.0 -0.847767517099534 1
gene  1 5 47 -5.56482743663005 0 375.0 -5.56482743663005 1
gene  1 47 9 0.33469234654625507 0 376.0 0.33469234654625507 1
gene  1 41 14 4.477595695432376 0 387.0 4.477595695432376 1
gene  1 4 28 -1.2384785564915086 0 419.0 -1.2384785564915086 1
gene  1 2 28 -2.665710745716968 0 429.0 -2.665710745716968 1
gene  1 1 62 3.4235280630304956 0 470.0 3.4235280630304956 1
gene  1 62 9 4.895484370958092 0 471.0 4.895484370958092 1
gene  1 8 14 -2.4626121763304445 0 484.0 -2.4626121763304445 1
gene  1 1 13 -2.297120066091713 0 489.0 -2.297120066091713 1
gene  1 28 10 -1.9489610944584932 0 510.0 -1.9489610944584932 1
gene  1 2 41 -0.015385200122735254 0 515.0 -0.015385200122735254 1
gene  1 41 47 5.236241756056881 0 548.0 5.236241756056881 1
genomeend 6
genomestart  7
trait 1 2.732431393943948 0.0 0.0 0.798512545900133 0.9382603138953756 0.0 1.9280392103089152 0.8152719799274877 
node 1 1 1 1
node 2 1 1 1
node 3 1 1 1
node 4 1 1 1
node 5 1 1 1
node 6 1 1 1
node 7 1 1 3
node 8 1 0 0
node 9 1 0 0
node 10 1 0 0
node 13 1 0 2
node 14 1 0 2
node 28 1 0 0
node 41 1 0 0
node 43 1 0 0
node 47 1 0 0
node 62 1 0 0
gene  1 1 8 -13.393424176490372 0 98.0 -13.393424176490372 1
gene  1 3 8 3.5912328144076655 0 100.0 3.5912328144076655 1
gene  1 5 8 -2.0139284763551797 0 102.0 -2.0139284763551797 1
gene  1 6 8 3.027049670367286 0 103.0 3.027049670367286 1
gene  1 8 8 1.3446356312560912 1 105.0 1.3446356312560912 1
gene  1 1 9 -0.3836348262761729 0 112.0 -0.3836348262761729 1
gene  1 2 9 3.2823099161588285 0 113.0 3.2823099161588285 1
gene  1 3 9 5.12972018940812 0 114.0 5.12972018940812 1
gene  1 5 9 -2.3148058549423367 0 116.0 -2.3148058549423367 1
gene  1 7 9 -5.470442649820561 0 118.0 -5.470442649820561 1
gene  1 9 9 -2.2991695576313713 1 120.0 -2.2991695576313713 1
gene  1 10 9 -0.8367881266560206 1 121.0 -0.8367881266560206 1
gene  1 13 9 10.78985636047463 1 124.0 10.78985636047463 1
gene  1 2 10 -3.8893778421924736 0 127.0 -3.8893778421924736 1
gene  1 4 10 -0.7684244564375876 0 129.0 -0.7684244564375876 1
gene  1 5 10 6.511407576408057 0 130.0 6.511407576408057 1
gene  1 8 10 6.017390534967905 0 133.0 6.017390534967905 1
gene  1 9 10 6.552121209988411 0 134.0 6.552121209988411 1
gene  1 10 10 -3.1059942469923048 1 135.0 -3.1059942469923048 1
gene  1 13 10 1.2922155865967562 1 138.0 1.2922155865967562 1
gene  1 14 10 -1.7971265697966012 1 139.0 -1.7971265697966012 1
gene  1 2 13 3.6847516393933515 0 169.0 3.6847516393933515 1
gene  1 3 13 3.009458457250748 0 170.0 3.009458457250748 1
gene  1 6 13 -2.1812662048195017 0 173.0 -2.1812662048195017 1
gene  1 7 13 3.4818341586342445 0 174.0 3.4818341586342445 1
gene  1 9 13 -4.457423288257735 0 176.0 -4.457423288257735 1
gene  1 13 13 3.188483604608095 1 180.0 3.188483604608095 1
gene  1 14 13 4.960069105282323 1 181.0 4.960069105282323 1
gene  1 1 14 -3.880977624585976 0 182.0 -3.880977624585976 1
gene  1 3 14 1.430466958298536 0 184.0 1.430466958298536 1
gene  1 9 14 3.143682072365455 0 190.0 3.143682072365455 1
gene  1 10 14 0.17224079758462496 0 191.0 0.17224079758462496 1
gene  1 8 13 -0.6177445449950594 0 207.0 -0.6177445449950594 1
gene  1 1 10 3.75401123831194 0 226.0 3.75401123831194 1
gene  1 6 14 -4.615604204654078 0 234.0 -4.615604204654078 1
gene  1 8 28 -2.677650434568311 1 293.0 -2.677650434568311 1
gene  1 28 8 -4.494646919330965 0 294.0 -4.494646919330965 1
gene  1 8 9 1.2949866713887446 0 328.0 1.2949866713887446 1
gene  1 8 41 0.6499271793566017 1 357.0 0.6499271793566017 1
gene  1 41 8 0.7628268390327526 0 358.0 0.7628268390327526 1
gene  1 14 43 2.877480448313507 1 364.0 2.877480448313507 1
gene  1 43 10 2.70666981386709 0 365.0 2.70666981386709 1
gene  1 5 47 -2.7566576134881737 0 375.0 -2.7566576134881737 1
gene  1 47 9 -0.440912403269042 0 376.0 -0.440912403269042 1
gene  1 41 14 1.2456006834891744 0 387.0 1.2456006834891744 1
gene  1 4 28 -2.983507784147274 0 419.0 -2.983507784147274 1
gene  1 2 28 -1.1468569117748966 0 429.0 -1.1468569117748966 1
gene  1 1 62 4.082489785507802 0 470.0 4.082489785507802 1
gene  1 62 9 0.9133371072039398 0 471.0 0.9133371072039398 1
gene  1 8 14 1.6079667123596113 0 484.0 1.6079667123596113 1
gene  1 1 13 -1.0318601927747229 0 489.0 -1.0318601927747229 1
gene  1 28 10 -1.6491405684096558 0 510.0 -1.6491405684096558 1
gene  1 2 41 -2.839946510441255 0 515.0 -2.839946510441255 1
gene  1 41 47 3.7507320143057195 0 548.0 3.7507320143057195 1
genomeend 7
genomestart  8
trait 1 2.732431393943948 0.0 0.0 0.798512545900133 0.9382603138953756 0.0 1.9280392103089152 0.8152719799274877 
node 1 1 1 1
node 2 1 1 1
node 3 1 1 1
node 4 1 1 1
node 5 1 1 1
node 6 1 1 1
node 7 1 1 3
node 8 1 0 0
node 9 1 0 0
node 10 1 0 0
node 13 1 0 2
node 14 1 0 2
node 28 1 0 0
node 41 1 0 0
node 43 1 0 0
node 47 1 0 0
node 62 1 0 0
gene  1 1 8 -14.22386545694553 0 98.0 -14.22386545694553 1
gene  1 3 8 4.438270891910747 0 100.0 4.438270891910747 1
gene  1 5 8 -1.1341201292493892 0 102.0 -1.1341201292493892 1
gene  1 6 8 1.1362428860132692 0 103.0 1.1362428860132692 1
gene  1 8 8 0.9367214343898745 1 105.0 0.9367214343898745 1
gene  1 1 9 -1.607852988318861 0 112.0 -1.607852988318861 1
gene  1 2 9 3.193303767537246 0 113.0 3.193303767537246 1
gene  1 3 9 7.611310417139927 0 114.0 7.611310417139927 1
gene  1 5 9 -2.4420905841947422 0 116.0 -2.4420905841947422 1
gene  1 7 9 -3.7685124620724837 0 118.0 -3.7685124620724837 1
gene  1 9 9 2.221506694782343 1 120.0 2.221506694782343 1
gene  1 10 9 3.130057001146528 1 121.0 3.130057001146528 1
gene  1 13 9 10.573063087038246 1 124.0 10.573063087038246 1
gene  1 2 10 -2.331451784783626 0 127.0 -2.331451784783626 1
gene  1 4 10 -2.499760810129724 0 129.0 -2.499760810129724 1
gene  1 5 10 7.500967705476264 0 130.0 7.500967705476264 1
gene  1 8 10 3.1961091866740876 0 133.0 3.1961091866740876 1
gene  1 9 10 7.724398167707781 0 134.0 7.724398167707781 1
gene  1 10 10 -2.9002633786552026 1 135.0 -2.9002633786552026 1
gene  1 13 10 -6.598166144615277 1 138.0 -6.598166144615277 1
gene  1 14 10 -2.3867996167049155 1 139.0 -2.3867996167049155 1
gene  1 2 13 4.208952975082254 0 169.0 4.208952975082254 1
gene  1 3 13 0.5303437629177263 0 170.0 0.5303437629177263 1
gene  1 6 13 -2.739542595910732 0 173.0 -2.739542595910732 1
gene  1 7 13 5.312933162979337 0 174.0 5.312933162979337 1
gene  1 9 13 -2.332810704166758 0 176.0 -2.332810704166758 1
gene  1 13 13 1.780078470242478 1 180.0 1.780078470242478 1
gene  1 14 13 6.937784802221305 1 181.0 6.937784802221305 1
gene  1 1 14 -0.6510552075456455 0 182.0 -0.6510552075456455 1
gene  1 3 14 -1.072027399387641 0 184.0 -1.072027399387641 1
gene  1 9 14 4.634388915458034 0 190.0 4.634388915458034 1
gene  1 10 14 0.21460983493413432 0 191.0 0.21460983493413432 1
gene  1 8 13 -0.001341372664254159 0 207.0 -0.001341372664254159 1
gene  1 1 10 3.519778907610606 0 226.0 3.519778907610606 1
gene  1 6 14 -3.5770805796909144 0 234.0 -3.5770805796909144 1
gene  1 8 28 -1.0803862434472098 1 293.0 -1.0803862434472098 1
gene  1 28 8 -5.948581543940567 0 294.0 -5.948581543940567 1
gene  1 8 9 -6.3654675470058155 0 328.0 -6.3654675470058155 1
gene  1 8 41 4.319441626819675 1 357.0 4.319441626819675 1
gene  1 41 8 4.2848290621152145 0 358.0 4.2848290621152145 1
gene  1 14 43 5.491899081601939 1 364.0 5.491899081601939 1
gene  1 43 10 0.8249719880550342 0 365.0 0.8249719880550342 1
gene  1 5 47 -2.411244281917792 0 375.0 -2.411244281917792 1
gene  1 47 9 0.12161809084515612 0 376.0 0.12161809084515612 1
gene  1 41 14 4.364465786331804 0 387.0 4.364465786331804 1
gene  1 4 28 -1.7632745435567985 0 419.0 -1.7632745435567985 1
gene  1 2 28 -1.6472419115440582 0 429.0 -1.6472419115440582 1
gene  1 1 62 1.1403304721922387 0 470.0 1.1403304721922387 1
gene  1 62 9 3.0447300390932934 0 471.0 3.0447300390932934 1
gene  1 8 14 3.4254370838813633 0 484.0 3.4254370838813633 1
gene  1 1 13 1.4949071770286246 0 489.0 1.4949071770286246 1
gene  1 28 10 -3.8962447386241568 0 510.0 -3.8962447386241568 1
gene  1 2 41 -2.648005326388166 0 515.0 -2.648005326388166 1
gene  1 41 47 1.522959222340837 0 548.0 1.522959222340837 1
genomeend 8
genomestart  9
trait 1 1.0196578134443977 0.7502223240297183 0.0 0.19410325956016972 3.1752136023158166 0.0 0.826280999839004 1.190943612630714 
node 1 1 1 1
node 2 1 1 1
node 3 1 1 1
node 4 1 1 1
node 5 1 1 1
node 6 1 1 1
node 7 1 1 3
node 8 1 0 0
node 13 1 0 2
node 14 1 0 2
node 22 1 0 0
node 25 1 0 0
node 29 1 0 0
node 57 1 0 0
node 65 1 0 0
node 76 1 0 0
node 87 1 0 0
gene  1 1 8 -5.495732594789781 0 98.0 -5.495732594789781 1
gene  1 3 8 -2.8762525797949112 0 100.0 -2.8762525797949112 1
gene  1 4 8 -12.070700569697536 0 101.0 -12.070700569697536 1
gene  1 5 8 -2.227866666432384 0 102.0 -2.227866666432384 1
gene  1 6 8 -0.7648651212810997 0 103.0 -0.7648651212810997 1
gene  1 8 8 -9.046822446845457 1 105.0 -9.046822446845457 1
gene  1 1 13 0.37506405982110835 0 168.0 0.37506405982110835 1
gene  1 5 13 -0.8972000158532689 0 172.0 -0.8972000158532689 1
gene  1 13 13 1.2956637693889705 1 180.0 1.2956637693889705 1
gene  1 14 13 -7.533633698430058 1 181.0 -7.533633698430058 1
gene  1 2 14 -0.2969945485456158 0 183.0 -0.2969945485456158 1
gene  1 3 14 -1.241597842264148 0 184.0 -1.241597842264148 1
gene  1 5 14 -5.1026974388912665 0 186.0 -5.1026974388912665 1
gene  1 7 14 -1.572705123488609 0 188.0 -1.572705123488609 1
gene  1 8 14 1.3661425406722787 0 189.0 1.3661425406722787 1
gene  1 13 14 -0.40955257207669127 0 194.0 -0.40955257207669127 1
gene  1 2 13 -4.360178938315757 0 236.0 -4.360178938315757 1
gene  1 8 22 -2.825805412837252 0 240.0 -2.825805412837252 1
gene  1 22 14 -3.0520971038483795 0 241.0 -3.0520971038483795 1
gene  1 1 22 -0.09027321616109435 0 245.0 -0.09027321616109435 1
gene  1 13 8 -0.23348091308015828 0 257.0 -0.23348091308015828 1
gene  1 5 22 6.334752049103684 0 265.0 6.334752049103684 1
gene  1 1 25 -1.2205493763420616 0 279.0 -1.2205493763420616 1
gene  1 25 8 -3.9876109633848014 0 280.0 -3.9876109633848014 1
gene  1 8 29 5.1559124907296905 0 297.0 5.1559124907296905 1
gene  1 29 14 -7.626064699731235 0 298.0 -7.626064699731235 1
gene  1 1 14 0.5980561964095671 0 312.0 0.5980561964095671 1
gene  1 2 29 0.73431152738405 0 330.0 0.73431152738405 1
gene  1 5 25 2.170677431665557 0 343.0 2.170677431665557 1
gene  1 6 29 -2.524556988258756 0 386.0 -2.524556988258756 1
gene  1 22 29 -2.3983080106710397 0 416.0 -2.3983080106710397 1
gene  1 4 14 1.8758324310174097 0 424.0 1.8758324310174097 1
gene  1 4 29 -1.1100571487250763 0 432.0 -1.1100571487250763 1
gene  1 8 57 -2.4166248005944206 0 437.0 -2.4166248005944206 1
gene  1 57 14 -2.0443362264043556 0 438.0 -2.0443362264043556 1
gene  1 3 22 -2.0501188359153613 0 440.0 -2.0501188359153613 1
gene  1 2 25 -3.6839419677409504 0 455.0 -3.6839419677409504 1
gene  1 1 65 1.9801048596123172 0 481.0 1.9801048596123172 1
gene  1 65 25 0.5510706916218784 0 482.0 0.5510706916218784 1
gene  1 8 76 -2.3782180715473635 0 525.0 -2.3782180715473635 1
gene  1 76 22 -0.7106807971785651 0 526.0 -0.7106807971785651 1
gene  1 2 87 -0.07784933770213498 0 560.0 -0.07784933770213498 1
gene  1 87 14 -1.195800181072046 0 561.0 -1.195800181072046 1
genomeend 9
genomestart  10
trait 1 1.0196578134443977 0.7502223240297183 0.0 0.19410325956016972 3.1752136023158166 0.0 0.826280999839004 1.190943612630714 
node 1 1 1 1
node 2 1 1 1
node 3 1 1 1
node 4 1 1 1
node 5 1 1 1
node 6 1 1 1
node 7 1 1 3
node 8 1 0 0
node 13 1 0 2
node 14 1 0 2
node 22 1 0 0
node 25 1 0 0
node 29 1 0 0
node 57 1 0 0
node 65 1 0 0
node 76 1 0 0
node 87 1 0 0
gene  1 1 8 -3.16574112944891 0 98.0 -3.16574112944891 1
gene  1 3 8 -1.133298055096739 0 100.0 -1.133298055096739 1
gene  1 4 8 -9.586080839361404 0 101.0 -9.586080839361404 1
gene  1 5 8 -3.8242052774389057 0 102.0 -3.8242052774389057 1
gene  1 6 8 -0.7648651212810997 0 103.0 -0.7648651212810997 1
gene  1 8 8 -10.470186150049667 1 105.0 -10.470186150049667 1
gene  1 1 13 1.8719866406868888 0 168.0 1.8719866406868888 1
gene  1 5 13 -0.48753937083282545 0 172.0 -0.48753937083282545 1
gene  1 13 13 1.9195854293423058 1 180.0 1.9195854293423058 1
gene  1 14 13 -7.533633698430058 1 181.0 -7.533633698430058 1
gene  1 2 14 1.0324322714293066 0 183.0 1.0324322714293066 1
gene  1 3 14 -1.241597842264148 0 184.0 -1.241597842264148 1
gene  1 5 14 -3.3520327297589736 0 186.0 -3.3520327297589736 1
gene  1 7 14 -1.572705123488609 0 188.0 -1.572705123488609 1
gene  1 8 14 -0.8601031477095098 0 189.0 -0.8601031477095098 1
gene  1 13 14 0.1224985923450711 0 194.0 0.1224985923450711 1
gene  1 2 13 -4.360178938315757 0 236.0 -4.360178938315757 1
gene  1 8 22 -4.3870310793338065 0 240.0 -4.3870310793338065 1
gene  1 22 14 0.04849359069103054 0 241.0 0.04849359069103054 1
gene  1 1 22 1.4056636364612782 0 245.0 1.4056636364612782 1
gene  1 13 8 0.8200758048935413 0 257.0 0.8200758048935413 1
gene  1 5 22 -0.41944989191669557 0 265.0 -0.41944989191669557 1
gene  1 1 25 -0.13907690657898453 0 279.0 -0.13907690657898453 1
gene  1 25 8 -3.9794048240498943 0 280.0 -3.9794048240498943 1
gene  1 8 29 2.812821397517188 0 297.0 2.812821397517188 1
gene  1 29 14 -9.865512942431176 0 298.0 -9.865512942431176 1
gene  1 1 14 -1.705357055436099 0 312.0 -1.705357055436099 1
gene  1 2 29 -1.5191054708188112 0 330.0 -1.5191054708188112 1
gene  1 5 25 2.170677431665557 0 343.0 2.170677431665557 1
gene  1 6 29 -3.920023081975069 0 386.0 -3.920023081975069 1
gene  1 22 29 -1.0190552377244524 0 416.0 -1.0190552377244524 1
gene  1 4 14 0.06672505338104862 0 424.0 0.06672505338104862 1
gene  1 4 29 -1.1100571487250763 0 432.0 -1.1100571487250763 1
gene  1 8 57 -4.083724362360728 0 437.0 -4.083724362360728 1
gene  1 57 14 -2.384345317050788 0 438.0 -2.384345317050788 1
gene  1 3 22 -3.945765115010535 0 440.0 -3.945765115010535 1
gene  1 2 25 -1.3524677019940285 0 455.0 -1.3524677019940285 1
gene  1 1 65 1.3175907408153646 0 481.0 1.3175907408153646 1
gene  1 65 25 1.5413678636747317 0 482.0 1.5413678636747317 1
gene  1 8 76 2.331574782066248E-4 0 525.0 2.331574782066248E-4 1
gene  1 76 22 -2.4288156991178127 0 526.0 -2.4288156991178127 1
gene  1 2 87 0.6474938294918298 0 560.0 0.6474938294918298 1
gene  1 87 14 -3.5377635303889985 0 561.0 -3.5377635303889985 1
genomeend 10
genomestart  11
trait 1 1.9492969961009945 0.0 0.4289699328456915 1.1835456827051778 0.0 0.7294252873384013 0.042201429445747896 0.0 
node 1 1 1 1
node 2 1 1 1
node 3 1 1 1
node 4 1 1 1
node 5 1 1 1
node 6 1 1 1
node 7 1 1 3
node 13 1 0 2
node 14 1 0 2
node 49 1 0 0
node 73 1 0 0
node 81 1 0 0
gene  1 1 13 0.43428866749883804 0 168.0 0.43428866749883804 1
gene  1 2 13 -13.456774269110468 0 169.0 -13.456774269110468 1
gene  1 3 13 0.1484368464703531 0 170.0 0.1484368464703531 1
gene  1 4 13 2.4102529192634177 0 171.0 2.4102529192634177 1
gene  1 5 13 -0.09222754514867937 0 172.0 -0.09222754514867937 1
gene  1 6 13 0.9701168295004542 0 173.0 0.9701168295004542 1
gene  1 7 13 3.9212493543179407 0 174.0 3.9212493543179407 1
gene  1 14 13 -0.13339751305809083 1 181.0 -0.13339751305809083 1
gene  1 1 14 -0.5366180631161153 0 182.0 -0.5366180631161153 1
gene  1 2 14 -2.616688109288644 0 183.0 -2.616688109288644 1
gene  1 3 14 -2.625232771828949 0 184.0 -2.625232771828949 1
gene  1 13 14 -0.07826679358073196 0 194.0 -0.07826679358073196 1
gene  1 14 14 -1.1611511844665698 1 195.0 -1.1611511844665698 1
gene  1 7 14 -4.815112775139507 0 273.0 -4.815112775139507 1
gene  1 4 14 -2.008287638326814 0 283.0 -2.008287638326814 1
gene  1 5 14 2.166585872816288 0 303.0 2.166585872816288 1
gene  1 6 14 -2.5372726320854273 0 307.0 -2.5372726320854273 1
gene  1 3 49 0.4255013262124438 0 389.0 0.4255013262124438 1
gene  1 49 13 -2.24070784111448 0 390.0 -2.24070784111448 1
gene  1 5 49 3.8301737983416415 0 403.0 3.8301737983416415 1
gene  1 1 49 -1.490133169634552 0 430.0 -1.490133169634552 1
gene  1 7 49 -1.2009883504613414 0 456.0 -1.2009883504613414 1
gene  1 4 49 -2.6021832475071904 0 495.0 -2.6021832475071904 1
gene  1 6 73 -4.495113483214121 0 508.0 -4.495113483214121 1
gene  1 73 13 -2.7808731848696144 0 509.0 -2.7808731848696144 1
gene  1 6 81 -0.12396589336735958 0 542.0 -0.12396589336735958 1
gene  1 81 73 -2.0290631917701907 0 543.0 -2.0290631917701907 1
gene  1 81 49 0.004605878993287682 0 569.0 0.004605878993287682 1
genomeend 11
genomestart  12
trait 1 1.9492969961009945 0.0 0.4289699328456915 1.1835456827051778 0.0 0.7294252873384013 0.042201429445747896 0.0 
node 1 1 1 1
node 2 1 1 1
node 3 1 1 1
node 4 1 1 1
node 5 1 1 1
node 6 1 1 1
node 7 1 1 3
node 13 1 0 2
node 14 1 0 2
node 49 1 0 0
node 73 1 0 0
node 81 1 0 0
gene  1 1 13 -9.909164563676637 0 168.0 -9.909164563676637 1
gene  1 2 13 -10.14789572618323 0 169.0 -10.14789572618323 1
gene  1 3 13 -0.1275260538400782 0 170.0 -0.1275260538400782 1
gene  1 4 13 3.372134508362232 0 171.0 3.372134508362232 1
gene  1 5 13 -4.093449577528869 0 172.0 -4.093449577528869 1
gene  1 6 13 2.8042190791521766 0 173.0 2.8042190791521766 1
gene  1 7 13 0.3163829129225868 0 174.0 0.3163829129225868 1
gene  1 14 13 1.9308789228197318 1 181.0 1.9308789228197318 1
gene  1 1 14 3.301078711271302 0 182.0 3.301078711271302 1
gene  1 2 14 0.9584828952998861 0 183.0 0.9584828952998861 1
gene  1 3 14 -0.7854355359774007 0 184.0 -0.7854355359774007 1
gene  1 13 14 0.4255271100080174 0 194.0 0.4255271100080174 1
gene  1 14 14 0.08023368401632591 1 195.0 0.08023368401632591 1
gene  1 7 14 -4.3372891080730716 0 273.0 -4.3372891080730716 1
gene  1 4 14 -3.038903792769576 0 283.0 -3.038903792769576 1
gene  1 5 14 0.1893370128173727 0 303.0 0.1893370128173727 1
gene  1 6 14 -0.033668424257880414 0 307.0 -0.033668424257880414 1
gene  1 3 49 -0.20266483498765514 0 389.0 -0.20266483498765514 1
gene  1 49 13 -2.6065716641600396 0 390.0 -2.6065716641600396 1
gene  1 5 49 3.743712007731569 0 403.0 3.743712007731569 1
gene  1 1 49 -0.2976488072723644 0 430.0 -0.2976488072723644 1
gene  1 7 49 -1.2903068532576334 0 456.0 -1.2903068532576334 1
gene  1 4 49 1.276130964510388 0 495.0 1.276130964510388 1
gene  1 6 73 -4.495113483214121 0 508.0 -4.495113483214121 1
gene  1 73 13 -1.5706985915542762 0 509.0 -1.5706985915542762 1
gene  1 6 81 -0.19105520005127524 0 542.0 -0.19105520005127524 1
gene  1 81 73 0.8759175184335426 0 543.0 0.8759175184335426 1
gene  1 81 49 -2.3058945286068515 0 569.0 -2.3058945286068515 1
genomeend 12
genomestart  13
trait 1 1.9492969961009945 0.0 0.4289699328456915 1.1835456827051778 0.0 0.7294252873384013 0.042201429445747896 0.0 
node 1 1 1 1
node 2 1 1 1
node 3 1 1 1
node 4 1 1 1
node 5 1 1 1
node 6 1 1 1
node 7 1 1 3
node 13 1 0 2
node 14 1 0 2
node 49 1 0 0
node 73 1 0 0
node 81 1 0 0
gene  1 1 13 -8.954086905931678 0 168.0 -8.954086905931678 1
gene  1 2 13 -11.484999259653543 0 169.0 -11.484999259653543 1
gene  1 3 13 -1.4860542798977272 0 170.0 -1.4860542798977272 1
gene  1 4 13 -0.8200023683414328 0 171.0 -0.8200023683414328 1
gene  1 5 13 0.061361431478966555 0 172.0 0.061361431478966555 1
gene  1 6 13 3.833804525284296 0 173.0 3.833804525284296 1
gene  1 7 13 -0.030744039877499685 0 174.0 -0.030744039877499685 1
gene  1 14 13 3.1058957236008107 1 181.0 3.1058957236008107 1
gene  1 1 14 0.18580028013966743 0 182.0 0.18580028013966743 1
gene  1 2 14 1.187191310391705 0 183.0 1.187191310391705 1
gene  1 3 14 -2.313313558516034 0 184.0 -2.313313558516034 1
gene  1 13 14 -0.6004422282421062 0 194.0 -0.6004422282421062 1
gene  1 14 14 1.1776430872386374 1 195.0 1.1776430872386374 1
gene  1 7 14 0.26490068009432266 0 273.0 0.26490068009432266 1
gene  1 4 14 -3.0226415224582626 0 283.0 -3.0226415224582626 1
gene  1 5 14 0.6233294626722002 0 303.0 0.6233294626722002 1
gene  1 6 14 -0.4810995844872745 0 307.0 -0.4810995844872745 1
gene  1 3 49 1.9133553768602296 0 389.0 1.9133553768602296 1
gene  1 49 13 -2.528093129932444 0 390.0 -2.528093129932444 1
gene  1 5 49 5.579509387535987 0 403.0 5.579509387535987 1
gene  1 1 49 -0.41203564942337545 0 430.0 -0.41203564942337545 1
gene  1 7 49 -1.9275640675928667 0 456.0 -1.9275640675928667 1
gene  1 4 49 -0.510263871761921 0 495.0 -0.510263871761921 1
gene  1 6 73 -5.9256921996647645 0 508.0 -5.9256921996647645 1
gene  1 73 13 -1.033644881428989 0 509.0 -1.033644881428989 1
gene  1 6 81 3.5409100894317733 0 542.0 3.5409100894317733 1
gene  1 81 73 -1.3572959220223693 0 543.0 -1.3572959220223693 1
gene  1 81 49 -2.039571285032456 0 569.0 -2.039571285032456 1
genomeend 13
genomestart  14
trait 1 0.0 0.5319433208524987 1.2381570377802138 1.1036226464327767 0.10522835245191364 0.39032959932087685 0.0 0.0 
node 1 1 1 1
node 2 1 1 1
node 3 1 1 1
node 4 1 1 1
node 5 1 1 1
node 6 1 1 1
node 7 1 1 3
node 8 1 0 0
node 9 1 0 0
node 13 1 0 2
node 14 1 0 2
node 20 1 0 0
node 56 1 0 0
node 60 1 0 0
node 79 1 0 0
node 92 1 0 0
node 94 1 0 0
node 97 1 0 0
gene  1 1 8 -6.015118941880573 0 98.0 -6.015118941880573 1
gene  1 2 8 -3.06082634776008 0 99.0 -3.06082634776008 1
gene  1 3 8 -2.6970538769574484 0 100.0 -2.6970538769574484 1
gene  1 6 8 0.16918128135444643 0 103.0 0.16918128135444643 1
gene  1 8 8 -4.428243640658124 1 105.0 -4.428243640658124 1
gene  1 9 8 -4.977640616765127 1 106.0 -4.977640616765127 1
gene  1 13 8 -3.843902751661165 1 110.0 -3.843902751661165 1
gene  1 14 8 -0.7006663856316332 1 111.0 -0.7006663856316332 1
gene  1 1 9 5.726878269709826 0 112.0 5.726878269709826 1
gene  1 4 9 1.3329204770540015 0 115.0 1.3329204770540015 1
gene  1 5 9 -0.3221102802783704 0 116.0 -0.3221102802783704 1
gene  1 7 9 -0.5602907590911468 0 118.0 -0.5602907590911468 1
gene  1 9 9 3.116768436309049 1 120.0 3.116768436309049 1
gene  1 14 9 2.2308562252509483 1 125.0 2.2308562252509483 1
gene  1 2 13 4.894909126501412 0 169.0 4.894909126501412 1
gene  1 5 13 -0.35344628314659055 0 172.0 -0.35344628314659055 1
gene  1 8 13 2.1168476585683473 0 175.0 2.1168476585683473 1
gene  1 1 14 -4.131035823787524 0 182.0 -4.131035823787524 1
gene  1 2 14 -3.9752744831592626 0 183.0 -3.9752744831592626 1
gene  1 3 14 2.529228564648712 0 184.0 2.529228564648712 1
gene  1 6 14 -1.0373799382209121 0 187.0 -1.0373799382209121 1
gene  1 13 14 0.9491837222982986 0 194.0 0.9491837222982986 1
gene  1 14 14 4.360159890928874 1 195.0 4.360159890928874 1
gene  1 5 8 3.7996097033027096 0 202.0 3.7996097033027096 1
gene  1 4 13 1.7512140506541876 0 220.0 1.7512140506541876 1
gene  1 1 20 1.5312061369775023 0 231.0 1.5312061369775023 1
gene  1 20 14 4.634001358592734 0 232.0 4.634001358592734 1
gene  1 1 13 -0.48002729862778604 0 329.0 -0.48002729862778604 1
gene  1 13 20 -7.463963293533977 0 337.0 -7.463963293533977 1
gene  1 4 20 -1.4334439975056503 0 339.0 -1.4334439975056503 1
gene  1 9 8 -0.9250957599996799 0 404.0 -0.9250957599996799 1
gene  1 8 14 1.7998260142852895 0 410.0 1.7998260142852895 1
gene  1 5 56 -2.080594004389592 0 434.0 -2.080594004389592 1
gene  1 56 8 -4.5626060173570755 0 435.0 -4.5626060173570755 1
gene  1 2 9 -1.7936588840089784 0 448.0 -1.7936588840089784 1
gene  1 3 60 2.153002552025223 0 458.0 2.153002552025223 1
gene  1 60 8 3.6993673503570936 0 459.0 3.6993673503570936 1
gene  1 1 60 -3.346613502480804 0 479.0 -3.346613502480804 1
gene  1 7 56 2.3175301299133384 0 520.0 2.3175301299133384 1
gene  1 13 79 -4.047844058262966 0 537.0 -4.047844058262966 1
gene  1 79 20 -3.110466096807916 0 538.0 -3.110466096807916 1
gene  1 3 79 1.4217547868363958 0 556.0 1.4217547868363958 1
gene  1 5 92 0.4582652466187026 0 575.0 0.4582652466187026 1
gene  1 92 13 -5.8378779594661045 0 576.0 -5.8378779594661045 1
gene  1 14 94 1.5774871395317838 1 582.0 1.5774871395317838 1
gene  1 94 8 -0.8169995553253842 0 583.0 -0.8169995553253842 1
gene  1 13 97 1.8868181670766946 1 593.0 1.8868181670766946 1
gene  1 97 8 0.4194506408820692 0 594.0 0.4194506408820692 1
gene  1 9 56 3.78187503630215 0 596.0 3.78187503630215 1
genomeend 14
genomestart  15
trait 1 0.0 0.5319433208524987 1.2381570377802138 1.1036226464327767 0.10522835245191364 0.39032959932087685 0.0 0.0 
node 1 1 1 1
node 2 1 1 1
node 3 1 1 1
node 4 1 1 1
node 5 1 1 1
node 6 1 1 1
node 7 1 1 3
node 8 1 0 0
node 9 1 0 0
node 13 1 0 2
node 14 1 0 2
node 20 1 0 0
node 56 1 0 0
node 60 1 0 0
node 79 1 0 0
node 92 1 0 0
node 94 1 0 0
node 97 1 0 0
gene  1 1 8 -6.015118941880573 0 98.0 -6.015118941880573 1
gene  1 2 8 -3.06082634776008 0 99.0 -3.06082634776008 1
gene  1 3 8 -2.6970538769574484 0 100.0 -2.6970538769574484 1
gene  1 6 8 0.16918128135444643 0 103.0 0.16918128135444643 1
gene  1 8 8 -4.428243640658124 1 105.0 -4.428243640658124 1
gene  1 9 8 -4.977640616765127 1 106.0 -4.977640616765127 1
gene  1 13 8 -3.843902751661165 1 110.0 -3.843902751661165 1
gene  1 14 8 -0.7006663856316332 1 111.0 -0.7006663856316332 1
gene  1 1 9 5.726878269709826 0 112.0 5.726878269709826 1
gene  1 4 9 1.3329204770540015 0 115.0 1.3329204770540015 1
gene  1 5 9 -0.3221102802783704 0 116.0 -0.3221102802783704 1
gene  1 7 9 -0.5602907590911468 0 118.0 -0.5602907590911468 1
gene  1 9 9 3.116768436309049 1 120.0 3.116768436309049 1
gene  1 14 9 2.2308562252509483 1 125.0 2.2308562252509483 1
gene  1 2 13 4.894909126501412 0 169.0 4.894909126501412 1
gene  1 5 13 -0.35344628314659055 0 172.0 -0.35344628314659055 1
gene  1 8 13 2.1168476585683473 0 175.0 2.1168476585683473 1
gene  1 1 14 -4.131035823787524 0 182.0 -4.131035823787524 1
gene  1 2 14 -3.9752744831592626 0 183.0 -3.9752744831592626 1
gene  1 3 14 2.529228564648712 0 184.0 2.529228564648712 1
gene  1 6 14 -1.0373799382209121 0 187.0 -1.0373799382209121 1
gene  1 13 14 0.9491837222982986 0 194.0 0.9491837222982986 1
gene  1 14 14 4.360159890928874 1 195.0 4.360159890928874 1
gene  1 5 8 3.7996097033027096 0 202.0 3.7996097033027096 1
gene  1 4 13 1.7512140506541876 0 220.0 1.7512140506541876 1
gene  1 1 20 1.5312061369775023 0 231.0 1.5312061369775023 1
gene  1 20 14 4.634001358592734 0 232.0 4.634001358592734 1
gene  1 1 13 -0.48002729862778604 0 329.0 -0.48002729862778604 1
gene  1 13 20 -7.463963293533977 0 337.0 -7.463963293533977 1
gene  1 4 20 -1.4334439975056503 0 339.0 -1.4334439975056503 1
gene  1 9 8 -0.9250957599996799 0 404.0 -0.9250957599996799 1
gene  1 8 14 1.7998260142852895 0 410.0 1.7998260142852895 1
gene  1 5 56 -2.080594004389592 0 434.0 -2.080594004389592 1
gene  1 56 8 -4.5626060173570755 0 435.0 -4.5626060173570755 1
gene  1 2 9 -1.7936588840089784 0 448.0 -1.7936588840089784 1
gene  1 3 60 2.153002552025223 0 458.0 2.153002552025223 1
gene  1 60 8 3.6993673503570936 0 459.0 3.6993673503570936 1
gene  1 1 60 -3.346613502480804 0 479.0 -3.346613502480804 1
gene  1 7 56 2.3175301299133384 0 520.0 2.3175301299133384 1
gene  1 13 79 -4.047844058262966 0 537.0 -4.047844058262966 1
gene  1 79 20 -3.110466096807916 0 538.0 -3.110466096807916 1
gene  1 3 79 1.4217547868363958 0 556.0 1.4217547868363958 1
gene  1 5 92 0.4582652466187026 0 575.0 0.4582652466187026 1
gene  1 92 13 -5.8378779594661045 0 576.0 -5.8378779594661045 1
gene  1 14 94 1.5774871395317838 1 582.0 1.5774871395317838 1
gene  1 94 8 -0.8169995553253842 0 583.0 -0.8169995553253842 1
gene  1 13 97 1.8868181670766946 1 593.0 1.8868181670766946 1
gene  1 97 8 0.4194506408820692 0 594.0 0.4194506408820692 1
genomeend 15
genomestart  16
trait 1 0.0 0.9380171225566565 2.8572292317689647 0.0 0.9774676473893938 0.5916859962196944 0.0 0.0 
node 1 1 1 1
node 2 1 1 1
node 3 1 1 1
node 4 1 1 1
node 5 1 1 1
node 6 1 1 1
node 7 1 1 3
node 13 1 0 2
node 14 1 0 2
node 45 1 0 0
node 71 1 0 0
node 89 1 0 0
gene  1 1 13 -4.367438843811539 0 168.0 -4.367438843811539 1
gene  1 2 13 0.7284083988556238 0 169.0 0.7284083988556238 1
gene  1 5 13 -2.7579200128615815 0 172.0 -2.7579200128615815 1
gene  1 6 13 -0.19737208462498845 0 173.0 -0.19737208462498845 1
gene  1 7 13 -1.0368972996196755 0 174.0 -1.0368972996196755 1
gene  1 3 14 -0.3921419189390669 0 184.0 -0.3921419189390669 1
gene  1 4 14 -1.9717257838309026 0 185.0 -1.9717257838309026 1
gene  1 7 14 8.895869067707855 0 188.0 8.895869067707855 1
gene  1 13 14 -2.7711824013305346 0 194.0 -2.7711824013305346 1
gene  1 14 14 5.5652644088203775 1 195.0 5.5652644088203775 1
gene  1 4 13 3.79045935615498 0 235.0 3.79045935615498 1
gene  1 1 14 2.937630368398109 0 242.0 2.937630368398109 1
gene  1 5 14 7.252392227181528 0 319.0 7.252392227181528 1
gene  1 1 45 -5.2381248560579206 0 370.0 -5.2381248560579206 1
gene  1 45 13 4.9325215689744875 0 371.0 4.9325215689744875 0
gene  1 4 45 0.9654147668193112 0 497.0 0.9654147668193112 1
gene  1 6 71 3.3167634376601494 0 502.0 3.3167634376601494 1
gene  1 71 13 1.4842729286048606 0 503.0 1.4842729286048606 1
gene  1 45 71 3.0758577201777597 0 534.0 3.0758577201777597 1
gene  1 3 13 4.646330450414734 0 535.0 4.646330450414734 1
gene  1 45 89 -0.05090188930763545 0 566.0 -0.05090188930763545 1
gene  1 89 13 -2.0720548536988046 0 567.0 -2.0720548536988046 1
genomeend 16
genomestart  17
trait 1 0.0 0.9380171225566565 2.8572292317689647 0.0 0.9774676473893938 0.5916859962196944 0.0 0.0 
node 1 1 1 1
node 2 1 1 1
node 3 1 1 1
node 4 1 1 1
node 5 1 1 1
node 6 1 1 1
node 7 1 1 3
node 13 1 0 2
node 14 1 0 2
node 45 1 0 0
node 71 1 0 0
node 89 1 0 0
gene  1 1 13 -0.7556317186377504 0 168.0 -0.7556317186377504 1
gene  1 2 13 1.0694176529374562 0 169.0 1.0694176529374562 1
gene  1 5 13 -2.7579200128615815 0 172.0 -2.7579200128615815 1
gene  1 6 13 -2.5992730120876724 0 173.0 -2.5992730120876724 1
gene  1 7 13 0.09139125399641723 0 174.0 0.09139125399641723 1
gene  1 3 14 -2.0611360872399302 0 184.0 -2.0611360872399302 1
gene  1 4 14 -0.48513225284857175 0 185.0 -0.48513225284857175 1
gene  1 7 14 8.709932294909938 0 188.0 8.709932294909938 1
gene  1 13 14 -4.6114917855978295 0 194.0 -4.6114917855978295 1
gene  1 14 14 -1.4406115061627012 1 195.0 -1.4406115061627012 1
gene  1 4 13 5.148339633673082 0 235.0 5.148339633673082 1
gene  1 1 14 1.8362013515199198 0 242.0 1.8362013515199198 1
gene  1 5 14 7.892181031124166 0 319.0 7.892181031124166 1
gene  1 1 45 -5.4753952903626 0 370.0 -5.4753952903626 1
gene  1 45 13 3.8045599907956014 0 371.0 3.8045599907956014 0
gene  1 4 45 -0.44443361753911415 0 497.0 -0.44443361753911415 1
gene  1 6 71 2.2452395562146563 0 502.0 2.2452395562146563 1
gene  1 71 13 -0.27615176215516707 0 503.0 -0.27615176215516707 1
gene  1 45 71 3.9081855653012885 0 534.0 3.9081855653012885 1
gene  1 3 13 4.646330450414734 0 535.0 4.646330450414734 1
gene  1 45 89 0.7999556821387741 0 566.0 0.7999556821387741 1
gene  1 89 13 -4.060267804336839 0 567.0 -4.060267804336839 1
genomeend 17
genomestart  18
trait 1 0.0 0.9380171225566565 2.8572292317689647 0.0 0.9774676473893938 0.5916859962196944 0.0 0.0 
node 1 1 1 1
node 2 1 1 1
node 3 1 1 1
node 4 1 1 1
node 5 1 1 1
node 6 1 1 1
node 7 1 1 3
node 13 1 0 2
node 14 1 0 2
node 45 1 0 0
node 71 1 0 0
node 89 1 0 0
gene  1 1 13 -4.12625990035783 0 168.0 -4.12625990035783 1
gene  1 2 13 -0.10210045657434264 0 169.0 -0.10210045657434264 1
gene  1 5 13 -3.923214125464785 0 172.0 -3.923214125464785 1
gene  1 6 13 0.08094144226219546 0 173.0 0.08094144226219546 1
gene  1 7 13 1.0330744612078062 0 174.0 1.0330744612078062 1
gene  1 3 14 -0.2643627429846902 0 184.0 -0.2643627429846902 1
gene  1 4 14 -4.299998227791689 0 185.0 -4.299998227791689 1
gene  1 7 14 8.699313453318698 0 188.0 8.699313453318698 1
gene  1 13 14 -0.8940084166403741 0 194.0 -0.8940084166403741 1
gene  1 14 14 4.423078284983814 1 195.0 4.423078284983814 1
gene  1 4 13 5.463786981172963 0 235.0 5.463786981172963 1
gene  1 1 14 3.5638690579224654 0 242.0 3.5638690579224654 1
gene  1 5 14 9.124031672244941 0 319.0 9.124031672244941 1
gene  1 1 45 -2.8117453598678983 0 370.0 -2.8117453598678983 1
gene  1 45 13 3.247472423302332 0 371.0 3.247472423302332 0
gene  1 4 45 2.932669898664968 0 497.0 2.932669898664968 1
gene  1 6 71 3.170527709201313 0 502.0 3.170527709201313 1
gene  1 71 13 1.6875926661819531 0 503.0 1.6875926661819531 1
gene  1 45 71 3.4313306383691087 0 534.0 3.4313306383691087 1
gene  1 3 13 -1.1956641891186235 0 535.0 -1.1956641891186235 1
gene  1 45 89 -0.05090188930763545 0 566.0 -0.05090188930763545 1
gene  1 89 13 0.004539152686321213 0 567.0 0.004539152686321213 1
genomeend 18
genomestart  19
trait 1 0.0 0.9380171225566565 2.8572292317689647 0.0 0.9774676473893938 0.5916859962196944 0.0 0.0 
node 1 1 1 1
node 2 1 1 1
node 3 1 1 1
node 4 1 1 1
node 5 1 1 1
node 6 1 1 1
node 7 1 1 3
node 13 1 0 2
node 14 1 0 2
node 45 1 0 0
node 71 1 0 0
node 89 1 0 0
gene  1 1 13 -2.3693750714125033 0 168.0 -2.3693750714125033 1
gene  1 2 13 2.9049930060057303 0 169.0 2.9049930060057303 1
gene  1 5 13 -3.497208338228443 0 172.0 -3.497208338228443 1
gene  1 6 13 -1.7906349568358524 0 173.0 -1.7906349568358524 1
gene  1 7 13 -3.1406376669307243 0 174.0 -3.1406376669307243 1
gene  1 3 14 1.2603780312610453 0 184.0 1.2603780312610453 1
gene  1 4 14 -1.9717257838309026 0 185.0 -1.9717257838309026 1
gene  1 7 14 7.954447129283681 0 188.0 7.954447129283681 1
gene  1 13 14 -2.349253654230653 0 194.0 -2.349253654230653 1
gene  1 14 14 -0.08164573124554958 1 195.0 -0.08164573124554958 1
gene  1 4 13 3.9699663966973966 0 235.0 3.9699663966973966 1
gene  1 1 14 4.959995612362619 0 242.0 4.959995612362619 1
gene  1 5 14 5.538580773318297 0 319.0 5.538580773318297 1
gene  1 1 45 2.216518137794184 0 370.0 2.216518137794184 1
gene  1 45 13 6.424611739527306 0 371.0 6.424611739527306 0
gene  1 4 45 -0.5895663611281696 0 497.0 -0.5895663611281696 1
gene  1 6 71 4.950430170430092 0 502.0 4.950430170430092 1
gene  1 71 13 -1.8575027925473848 0 503.0 -1.8575027925473848 1
gene  1 45 71 1.3513113791669915 0 534.0 1.3513113791669915 1
gene  1 3 13 6.822203940287936 0 535.0 6.822203940287936 1
gene  1 45 89 -0.5812003071102332 0 566.0 -0.5812003071102332 1
gene  1 89 13 -2.0534319026364134 0 567.0 -2.0534319026364134 1
genomeend 19
