genomestart  0
trait 1 0.12236385032328645 0.11996509262718169 0.0 1.2348572107762614 0.0 1.3168578850843018 1.0590140864502917 1.7905313975538821 
node 1 1 1 1
node 2 1 1 1
node 3 1 1 1
node 4 1 1 1
node 5 1 1 1
node 6 1 1 1
node 7 1 1 3
node 13 1 0 2
node 14 1 0 2
node 33 1 0 0
node 48 1 0 0
node 55 1 0 0
gene  1 2 13 -2.4850211632979953 0 169.0 -2.4850211632979953 1
gene  1 3 13 -1.6807108973436988 0 170.0 -1.6807108973436988 1
gene  1 4 13 1.4860501672270148 0 171.0 1.4860501672270148 1
gene  1 6 13 0.49070953012656404 0 173.0 0.49070953012656404 1
gene  1 7 13 0.6506558683688948 0 174.0 0.6506558683688948 1
gene  1 13 13 0.2686947500085865 1 180.0 0.2686947500085865 1
gene  1 1 14 1.5531988623814774 0 182.0 1.5531988623814774 1
gene  1 2 14 5.601415889674527 0 183.0 5.601415889674527 1
gene  1 5 14 -3.071520752080124 0 186.0 -3.071520752080124 1
gene  1 6 14 -4.561556597270915 0 187.0 -4.561556597270915 1
gene  1 7 14 -0.7810421690134546 0 188.0 -0.7810421690134546 1
gene  1 13 14 1.7374111293544592 0 194.0 1.7374111293544592 0
gene  1 14 14 -1.7496999762828622 1 195.0 -1.7496999762828622 1
gene  1 4 14 -2.8117988052843863 0 196.0 -2.8117988052843863 1
gene  1 1 13 10.98158725778774 0 216.0 10.98158725778774 1
gene  1 1 33 -0.8111648962445073 0 313.0 -0.8111648962445073 1
gene  1 33 14 5.844393830978361 0 314.0 5.844393830978361 1
gene  1 14 48 3.2580085599731974 1 379.0 3.2580085599731974 1
gene  1 48 14 -2.7914214012115712 0 380.0 -2.7914214012115712 1
gene  1 48 33 -4.386721903919854 0 381.0 -4.386721903919854 1
gene  1 4 33 -4.922102446782094 0 384.0 -4.922102446782094 1
gene  1 13 55 1.013695878439215 0 407.0 1.013695878439215 1
gene  1 55 14 -0.871547842226077 0 408.0 -0.871547842226077 1
gene  1 2 33 -4.707666312309826 0 425.0 -4.707666312309826 1
gene  1 13 33 -2.242426486566818 0 427.0 -2.242426486566818 1
gene  1 5 13 -0.564102339802624 0 436.0 -0.564102339802624 1
genomeend 0
genomestart  1
trait 1 0.12236385032328645 0.11996509262718169 0.0 1.2348572107762614 0.0 1.3168578850843018 1.0590140864502917 1.7905313975538821 
node 1 1 1 1
node 2 1 1 1
node 3 1 1 1
node 4 1 1 1
node 5 1 1 1
node 6 1 1 1
node 7 1 1 3
node 13 1 0 2
node 14 1 0 2
node 33 1 0 0
node 48 1 0 0
node 55 1 0 0
gene  1 2 13 -2.610223938373084 0 169.0 -2.610223938373084 1
gene  1 3 13 0.4145333985851296 0 170.0 0.4145333985851296 1
gene  1 4 13 1.4604649063166506 0 171.0 1.4604649063166506 1
gene  1 6 13 1.1063761808799175 0 173.0 1.1063761808799175 1
gene  1 7 13 1.3631198948582168 0 174.0 1.3631198948582168 1
gene  1 13 13 4.6911953857189035 1 180.0 4.6911953857189035 1
gene  1 1 14 1.5638538652328173 0 182.0 1.5638538652328173 1
gene  1 2 14 8.42808302928217 0 183.0 8.42808302928217 1
gene  1 5 14 -0.11192841931627506 0 186.0 -0.11192841931627506 1
gene  1 6 14 -7.431410794959137 0 187.0 -7.431410794959137 1
gene  1 7 14 -0.7422209329522128 0 188.0 -0.7422209329522128 1
gene  1 13 14 0.5483134559079368 0 194.0 0.5483134559079368 0
gene  1 14 14 -1.5035138765849736 1 195.0 -1.5035138765849736 1
gene  1 4 14 0.7225557454138221 0 196.0 0.7225557454138221 1
gene  1 1 13 12.156148169533514 0 216.0 12.156148169533514 1
gene  1 1 33 -2.7106351981219947 0 313.0 -2.7106351981219947 1
gene  1 33 14 -0.23767499191501312 0 314.0 -0.23767499191501312 1
gene  1 14 48 3.166229143359508 1 379.0 3.166229143359508 1
gene  1 48 14 -1.65602886386894 0 380.0 -1.65602886386894 1
gene  1 48 33 -2.241211443638586 0 381.0 -2.241211443638586 1
gene  1 4 33 1.7704250788134335 0 384.0 1.7704250788134335 1
gene  1 13 55 -2.0071264087203917 0 407.0 -2.0071264087203917 1
gene  1 55 14 -0.42077609159209195 0 408.0 -0.42077609159209195 1
gene  1 2 33 -2.923265276201503 0 425.0 -2.923265276201503 1
gene  1 13 33 -2.422494931111291 0 427.0 -2.422494931111291 1
gene  1 5 13 -1.8567317008426891 0 436.0 -1.8567317008426891 1
genomeend 1
genomestart  2
trait 1 0.3582596345510627 0.4388362906987652 0.8146270411081855 0.0 1.0397212879708124 1.21277466076125 0.0 0.9579208503187541 
node 1 1 1 1
node 2 1 1 1
node 3 1 1 1
node 4 1 1 1
node 5 1 1 1
node 6 1 1 1
node 7 1 1 3
node 13 1 0 2
node 14 1 0 2
node 21 1 0 0
node 24 1 0 0
node 34 1 0 0
gene  1 1 13 -0.7921313249532144 0 168.0 -0.7921313249532144 1
gene  1 4 13 4.495363244021761 0 171.0 4.495363244021761 1
gene  1 5 13 1.1836124109095159 0 172.0 1.1836124109095159 1
gene  1 7 13 0.6411231253613712 0 174.0 0.6411231253613712 1
gene  1 13 13 1.4167284402106273 1 180.0 1.4167284402106273 1
gene  1 2 14 -3.851292554298494 0 183.0 -3.851292554298494 1
gene  1 3 14 1.7716284607549853 0 184.0 1.7716284607549853 1
gene  1 6 14 -1.0737438124397585 0 187.0 -1.0737438124397585 1
gene  1 13 14 0.26376560910028735 0 194.0 0.26376560910028735 1
gene  1 14 14 -2.029315183779627 1 195.0 -2.029315183779627 1
gene  1 6 13 -2.502992491458342 0 205.0 -2.502992491458342 1
gene  1 5 14 -3.247374541637016 0 223.0 -3.247374541637016 1
gene  1 3 13 0.28529000874515154 0 229.0 0.28529000874515154 1
gene  1 2 13 -0.5197387058673784 0 233.0 -0.5197387058673784 1
gene  1 1 21 -0.7096148771784556 0 238.0 -0.7096148771784556 1
gene  1 21 13 -1.7832974921324567 0 239.0 -1.7832974921324567 1
gene  1 5 21 1.8530938515810502 0 253.0 1.8530938515810502 1
gene  1 3 21 2.7584036841710224 0 270.0 2.7584036841710224 1
gene  1 1 24 0.994882816163557 0 275.0 0.994882816163557 1
gene  1 24 13 -1.9122171366473855 0 276.0 -1.9122171366473855 1
gene  1 3 34 0.48415018312277874 0 315.0 0.48415018312277874 1
gene  1 34 14 -5.196215855241531 0 316.0 -5.196215855241531 1
gene  1 3 24 0.15095928731800712 0 324.0 0.15095928731800712 1
gene  1 2 21 4.9968973489623725 0 350.0 4.9968973489623725 1
gene  1 34 13 -0.2417063338322123 0 355.0 -0.2417063338322123 1
gene  1 1 34 -3.2013463473669597 0 361.0 -3.2013463473669597 1
gene  1 7 14 -1.1328745077604412 0 388.0 -1.1328745077604412 1
genomeend 2
genomestart  3
trait 1 0.3582596345510627 0.4388362906987652 0.8146270411081855 0.0 1.0397212879708124 1.21277466076125 0.0 0.9579208503187541 
node 1 1 1 1
node 2 1 1 1
node 3 1 1 1
node 4 1 1 1
node 5 1 1 1
node 6 1 1 1
node 7 1 1 3
node 13 1 0 2
node 14 1 0 2
node 21 1 0 0
node 24 1 0 0
node 34 1 0 0
gene  1 1 13 -2.9531471833217937 0 168.0 -2.9531471833217937 1
gene  1 4 13 6.027446888446882 0 171.0 6.027446888446882 1
gene  1 5 13 1.7328037827568359 0 172.0 1.7328037827568359 1
gene  1 7 13 0.169043683654582 0 174.0 0.169043683654582 1
gene  1 13 13 -1.3252901804494226 1 180.0 -1.3252901804494226 1
gene  1 2 14 -2.682309987408627 0 183.0 -2.682309987408627 1
gene  1 3 14 4.497200826065638 0 184.0 4.497200826065638 1
gene  1 6 14 2.8611902102144766 0 187.0 2.8611902102144766 1
gene  1 13 14 0.8283036408314848 0 194.0 0.8283036408314848 1
gene  1 14 14 2.011169337630574 1 195.0 2.011169337630574 1
gene  1 6 13 -2.2362973173509304 0 205.0 -2.2362973173509304 1
gene  1 5 14 -5.271575857865761 0 223.0 -5.271575857865761 1
gene  1 3 13 -1.478263321647615 0 229.0 -1.478263321647615 1
gene  1 2 13 -3.1455857889174403 0 233.0 -3.1455857889174403 1
gene  1 1 21 1.790836318683404 0 238.0 1.790836318683404 1
gene  1 21 13 -1.0353433951230158 0 239.0 -1.0353433951230158 1
gene  1 5 21 4.842238929817302 0 253.0 4.842238929817302 1
gene  1 3 21 0.9714317188689073 0 270.0 0.9714317188689073 1
gene  1 1 24 -1.7426819274961782 0 275.0 -1.7426819274961782 1
gene  1 24 13 -3.0366355720259164 0 276.0 -3.0366355720259164 1
gene  1 3 34 -4.2697632766570095 0 315.0 -4.2697632766570095 1
gene  1 34 14 -6.023625813617677 0 316.0 -6.023625813617677 1
gene  1 3 24 0.14951690478060997 0 324.0 0.14951690478060997 1
gene  1 2 21 5.299552613229304 0 350.0 5.299552613229304 1
gene  1 34 13 1.8194756398817407 0 355.0 1.8194756398817407 1
gene  1 1 34 1.8566381750845407 0 361.0 1.8566381750845407 1
gene  1 7 14 -4.846570792911766 0 388.0 -4.846570792911766 1
genomeend 3
genomestart  4
trait 1 0.3582596345510627 0.4388362906987652 0.8146270411081855 0.0 1.0397212879708124 1.21277466076125 0.0 0.9579208503187541 
node 1 1 1 1
node 2 1 1 1
node 3 1 1 1
node 4 1 1 1
node 5 1 1 1
node 6 1 1 1
node 7 1 1 3
node 13 1 0 2
node 14 1 0 2
node 21 1 0 0
node 24 1 0 0
node 34 1 0 0
gene  1 1 13 0.6730692816220754 0 168.0 0.6730692816220754 1
gene  1 4 13 2.4917279281007376 0 171.0 2.4917279281007376 1
gene  1 5 13 2.7881171202005586 0 172.0 2.7881171202005586 1
gene  1 7 13 -1.5743093048467254 0 174.0 -1.5743093048467254 1
gene  1 13 13 -0.6054356228264524 1 180.0 -0.6054356228264524 1
gene  1 2 14 -4.950803661521762 0 183.0 -4.950803661521762 1
gene  1 3 14 4.065270501669872 0 184.0 4.065270501669872 1
gene  1 6 14 1.2120024341338564 0 187.0 1.2120024341338564 1
gene  1 13 14 0.42355977344352114 0 194.0 0.42355977344352114 1
gene  1 14 14 4.329153472771854 1 195.0 4.329153472771854 1
gene  1 6 13 -0.15167113750648564 0 205.0 -0.15167113750648564 1
gene  1 5 14 -1.4890717955647923 0 223.0 -1.4890717955647923 1
gene  1 3 13 -1.226465322036543 0 229.0 -1.226465322036543 1
gene  1 2 13 -1.9920559316517006 0 233.0 -1.9920559316517006 1
gene  1 1 21 0.6958735136026545 0 238.0 0.6958735136026545 1
gene  1 21 13 -4.905892475949865 0 239.0 -4.905892475949865 1
gene  1 5 21 3.6690337099970143 0 253.0 3.6690337099970143 1
gene  1 3 21 -1.0096065615506484 0 270.0 -1.0096065615506484 1
gene  1 1 24 -2.983330086301959 0 275.0 -2.983330086301959 1
gene  1 24 13 -3.741987596073769 0 276.0 -3.741987596073769 1
gene  1 3 34 -2.3422250842740735 0 315.0 -2.3422250842740735 1
gene  1 34 14 -4.459985136716134 0 316.0 -4.459985136716134 1
gene  1 3 24 -0.13991998734515648 0 324.0 -0.13991998734515648 1
gene  1 2 21 -1.5076557942711686 0 350.0 -1.5076557942711686 1
gene  1 34 13 1.8426279602235 0 355.0 1.8426279602235 1
gene  1 1 34 0.4111403308716416 0 361.0 0.4111403308716416 1
gene  1 7 14 -0.3552277027195059 0 388.0 -0.3552277027195059 1
genomeend 4
genomestart  5
trait 1 2.155751586713832 0.17234712479644654 0.6164213447269131 1.6445103831169758 1.4319166757498423 0.0 0.6456726887502329 1.595206082509098 
node 1 1 1 1
node 2 1 1 1
node 3 1 1 1
node 4 1 1 1
node 5 1 1 1
node 6 1 1 1
node 7 1 1 3
node 8 1 0 0
node 13 1 0 2
node 14 1 0 2
node 39 1 0 0
node 42 1 0 0
node 51 1 0 0
gene  1 1 8 0.33680551183904006 0 98.0 0.33680551183904006 1
gene  1 2 8 -0.927140642072334 0 99.0 -0.927140642072334 1
gene  1 3 8 1.5382223671794164 0 100.0 1.5382223671794164 1
gene  1 4 8 1.6202851791425503 0 101.0 1.6202851791425503 1
gene  1 5 8 -1.6683676676574852 0 102.0 -1.6683676676574852 1
gene  1 6 8 -1.8999481041439639 0 103.0 -1.8999481041439639 1
gene  1 8 8 -2.34604850296421 1 105.0 -2.34604850296421 1
gene  1 13 8 -3.4494746300588237 1 110.0 -3.4494746300588237 1
gene  1 14 8 6.241690930923287 1 111.0 6.241690930923287 1
gene  1 3 13 1.7023626506911305 0 170.0 1.7023626506911305 1
gene  1 5 13 1.6774039210522291 0 172.0 1.6774039210522291 1
gene  1 7 13 0.37741115504542594 0 174.0 0.37741115504542594 1
gene  1 13 13 -5.075240261874072 1 180.0 -5.075240261874072 1
gene  1 2 14 3.9613445828825817 0 183.0 3.9613445828825817 1
gene  1 4 14 0.6690756603415571 0 185.0 0.6690756603415571 1
gene  1 6 14 0.24731977750234113 0 187.0 0.24731977750234113 1
gene  1 8 14 3.0810825442741203 0 189.0 3.0810825442741203 1
gene  1 13 14 -8.761132647859041 0 194.0 -8.761132647859041 1
gene  1 2 13 -0.34437049600748615 0 213.0 -0.34437049600748615 1
gene  1 4 13 -2.7577745816568844 0 230.0 -2.7577745816568844 1
gene  1 13 8 0.7859161471092471 0 244.0 0.7859161471092471 1
gene  1 7 14 3.1218427871954737 0 264.0 3.1218427871954737 1
gene  1 1 14 -1.2279528725276379 0 299.0 -1.2279528725276379 1
gene  1 5 14 3.9620658836810065 0 310.0 3.9620658836810065 1
gene  1 1 13 0.7589375225447583 0 311.0 0.7589375225447583 1
gene  1 13 39 -3.8092608312234386 0 344.0 -3.8092608312234386 1
gene  1 39 8 2.6487352730107308 0 345.0 2.6487352730107308 1
gene  1 6 13 1.8857263918033051 0 348.0 1.8857263918033051 1
gene  1 2 42 -0.7976311169583367 0 359.0 -0.7976311169583367 1
gene  1 42 14 -4.930432294673061 0 360.0 -4.930432294673061 1
gene  1 13 42 -0.2338485778783772 0 366.0 -0.2338485778783772 1
gene  1 5 51 0.8365302300485586 0 396.0 0.8365302300485586 1
gene  1 51 14 2.062743020790458 0 397.0 2.062743020790458 1
gene  1 6 42 -2.2596450470405864 0 423.0 -2.2596450470405864 1
gene  1 39 42 1.6794890883431686 0 426.0 1.6794890883431686 1
genomeend 5
genomestart  6
trait 1 2.155751586713832 0.17234712479644654 0.6164213447269131 1.6445103831169758 1.4319166757498423 0.0 0.6456726887502329 1.595206082509098 
node 1 1 1 1
node 2 1 1 1
node 3 1 1 1
node 4 1 1 1
node 5 1 1 1
node 6 1 1 1
node 7 1 1 3
node 8 1 0 0
node 13 1 0 2
node 14 1 0 2
node 39 1 0 0
node 42 1 0 0
node 51 1 0 0
gene  1 1 8 -1.0685197934471846 0 98.0 -1.0685197934471846 1
gene  1 2 8 0.7188805302110743 0 99.0 0.7188805302110743 1
gene  1 3 8 0.02629971971866052 0 100.0 0.02629971971866052 1
gene  1 4 8 1.4495955350660024 0 101.0 1.4495955350660024 1
gene  1 5 8 -0.8856702769226363 0 102.0 -0.8856702769226363 1
gene  1 6 8 -0.46440488308192585 0 103.0 -0.46440488308192585 1
gene  1 8 8 -0.2752266327238274 1 105.0 -0.2752266327238274 1
gene  1 13 8 -4.085550167707227 1 110.0 -4.085550167707227 1
gene  1 14 8 6.080081516052673 1 111.0 6.080081516052673 1
gene  1 3 13 1.5498243883303233 0 170.0 1.5498243883303233 1
gene  1 5 13 8.81396312027238 0 172.0 8.81396312027238 1
gene  1 7 13 -5.153925425995009 0 174.0 -5.153925425995009 1
gene  1 13 13 -4.010340172306234 1 180.0 -4.010340172306234 1
gene  1 2 14 0.9928240291982771 0 183.0 0.9928240291982771 1
gene  1 4 14 1.559852306267998 0 185.0 1.559852306267998 1
gene  1 6 14 -0.3230583751665197 0 187.0 -0.3230583751665197 1
gene  1 8 14 4.258327855911192 0 189.0 4.258327855911192 1
gene  1 13 14 -7.564141185127154 0 194.0 -7.564141185127154 1
gene  1 2 13 -14.630701564594894 0 213.0 -14.630701564594894 1
gene  1 4 13 -2.7577745816568844 0 230.0 -2.7577745816568844 1
gene  1 13 8 3.307490942586049 0 244.0 3.307490942586049 1
gene  1 7 14 1.2149592807767464 0 264.0 1.2149592807767464 1
gene  1 1 14 5.481159206319407 0 299.0 5.481159206319407 1
gene  1 5 14 0.05056611530140853 0 310.0 0.05056611530140853 0
gene  1 1 13 -0.5368175388412488 0 311.0 -0.5368175388412488 1
gene  1 13 39 -0.904739168090577 0 344.0 -0.904739168090577 1
gene  1 39 8 0.9913914978982554 0 345.0 0.9913914978982554 1
gene  1 6 13 4.8396920678828215 0 348.0 4.8396920678828215 1
gene  1 2 42 0.3460356660527677 0 359.0 0.3460356660527677 1
gene  1 42 14 -2.6770389764427014 0 360.0 -2.6770389764427014 1
gene  1 13 42 -0.31050256380203034 0 366.0 -0.31050256380203034 1
gene  1 5 51 -1.7761403491885883 0 396.0 -1.7761403491885883 1
gene  1 51 14 -2.1561046756063407 0 397.0 -2.1561046756063407 1
gene  1 6 42 1.0213466375225106 0 423.0 1.0213466375225106 1
gene  1 39 42 1.2655174622429475 0 426.0 1.2655174622429475 1
genomeend 6
genomestart  7
trait 1 2.225061889405073 0.0 0.0 1.3327232120186472 1.3666937545645097 0.0 1.091719119822867 0.9886345967811722 
node 1 1 1 1
node 2 1 1 1
node 3 1 1 1
node 4 1 1 1
node 5 1 1 1
node 6 1 1 1
node 7 1 1 3
node 8 1 0 0
node 9 1 0 0
node 10 1 0 0
node 13 1 0 2
node 14 1 0 2
node 28 1 0 0
node 41 1 0 0
node 43 1 0 0
node 47 1 0 0
gene  1 1 8 -0.26829825603758706 0 98.0 -0.26829825603758706 1
gene  1 3 8 1.4662805662702858 0 100.0 1.4662805662702858 1
gene  1 5 8 -2.3408376490507186 0 102.0 -2.3408376490507186 1
gene  1 6 8 6.125541523158866 0 103.0 6.125541523158866 1
gene  1 8 8 -0.7522864016079608 1 105.0 -0.7522864016079608 1
gene  1 1 9 -2.004363081637408 0 112.0 -2.004363081637408 1
gene  1 2 9 -1.044929661901051 0 113.0 -1.044929661901051 1
gene  1 3 9 0.6593689783434195 0 114.0 0.6593689783434195 1
gene  1 5 9 9.483900470301457 0 116.0 9.483900470301457 1
gene  1 7 9 10.52051819748464 0 118.0 10.52051819748464 1
gene  1 9 9 2.0658147879885522 1 120.0 2.0658147879885522 1
gene  1 10 9 -0.3117456152411968 1 121.0 -0.3117456152411968 1
gene  1 13 9 0.5546278578282106 1 124.0 0.5546278578282106 1
gene  1 2 10 1.147228441211472 0 127.0 1.147228441211472 1
gene  1 4 10 -2.2256282821405278 0 129.0 -2.2256282821405278 1
gene  1 5 10 2.1232148315627213 0 130.0 2.1232148315627213 1
gene  1 8 10 -0.5791148624603712 0 133.0 -0.5791148624603712 1
gene  1 9 10 2.583261742520204 0 134.0 2.583261742520204 1
gene  1 10 10 -4.262416386931184 1 135.0 -4.262416386931184 1
gene  1 13 10 2.6023239444328885 1 138.0 2.6023239444328885 1
gene  1 14 10 0.10946829260106661 1 139.0 0.10946829260106661 1
gene  1 2 13 1.3854501746476027 0 169.0 1.3854501746476027 1
gene  1 3 13 -5.290332073289925 0 170.0 -5.290332073289925 1
gene  1 6 13 -2.8666120552332575 0 173.0 -2.8666120552332575 1
gene  1 7 13 1.9834121028833767 0 174.0 1.9834121028833767 1
gene  1 9 13 -2.187577976837372 0 176.0 -2.187577976837372 1
gene  1 13 13 -1.7353046306539919 1 180.0 -1.7353046306539919 1
gene  1 14 13 -0.5827891850316096 1 181.0 -0.5827891850316096 1
gene  1 1 14 0.2296830625070853 0 182.0 0.2296830625070853 1
gene  1 3 14 13.329275190479834 0 184.0 13.329275190479834 1
gene  1 9 14 -6.654626058586067 0 190.0 -6.654626058586067 1
gene  1 10 14 0.3196987715796227 0 191.0 0.3196987715796227 1
gene  1 8 13 -0.3177101380250491 0 207.0 -0.3177101380250491 1
gene  1 1 10 -9.029484257135273 0 226.0 -9.029484257135273 1
gene  1 6 14 5.799514997403364 0 234.0 5.799514997403364 1
gene  1 8 28 2.5747976592138406 1 293.0 2.5747976592138406 1
gene  1 28 8 -3.6993279924258005 0 294.0 -3.6993279924258005 1
gene  1 8 9 -4.962479466456494 0 328.0 -4.962479466456494 1
gene  1 8 41 0.5345948528743629 1 357.0 0.5345948528743629 1
gene  1 41 8 -0.5407605645232327 0 358.0 -0.5407605645232327 1
gene  1 14 43 -6.661041641409007 1 364.0 -6.661041641409007 1
gene  1 43 10 0.512182952392203 0 365.0 0.512182952392203 1
gene  1 5 47 1.9037683493570703 0 375.0 1.9037683493570703 1
gene  1 47 9 -2.3269703893845093 0 376.0 -2.3269703893845093 1
gene  1 41 14 2.201791516910613 0 387.0 2.201791516910613 1
gene  1 4 28 -1.9972982692068313 0 419.0 -1.9972982692068313 1
gene  1 2 28 1.3155308400074017 0 429.0 1.3155308400074017 1
genomeend 7
genomestart  8
trait 1 2.225061889405073 0.0 0.0 1.3327232120186472 1.3666937545645097 0.0 1.091719119822867 0.9886345967811722 
node 1 1 1 1
node 2 1 1 1
node 3 1 1 1
node 4 1 1 1
node 5 1 1 1
node 6 1 1 1
node 7 1 1 3
node 8 1 0 0
node 9 1 0 0
node 10 1 0 0
node 13 1 0 2
node 14 1 0 2
node 28 1 0 0
node 41 1 0 0
node 43 1 0 0
node 47 1 0 0
gene  1 1 8 -4.393748579039155 0 98.0 -4.393748579039155 1
gene  1 3 8 0.8842856446356022 0 100.0 0.8842856446356022 1
gene  1 5 8 1.6799655199416093 0 102.0 1.6799655199416093 1
gene  1 6 8 6.699563423097899 0 103.0 6.699563423097899 1
gene  1 8 8 -2.1317048508695784 1 105.0 -2.1317048508695784 1
gene  1 1 9 -2.008285872293042 0 112.0 -2.008285872293042 1
gene  1 2 9 0.47067826721512634 0 113.0 0.47067826721512634 1
gene  1 3 9 -0.16177589854635493 0 114.0 -0.16177589854635493 1
gene  1 5 9 9.339587531258259 0 116.0 9.339587531258259 1
gene  1 7 9 9.160901207740071 0 118.0 9.160901207740071 1
gene  1 9 9 -1.21135268777128 1 120.0 -1.21135268777128 1
gene  1 10 9 -1.4079243068178473 1 121.0 -1.4079243068178473 1
gene  1 13 9 -2.418407302381561 1 124.0 -2.418407302381561 1
gene  1 2 10 2.2344378037088855 0 127.0 2.2344378037088855 1
gene  1 4 10 -3.026841586097861 0 129.0 -3.026841586097861 1
gene  1 5 10 0.7576561907986656 0 130.0 0.7576561907986656 1
gene  1 8 10 1.2761319788735357 0 133.0 1.2761319788735357 1
gene  1 9 10 2.3119239292051015 0 134.0 2.3119239292051015 1
gene  1 10 10 0.22084353725369904 1 135.0 0.22084353725369904 1
gene  1 13 10 4.2407343252235155 1 138.0 4.2407343252235155 1
gene  1 14 10 3.0624914856440397 1 139.0 3.0624914856440397 1
gene  1 2 13 1.524575297107025 0 169.0 1.524575297107025 1
gene  1 3 13 -6.612694232778445 0 170.0 -6.612694232778445 1
gene  1 6 13 -4.350900184241642 0 173.0 -4.350900184241642 1
gene  1 7 13 3.170621606350469 0 174.0 3.170621606350469 1
gene  1 9 13 -5.0281268362149 0 176.0 -5.0281268362149 1
gene  1 13 13 -1.819997548830032 1 180.0 -1.819997548830032 1
gene  1 14 13 0.8094243864278429 1 181.0 0.8094243864278429 1
gene  1 1 14 -0.8723940721860268 0 182.0 -0.8723940721860268 1
gene  1 3 14 15.487194343494242 0 184.0 15.487194343494242 1
gene  1 9 14 2.1741550342431375 0 190.0 2.1741550342431375 1
gene  1 10 14 -2.014941366585193 0 191.0 -2.014941366585193 1
gene  1 8 13 -4.4918268207667955 0 207.0 -4.4918268207667955 1
gene  1 1 10 -10.39424951871893 0 226.0 -10.39424951871893 1
gene  1 6 14 6.512450119421877 0 234.0 6.512450119421877 1
gene  1 8 28 -0.847146404552521 1 293.0 -0.847146404552521 1
gene  1 28 8 -1.2396987951132186 0 294.0 -1.2396987951132186 1
gene  1 8 9 -1.2405319573671187 0 328.0 -1.2405319573671187 1
gene  1 8 41 -2.5639295026794655 1 357.0 -2.5639295026794655 1
gene  1 41 8 -1.291193942945391 0 358.0 -1.291193942945391 1
gene  1 14 43 -9.307675500420489 1 364.0 -9.307675500420489 1
gene  1 43 10 0.5738991729580756 0 365.0 0.5738991729580756 1
gene  1 5 47 1.2113053196296613 0 375.0 1.2113053196296613 1
gene  1 47 9 -2.201068410080959 0 376.0 -2.201068410080959 1
gene  1 41 14 -2.2402920538177495 0 387.0 -2.2402920538177495 1
gene  1 4 28 -2.0678964975537126 0 419.0 -2.0678964975537126 1
gene  1 2 28 0.6065547611913926 0 429.0 0.6065547611913926 1
genomeend 8
genomestart  9
trait 1 0.0 0.507208509242693 0.0 1.336083291708453 2.3145837249829695 0.0 0.0 0.868067118942248 
node 1 1 1 1
node 2 1 1 1
node 3 1 1 1
node 4 1 1 1
node 5 1 1 1
node 6 1 1 1
node 7 1 1 3
node 8 1 0 0
node 13 1 0 2
node 14 1 0 2
node 22 1 0 0
node 25 1 0 0
node 29 1 0 0
node 57 1 0 0
node 58 1 0 0
gene  1 1 8 -0.2844337784365497 0 98.0 -0.2844337784365497 1
gene  1 3 8 0.3126677347369172 0 100.0 0.3126677347369172 1
gene  1 4 8 -2.1874007673136586 0 101.0 -2.1874007673136586 1
gene  1 5 8 -0.277833396932615 0 102.0 -0.277833396932615 1
gene  1 6 8 2.14253417628069 0 103.0 2.14253417628069 1
gene  1 8 8 2.3487152420665414 1 105.0 2.3487152420665414 1
gene  1 1 13 -1.0694157988129724 0 168.0 -1.0694157988129724 1
gene  1 5 13 2.8534465630116097 0 172.0 2.8534465630116097 0
gene  1 13 13 -2.2463038679168212 1 180.0 -2.2463038679168212 1
gene  1 14 13 1.2501272117848083 1 181.0 1.2501272117848083 1
gene  1 2 14 -2.120561793676712 0 183.0 -2.120561793676712 1
gene  1 3 14 -0.7139873417679778 0 184.0 -0.7139873417679778 1
gene  1 5 14 3.340116630644185 0 186.0 3.340116630644185 1
gene  1 7 14 -2.2115313435485717 0 188.0 -2.2115313435485717 1
gene  1 8 14 -1.5003884804515883 0 189.0 -1.5003884804515883 0
gene  1 13 14 -7.916078405096984 0 194.0 -7.916078405096984 1
gene  1 2 13 -2.974841765552655 0 236.0 -2.974841765552655 1
gene  1 8 22 -3.79171916589347 0 240.0 -3.79171916589347 1
gene  1 22 14 -2.995997332954138 0 241.0 -2.995997332954138 1
gene  1 1 22 1.4918152345650024 0 245.0 1.4918152345650024 1
gene  1 13 8 -3.342699367433174 0 257.0 -3.342699367433174 1
gene  1 5 22 -8.679111309416905 0 265.0 -8.679111309416905 1
gene  1 1 25 -1.3149106711920404 0 279.0 -1.3149106711920404 1
gene  1 25 8 -1.178679019369934 0 280.0 -1.178679019369934 1
gene  1 8 29 0.869707052595543 0 297.0 0.869707052595543 1
gene  1 29 14 0.8140239451431494 0 298.0 0.8140239451431494 1
gene  1 1 14 3.833502714719699 0 312.0 3.833502714719699 1
gene  1 2 29 0.34169586188611545 0 330.0 0.34169586188611545 1
gene  1 5 25 -4.74259430318659 0 343.0 -4.74259430318659 1
gene  1 6 29 0.8598495478606862 0 386.0 0.8598495478606862 1
gene  1 22 29 -1.4639439002157757 0 416.0 -1.4639439002157757 1
gene  1 4 14 -3.671868123734333 0 424.0 -3.671868123734333 1
gene  1 4 29 -5.304558512423851 0 432.0 -5.304558512423851 1
gene  1 8 57 1.0 0 437.0 0.0 1
gene  1 57 14 -1.5003884804515883 0 438.0 0.0 1
gene  1 3 22 -9.285728497448561 0 440.0 -9.285728497448561 1
gene  1 5 58 1.0 0 441.0 0.0 1
gene  1 58 13 2.8534465630116097 0 442.0 0.0 1
genomeend 9
genomestart  10
trait 1 0.0 0.507208509242693 0.0 1.336083291708453 2.3145837249829695 0.0 0.0 0.868067118942248 
node 1 1 1 1
node 2 1 1 1
node 3 1 1 1
node 4 1 1 1
node 5 1 1 1
node 6 1 1 1
node 7 1 1 3
node 8 1 0 0
node 13 1 0 2
node 14 1 0 2
node 22 1 0 0
node 25 1 0 0
node 29 1 0 0
node 57 1 0 0
gene  1 1 8 2.05868923880283 0 98.0 2.05868923880283 1
gene  1 3 8 1.9022022812056685 0 100.0 1.9022022812056685 1
gene  1 4 8 -3.4362149781460527 0 101.0 -3.4362149781460527 1
gene  1 5 8 -1.2963124358128062 0 102.0 -1.2963124358128062 1
gene  1 6 8 4.180605889639796 0 103.0 4.180605889639796 1
gene  1 8 8 2.0493881927726187 1 105.0 2.0493881927726187 1
gene  1 1 13 -1.7743573958916352 0 168.0 -1.7743573958916352 1
gene  1 5 13 4.943684422902387 0 172.0 4.943684422902387 1
gene  1 13 13 -1.2752154234451947 1 180.0 -1.2752154234451947 1
gene  1 14 13 -0.27747084451653303 1 181.0 -0.27747084451653303 1
gene  1 2 14 -1.2093307664936812 0 183.0 -1.2093307664936812 1
gene  1 3 14 1.1460401735668775 0 184.0 1.1460401735668775 1
gene  1 5 14 4.6804660183607645 0 186.0 4.6804660183607645 1
gene  1 7 14 0.23770540778887206 0 188.0 0.23770540778887206 1
gene  1 8 14 0.7924903922662527 0 189.0 0.7924903922662527 0
gene  1 13 14 -7.653554936256929 0 194.0 -7.653554936256929 1
gene  1 2 13 -2.619497100986583 0 236.0 -2.619497100986583 1
gene  1 8 22 -5.1914975048429195 0 240.0 -5.1914975048429195 1
gene  1 22 14 -4.9966175089421645 0 241.0 -4.9966175089421645 1
gene  1 1 22 3.4140045636003427 0 245.0 3.4140045636003427 1
gene  1 13 8 -4.910003771617873 0 257.0 -4.910003771617873 1
gene  1 5 22 -8.107051868230194 0 265.0 -8.107051868230194 1
gene  1 1 25 -1.1874485184525585 0 279.0 -1.1874485184525585 1
gene  1 25 8 0.912522005724874 0 280.0 0.912522005724874 1
gene  1 8 29 1.2987845849807476 0 297.0 1.2987845849807476 1
gene  1 29 14 2.7960754273334882 0 298.0 2.7960754273334882 1
gene  1 1 14 2.7861142138640544 0 312.0 2.7861142138640544 1
gene  1 2 29 2.626855825114027 0 330.0 2.626855825114027 1
gene  1 5 25 -6.438817504140249 0 343.0 -6.438817504140249 1
gene  1 6 29 0.8631835744836491 0 386.0 0.8631835744836491 1
gene  1 22 29 -3.0793755711551474 0 416.0 -3.0793755711551474 1
gene  1 4 14 -5.3710834316424 0 424.0 -5.3710834316424 1
gene  1 4 29 2.436332723050577 0 432.0 2.436332723050577 1
gene  1 8 57 -1.3307993959254816 0 437.0 -1.3307993959254816 1
gene  1 57 14 -3.098581817515351 0 438.0 -3.098581817515351 1
gene  1 3 22 -9.285728497448561 0 440.0 -9.285728497448561 1
genomeend 10
genomestart  11
trait 1 0.0 0.507208509242693 0.0 1.336083291708453 2.3145837249829695 0.0 0.0 0.868067118942248 
node 1 1 1 1
node 2 1 1 1
node 3 1 1 1
node 4 1 1 1
node 5 1 1 1
node 6 1 1 1
node 7 1 1 3
node 8 1 0 0
node 13 1 0 2
node 14 1 0 2
node 22 1 0 0
node 25 1 0 0
node 29 1 0 0
node 57 1 0 0
gene  1 1 8 0.17186970499228488 0 98.0 0.17186970499228488 1
gene  1 3 8 1.9494905629417443 0 100.0 1.9494905629417443 1
gene  1 4 8 -0.6437996067623861 0 101.0 -0.6437996067623861 1
gene  1 5 8 -0.3831822470174837 0 102.0 -0.3831822470174837 1
gene  1 6 8 2.5557871442596616 0 103.0 2.5557871442596616 1
gene  1 8 8 0.9573039026735302 1 105.0 0.9573039026735302 1
gene  1 1 13 -3.1010747094300393 0 168.0 -3.1010747094300393 1
gene  1 5 13 4.6383671293849265 0 172.0 4.6383671293849265 1
gene  1 13 13 0.19484841822158572 1 180.0 0.19484841822158572 1
gene  1 14 13 2.1854158321732835 1 181.0 2.1854158321732835 1
gene  1 2 14 0.3518191629141634 0 183.0 0.3518191629141634 1
gene  1 3 14 -0.2610437783277319 0 184.0 -0.2610437783277319 1
gene  1 5 14 4.757143483239345 0 186.0 4.757143483239345 1
gene  1 7 14 0.25024860190442544 0 188.0 0.25024860190442544 1
gene  1 8 14 0.8749271651534758 0 189.0 0.8749271651534758 0
gene  1 13 14 -7.8833760327859155 0 194.0 -7.8833760327859155 1
gene  1 2 13 -4.738075999460975 0 236.0 -4.738075999460975 1
gene  1 8 22 -2.084502033823353 0 240.0 -2.084502033823353 1
gene  1 22 14 -3.463699714532042 0 241.0 -3.463699714532042 1
gene  1 1 22 -0.6518131176754864 0 245.0 -0.6518131176754864 1
gene  1 13 8 -2.8756423883898377 0 257.0 -2.8756423883898377 1
gene  1 5 22 -10.054935220541019 0 265.0 -10.054935220541019 1
gene  1 1 25 -1.5523253047820325 0 279.0 -1.5523253047820325 1
gene  1 25 8 0.25099995153367893 0 280.0 0.25099995153367893 1
gene  1 8 29 3.2738775133092286 0 297.0 3.2738775133092286 1
gene  1 29 14 -0.9562087173065533 0 298.0 -0.9562087173065533 1
gene  1 1 14 2.4601847585074816 0 312.0 2.4601847585074816 1
gene  1 2 29 1.6277339997812543 0 330.0 1.6277339997812543 1
gene  1 5 25 -6.652244953689076 0 343.0 -6.652244953689076 1
gene  1 6 29 -0.8260594605045442 0 386.0 -0.8260594605045442 1
gene  1 22 29 -1.6706970250247337 0 416.0 -1.6706970250247337 1
gene  1 4 14 -3.671868123734333 0 424.0 -3.671868123734333 1
gene  1 4 29 -1.5006143977301396 0 432.0 -1.5006143977301396 1
gene  1 8 57 0.21419197488923702 0 437.0 0.21419197488923702 1
gene  1 57 14 -1.5003884804515883 0 438.0 -1.5003884804515883 1
gene  1 3 22 -7.299489230204322 0 440.0 -7.299489230204322 1
genomeend 11
genomestart  12
trait 1 1.402383203898018 0.0 0.2801480703138618 0.13170090422630065 0.0 1.2871131578344006 0.7490166652742296 0.0 
node 1 1 1 1
node 2 1 1 1
node 3 1 1 1
node 4 1 1 1
node 5 1 1 1
node 6 1 1 1
node 7 1 1 3
node 13 1 0 2
node 14 1 0 2
node 49 1 0 0
gene  1 1 13 2.4388179707471203 0 168.0 2.4388179707471203 1
gene  1 2 13 4.446847419870425 0 169.0 4.446847419870425 1
gene  1 3 13 -1.7533971655079985 0 170.0 -1.7533971655079985 0
gene  1 4 13 -0.23441144337765074 0 171.0 -0.23441144337765074 1
gene  1 5 13 2.529738652540475 0 172.0 2.529738652540475 1
gene  1 6 13 -1.3106557225288922 0 173.0 -1.3106557225288922 1
gene  1 7 13 -5.374734409649998 0 174.0 -5.374734409649998 1
gene  1 14 13 -0.3909545099089076 1 181.0 -0.3909545099089076 1
gene  1 1 14 1.0144918660418611 0 182.0 1.0144918660418611 1
gene  1 2 14 -1.8413898033777951 0 183.0 -1.8413898033777951 1
gene  1 3 14 0.8559301452119716 0 184.0 0.8559301452119716 1
gene  1 13 14 -0.021899256956372626 0 194.0 -0.021899256956372626 1
gene  1 14 14 -1.4814169330596714 1 195.0 -1.4814169330596714 1
gene  1 7 14 3.5637080859382837 0 273.0 3.5637080859382837 1
gene  1 4 14 0.5783662390576823 0 283.0 0.5783662390576823 1
gene  1 5 14 0.7471903857095779 0 303.0 0.7471903857095779 1
gene  1 6 14 -2.91173098028358 0 307.0 -2.91173098028358 1
gene  1 3 49 1.070136205709673 0 389.0 1.070136205709673 1
gene  1 49 13 5.5931859003154925 0 390.0 5.5931859003154925 1
gene  1 5 49 8.620655877284175 0 403.0 8.620655877284175 1
gene  1 1 49 0.5296274180592306 0 430.0 0.5296274180592306 1
genomeend 12
genomestart  13
trait 1 1.402383203898018 0.0 0.2801480703138618 0.13170090422630065 0.0 1.2871131578344006 0.7490166652742296 0.0 
node 1 1 1 1
node 2 1 1 1
node 3 1 1 1
node 4 1 1 1
node 5 1 1 1
node 6 1 1 1
node 7 1 1 3
node 13 1 0 2
node 14 1 0 2
node 49 1 0 0
gene  1 1 13 -1.660501959428007 0 168.0 -1.660501959428007 1
gene  1 2 13 -0.7189093501217605 0 169.0 -0.7189093501217605 1
gene  1 3 13 -5.722735364655316 0 170.0 -5.722735364655316 0
gene  1 4 13 0.5114974069961433 0 171.0 0.5114974069961433 1
gene  1 5 13 0.8947536550737323 0 172.0 0.8947536550737323 1
gene  1 6 13 1.6766683124347943 0 173.0 1.6766683124347943 1
gene  1 7 13 2.2649418069926153 0 174.0 2.2649418069926153 1
gene  1 14 13 5.044136542377211 1 181.0 5.044136542377211 1
gene  1 1 14 2.289334267339432 0 182.0 2.289334267339432 1
gene  1 2 14 -0.14013132756032087 0 183.0 -0.14013132756032087 1
gene  1 3 14 4.392328747610611 0 184.0 4.392328747610611 1
gene  1 13 14 -2.915007239858877 0 194.0 -2.915007239858877 1
gene  1 14 14 2.792558764076774 1 195.0 2.792558764076774 1
gene  1 7 14 5.1716455272188515 0 273.0 5.1716455272188515 1
gene  1 4 14 3.097350453886393 0 283.0 3.097350453886393 1
gene  1 5 14 2.587031742029494 0 303.0 2.587031742029494 1
gene  1 6 14 -4.873091920609458 0 307.0 -4.873091920609458 1
gene  1 3 49 1.0406603597568327 0 389.0 1.0406603597568327 1
gene  1 49 13 1.1114282217810267 0 390.0 1.1114282217810267 1
gene  1 5 49 9.247861451042914 0 403.0 9.247861451042914 1
gene  1 1 49 0.9085810445000231 0 430.0 0.9085810445000231 1
genomeend 13
genomestart  14
trait 1 1.402383203898018 0.0 0.2801480703138618 0.13170090422630065 0.0 1.2871131578344006 0.7490166652742296 0.0 
node 1 1 1 1
node 2 1 1 1
node 3 1 1 1
node 4 1 1 1
node 5 1 1 1
node 6 1 1 1
node 7 1 1 3
node 13 1 0 2
node 14 1 0 2
node 49 1 0 0
gene  1 1 13 -4.928389577970271 0 168.0 -4.928389577970271 1
gene  1 2 13 4.446847419870425 0 169.0 4.446847419870425 1
gene  1 3 13 -4.261276361721549 0 170.0 -4.261276361721549 0
gene  1 4 13 -0.7253759454393254 0 171.0 -0.7253759454393254 1
gene  1 5 13 0.4978421174209036 0 172.0 0.4978421174209036 1
gene  1 6 13 0.7395980817208132 0 173.0 0.7395980817208132 1
gene  1 7 13 -6.581914429842189 0 174.0 -6.581914429842189 1
gene  1 14 13 2.0348526627319976 1 181.0 2.0348526627319976 1
gene  1 1 14 3.816753808372166 0 182.0 3.816753808372166 1
gene  1 2 14 -1.903866340000622 0 183.0 -1.903866340000622 1
gene  1 3 14 -1.6299367115868288 0 184.0 -1.6299367115868288 1
gene  1 13 14 0.56798009138912 0 194.0 0.56798009138912 1
gene  1 14 14 1.5158507105499746 1 195.0 1.5158507105499746 1
gene  1 7 14 4.384881914929063 0 273.0 4.384881914929063 1
gene  1 4 14 -0.06358635510256949 0 283.0 -0.06358635510256949 1
gene  1 5 14 1.3219466589652298 0 303.0 1.3219466589652298 1
gene  1 6 14 -1.19449268725205 0 307.0 -1.19449268725205 1
gene  1 3 49 2.031026707814607 0 389.0 2.031026707814607 1
gene  1 49 13 5.5931859003154925 0 390.0 5.5931859003154925 1
gene  1 5 49 8.389044315239234 0 403.0 8.389044315239234 1
gene  1 1 49 -0.46523704951442557 0 430.0 -0.46523704951442557 1
genomeend 14
genomestart  15
trait 1 0.04702751910613956 0.5319433208524987 0.8875428902212121 0.7010184240616681 0.2545070174269727 0.020095000702126553 0.0 0.0 
node 1 1 1 1
node 2 1 1 1
node 3 1 1 1
node 4 1 1 1
node 5 1 1 1
node 6 1 1 1
node 7 1 1 3
node 8 1 0 0
node 9 1 0 0
node 13 1 0 2
node 14 1 0 2
node 20 1 0 0
node 56 1 0 0
gene  1 1 8 -6.286682941878437 0 98.0 -6.286682941878437 1
gene  1 2 8 6.600898808840161 0 99.0 6.600898808840161 1
gene  1 3 8 9.368221611160942 0 100.0 9.368221611160942 1
gene  1 6 8 7.658189116483823 0 103.0 7.658189116483823 1
gene  1 8 8 -0.6670038421999245 1 105.0 -0.6670038421999245 1
gene  1 9 8 8.18040957623621 1 106.0 8.18040957623621 1
gene  1 13 8 7.131478755937593 1 110.0 7.131478755937593 1
gene  1 14 8 -5.028213786944278 1 111.0 -5.028213786944278 1
gene  1 1 9 5.39282962167999 0 112.0 5.39282962167999 1
gene  1 4 9 -8.84136306839242 0 115.0 -8.84136306839242 1
gene  1 5 9 1.7290482727087464 0 116.0 1.7290482727087464 1
gene  1 7 9 -1.3315167527010816 0 118.0 -1.3315167527010816 1
gene  1 9 9 -0.6829849640418926 1 120.0 -0.6829849640418926 1
gene  1 14 9 -1.244991091534144 1 125.0 -1.244991091534144 1
gene  1 2 13 5.6671499179331075 0 169.0 5.6671499179331075 1
gene  1 5 13 0.8510816707356597 0 172.0 0.8510816707356597 1
gene  1 8 13 0.5611910236632465 0 175.0 0.5611910236632465 1
gene  1 1 14 11.688991514585002 0 182.0 11.688991514585002 1
gene  1 2 14 -9.37441144782943 0 183.0 -9.37441144782943 1
gene  1 3 14 0.5232524916935004 0 184.0 0.5232524916935004 1
gene  1 6 14 -6.2246132463984924 0 187.0 -6.2246132463984924 1
gene  1 13 14 -2.6996107211174096 0 194.0 -2.6996107211174096 1
gene  1 14 14 10.15682678985182 1 195.0 10.15682678985182 1
gene  1 5 8 0.048322563201056434 0 202.0 0.048322563201056434 0
gene  1 4 13 -7.50100422748298 0 220.0 -7.50100422748298 1
gene  1 1 20 -6.512960701298812 0 231.0 -6.512960701298812 1
gene  1 20 14 0.20936681696947046 0 232.0 0.20936681696947046 1
gene  1 1 13 -1.9225979535170095 0 329.0 -1.9225979535170095 1
gene  1 13 20 1.7018788339357487 0 337.0 1.7018788339357487 1
gene  1 4 20 -3.001195259150652 0 339.0 -3.001195259150652 1
gene  1 9 8 2.213567762262789 0 404.0 2.213567762262789 1
gene  1 8 14 5.549456513604615 0 410.0 5.549456513604615 1
gene  1 5 56 1.9834869040212606 0 434.0 1.9834869040212606 1
gene  1 56 8 -2.406346838360854 0 435.0 -2.406346838360854 1
genomeend 15
genomestart  16
trait 1 0.04702751910613956 0.5319433208524987 0.8875428902212121 0.7010184240616681 0.2545070174269727 0.020095000702126553 0.0 0.0 
node 1 1 1 1
node 2 1 1 1
node 3 1 1 1
node 4 1 1 1
node 5 1 1 1
node 6 1 1 1
node 7 1 1 3
node 8 1 0 0
node 9 1 0 0
node 13 1 0 2
node 14 1 0 2
node 20 1 0 0
node 56 1 0 0
gene  1 1 8 -7.091296365940975 0 98.0 -7.091296365940975 1
gene  1 2 8 9.201950124554417 0 99.0 9.201950124554417 1
gene  1 3 8 10.518227373803047 0 100.0 10.518227373803047 1
gene  1 6 8 -1.9524561529911424 0 103.0 -1.9524561529911424 1
gene  1 8 8 0.19299489324420155 1 105.0 0.19299489324420155 1
gene  1 9 8 12.2024500455428 1 106.0 12.2024500455428 1
gene  1 13 8 7.687286545652728 1 110.0 7.687286545652728 1
gene  1 14 8 -3.2413708588888666 1 111.0 -3.2413708588888666 1
gene  1 1 9 7.173171218282966 0 112.0 7.173171218282966 1
gene  1 4 9 -10.742848602083928 0 115.0 -10.742848602083928 1
gene  1 5 9 0.2343792525311328 0 116.0 0.2343792525311328 1
gene  1 7 9 4.079743295817156 0 118.0 4.079743295817156 1
gene  1 9 9 2.37007461589683 1 120.0 2.37007461589683 1
gene  1 14 9 2.1319287960750373 1 125.0 2.1319287960750373 1
gene  1 2 13 1.6224998565499922 0 169.0 1.6224998565499922 1
gene  1 5 13 3.11455634063016 0 172.0 3.11455634063016 1
gene  1 8 13 1.3985091080349101 0 175.0 1.3985091080349101 1
gene  1 1 14 11.957048791027644 0 182.0 11.957048791027644 1
gene  1 2 14 -1.0972189963385648 0 183.0 -1.0972189963385648 1
gene  1 3 14 1.271195653727338 0 184.0 1.271195653727338 1
gene  1 6 14 0.5331172305759 0 187.0 0.5331172305759 1
gene  1 13 14 0.4507686539770358 0 194.0 0.4507686539770358 1
gene  1 14 14 6.73740545748568 1 195.0 6.73740545748568 1
gene  1 5 8 1.5978267802124746 0 202.0 1.5978267802124746 0
gene  1 4 13 -3.7022253997383334 0 220.0 -3.7022253997383334 1
gene  1 1 20 -10.495692118788156 0 231.0 -10.495692118788156 1
gene  1 20 14 -0.4212186967199602 0 232.0 -0.4212186967199602 1
gene  1 1 13 -4.180943301148229 0 329.0 -4.180943301148229 1
gene  1 13 20 -0.28301349627418615 0 337.0 -0.28301349627418615 1
gene  1 4 20 -3.65815569215703 0 339.0 -3.65815569215703 1
gene  1 9 8 -1.2754717859167557 0 404.0 -1.2754717859167557 1
gene  1 8 14 2.0917175215190156 0 410.0 2.0917175215190156 1
gene  1 5 56 1.0078088549526145 0 434.0 1.0078088549526145 1
gene  1 56 8 -2.2042583874832147 0 435.0 -2.2042583874832147 1
genomeend 16
genomestart  17
trait 1 0.685217197429974 0.0 2.098377470416719 0.9336111726571436 2.8795162432977017 0.515587326912087 0.0 0.07895419735974474 
node 1 1 1 1
node 2 1 1 1
node 3 1 1 1
node 4 1 1 1
node 5 1 1 1
node 6 1 1 1
node 7 1 1 3
node 13 1 0 2
node 14 1 0 2
node 45 1 0 0
gene  1 1 13 0.9401487564732158 0 168.0 0.9401487564732158 1
gene  1 2 13 -0.8953933885878711 0 169.0 -0.8953933885878711 1
gene  1 5 13 -0.4217028283965085 0 172.0 -0.4217028283965085 1
gene  1 6 13 -13.115559605076182 0 173.0 -13.115559605076182 1
gene  1 7 13 1.6690900806934545 0 174.0 1.6690900806934545 1
gene  1 3 14 2.3772513525566117 0 184.0 2.3772513525566117 1
gene  1 4 14 3.9044450859851327 0 185.0 3.9044450859851327 1
gene  1 7 14 4.300564490511651 0 188.0 4.300564490511651 1
gene  1 13 14 0.2936752870549237 0 194.0 0.2936752870549237 1
gene  1 14 14 1.4767954384377477 1 195.0 1.4767954384377477 1
gene  1 4 13 -1.8889333061313769 0 235.0 -1.8889333061313769 1
gene  1 1 14 -1.3069989491877032 0 242.0 -1.3069989491877032 1
gene  1 5 14 -1.8580295411815826 0 319.0 -1.8580295411815826 1
gene  1 1 45 1.770973181717241 0 370.0 1.770973181717241 1
gene  1 45 13 3.39145972482117 0 371.0 3.39145972482117 1
genomeend 17
genomestart  18
trait 1 0.685217197429974 0.0 2.098377470416719 0.9336111726571436 2.8795162432977017 0.515587326912087 0.0 0.07895419735974474 
node 1 1 1 1
node 2 1 1 1
node 3 1 1 1
node 4 1 1 1
node 5 1 1 1
node 6 1 1 1
node 7 1 1 3
node 13 1 0 2
node 14 1 0 2
node 45 1 0 0
gene  1 1 13 3.1023060340001143 0 168.0 3.1023060340001143 1
gene  1 2 13 -1.1103974497282112 0 169.0 -1.1103974497282112 1
gene  1 5 13 -0.44165536949368867 0 172.0 -0.44165536949368867 1
gene  1 6 13 -11.234124044618923 0 173.0 -11.234124044618923 1
gene  1 7 13 -0.6678383301452799 0 174.0 -0.6678383301452799 1
gene  1 3 14 0.9763014284532916 0 184.0 0.9763014284532916 1
gene  1 4 14 1.6092294980691135 0 185.0 1.6092294980691135 1
gene  1 7 14 2.3042366751709067 0 188.0 2.3042366751709067 1
gene  1 13 14 -0.18174420554492526 0 194.0 -0.18174420554492526 1
gene  1 14 14 -0.7352107755899862 1 195.0 -0.7352107755899862 1
gene  1 4 13 0.1293179835122933 0 235.0 0.1293179835122933 1
gene  1 1 14 0.6253682355541289 0 242.0 0.6253682355541289 1
gene  1 5 14 0.5913263481839939 0 319.0 0.5913263481839939 1
gene  1 1 45 3.0736244663153993 0 370.0 3.0736244663153993 1
gene  1 45 13 1.7514895794851397 0 371.0 1.7514895794851397 1
gene  1 3 45 -9.706769338444154 0 443.0 -9.706769338444154 1
genomeend 18
genomestart  19
trait 1 0.685217197429974 0.0 2.098377470416719 0.9336111726571436 2.8795162432977017 0.515587326912087 0.0 0.07895419735974474 
node 1 1 1 1
node 2 1 1 1
node 3 1 1 1
node 4 1 1 1
node 5 1 1 1
node 6 1 1 1
node 7 1 1 3
node 13 1 0 2
node 14 1 0 2
node 45 1 0 0
gene  1 1 13 4.568871853242968 0 168.0 4.568871853242968 1
gene  1 2 13 -1.512528675246261 0 169.0 -1.512528675246261 1
gene  1 5 13 -1.5035469709940417 0 172.0 -1.5035469709940417 1
gene  1 6 13 -9.28038325814898 0 173.0 -9.28038325814898 1
gene  1 7 13 -2.3446873088867575 0 174.0 -2.3446873088867575 1
gene  1 3 14 -0.39968388452517556 0 184.0 -0.39968388452517556 1
gene  1 4 14 3.0193767083903538 0 185.0 3.0193767083903538 1
gene  1 7 14 0.5619523427033573 0 188.0 0.5619523427033573 1
gene  1 13 14 0.8309166746685144 0 194.0 0.8309166746685144 1
gene  1 14 14 -1.944895783828407 1 195.0 -1.944895783828407 1
gene  1 4 13 -0.9155083963574562 0 235.0 -0.9155083963574562 1
gene  1 1 14 -0.2754817650451794 0 242.0 -0.2754817650451794 1
gene  1 5 14 3.0671647365874417 0 319.0 3.0671647365874417 1
gene  1 1 45 3.126886054884932 0 370.0 3.126886054884932 1
gene  1 45 13 1.7514895794851397 0 371.0 1.7514895794851397 1
genomeend 19
