genomestart  0
trait 1 0.12236385032328645 0.11996509262718169 0.0 1.2348572107762614 0.0 1.3168578850843018 1.0590140864502917 1.7905313975538821 
node 1 1 1 1
node 2 1 1 1
node 3 1 1 1
node 4 1 1 1
node 5 1 1 1
node 6 1 1 1
node 7 1 1 3
node 13 1 0 2
node 14 1 0 2
node 33 1 0 0
node 48 1 0 0
node 55 1 0 0
node 61 1 0 0
gene  1 2 13 7.4622010308536755 0 169.0 7.4622010308536755 1
gene  1 3 13 -2.0328854720063254 0 170.0 -2.0328854720063254 1
gene  1 4 13 3.4446256397453165 0 171.0 3.4446256397453165 1
gene  1 6 13 4.891704550837408 0 173.0 4.891704550837408 1
gene  1 7 13 0.489906661751128 0 174.0 0.489906661751128 1
gene  1 13 13 -1.6209542649270772 1 180.0 -1.6209542649270772 1
gene  1 1 14 -4.827714587835902 0 182.0 -4.827714587835902 1
gene  1 2 14 1.9775318290570758 0 183.0 1.9775318290570758 1
gene  1 5 14 -1.140723122081237 0 186.0 -1.140723122081237 1
gene  1 6 14 0.4502418235879224 0 187.0 0.4502418235879224 1
gene  1 7 14 0.32563410174469665 0 188.0 0.32563410174469665 1
gene  1 13 14 5.286212539847925 0 194.0 5.286212539847925 1
gene  1 14 14 4.373755223501011 1 195.0 4.373755223501011 1
gene  1 4 14 -3.563390409586331 0 196.0 -3.563390409586331 1
gene  1 1 13 -3.721880971871758 0 216.0 -3.721880971871758 1
gene  1 1 33 -3.0911569723984353 0 313.0 -3.0911569723984353 1
gene  1 33 14 -0.22288739093090681 0 314.0 -0.22288739093090681 1
gene  1 14 48 0.7260128574619034 1 379.0 0.7260128574619034 1
gene  1 48 14 -0.709829987551739 0 380.0 -0.709829987551739 1
gene  1 48 33 0.32726783117483516 0 381.0 0.32726783117483516 1
gene  1 4 33 -2.314695974180685 0 384.0 -2.314695974180685 1
gene  1 13 55 0.5644405913790873 0 407.0 0.5644405913790873 1
gene  1 55 14 -1.9178779653998264 0 408.0 -1.9178779653998264 1
gene  1 2 33 -3.953113266168378 0 425.0 -3.953113266168378 1
gene  1 13 33 1.3613444371472183 0 427.0 1.3613444371472183 1
gene  1 5 13 0.3539260073521511 0 436.0 0.3539260073521511 1
gene  1 7 33 2.7853319075974956 0 465.0 2.7853319075974956 1
gene  1 2 61 0.6712522467901181 0 466.0 0.6712522467901181 1
gene  1 61 33 -1.9032044185495198 0 467.0 -1.9032044185495198 1
genomeend 0
genomestart  1
trait 1 0.12236385032328645 0.11996509262718169 0.0 1.2348572107762614 0.0 1.3168578850843018 1.0590140864502917 1.7905313975538821 
node 1 1 1 1
node 2 1 1 1
node 3 1 1 1
node 4 1 1 1
node 5 1 1 1
node 6 1 1 1
node 7 1 1 3
node 13 1 0 2
node 14 1 0 2
node 33 1 0 0
node 48 1 0 0
node 55 1 0 0
node 61 1 0 0
gene  1 2 13 7.59649525994244 0 169.0 7.59649525994244 1
gene  1 3 13 8.992251601338303 0 170.0 8.992251601338303 1
gene  1 4 13 0.7939816205783061 0 171.0 0.7939816205783061 1
gene  1 6 13 2.692104659311867 0 173.0 2.692104659311867 1
gene  1 7 13 -1.0376121777607406 0 174.0 -1.0376121777607406 1
gene  1 13 13 -1.0427272943300805 1 180.0 -1.0427272943300805 1
gene  1 1 14 -7.47107351597188 0 182.0 -7.47107351597188 1
gene  1 2 14 1.156160289527856 0 183.0 1.156160289527856 1
gene  1 5 14 0.9163296014263276 0 186.0 0.9163296014263276 1
gene  1 6 14 0.5504808122545002 0 187.0 0.5504808122545002 1
gene  1 7 14 2.579487892474499 0 188.0 2.579487892474499 1
gene  1 13 14 9.104798098570008 0 194.0 9.104798098570008 1
gene  1 14 14 5.6613961235829375 1 195.0 5.6613961235829375 1
gene  1 4 14 -6.280742357838301 0 196.0 -6.280742357838301 1
gene  1 1 13 0.5552894462381472 0 216.0 0.5552894462381472 1
gene  1 1 33 -3.4587476578577716 0 313.0 -3.4587476578577716 1
gene  1 33 14 1.1970755118507928 0 314.0 1.1970755118507928 1
gene  1 14 48 -2.6931350498017466 1 379.0 -2.6931350498017466 1
gene  1 48 14 -2.385848777607478 0 380.0 -2.385848777607478 1
gene  1 48 33 2.2046007125920175 0 381.0 2.2046007125920175 1
gene  1 4 33 -1.700808326656365 0 384.0 -1.700808326656365 1
gene  1 13 55 -1.2480209329739869 0 407.0 -1.2480209329739869 1
gene  1 55 14 0.22458367123344924 0 408.0 0.22458367123344924 1
gene  1 2 33 -2.8317384951209346 0 425.0 -2.8317384951209346 1
gene  1 13 33 -1.837120667552044 0 427.0 -1.837120667552044 1
gene  1 5 13 -0.9975544973660122 0 436.0 -0.9975544973660122 1
gene  1 7 33 1.3531002893229518 0 465.0 1.3531002893229518 1
gene  1 2 61 -0.4495966927925772 0 466.0 -0.4495966927925772 1
gene  1 61 33 -0.5525911721312977 0 467.0 -0.5525911721312977 1
genomeend 1
genomestart  2
trait 1 0.26937214532678067 0.0 1.896310652799719 0.1335307135438477 1.4996758457563444 1.6042023185733623 1.2186392275033897 1.6429921308966946 
node 1 1 1 1
node 2 1 1 1
node 3 1 1 1
node 4 1 1 1
node 5 1 1 1
node 6 1 1 1
node 7 1 1 3
node 13 1 0 2
node 14 1 0 2
node 21 1 0 0
node 24 1 0 0
node 34 1 0 0
node 67 1 0 0
node 72 1 0 0
gene  1 1 13 2.714969039255375 0 168.0 2.714969039255375 0
gene  1 4 13 5.69634020942851 0 171.0 5.69634020942851 1
gene  1 5 13 -4.23051614823623 0 172.0 -4.23051614823623 1
gene  1 7 13 -3.3928733285562016 0 174.0 -3.3928733285562016 1
gene  1 13 13 -3.602894486755832 1 180.0 -3.602894486755832 1
gene  1 2 14 2.023375637272234 0 183.0 2.023375637272234 1
gene  1 3 14 -2.999802102703538 0 184.0 -2.999802102703538 1
gene  1 6 14 -1.9147463063690242 0 187.0 -1.9147463063690242 1
gene  1 13 14 1.8366996128320043 0 194.0 1.8366996128320043 1
gene  1 14 14 2.1011022586040613 1 195.0 2.1011022586040613 1
gene  1 6 13 0.40496577636478515 0 205.0 0.40496577636478515 1
gene  1 5 14 0.4637127895914389 0 223.0 0.4637127895914389 1
gene  1 3 13 -0.8392001513450167 0 229.0 -0.8392001513450167 1
gene  1 2 13 1.0479884893630445 0 233.0 1.0479884893630445 1
gene  1 1 21 3.9328022886274043 0 238.0 3.9328022886274043 1
gene  1 21 13 1.8930677420852233 0 239.0 1.8930677420852233 1
gene  1 5 21 -1.6887663952369336 0 253.0 -1.6887663952369336 1
gene  1 3 21 2.3321355637688517 0 270.0 2.3321355637688517 1
gene  1 1 24 0.6744662605657111 0 275.0 0.6744662605657111 1
gene  1 24 13 -1.7573434541582147 0 276.0 -1.7573434541582147 1
gene  1 3 34 2.3929228964038565 0 315.0 2.3929228964038565 1
gene  1 34 14 -0.7222781313830149 0 316.0 -0.7222781313830149 0
gene  1 3 24 3.001798769467323 0 324.0 3.001798769467323 1
gene  1 2 21 1.4060506305142741 0 350.0 1.4060506305142741 1
gene  1 34 13 3.9660460108306888 0 355.0 3.9660460108306888 1
gene  1 1 34 -4.541702817323318 0 361.0 -4.541702817323318 1
gene  1 7 14 3.8665263321660883 0 388.0 3.8665263321660883 1
gene  1 24 14 5.591284496873085 0 468.0 5.591284496873085 1
gene  1 34 67 0.6233843761916055 0 491.0 0.6233843761916055 1
gene  1 67 14 1.8053135229488033 0 492.0 1.8053135229488033 1
gene  1 1 72 1.9227849191486883 0 505.0 1.9227849191486883 1
gene  1 72 13 0.9561170649634276 0 506.0 0.9561170649634276 1
genomeend 2
genomestart  3
trait 1 0.5965551686825239 0.0 1.896310652799719 0.1335307135438477 1.4996758457563444 1.6042023185733623 0.361970865715585 1.6429921308966946 
node 1 1 1 1
node 2 1 1 1
node 3 1 1 1
node 4 1 1 1
node 5 1 1 1
node 6 1 1 1
node 7 1 1 3
node 13 1 0 2
node 14 1 0 2
node 21 1 0 0
node 24 1 0 0
node 34 1 0 0
node 67 1 0 0
node 72 1 0 0
gene  1 1 13 2.894569272712181 0 168.0 2.894569272712181 0
gene  1 4 13 7.086262183960425 0 171.0 7.086262183960425 1
gene  1 5 13 -1.0647193122242442 0 172.0 -1.0647193122242442 1
gene  1 7 13 -0.37140843093991543 0 174.0 -0.37140843093991543 1
gene  1 13 13 -1.1514587805670162 1 180.0 -1.1514587805670162 1
gene  1 2 14 -0.7710770307415813 0 183.0 -0.7710770307415813 1
gene  1 3 14 -2.240481113250808 0 184.0 -2.240481113250808 1
gene  1 6 14 -1.6232515722244243 0 187.0 -1.6232515722244243 1
gene  1 13 14 2.5663160518926733 0 194.0 2.5663160518926733 1
gene  1 14 14 -0.9356932076676902 1 195.0 -0.9356932076676902 1
gene  1 6 13 1.9093144014453278 0 205.0 1.9093144014453278 1
gene  1 5 14 -2.624023345727526 0 223.0 -2.624023345727526 1
gene  1 3 13 1.467317509210328 0 229.0 1.467317509210328 1
gene  1 2 13 -1.8775960095905406 0 233.0 -1.8775960095905406 1
gene  1 1 21 0.7078116408268988 0 238.0 0.7078116408268988 1
gene  1 21 13 -0.9294947251561366 0 239.0 -0.9294947251561366 1
gene  1 5 21 2.1167071306039276 0 253.0 2.1167071306039276 1
gene  1 3 21 1.6669623669590619 0 270.0 1.6669623669590619 1
gene  1 1 24 -1.5356067317027917 0 275.0 -1.5356067317027917 1
gene  1 24 13 2.1087955344733627 0 276.0 2.1087955344733627 1
gene  1 3 34 0.15520316845824195 0 315.0 0.15520316845824195 1
gene  1 34 14 -4.016646097029873 0 316.0 -4.016646097029873 0
gene  1 3 24 1.1217926989552387 0 324.0 1.1217926989552387 1
gene  1 2 21 2.1750968811166294 0 350.0 2.1750968811166294 1
gene  1 34 13 1.5476495182373073 0 355.0 1.5476495182373073 1
gene  1 1 34 -5.9036569204715805 0 361.0 -5.9036569204715805 1
gene  1 7 14 3.5270741503430374 0 388.0 3.5270741503430374 1
gene  1 24 14 1.7705798502883603 0 468.0 1.7705798502883603 1
gene  1 34 67 -2.228569505045124 0 491.0 -2.228569505045124 1
gene  1 67 14 2.082122272400102 0 492.0 2.082122272400102 1
gene  1 1 72 0.48038625093606835 0 505.0 0.48038625093606835 1
gene  1 72 13 -0.8070505602252247 0 506.0 -0.8070505602252247 1
genomeend 3
genomestart  4
trait 1 0.5965551686825239 0.0 1.896310652799719 0.1335307135438477 1.4996758457563444 1.6042023185733623 0.361970865715585 1.6429921308966946 
node 1 1 1 1
node 2 1 1 1
node 3 1 1 1
node 4 1 1 1
node 5 1 1 1
node 6 1 1 1
node 7 1 1 3
node 13 1 0 2
node 14 1 0 2
node 21 1 0 0
node 24 1 0 0
node 34 1 0 0
node 67 1 0 0
node 72 1 0 0
gene  1 1 13 2.5297390025855817 0 168.0 2.5297390025855817 0
gene  1 4 13 5.955820289698474 0 171.0 5.955820289698474 1
gene  1 5 13 -0.4139995856340404 0 172.0 -0.4139995856340404 1
gene  1 7 13 -0.7804789715444944 0 174.0 -0.7804789715444944 1
gene  1 13 13 -2.1931147139562577 1 180.0 -2.1931147139562577 1
gene  1 2 14 -1.6776585014590584 0 183.0 -1.6776585014590584 1
gene  1 3 14 -6.001680436858706 0 184.0 -6.001680436858706 1
gene  1 6 14 -1.6761002627581725 0 187.0 -1.6761002627581725 1
gene  1 13 14 2.652496899824565 0 194.0 2.652496899824565 1
gene  1 14 14 -2.849344038010827 1 195.0 -2.849344038010827 1
gene  1 6 13 4.300187940294874 0 205.0 4.300187940294874 1
gene  1 5 14 0.26134913510370616 0 223.0 0.26134913510370616 1
gene  1 3 13 -1.161172534993974 0 229.0 -1.161172534993974 1
gene  1 2 13 -4.067383495786374 0 233.0 -4.067383495786374 1
gene  1 1 21 2.4599859319717505 0 238.0 2.4599859319717505 1
gene  1 21 13 1.9276660253680058 0 239.0 1.9276660253680058 1
gene  1 5 21 -2.580009973720057 0 253.0 -2.580009973720057 1
gene  1 3 21 -2.0596774043597716 0 270.0 -2.0596774043597716 1
gene  1 1 24 1.5735924618678925 0 275.0 1.5735924618678925 1
gene  1 24 13 -2.5137338328212424 0 276.0 -2.5137338328212424 1
gene  1 3 34 2.716558231520607 0 315.0 2.716558231520607 1
gene  1 34 14 -2.5465802232397183 0 316.0 -2.5465802232397183 0
gene  1 3 24 0.7636338481169274 0 324.0 0.7636338481169274 1
gene  1 2 21 0.2844634791688888 0 350.0 0.2844634791688888 1
gene  1 34 13 1.7246621228955257 0 355.0 1.7246621228955257 1
gene  1 1 34 -3.043519763469135 0 361.0 -3.043519763469135 1
gene  1 7 14 1.3990063510426785 0 388.0 1.3990063510426785 1
gene  1 24 14 7.770007560332435 0 468.0 7.770007560332435 1
gene  1 34 67 0.6233843761916055 0 491.0 0.6233843761916055 1
gene  1 67 14 0.5511734484321879 0 492.0 0.5511734484321879 1
gene  1 1 72 1.0193798120249378 0 505.0 1.0193798120249378 1
gene  1 72 13 -1.7962062861752583 0 506.0 -1.7962062861752583 1
genomeend 4
genomestart  5
trait 1 0.990764809340612 0.11168036512555457 0.0 2.5667145009496477 0.4651853155222945 0.0 0.027339901520710974 0.8024602724468012 
node 1 1 1 1
node 2 1 1 1
node 3 1 1 1
node 4 1 1 1
node 5 1 1 1
node 6 1 1 1
node 7 1 1 3
node 8 1 0 0
node 13 1 0 2
node 14 1 0 2
node 39 1 0 0
node 42 1 0 0
node 51 1 0 0
node 68 1 0 0
node 77 1 0 0
gene  1 1 8 0.4355062367436381 0 98.0 0.4355062367436381 1
gene  1 2 8 0.6366226473290959 0 99.0 0.6366226473290959 1
gene  1 3 8 -0.3689922644186585 0 100.0 -0.3689922644186585 1
gene  1 4 8 5.866386479872295 0 101.0 5.866386479872295 1
gene  1 5 8 1.5536768575434647 0 102.0 1.5536768575434647 1
gene  1 6 8 2.6793486796807238 0 103.0 2.6793486796807238 1
gene  1 8 8 2.422784312694627 1 105.0 2.422784312694627 1
gene  1 13 8 -2.103654376002755 1 110.0 -2.103654376002755 1
gene  1 14 8 15.075571325715831 1 111.0 15.075571325715831 1
gene  1 3 13 12.492996478509285 0 170.0 12.492996478509285 1
gene  1 5 13 -0.3215987569831056 0 172.0 -0.3215987569831056 1
gene  1 7 13 -0.06308253101947137 0 174.0 -0.06308253101947137 1
gene  1 13 13 -4.715757414101559 1 180.0 -4.715757414101559 1
gene  1 2 14 -0.9242831201372175 0 183.0 -0.9242831201372175 1
gene  1 4 14 2.3428660785850193 0 185.0 2.3428660785850193 1
gene  1 6 14 4.771657370256781 0 187.0 4.771657370256781 1
gene  1 8 14 -1.869477588792297 0 189.0 -1.869477588792297 1
gene  1 13 14 -1.2718033369565818 0 194.0 -1.2718033369565818 1
gene  1 2 13 -9.38848349908657 0 213.0 -9.38848349908657 1
gene  1 4 13 0.6498426023177245 0 230.0 0.6498426023177245 1
gene  1 13 8 -2.7115550284291645 0 244.0 -2.7115550284291645 1
gene  1 7 14 -0.670089988061431 0 264.0 -0.670089988061431 1
gene  1 1 14 -3.419926902379628 0 299.0 -3.419926902379628 1
gene  1 5 14 -0.6183611221383619 0 310.0 -0.6183611221383619 1
gene  1 1 13 1.4288703120641628 0 311.0 1.4288703120641628 1
gene  1 13 39 1.9459521236952215 0 344.0 1.9459521236952215 1
gene  1 39 8 -4.1013237655650725 0 345.0 -4.1013237655650725 0
gene  1 6 13 3.218268802352831 0 348.0 3.218268802352831 1
gene  1 2 42 2.2475686645166704 0 359.0 2.2475686645166704 1
gene  1 42 14 1.855003019575599 0 360.0 1.855003019575599 1
gene  1 13 42 0.6194259168096858 0 366.0 0.6194259168096858 1
gene  1 5 51 1.1022980387452574 0 396.0 1.1022980387452574 1
gene  1 51 14 2.3497160117056892 0 397.0 2.3497160117056892 1
gene  1 6 42 1.9497378647108143 0 423.0 1.9497378647108143 1
gene  1 39 42 -4.5586253462260125 0 426.0 -4.5586253462260125 1
gene  1 51 13 -0.22652371522843984 0 475.0 -0.22652371522843984 1
gene  1 39 14 -4.134553782163254 0 476.0 -4.134553782163254 1
gene  1 5 39 3.388289910308793 0 485.0 3.388289910308793 1
gene  1 5 68 -2.0625629705441213 0 493.0 -2.0625629705441213 1
gene  1 68 39 -0.506970764312547 0 494.0 -0.506970764312547 1
gene  1 4 51 1.462682909971683 0 514.0 1.462682909971683 1
gene  1 39 77 1.008694228665196 0 528.0 1.008694228665196 1
gene  1 77 8 -1.2150246991791307 0 529.0 -1.2150246991791307 1
genomeend 5
genomestart  6
trait 1 1.7530877318876072 0.44174474491361737 0.0 1.988524997377255 1.4319166757498423 0.0 0.027339901520710974 1.6377765720730229 
node 1 1 1 1
node 2 1 1 1
node 3 1 1 1
node 4 1 1 1
node 5 1 1 1
node 6 1 1 1
node 7 1 1 3
node 8 1 0 0
node 13 1 0 2
node 14 1 0 2
node 39 1 0 0
node 42 1 0 0
node 51 1 0 0
node 68 1 0 0
node 77 1 0 0
gene  1 1 8 0.3070853189347207 0 98.0 0.3070853189347207 1
gene  1 2 8 1.9049744336658039 0 99.0 1.9049744336658039 1
gene  1 3 8 -0.43565359952340543 0 100.0 -0.43565359952340543 1
gene  1 4 8 2.3417490353356145 0 101.0 2.3417490353356145 1
gene  1 5 8 1.9666720874585801 0 102.0 1.9666720874585801 1
gene  1 6 8 1.7997771373031335 0 103.0 1.7997771373031335 1
gene  1 8 8 0.48176129082492497 1 105.0 0.48176129082492497 1
gene  1 13 8 -3.554307261254908 1 110.0 -3.554307261254908 1
gene  1 14 8 10.970749319685702 1 111.0 10.970749319685702 1
gene  1 3 13 11.791347391519954 0 170.0 11.791347391519954 1
gene  1 5 13 -4.1197143807004375 0 172.0 -4.1197143807004375 1
gene  1 7 13 0.20984398609249344 0 174.0 0.20984398609249344 1
gene  1 13 13 -2.714830650978418 1 180.0 -2.714830650978418 1
gene  1 2 14 -1.9902398698710124 0 183.0 -1.9902398698710124 1
gene  1 4 14 2.8233731533515414 0 185.0 2.8233731533515414 1
gene  1 6 14 6.244240749083673 0 187.0 6.244240749083673 1
gene  1 8 14 -2.2451858019029105 0 189.0 -2.2451858019029105 1
gene  1 13 14 4.5309518397069155 0 194.0 4.5309518397069155 1
gene  1 2 13 0.34755745495262197 0 213.0 0.34755745495262197 1
gene  1 4 13 -2.6321740024506695 0 230.0 -2.6321740024506695 1
gene  1 13 8 -1.9039762228381991 0 244.0 -1.9039762228381991 1
gene  1 7 14 -2.7207425192387777 0 264.0 -2.7207425192387777 1
gene  1 1 14 -0.06132662122467325 0 299.0 -0.06132662122467325 1
gene  1 5 14 -0.4366369897962429 0 310.0 -0.4366369897962429 1
gene  1 1 13 4.002416087087266 0 311.0 4.002416087087266 1
gene  1 13 39 7.511749335303838 0 344.0 7.511749335303838 1
gene  1 39 8 -3.721585086204408 0 345.0 -3.721585086204408 0
gene  1 6 13 3.5481194514105523 0 348.0 3.5481194514105523 1
gene  1 2 42 -3.750367752719824 0 359.0 -3.750367752719824 1
gene  1 42 14 2.9967830667043525 0 360.0 2.9967830667043525 1
gene  1 13 42 3.7238541650677464 0 366.0 3.7238541650677464 1
gene  1 5 51 -0.7661346526370194 0 396.0 -0.7661346526370194 1
gene  1 51 14 -4.108953581745404 0 397.0 -4.108953581745404 1
gene  1 6 42 -0.8649767660624907 0 423.0 -0.8649767660624907 1
gene  1 39 42 -3.6223803380443322 0 426.0 -3.6223803380443322 1
gene  1 51 13 1.2871408003416356 0 475.0 1.2871408003416356 1
gene  1 39 14 2.0313262697640018 0 476.0 2.0313262697640018 1
gene  1 5 39 1.882144101984201 0 485.0 1.882144101984201 1
gene  1 5 68 -2.0681354202287294 0 493.0 -2.0681354202287294 1
gene  1 68 39 3.7645610921278285 0 494.0 3.7645610921278285 1
gene  1 4 51 -1.8006834398796105 0 514.0 -1.8006834398796105 1
gene  1 39 77 -0.5351947078532042 0 528.0 -0.5351947078532042 1
gene  1 77 8 -2.3930873112532085 0 529.0 -2.3930873112532085 1
genomeend 6
genomestart  7
trait 1 2.732431393943948 0.0 0.0 0.798512545900133 0.9382603138953756 0.0 1.9280392103089152 0.8152719799274877 
node 1 1 1 1
node 2 1 1 1
node 3 1 1 1
node 4 1 1 1
node 5 1 1 1
node 6 1 1 1
node 7 1 1 3
node 8 1 0 0
node 9 1 0 0
node 10 1 0 0
node 13 1 0 2
node 14 1 0 2
node 28 1 0 0
node 41 1 0 0
node 43 1 0 0
node 47 1 0 0
node 62 1 0 0
gene  1 1 8 3.5182550573977904 0 98.0 3.5182550573977904 1
gene  1 3 8 0.5450373785812697 0 100.0 0.5450373785812697 1
gene  1 5 8 1.3860533707173608 0 102.0 1.3860533707173608 1
gene  1 6 8 -1.055132841052458 0 103.0 -1.055132841052458 1
gene  1 8 8 0.5200595978779208 1 105.0 0.5200595978779208 1
gene  1 1 9 1.1125406689442525 0 112.0 1.1125406689442525 1
gene  1 2 9 0.7486637287423498 0 113.0 0.7486637287423498 1
gene  1 3 9 6.167874692262697 0 114.0 6.167874692262697 1
gene  1 5 9 0.13417624646296866 0 116.0 0.13417624646296866 1
gene  1 7 9 -0.6050681170171481 0 118.0 -0.6050681170171481 1
gene  1 9 9 1.4895771265946474 1 120.0 1.4895771265946474 1
gene  1 10 9 3.267716949937461 1 121.0 3.267716949937461 1
gene  1 13 9 3.055485964264148 1 124.0 3.055485964264148 1
gene  1 2 10 -2.349902433939014 0 127.0 -2.349902433939014 1
gene  1 4 10 0.6295689895140417 0 129.0 0.6295689895140417 1
gene  1 5 10 3.146738638850386 0 130.0 3.146738638850386 1
gene  1 8 10 0.2364621266786291 0 133.0 0.2364621266786291 1
gene  1 9 10 6.350679030336181 0 134.0 6.350679030336181 1
gene  1 10 10 2.526685117323489 1 135.0 2.526685117323489 1
gene  1 13 10 5.651429303995552 1 138.0 5.651429303995552 1
gene  1 14 10 -2.7432599831576727 1 139.0 -2.7432599831576727 1
gene  1 2 13 2.6758039878793323 0 169.0 2.6758039878793323 1
gene  1 3 13 2.3321878714311928 0 170.0 2.3321878714311928 1
gene  1 6 13 7.914409965595214 0 173.0 7.914409965595214 1
gene  1 7 13 6.349903779090512 0 174.0 6.349903779090512 1
gene  1 9 13 3.146482166340871 0 176.0 3.146482166340871 1
gene  1 13 13 -0.7471867850395346 1 180.0 -0.7471867850395346 1
gene  1 14 13 9.891770324495742 1 181.0 9.891770324495742 1
gene  1 1 14 -0.8766467746333665 0 182.0 -0.8766467746333665 1
gene  1 3 14 -3.614134370904001 0 184.0 -3.614134370904001 1
gene  1 9 14 -5.940990095424619 0 190.0 -5.940990095424619 1
gene  1 10 14 -1.6657527821528626 0 191.0 -1.6657527821528626 1
gene  1 8 13 0.3045691227889371 0 207.0 0.3045691227889371 1
gene  1 1 10 1.9203620700976474 0 226.0 1.9203620700976474 1
gene  1 6 14 -0.5247590383923546 0 234.0 -0.5247590383923546 1
gene  1 8 28 1.2661571636268976 1 293.0 1.2661571636268976 1
gene  1 28 8 4.117987154973805 0 294.0 4.117987154973805 1
gene  1 8 9 -0.7084153578190764 0 328.0 -0.7084153578190764 1
gene  1 8 41 -1.0258997796382645 1 357.0 -1.0258997796382645 1
gene  1 41 8 0.28261317492170623 0 358.0 0.28261317492170623 1
gene  1 14 43 -5.170187539776453 1 364.0 -5.170187539776453 1
gene  1 43 10 2.2360343281178787 0 365.0 2.2360343281178787 1
gene  1 5 47 2.69438892292849 0 375.0 2.69438892292849 1
gene  1 47 9 -4.3568435660657805 0 376.0 -4.3568435660657805 1
gene  1 41 14 3.773441651063166 0 387.0 3.773441651063166 1
gene  1 4 28 2.6592946410105887 0 419.0 2.6592946410105887 1
gene  1 2 28 -1.078376720845329 0 429.0 -1.078376720845329 1
gene  1 1 62 -6.358920383702953 0 470.0 -6.358920383702953 1
gene  1 62 9 2.421133645003371 0 471.0 2.421133645003371 1
gene  1 8 14 3.3102597567256518 0 484.0 3.3102597567256518 1
gene  1 1 13 -0.5698314581740965 0 489.0 -0.5698314581740965 1
gene  1 28 10 2.1545545306911635 0 510.0 2.1545545306911635 1
gene  1 2 41 1.86600913736431 0 515.0 1.86600913736431 1
genomeend 7
genomestart  8
trait 1 2.732431393943948 0.0 0.0 1.4177942504429533 0.9382603138953756 0.0 1.9280392103089152 1.4020476134298572 
node 1 1 1 1
node 2 1 1 1
node 3 1 1 1
node 4 1 1 1
node 5 1 1 1
node 6 1 1 1
node 7 1 1 3
node 8 1 0 0
node 9 1 0 0
node 10 1 0 0
node 13 1 0 2
node 14 1 0 2
node 28 1 0 0
node 41 1 0 0
node 43 1 0 0
node 47 1 0 0
node 62 1 0 0
gene  1 1 8 5.243856760596518 0 98.0 5.243856760596518 1
gene  1 3 8 0.8773372294458448 0 100.0 0.8773372294458448 1
gene  1 5 8 -2.1763701988506634 0 102.0 -2.1763701988506634 1
gene  1 6 8 -2.8472164163851117 0 103.0 -2.8472164163851117 1
gene  1 8 8 1.4776889252680983 1 105.0 1.4776889252680983 1
gene  1 1 9 3.587817392834649 0 112.0 3.587817392834649 1
gene  1 2 9 2.5213923999278998 0 113.0 2.5213923999278998 1
gene  1 3 9 8.188476682292059 0 114.0 8.188476682292059 1
gene  1 5 9 -4.672227144035974 0 116.0 -4.672227144035974 1
gene  1 7 9 -2.4009089709810216 0 118.0 -2.4009089709810216 1
gene  1 9 9 5.65904853955848 1 120.0 5.65904853955848 1
gene  1 10 9 1.0971581118303444 1 121.0 1.0971581118303444 1
gene  1 13 9 -0.25232022200410736 1 124.0 -0.25232022200410736 1
gene  1 2 10 -2.3305740481996464 0 127.0 -2.3305740481996464 1
gene  1 4 10 1.1531513331510121 0 129.0 1.1531513331510121 1
gene  1 5 10 2.766701261110884 0 130.0 2.766701261110884 1
gene  1 8 10 1.3397882704848678 0 133.0 1.3397882704848678 1
gene  1 9 10 4.758021419569593 0 134.0 4.758021419569593 1
gene  1 10 10 2.206288833553814 1 135.0 2.206288833553814 1
gene  1 13 10 0.7378385817070987 1 138.0 0.7378385817070987 1
gene  1 14 10 -1.507910531291151 1 139.0 -1.507910531291151 1
gene  1 2 13 -1.6930296842112058 0 169.0 -1.6930296842112058 1
gene  1 3 13 -13.749890944984996 0 170.0 -13.749890944984996 1
gene  1 6 13 7.041850071269976 0 173.0 7.041850071269976 1
gene  1 7 13 -0.44300872926235885 0 174.0 -0.44300872926235885 1
gene  1 9 13 1.6606723176382088 0 176.0 1.6606723176382088 1
gene  1 13 13 1.6117370047993687 1 180.0 1.6117370047993687 1
gene  1 14 13 8.42454087973765 1 181.0 8.42454087973765 1
gene  1 1 14 0.9646961616312627 0 182.0 0.9646961616312627 1
gene  1 3 14 -2.1350854586098924 0 184.0 -2.1350854586098924 1
gene  1 9 14 -0.22358045361632967 0 190.0 -0.22358045361632967 1
gene  1 10 14 6.23001894996834 0 191.0 6.23001894996834 1
gene  1 8 13 2.5165805894296946 0 207.0 2.5165805894296946 1
gene  1 1 10 -2.189268865805319 0 226.0 -2.189268865805319 1
gene  1 6 14 -1.569856159386819 0 234.0 -1.569856159386819 1
gene  1 8 28 -1.7806105251774595 1 293.0 -1.7806105251774595 1
gene  1 28 8 3.3325324151354083 0 294.0 3.3325324151354083 1
gene  1 8 9 1.3840256496254917 0 328.0 1.3840256496254917 1
gene  1 8 41 0.45594723471488297 1 357.0 0.45594723471488297 1
gene  1 41 8 -0.005439292091799219 0 358.0 -0.005439292091799219 1
gene  1 14 43 -4.1244799334730216 1 364.0 -4.1244799334730216 1
gene  1 43 10 3.934933025943862 0 365.0 3.934933025943862 1
gene  1 5 47 -0.014202466955726023 0 375.0 -0.014202466955726023 1
gene  1 47 9 -3.7148130819185514 0 376.0 -3.7148130819185514 1
gene  1 41 14 -1.0688965249070228 0 387.0 -1.0688965249070228 1
gene  1 4 28 4.986040721466951 0 419.0 4.986040721466951 1
gene  1 2 28 -3.797990961064714 0 429.0 -3.797990961064714 1
gene  1 1 62 -5.260756512614332 0 470.0 -5.260756512614332 1
gene  1 62 9 2.7687550283697018 0 471.0 2.7687550283697018 1
gene  1 8 14 -1.1983437667605297 0 484.0 -1.1983437667605297 1
gene  1 1 13 0.7900518121224537 0 489.0 0.7900518121224537 1
gene  1 28 10 -7.4599118715327055 0 510.0 -7.4599118715327055 1
gene  1 2 41 -2.558506221536449 0 515.0 -2.558506221536449 1
genomeend 8
genomestart  9
trait 1 2.732431393943948 0.0 0.0 1.4177942504429533 0.9382603138953756 0.0 1.9280392103089152 1.4020476134298572 
node 1 1 1 1
node 2 1 1 1
node 3 1 1 1
node 4 1 1 1
node 5 1 1 1
node 6 1 1 1
node 7 1 1 3
node 8 1 0 0
node 9 1 0 0
node 10 1 0 0
node 13 1 0 2
node 14 1 0 2
node 28 1 0 0
node 41 1 0 0
node 43 1 0 0
node 47 1 0 0
node 62 1 0 0
gene  1 1 8 5.538552476000361 0 98.0 5.538552476000361 1
gene  1 3 8 1.1446378755299234 0 100.0 1.1446378755299234 1
gene  1 5 8 -1.8200475268367708 0 102.0 -1.8200475268367708 1
gene  1 6 8 -1.4581208109233506 0 103.0 -1.4581208109233506 1
gene  1 8 8 -0.563355060351413 1 105.0 -0.563355060351413 1
gene  1 1 9 -0.834277030486855 0 112.0 -0.834277030486855 1
gene  1 2 9 -0.14611685439605537 0 113.0 -0.14611685439605537 1
gene  1 3 9 5.046974460695805 0 114.0 5.046974460695805 1
gene  1 5 9 -5.330155553796518 0 116.0 -5.330155553796518 1
gene  1 7 9 -0.08153169579833297 0 118.0 -0.08153169579833297 1
gene  1 9 9 5.439106861562858 1 120.0 5.439106861562858 1
gene  1 10 9 2.079742993009706 1 121.0 2.079742993009706 1
gene  1 13 9 6.010196199220318 1 124.0 6.010196199220318 1
gene  1 2 10 -1.1113718839019953 0 127.0 -1.1113718839019953 1
gene  1 4 10 1.055656942598009 0 129.0 1.055656942598009 1
gene  1 5 10 2.37706279145331 0 130.0 2.37706279145331 1
gene  1 8 10 0.7420372681097112 0 133.0 0.7420372681097112 1
gene  1 9 10 5.429489858478364 0 134.0 5.429489858478364 1
gene  1 10 10 2.1837401259741 1 135.0 2.1837401259741 1
gene  1 13 10 5.623351106700859 1 138.0 5.623351106700859 1
gene  1 14 10 0.40092784515389424 1 139.0 0.40092784515389424 1
gene  1 2 13 0.035959285506650285 0 169.0 0.035959285506650285 1
gene  1 3 13 -12.916756608234923 0 170.0 -12.916756608234923 1
gene  1 6 13 6.551524565794376 0 173.0 6.551524565794376 1
gene  1 7 13 7.060034033525337 0 174.0 7.060034033525337 1
gene  1 9 13 3.9180553508490936 0 176.0 3.9180553508490936 1
gene  1 13 13 0.8587741020966206 1 180.0 0.8587741020966206 1
gene  1 14 13 7.859704617805796 1 181.0 7.859704617805796 1
gene  1 1 14 1.930558473931524 0 182.0 1.930558473931524 1
gene  1 3 14 -4.214258885456468 0 184.0 -4.214258885456468 1
gene  1 9 14 -4.823977077653487 0 190.0 -4.823977077653487 1
gene  1 10 14 2.6840322557512866 0 191.0 2.6840322557512866 1
gene  1 8 13 3.5590231203192837 0 207.0 3.5590231203192837 1
gene  1 1 10 0.033025148908905955 0 226.0 0.033025148908905955 1
gene  1 6 14 -0.41681243571175597 0 234.0 -0.41681243571175597 1
gene  1 8 28 -0.1345651078156349 1 293.0 -0.1345651078156349 1
gene  1 28 8 0.763696900385171 0 294.0 0.763696900385171 1
gene  1 8 9 2.518593292463409 0 328.0 2.518593292463409 1
gene  1 8 41 0.9861545807300502 1 357.0 0.9861545807300502 1
gene  1 41 8 -0.5980848609848224 0 358.0 -0.5980848609848224 1
gene  1 14 43 -5.818560667997788 1 364.0 -5.818560667997788 1
gene  1 43 10 4.876535266363795 0 365.0 4.876535266363795 1
gene  1 5 47 -1.5833233547914842 0 375.0 -1.5833233547914842 1
gene  1 47 9 -2.168804480053823 0 376.0 -2.168804480053823 1
gene  1 41 14 6.710454833260997 0 387.0 6.710454833260997 1
gene  1 4 28 4.01132347095086 0 419.0 4.01132347095086 1
gene  1 2 28 0.5309750789253211 0 429.0 0.5309750789253211 1
gene  1 1 62 -2.504803677172502 0 470.0 -2.504803677172502 1
gene  1 62 9 -0.420095084765508 0 471.0 -0.420095084765508 1
gene  1 8 14 0.8611691302154609 0 484.0 0.8611691302154609 1
gene  1 1 13 0.5004460504139435 0 489.0 0.5004460504139435 1
gene  1 28 10 -8.061948816924708 0 510.0 -8.061948816924708 1
gene  1 2 41 -0.6489124786726586 0 515.0 -0.6489124786726586 1
genomeend 9
genomestart  10
trait 1 0.0 0.0 0.18016573799761848 0.007880455156273225 3.0347432330657154 0.45322605837968266 0.9983210840752836 0.868067118942248 
node 1 1 1 1
node 2 1 1 1
node 3 1 1 1
node 4 1 1 1
node 5 1 1 1
node 6 1 1 1
node 7 1 1 3
node 8 1 0 0
node 13 1 0 2
node 14 1 0 2
node 22 1 0 0
node 25 1 0 0
node 29 1 0 0
node 57 1 0 0
node 65 1 0 0
node 76 1 0 0
gene  1 1 8 5.003367728394995 0 98.0 5.003367728394995 1
gene  1 3 8 -0.7036761917230178 0 100.0 -0.7036761917230178 1
gene  1 4 8 -2.5656828154538127 0 101.0 -2.5656828154538127 1
gene  1 5 8 0.3438167365229611 0 102.0 0.3438167365229611 1
gene  1 6 8 1.223646880656375 0 103.0 1.223646880656375 1
gene  1 8 8 4.210853437421475 1 105.0 4.210853437421475 1
gene  1 1 13 -2.9151069487601147 0 168.0 -2.9151069487601147 1
gene  1 5 13 -2.8733389347734817 0 172.0 -2.8733389347734817 1
gene  1 13 13 -0.05157691183662 1 180.0 -0.05157691183662 1
gene  1 14 13 -0.30892374235469927 1 181.0 -0.30892374235469927 1
gene  1 2 14 1.2205308373657093 0 183.0 1.2205308373657093 1
gene  1 3 14 1.5749458969933219 0 184.0 1.5749458969933219 1
gene  1 5 14 2.3736502111346143 0 186.0 2.3736502111346143 1
gene  1 7 14 -2.7024739657387986 0 188.0 -2.7024739657387986 1
gene  1 8 14 -1.8352374200095976 0 189.0 -1.8352374200095976 1
gene  1 13 14 3.302574319709596 0 194.0 3.302574319709596 1
gene  1 2 13 -0.5442707714572792 0 236.0 -0.5442707714572792 1
gene  1 8 22 0.274252995632182 0 240.0 0.274252995632182 0
gene  1 22 14 0.6923799266167002 0 241.0 0.6923799266167002 1
gene  1 1 22 0.2332920939549008 0 245.0 0.2332920939549008 1
gene  1 13 8 -1.241696759716048 0 257.0 -1.241696759716048 1
gene  1 5 22 4.414895116587557 0 265.0 4.414895116587557 1
gene  1 1 25 -1.8909233340564282 0 279.0 -1.8909233340564282 1
gene  1 25 8 -0.5955927824328076 0 280.0 -0.5955927824328076 1
gene  1 8 29 -2.959310869918182 0 297.0 -2.959310869918182 1
gene  1 29 14 -0.8489076318637547 0 298.0 -0.8489076318637547 1
gene  1 1 14 2.0673001511694578 0 312.0 2.0673001511694578 1
gene  1 2 29 -1.9495080536173308 0 330.0 -1.9495080536173308 1
gene  1 5 25 4.16459592760864 0 343.0 4.16459592760864 1
gene  1 6 29 0.08564325750382995 0 386.0 0.08564325750382995 1
gene  1 22 29 -0.6276952093154333 0 416.0 -0.6276952093154333 1
gene  1 4 14 3.4360583614576523 0 424.0 3.4360583614576523 1
gene  1 4 29 2.4152666054940988 0 432.0 2.4152666054940988 1
gene  1 8 57 2.829816393537714 0 437.0 2.829816393537714 1
gene  1 57 14 2.405117718032932 0 438.0 2.405117718032932 1
gene  1 3 22 -2.1114829366632564 0 440.0 -2.1114829366632564 1
gene  1 2 25 6.0162694821985285 0 455.0 6.0162694821985285 1
gene  1 1 65 0.5220807844652635 0 481.0 0.5220807844652635 1
gene  1 65 25 -1.2264741521273153 0 482.0 -1.2264741521273153 1
gene  1 8 76 -3.0296930287279773 0 525.0 -3.0296930287279773 1
gene  1 76 22 -0.7620913289269708 0 526.0 -0.7620913289269708 1
genomeend 10
genomestart  11
trait 1 0.0 0.0 0.18016573799761848 0.007880455156273225 3.0347432330657154 0.45322605837968266 0.9983210840752836 0.868067118942248 
node 1 1 1 1
node 2 1 1 1
node 3 1 1 1
node 4 1 1 1
node 5 1 1 1
node 6 1 1 1
node 7 1 1 3
node 8 1 0 0
node 13 1 0 2
node 14 1 0 2
node 22 1 0 0
node 25 1 0 0
node 29 1 0 0
node 57 1 0 0
node 65 1 0 0
node 76 1 0 0
gene  1 1 8 3.6934790241869315 0 98.0 3.6934790241869315 1
gene  1 3 8 1.2730850099514426 0 100.0 1.2730850099514426 1
gene  1 4 8 -1.112278370145382 0 101.0 -1.112278370145382 1
gene  1 5 8 -1.714439710216194 0 102.0 -1.714439710216194 1
gene  1 6 8 2.5436121635375253 0 103.0 2.5436121635375253 1
gene  1 8 8 4.251315722161692 1 105.0 4.251315722161692 1
gene  1 1 13 -1.7913303106706087 0 168.0 -1.7913303106706087 1
gene  1 5 13 -4.263860688415442 0 172.0 -4.263860688415442 1
gene  1 13 13 0.04691736983587569 1 180.0 0.04691736983587569 1
gene  1 14 13 0.9431640179403757 1 181.0 0.9431640179403757 1
gene  1 2 14 0.09497258052080604 0 183.0 0.09497258052080604 1
gene  1 3 14 -1.9035902093538186 0 184.0 -1.9035902093538186 1
gene  1 5 14 -1.9181400121092564 0 186.0 -1.9181400121092564 1
gene  1 7 14 -1.5645391677238063 0 188.0 -1.5645391677238063 1
gene  1 8 14 0.663294064201831 0 189.0 0.663294064201831 1
gene  1 13 14 3.53819373373756 0 194.0 3.53819373373756 1
gene  1 2 13 3.4622365879756716 0 236.0 3.4622365879756716 1
gene  1 8 22 0.19460362644338858 0 240.0 0.19460362644338858 0
gene  1 22 14 -0.8178182038287152 0 241.0 -0.8178182038287152 1
gene  1 1 22 -2.365748172385178 0 245.0 -2.365748172385178 1
gene  1 13 8 -0.29723779926066163 0 257.0 -0.29723779926066163 1
gene  1 5 22 3.2053472818541193 0 265.0 3.2053472818541193 1
gene  1 1 25 -0.01200154971661016 0 279.0 -0.01200154971661016 1
gene  1 25 8 -1.7310886639785816 0 280.0 -1.7310886639785816 1
gene  1 8 29 0.4513217715343467 0 297.0 0.4513217715343467 1
gene  1 29 14 -1.842160104716929 0 298.0 -1.842160104716929 1
gene  1 1 14 -2.504969176238267 0 312.0 -2.504969176238267 1
gene  1 2 29 -2.6757103763244956 0 330.0 -2.6757103763244956 1
gene  1 5 25 0.2257807665157867 0 343.0 0.2257807665157867 1
gene  1 6 29 2.484444718666046 0 386.0 2.484444718666046 1
gene  1 22 29 -1.5281974960694897 0 416.0 -1.5281974960694897 1
gene  1 4 14 3.5257978695847285 0 424.0 3.5257978695847285 1
gene  1 4 29 -2.3724600324323055 0 432.0 -2.3724600324323055 1
gene  1 8 57 1.424524907953328 0 437.0 1.424524907953328 1
gene  1 57 14 2.076212563920716 0 438.0 2.076212563920716 1
gene  1 3 22 -0.7011529552462586 0 440.0 -0.7011529552462586 1
gene  1 2 25 6.658092308609356 0 455.0 6.658092308609356 1
gene  1 1 65 1.0303474419053886 0 481.0 1.0303474419053886 1
gene  1 65 25 -1.608549649675985 0 482.0 -1.608549649675985 1
gene  1 8 76 -0.823453902026676 0 525.0 -0.823453902026676 1
gene  1 76 22 0.8111178192229032 0 526.0 0.8111178192229032 1
genomeend 11
genomestart  12
trait 1 0.0 0.0 0.18016573799761848 0.007880455156273225 3.0347432330657154 0.45322605837968266 0.9983210840752836 0.868067118942248 
node 1 1 1 1
node 2 1 1 1
node 3 1 1 1
node 4 1 1 1
node 5 1 1 1
node 6 1 1 1
node 7 1 1 3
node 8 1 0 0
node 13 1 0 2
node 14 1 0 2
node 22 1 0 0
node 25 1 0 0
node 29 1 0 0
node 57 1 0 0
node 65 1 0 0
node 76 1 0 0
gene  1 1 8 2.742713433326158 0 98.0 2.742713433326158 1
gene  1 3 8 2.9056522650106302 0 100.0 2.9056522650106302 1
gene  1 4 8 -2.5656828154538127 0 101.0 -2.5656828154538127 1
gene  1 5 8 0.8277206661027938 0 102.0 0.8277206661027938 1
gene  1 6 8 -1.120067955757741 0 103.0 -1.120067955757741 1
gene  1 8 8 1.6031447968403263 1 105.0 1.6031447968403263 1
gene  1 1 13 -4.075015439602702 0 168.0 -4.075015439602702 1
gene  1 5 13 -2.1366535893088554 0 172.0 -2.1366535893088554 1
gene  1 13 13 -0.7934750426110102 1 180.0 -0.7934750426110102 1
gene  1 14 13 -1.634472306943279 1 181.0 -1.634472306943279 1
gene  1 2 14 0.45347290081770497 0 183.0 0.45347290081770497 1
gene  1 3 14 -1.238625916409943 0 184.0 -1.238625916409943 1
gene  1 5 14 -1.336322598545803 0 186.0 -1.336322598545803 1
gene  1 7 14 -2.9731097963241777 0 188.0 -2.9731097963241777 1
gene  1 8 14 -0.3508292054371498 0 189.0 -0.3508292054371498 1
gene  1 13 14 -1.8191649969217905 0 194.0 -1.8191649969217905 1
gene  1 2 13 3.110290982157241 0 236.0 3.110290982157241 1
gene  1 8 22 -0.3146637594151822 0 240.0 -0.3146637594151822 1
gene  1 22 14 -1.2969317088508516 0 241.0 -1.2969317088508516 1
gene  1 1 22 0.8906118702519721 0 245.0 0.8906118702519721 1
gene  1 13 8 0.17626880739731832 0 257.0 0.17626880739731832 1
gene  1 5 22 5.5545271085603884 0 265.0 5.5545271085603884 1
gene  1 1 25 0.16991929760663133 0 279.0 0.16991929760663133 1
gene  1 25 8 0.5999475847855329 0 280.0 0.5999475847855329 1
gene  1 8 29 -1.7073663554521126 0 297.0 -1.7073663554521126 1
gene  1 29 14 1.4126234662887436 0 298.0 1.4126234662887436 1
gene  1 1 14 -2.966026250517094 0 312.0 -2.966026250517094 1
gene  1 2 29 -3.79503134542181 0 330.0 -3.79503134542181 1
gene  1 5 25 4.874621141911274 0 343.0 4.874621141911274 1
gene  1 6 29 1.2239777555421514 0 386.0 1.2239777555421514 1
gene  1 22 29 -2.198142395637673 0 416.0 -2.198142395637673 1
gene  1 4 14 1.6146014068163839 0 424.0 1.6146014068163839 1
gene  1 4 29 0.2118263239895093 0 432.0 0.2118263239895093 1
gene  1 8 57 0.008900797776792757 0 437.0 0.008900797776792757 1
gene  1 57 14 4.068525877257782 0 438.0 4.068525877257782 1
gene  1 3 22 -1.8382556485070518 0 440.0 -1.8382556485070518 1
gene  1 2 25 4.442398910660087 0 455.0 4.442398910660087 1
gene  1 1 65 -1.4364228056900386 0 481.0 -1.4364228056900386 1
gene  1 65 25 -1.1483273637782783 0 482.0 -1.1483273637782783 1
gene  1 8 76 -0.0527854501709053 0 525.0 -0.0527854501709053 1
gene  1 76 22 0.5778419927174743 0 526.0 0.5778419927174743 1
genomeend 12
genomestart  13
trait 1 1.4119270573538159 0.0 0.4289699328456915 0.3704441264278152 0.0 0.7294252873384013 0.042201429445747896 0.0 
node 1 1 1 1
node 2 1 1 1
node 3 1 1 1
node 4 1 1 1
node 5 1 1 1
node 6 1 1 1
node 7 1 1 3
node 13 1 0 2
node 14 1 0 2
node 49 1 0 0
node 73 1 0 0
gene  1 1 13 -3.906654507968294 0 168.0 -3.906654507968294 1
gene  1 2 13 6.882792414918021 0 169.0 6.882792414918021 1
gene  1 3 13 1.042340667300461 0 170.0 1.042340667300461 1
gene  1 4 13 0.4322596636695436 0 171.0 0.4322596636695436 1
gene  1 5 13 -2.669556317489594 0 172.0 -2.669556317489594 1
gene  1 6 13 -1.5745669747052717 0 173.0 -1.5745669747052717 1
gene  1 7 13 -1.6404709895479057 0 174.0 -1.6404709895479057 1
gene  1 14 13 -1.661651484240617 1 181.0 -1.661651484240617 1
gene  1 1 14 -1.7273751248847997 0 182.0 -1.7273751248847997 1
gene  1 2 14 -2.0766273114422535 0 183.0 -2.0766273114422535 1
gene  1 3 14 2.113826449728638 0 184.0 2.113826449728638 1
gene  1 13 14 -1.0184549629582906 0 194.0 -1.0184549629582906 1
gene  1 14 14 -1.0066879205468817 1 195.0 -1.0066879205468817 1
gene  1 7 14 2.063145513555439 0 273.0 2.063145513555439 1
gene  1 4 14 0.2919012716691336 0 283.0 0.2919012716691336 1
gene  1 5 14 0.3163833086560572 0 303.0 0.3163833086560572 1
gene  1 6 14 1.7069332167398577 0 307.0 1.7069332167398577 1
gene  1 3 49 -1.119607787194633 0 389.0 -1.119607787194633 1
gene  1 49 13 1.3876088180848292 0 390.0 1.3876088180848292 1
gene  1 5 49 0.5389641992222771 0 403.0 0.5389641992222771 1
gene  1 1 49 -4.649590451259213 0 430.0 -4.649590451259213 1
gene  1 7 49 4.703243071763459 0 456.0 4.703243071763459 1
gene  1 4 49 -1.6788560198114568 0 495.0 -1.6788560198114568 1
gene  1 6 73 3.946096241949684 0 508.0 3.946096241949684 1
gene  1 73 13 0.7090204564794442 0 509.0 0.7090204564794442 1
genomeend 13
genomestart  14
trait 1 1.4119270573538159 0.0 0.4289699328456915 0.3704441264278152 0.0 0.7294252873384013 0.042201429445747896 0.0 
node 1 1 1 1
node 2 1 1 1
node 3 1 1 1
node 4 1 1 1
node 5 1 1 1
node 6 1 1 1
node 7 1 1 3
node 13 1 0 2
node 14 1 0 2
node 49 1 0 0
node 73 1 0 0
gene  1 1 13 -6.346569215917332 0 168.0 -6.346569215917332 1
gene  1 2 13 6.442815069624341 0 169.0 6.442815069624341 1
gene  1 3 13 -7.918413240513088 0 170.0 -7.918413240513088 1
gene  1 4 13 1.3695597486766915 0 171.0 1.3695597486766915 1
gene  1 5 13 -2.2673017186655064 0 172.0 -2.2673017186655064 1
gene  1 6 13 5.259615056554447 0 173.0 5.259615056554447 1
gene  1 7 13 -1.4508603692399737 0 174.0 -1.4508603692399737 1
gene  1 14 13 -0.9286290573669242 1 181.0 -0.9286290573669242 1
gene  1 1 14 -1.4065395386497896 0 182.0 -1.4065395386497896 1
gene  1 2 14 -3.2959082784421803 0 183.0 -3.2959082784421803 1
gene  1 3 14 -1.2744440082685808 0 184.0 -1.2744440082685808 1
gene  1 13 14 -0.23855504015498463 0 194.0 -0.23855504015498463 1
gene  1 14 14 3.2471831883270186 1 195.0 3.2471831883270186 1
gene  1 7 14 -0.6807214780685131 0 273.0 -0.6807214780685131 1
gene  1 4 14 3.268073812081514 0 283.0 3.268073812081514 1
gene  1 5 14 4.3663619225491 0 303.0 4.3663619225491 1
gene  1 6 14 -0.5398053188886138 0 307.0 -0.5398053188886138 1
gene  1 3 49 2.291031773757012 0 389.0 2.291031773757012 1
gene  1 49 13 -2.5371482908187106 0 390.0 -2.5371482908187106 1
gene  1 5 49 -3.751372718323352 0 403.0 -3.751372718323352 1
gene  1 1 49 -5.01689297120046 0 430.0 -5.01689297120046 1
gene  1 7 49 6.605438092326846 0 456.0 6.605438092326846 1
gene  1 4 49 -0.42423109323211783 0 495.0 -0.42423109323211783 1
gene  1 6 73 5.942927514521873 0 508.0 5.942927514521873 1
gene  1 73 13 -1.401903280567951 0 509.0 -1.401903280567951 1
genomeend 14
genomestart  15
trait 1 0.04702751910613956 0.5319433208524987 0.8875428902212121 1.1036226464327767 0.10522835245191364 0.39032959932087685 0.0 0.0 
node 1 1 1 1
node 2 1 1 1
node 3 1 1 1
node 4 1 1 1
node 5 1 1 1
node 6 1 1 1
node 7 1 1 3
node 8 1 0 0
node 9 1 0 0
node 13 1 0 2
node 14 1 0 2
node 20 1 0 0
node 56 1 0 0
node 60 1 0 0
gene  1 1 8 0.45673980499758926 0 98.0 0.45673980499758926 1
gene  1 2 8 -0.1617043478062441 0 99.0 -0.1617043478062441 1
gene  1 3 8 0.8440034486015153 0 100.0 0.8440034486015153 1
gene  1 6 8 -10.282766221124719 0 103.0 -10.282766221124719 1
gene  1 8 8 -4.360279011966377 1 105.0 -4.360279011966377 1
gene  1 9 8 -3.748094623862269 1 106.0 -3.748094623862269 1
gene  1 13 8 -4.020066214243478 1 110.0 -4.020066214243478 1
gene  1 14 8 0.8164361799898179 1 111.0 0.8164361799898179 1
gene  1 1 9 4.5585328067471576 0 112.0 4.5585328067471576 1
gene  1 4 9 -3.94750371362675 0 115.0 -3.94750371362675 1
gene  1 5 9 -0.7602252759079418 0 116.0 -0.7602252759079418 1
gene  1 7 9 3.3666156647763907 0 118.0 3.3666156647763907 1
gene  1 9 9 -1.5954163000632784 1 120.0 -1.5954163000632784 1
gene  1 14 9 4.649796367997329 1 125.0 4.649796367997329 1
gene  1 2 13 3.505336706815193 0 169.0 3.505336706815193 1
gene  1 5 13 1.0821754666203633 0 172.0 1.0821754666203633 1
gene  1 8 13 0.6888961717871154 0 175.0 0.6888961717871154 1
gene  1 1 14 -0.3880533670389248 0 182.0 -0.3880533670389248 1
gene  1 2 14 8.361387990889462 0 183.0 8.361387990889462 1
gene  1 3 14 3.2133153993829384 0 184.0 3.2133153993829384 1
gene  1 6 14 0.2510465003256577 0 187.0 0.2510465003256577 1
gene  1 13 14 3.1715487156628233 0 194.0 3.1715487156628233 1
gene  1 14 14 4.126438073862091 1 195.0 4.126438073862091 1
gene  1 5 8 -0.2559863041596058 0 202.0 -0.2559863041596058 1
gene  1 4 13 -1.2966995405458197 0 220.0 -1.2966995405458197 1
gene  1 1 20 -0.41829132162753824 0 231.0 -0.41829132162753824 1
gene  1 20 14 5.185471530834487 0 232.0 5.185471530834487 1
gene  1 1 13 -3.642401664200747 0 329.0 -3.642401664200747 1
gene  1 13 20 4.4325564691082135 0 337.0 4.4325564691082135 1
gene  1 4 20 -0.16006184709852844 0 339.0 -0.16006184709852844 1
gene  1 9 8 -2.9340953628257394 0 404.0 -2.9340953628257394 1
gene  1 8 14 -0.5042835695616019 0 410.0 -0.5042835695616019 1
gene  1 5 56 0.4380952645287777 0 434.0 0.4380952645287777 1
gene  1 56 8 -1.2880767192643297 0 435.0 -1.2880767192643297 1
gene  1 2 9 0.9553803440404471 0 448.0 0.9553803440404471 1
gene  1 3 60 1.023888490976499 0 458.0 1.023888490976499 1
gene  1 60 8 -1.8266802507804445 0 459.0 -1.8266802507804445 1
gene  1 1 60 1.3430763464805793 0 479.0 1.3430763464805793 1
gene  1 7 56 -3.3380728889023583 0 520.0 -3.3380728889023583 1
genomeend 15
genomestart  16
trait 1 0.04702751910613956 0.5319433208524987 0.8875428902212121 1.1036226464327767 0.10522835245191364 0.39032959932087685 0.0 0.0 
node 1 1 1 1
node 2 1 1 1
node 3 1 1 1
node 4 1 1 1
node 5 1 1 1
node 6 1 1 1
node 7 1 1 3
node 8 1 0 0
node 9 1 0 0
node 13 1 0 2
node 14 1 0 2
node 20 1 0 0
node 56 1 0 0
node 60 1 0 0
gene  1 1 8 0.45014163184196754 0 98.0 0.45014163184196754 1
gene  1 2 8 1.4804242154404579 0 99.0 1.4804242154404579 1
gene  1 3 8 -1.1637247252398455 0 100.0 -1.1637247252398455 1
gene  1 6 8 1.7037969377385984 0 103.0 1.7037969377385984 1
gene  1 8 8 -5.786308860076993 1 105.0 -5.786308860076993 1
gene  1 9 8 2.3944285764540876 1 106.0 2.3944285764540876 1
gene  1 13 8 -4.356751076786333 1 110.0 -4.356751076786333 1
gene  1 14 8 -0.7275148916322632 1 111.0 -0.7275148916322632 1
gene  1 1 9 1.7550572106212248 0 112.0 1.7550572106212248 1
gene  1 4 9 -3.2801297845977406 0 115.0 -3.2801297845977406 1
gene  1 5 9 -1.3374147916638999 0 116.0 -1.3374147916638999 1
gene  1 7 9 3.204159834534263 0 118.0 3.204159834534263 1
gene  1 9 9 -1.9594565290924142 1 120.0 -1.9594565290924142 1
gene  1 14 9 3.579000059103681 1 125.0 3.579000059103681 1
gene  1 2 13 1.689904569754128 0 169.0 1.689904569754128 1
gene  1 5 13 -1.009178792730975 0 172.0 -1.009178792730975 1
gene  1 8 13 0.5129785992838004 0 175.0 0.5129785992838004 1
gene  1 1 14 0.2337107418199711 0 182.0 0.2337107418199711 1
gene  1 2 14 6.7123448083788055 0 183.0 6.7123448083788055 1
gene  1 3 14 2.458685988138097 0 184.0 2.458685988138097 1
gene  1 6 14 1.119717173257684 0 187.0 1.119717173257684 1
gene  1 13 14 3.496315042609327 0 194.0 3.496315042609327 1
gene  1 14 14 1.1405645592997045 1 195.0 1.1405645592997045 1
gene  1 5 8 0.4560599266654164 0 202.0 0.4560599266654164 1
gene  1 4 13 -2.410365987397748 0 220.0 -2.410365987397748 1
gene  1 1 20 0.5886948752624882 0 231.0 0.5886948752624882 1
gene  1 20 14 -1.625302777863433 0 232.0 -1.625302777863433 1
gene  1 1 13 -1.3765593659811879 0 329.0 -1.3765593659811879 1
gene  1 13 20 2.334969120860818 0 337.0 2.334969120860818 1
gene  1 4 20 -0.531738191321924 0 339.0 -0.531738191321924 1
gene  1 9 8 -5.048225521668706 0 404.0 -5.048225521668706 1
gene  1 8 14 0.7279216441500487 0 410.0 0.7279216441500487 1
gene  1 5 56 -0.21019472651566717 0 434.0 -0.21019472651566717 1
gene  1 56 8 -0.46704501497239337 0 435.0 -0.46704501497239337 1
gene  1 2 9 -0.7039326208802701 0 448.0 -0.7039326208802701 1
gene  1 3 60 -2.8227053392829404 0 458.0 -2.8227053392829404 1
gene  1 60 8 -2.253220930305057 0 459.0 -2.253220930305057 1
gene  1 1 60 1.0456636364807999 0 479.0 1.0456636364807999 1
gene  1 7 56 -2.6928533080787123 0 520.0 -2.6928533080787123 1
genomeend 16
genomestart  17
trait 1 0.0 0.13288052470053657 2.0400788442298796 0.0 0.9774676473893938 0.5916859962196944 0.0 0.0 
node 1 1 1 1
node 2 1 1 1
node 3 1 1 1
node 4 1 1 1
node 5 1 1 1
node 6 1 1 1
node 7 1 1 3
node 13 1 0 2
node 14 1 0 2
node 45 1 0 0
node 71 1 0 0
gene  1 1 13 -1.6380858898346486 0 168.0 -1.6380858898346486 1
gene  1 2 13 -2.82800247310164 0 169.0 -2.82800247310164 1
gene  1 5 13 -6.4689994482747615 0 172.0 -6.4689994482747615 1
gene  1 6 13 -1.5865299942071402 0 173.0 -1.5865299942071402 1
gene  1 7 13 -0.6025585012431913 0 174.0 -0.6025585012431913 1
gene  1 3 14 7.1588170311769375 0 184.0 7.1588170311769375 1
gene  1 4 14 -2.994808531436169 0 185.0 -2.994808531436169 1
gene  1 7 14 1.03228222440782 0 188.0 1.03228222440782 1
gene  1 13 14 -5.391841059334115 0 194.0 -5.391841059334115 1
gene  1 14 14 -1.0688549769015072 1 195.0 -1.0688549769015072 1
gene  1 4 13 -1.4057469132665006 0 235.0 -1.4057469132665006 1
gene  1 1 14 -1.6087393093982534 0 242.0 -1.6087393093982534 1
gene  1 5 14 6.966015240182367 0 319.0 6.966015240182367 1
gene  1 1 45 0.8852710903644243 0 370.0 0.8852710903644243 1
gene  1 45 13 2.3670655333349426 0 371.0 2.3670655333349426 1
gene  1 4 45 0.7721381835221518 0 497.0 0.7721381835221518 1
gene  1 6 71 0.7885422029482502 0 502.0 0.7885422029482502 1
gene  1 71 13 2.0203222149069475 0 503.0 2.0203222149069475 1
genomeend 17
genomestart  18
trait 1 0.0 0.13288052470053657 2.0400788442298796 0.0 0.9774676473893938 0.5916859962196944 0.0 0.0 
node 1 1 1 1
node 2 1 1 1
node 3 1 1 1
node 4 1 1 1
node 5 1 1 1
node 6 1 1 1
node 7 1 1 3
node 13 1 0 2
node 14 1 0 2
node 45 1 0 0
node 71 1 0 0
gene  1 1 13 -5.491375683653956 0 168.0 -5.491375683653956 1
gene  1 2 13 -2.82800247310164 0 169.0 -2.82800247310164 1
gene  1 5 13 -3.6303121286631366 0 172.0 -3.6303121286631366 1
gene  1 6 13 -1.1791930961772332 0 173.0 -1.1791930961772332 1
gene  1 7 13 -6.484083375809913 0 174.0 -6.484083375809913 1
gene  1 3 14 6.518068162443404 0 184.0 6.518068162443404 1
gene  1 4 14 -4.140506595465535 0 185.0 -4.140506595465535 1
gene  1 7 14 -1.5957175861622828 0 188.0 -1.5957175861622828 1
gene  1 13 14 0.6962091716299821 0 194.0 0.6962091716299821 1
gene  1 14 14 -0.4789188810077033 1 195.0 -0.4789188810077033 1
gene  1 4 13 -1.9365793853282518 0 235.0 -1.9365793853282518 1
gene  1 1 14 0.6931787056110836 0 242.0 0.6931787056110836 1
gene  1 5 14 1.565387474697237 0 319.0 1.565387474697237 1
gene  1 1 45 3.297499223405585 0 370.0 3.297499223405585 1
gene  1 45 13 1.899803943660303 0 371.0 1.899803943660303 1
gene  1 4 45 1.12713302159319 0 497.0 1.12713302159319 1
gene  1 6 71 -3.10888710659457 0 502.0 -3.10888710659457 1
gene  1 71 13 2.90715402483318 0 503.0 2.90715402483318 1
genomeend 18
genomestart  19
trait 1 0.3177193618633982 0.1410256041270067 1.21682509043751 0.0 0.9794633700609497 1.1419167568954833 0.0 0.0 
node 1 1 1 1
node 2 1 1 1
node 3 1 1 1
node 4 1 1 1
node 5 1 1 1
node 6 1 1 1
node 7 1 1 3
node 13 1 0 2
node 14 1 0 2
node 45 1 0 0
node 71 1 0 0
gene  1 1 13 -2.5784279953374556 0 168.0 -2.5784279953374556 1
gene  1 2 13 -4.286930565623452 0 169.0 -4.286930565623452 1
gene  1 5 13 -3.914533180553929 0 172.0 -3.914533180553929 1
gene  1 6 13 -1.0478045386677954 0 173.0 -1.0478045386677954 1
gene  1 7 13 -5.780570629231673 0 174.0 -5.780570629231673 1
gene  1 3 14 7.8574767747578065 0 184.0 7.8574767747578065 1
gene  1 4 14 -7.427285727081198 0 185.0 -7.427285727081198 1
gene  1 7 14 1.6127394727974245 0 188.0 1.6127394727974245 1
gene  1 13 14 -6.557777512593088 0 194.0 -6.557777512593088 1
gene  1 14 14 0.6045700666516407 1 195.0 0.6045700666516407 1
gene  1 4 13 0.15919117233089763 0 235.0 0.15919117233089763 1
gene  1 1 14 -0.5072643272875142 0 242.0 -0.5072643272875142 1
gene  1 5 14 5.111317864827537 0 319.0 5.111317864827537 1
gene  1 1 45 0.8526362773753378 0 370.0 0.8526362773753378 1
gene  1 45 13 2.920465268073939 0 371.0 2.920465268073939 1
gene  1 4 45 1.3107135428039558 0 497.0 1.3107135428039558 1
gene  1 6 71 1.6690007855355686 0 502.0 1.6690007855355686 1
gene  1 71 13 -1.2655119333351914 0 503.0 -1.2655119333351914 1
genomeend 19
