genomestart  0
trait 1 2.3251308634949144 0.8926038796922008 0.0 0.9176134323535656 0.34861870450370325 0.18084195503611378 0.0 0.819473000856037 
node 1 1 1 1
node 2 1 1 1
node 3 1 1 1
node 4 1 1 1
node 5 1 1 1
node 6 1 1 1
node 7 1 1 3
node 13 1 0 2
node 14 1 0 2
gene  1 1 13 1.0379555720563367 0 168.0 1.0379555720563367 1
gene  1 3 13 -0.03309002783321191 0 170.0 -0.03309002783321191 1
gene  1 5 13 4.993764491328698 0 172.0 4.993764491328698 1
gene  1 6 13 2.9457177232460796 0 173.0 2.9457177232460796 1
gene  1 14 13 -0.9229078412455523 1 181.0 -0.9229078412455523 1
gene  1 1 14 0.25690222744820046 0 182.0 0.25690222744820046 1
gene  1 2 14 -3.093211889337976 0 183.0 -3.093211889337976 1
gene  1 4 14 7.304562365556007 0 185.0 7.304562365556007 1
gene  1 5 14 6.318482196248878 0 186.0 6.318482196248878 1
gene  1 6 14 -12.320152247260785 0 187.0 -12.320152247260785 1
gene  1 7 14 3.5293190548585347 0 188.0 3.5293190548585347 1
gene  1 13 14 4.284075605149836 0 194.0 4.284075605149836 1
gene  1 14 14 -0.5854231751058803 1 195.0 -0.5854231751058803 1
gene  1 2 13 0.5268524570153471 0 261.0 0.5268524570153471 1
genomeend 0
genomestart  1
trait 1 0.7393422177278894 0.11996509262718169 0.11196815064335597 0.0 0.4566769994235389 0.6942297431411419 1.1113032223074408 1.129602463927845 
node 1 1 1 1
node 2 1 1 1
node 3 1 1 1
node 4 1 1 1
node 5 1 1 1
node 6 1 1 1
node 7 1 1 3
node 13 1 0 2
node 14 1 0 2
gene  1 2 13 0.36428712100483707 0 169.0 0.36428712100483707 1
gene  1 3 13 -14.931500610321407 0 170.0 -14.931500610321407 1
gene  1 4 13 -0.6258584713116382 0 171.0 -0.6258584713116382 1
gene  1 6 13 2.218730337721457 0 173.0 2.218730337721457 1
gene  1 7 13 -4.696430035745549 0 174.0 -4.696430035745549 1
gene  1 13 13 1.4044122184035723 1 180.0 1.4044122184035723 1
gene  1 1 14 -6.183822892463967 0 182.0 -6.183822892463967 1
gene  1 2 14 6.3575976592995485 0 183.0 6.3575976592995485 1
gene  1 5 14 3.2426955279592597 0 186.0 3.2426955279592597 1
gene  1 6 14 6.314027424644838 0 187.0 6.314027424644838 1
gene  1 7 14 0.7862283114210789 0 188.0 0.7862283114210789 1
gene  1 13 14 -3.3579778682667785 0 194.0 -3.3579778682667785 1
gene  1 14 14 6.228361180793993 1 195.0 6.228361180793993 1
gene  1 4 14 2.710824531978197 0 196.0 2.710824531978197 1
gene  1 1 13 0.6509126795001974 0 216.0 0.6509126795001974 1
genomeend 1
genomestart  2
trait 1 0.7393422177278894 0.11996509262718169 0.11196815064335597 0.0 0.4566769994235389 0.6942297431411419 1.1113032223074408 1.129602463927845 
node 1 1 1 1
node 2 1 1 1
node 3 1 1 1
node 4 1 1 1
node 5 1 1 1
node 6 1 1 1
node 7 1 1 3
node 13 1 0 2
node 14 1 0 2
gene  1 2 13 -0.04490840490508097 0 169.0 -0.04490840490508097 1
gene  1 3 13 -14.355390068450179 0 170.0 -14.355390068450179 1
gene  1 4 13 -3.00879993110643 0 171.0 -3.00879993110643 1
gene  1 6 13 2.9004711596539146 0 173.0 2.9004711596539146 1
gene  1 7 13 -3.0298005781189543 0 174.0 -3.0298005781189543 1
gene  1 13 13 4.976261126909585 1 180.0 4.976261126909585 1
gene  1 1 14 -6.931702254665089 0 182.0 -6.931702254665089 1
gene  1 2 14 10.680655308422098 0 183.0 10.680655308422098 1
gene  1 5 14 2.17789194809848 0 186.0 2.17789194809848 1
gene  1 6 14 4.595484537677889 0 187.0 4.595484537677889 1
gene  1 7 14 1.7436470481599626 0 188.0 1.7436470481599626 1
gene  1 13 14 -3.1789110121208273 0 194.0 -3.1789110121208273 1
gene  1 14 14 7.640894505943587 1 195.0 7.640894505943587 1
gene  1 4 14 0.5966099682224233 0 196.0 0.5966099682224233 1
gene  1 1 13 2.1051569917724295 0 216.0 2.1051569917724295 1
genomeend 2
genomestart  3
trait 1 0.7393422177278894 0.11996509262718169 0.11196815064335597 0.0 0.4566769994235389 0.6942297431411419 1.1113032223074408 1.129602463927845 
node 1 1 1 1
node 2 1 1 1
node 3 1 1 1
node 4 1 1 1
node 5 1 1 1
node 6 1 1 1
node 7 1 1 3
node 13 1 0 2
node 14 1 0 2
gene  1 2 13 2.9114495914448426 0 169.0 2.9114495914448426 1
gene  1 3 13 -15.453885933780658 0 170.0 -15.453885933780658 1
gene  1 4 13 -4.780877692450934 0 171.0 -4.780877692450934 1
gene  1 6 13 5.305881362333392 0 173.0 5.305881362333392 1
gene  1 7 13 -4.101449160234814 0 174.0 -4.101449160234814 1
gene  1 13 13 3.8383665468508603 1 180.0 3.8383665468508603 1
gene  1 1 14 -6.756396232351514 0 182.0 -6.756396232351514 1
gene  1 2 14 10.431631987083698 0 183.0 10.431631987083698 1
gene  1 5 14 -0.54537963138492 0 186.0 -0.54537963138492 1
gene  1 6 14 5.795811200605587 0 187.0 5.795811200605587 1
gene  1 7 14 1.0340768609191022 0 188.0 1.0340768609191022 1
gene  1 13 14 -3.6903969658946214 0 194.0 -3.6903969658946214 1
gene  1 14 14 5.336696009132747 1 195.0 5.336696009132747 1
gene  1 4 14 -0.8612450064917099 0 196.0 -0.8612450064917099 1
gene  1 1 13 0.38848267714439055 0 216.0 0.38848267714439055 1
genomeend 3
genomestart  4
trait 1 0.12933280474767544 0.29425544536966464 0.0 0.07766507438443143 0.0 0.41262400137975846 0.0 0.0 
node 1 1 1 1
node 2 1 1 1
node 3 1 1 1
node 4 1 1 1
node 5 1 1 1
node 6 1 1 1
node 7 1 1 3
node 13 1 0 2
node 14 1 0 2
node 21 1 0 0
node 24 1 0 0
node 31 1 0 0
gene  1 1 13 5.395662080263959 0 168.0 5.395662080263959 0
gene  1 4 13 3.1738117135767383 0 171.0 3.1738117135767383 1
gene  1 5 13 -0.9164711709307878 0 172.0 -0.9164711709307878 1
gene  1 7 13 -6.660221457165692 0 174.0 -6.660221457165692 1
gene  1 13 13 -3.0224430622966367 1 180.0 -3.0224430622966367 1
gene  1 2 14 0.5929547147530756 0 183.0 0.5929547147530756 1
gene  1 3 14 -9.333926691578673 0 184.0 -9.333926691578673 1
gene  1 6 14 -0.11094048786660404 0 187.0 -0.11094048786660404 1
gene  1 13 14 -5.117621521614195 0 194.0 -5.117621521614195 1
gene  1 14 14 14.694827701499046 1 195.0 14.694827701499046 1
gene  1 6 13 -0.22843125046666302 0 205.0 -0.22843125046666302 1
gene  1 5 14 -7.350159567852244 0 223.0 -7.350159567852244 1
gene  1 3 13 -1.9575200271504232 0 229.0 -1.9575200271504232 1
gene  1 2 13 6.124742450566097 0 233.0 6.124742450566097 1
gene  1 1 21 7.770836802392687 0 238.0 7.770836802392687 0
gene  1 21 13 -5.564658006537153 0 239.0 -5.564658006537153 1
gene  1 5 21 1.962363842249127 0 253.0 1.962363842249127 1
gene  1 3 21 -1.408129524993632 0 270.0 -1.408129524993632 1
gene  1 1 24 2.1136157709482433 0 275.0 2.1136157709482433 1
gene  1 24 13 0.9480868809542586 0 276.0 0.9480868809542586 1
gene  1 1 31 1.0 0 305.0 0.0 1
gene  1 31 21 7.770836802392687 0 306.0 0.0 1
genomeend 4
genomestart  5
trait 1 0.12933280474767544 0.29425544536966464 0.0 0.07766507438443143 0.0 0.41262400137975846 0.0 0.0 
node 1 1 1 1
node 2 1 1 1
node 3 1 1 1
node 4 1 1 1
node 5 1 1 1
node 6 1 1 1
node 7 1 1 3
node 13 1 0 2
node 14 1 0 2
node 21 1 0 0
node 24 1 0 0
gene  1 1 13 4.283670380696345 0 168.0 4.283670380696345 0
gene  1 4 13 5.61842974057406 0 171.0 5.61842974057406 1
gene  1 5 13 -0.28191290394085367 0 172.0 -0.28191290394085367 1
gene  1 7 13 -5.672719319230922 0 174.0 -5.672719319230922 1
gene  1 13 13 -2.0737714616311216 1 180.0 -2.0737714616311216 1
gene  1 2 14 1.2305456935314352 0 183.0 1.2305456935314352 1
gene  1 3 14 -11.661664487352555 0 184.0 -11.661664487352555 1
gene  1 6 14 -0.4656786110400799 0 187.0 -0.4656786110400799 1
gene  1 13 14 -4.041540170545911 0 194.0 -4.041540170545911 1
gene  1 14 14 16.212641653898363 1 195.0 16.212641653898363 1
gene  1 6 13 -0.8353056067166862 0 205.0 -0.8353056067166862 1
gene  1 5 14 -8.59623850707009 0 223.0 -8.59623850707009 1
gene  1 3 13 -0.48247743471764326 0 229.0 -0.48247743471764326 1
gene  1 2 13 5.26833502412906 0 233.0 5.26833502412906 1
gene  1 1 21 6.766853585926203 0 238.0 6.766853585926203 1
gene  1 21 13 -5.468172990915801 0 239.0 -5.468172990915801 1
gene  1 5 21 1.5372184428802613 0 253.0 1.5372184428802613 1
gene  1 3 21 -2.3763939981787674 0 270.0 -2.3763939981787674 1
gene  1 1 24 2.1136157709482433 0 275.0 2.1136157709482433 1
gene  1 24 13 -1.2660546043646057 0 276.0 -1.2660546043646057 1
genomeend 5
genomestart  6
trait 1 2.0044601600102494 1.7069690024193438 1.7454255840654511 1.2383225027221012 1.5348312301915779 0.0 0.767133587901355 0.0 
node 1 1 1 1
node 2 1 1 1
node 3 1 1 1
node 4 1 1 1
node 5 1 1 1
node 6 1 1 1
node 7 1 1 3
node 8 1 0 0
node 13 1 0 2
node 14 1 0 2
gene  1 1 8 -1.611843978264422 0 98.0 -1.611843978264422 1
gene  1 2 8 -3.4385676954641147 0 99.0 -3.4385676954641147 1
gene  1 3 8 -2.699298798717602 0 100.0 -2.699298798717602 1
gene  1 4 8 8.692962858757934 0 101.0 8.692962858757934 1
gene  1 5 8 -5.334980124397235 0 102.0 -5.334980124397235 1
gene  1 6 8 1.2649293381596443 0 103.0 1.2649293381596443 1
gene  1 8 8 3.428751143275842 1 105.0 3.428751143275842 1
gene  1 13 8 1.3973254106238828 1 110.0 1.3973254106238828 1
gene  1 14 8 -0.3634537046705191 1 111.0 -0.3634537046705191 1
gene  1 3 13 3.0401987732344784 0 170.0 3.0401987732344784 1
gene  1 5 13 -0.04329084214810419 0 172.0 -0.04329084214810419 1
gene  1 7 13 -1.8997796955721014 0 174.0 -1.8997796955721014 1
gene  1 13 13 -0.0277688808865022 1 180.0 -0.0277688808865022 1
gene  1 2 14 -0.28566511679332035 0 183.0 -0.28566511679332035 1
gene  1 4 14 -3.847914918650635 0 185.0 -3.847914918650635 1
gene  1 6 14 0.07218698812811425 0 187.0 0.07218698812811425 1
gene  1 8 14 -1.0990771633320249 0 189.0 -1.0990771633320249 1
gene  1 13 14 1.3755024060990308 0 194.0 1.3755024060990308 1
gene  1 2 13 -1.0517940257690703 0 213.0 -1.0517940257690703 1
gene  1 4 13 9.25602118124835 0 230.0 9.25602118124835 1
gene  1 13 8 -1.227368335934236 0 244.0 -1.227368335934236 1
gene  1 7 14 0.5630440013555987 0 264.0 0.5630440013555987 1
gene  1 1 14 -6.8620102859473615 0 299.0 -6.8620102859473615 1
genomeend 6
genomestart  7
trait 1 1.3984647206950989 1.1820041572981141 0.9127389028296539 1.2383225027221012 0.8876970332296057 0.0 0.9248899419731411 0.0 
node 1 1 1 1
node 2 1 1 1
node 3 1 1 1
node 4 1 1 1
node 5 1 1 1
node 6 1 1 1
node 7 1 1 3
node 8 1 0 0
node 13 1 0 2
node 14 1 0 2
gene  1 1 8 0.10089895956867401 0 98.0 0.10089895956867401 1
gene  1 2 8 -1.0564516362924636 0 99.0 -1.0564516362924636 1
gene  1 3 8 -2.699298798717602 0 100.0 -2.699298798717602 1
gene  1 4 8 8.056630642868777 0 101.0 8.056630642868777 1
gene  1 5 8 -5.4844387619058415 0 102.0 -5.4844387619058415 1
gene  1 6 8 -0.514503271203784 0 103.0 -0.514503271203784 1
gene  1 8 8 3.428751143275842 1 105.0 3.428751143275842 1
gene  1 13 8 1.3900153620011777 1 110.0 1.3900153620011777 1
gene  1 14 8 2.134771588885389 1 111.0 2.134771588885389 1
gene  1 3 13 3.9070947428884333 0 170.0 3.9070947428884333 1
gene  1 5 13 1.7078365541279978 0 172.0 1.7078365541279978 1
gene  1 7 13 -1.237850797205555 0 174.0 -1.237850797205555 1
gene  1 13 13 -0.0277688808865022 1 180.0 -0.0277688808865022 1
gene  1 2 14 -0.06977587775095229 0 183.0 -0.06977587775095229 1
gene  1 4 14 -6.088812788418522 0 185.0 -6.088812788418522 1
gene  1 6 14 -0.17039966070942159 0 187.0 -0.17039966070942159 1
gene  1 8 14 1.2865009842294113 0 189.0 1.2865009842294113 1
gene  1 13 14 2.388312448478626 0 194.0 2.388312448478626 1
gene  1 2 13 0.3843430566743322 0 213.0 0.3843430566743322 1
gene  1 4 13 9.25602118124835 0 230.0 9.25602118124835 1
gene  1 13 8 -1.1039533010073257 0 244.0 -1.1039533010073257 1
gene  1 7 14 -0.7680019992697662 0 264.0 -0.7680019992697662 1
gene  1 1 14 -5.49579139093499 0 299.0 -5.49579139093499 1
genomeend 7
genomestart  8
trait 1 1.3449282699683267 0.0 0.6715679179718652 0.876858839596525 1.5174143118965362 0.3493210991972051 0.4130893652942357 0.0 
node 1 1 1 1
node 2 1 1 1
node 3 1 1 1
node 4 1 1 1
node 5 1 1 1
node 6 1 1 1
node 7 1 1 3
node 8 1 0 0
node 9 1 0 0
node 10 1 0 0
node 13 1 0 2
node 14 1 0 2
node 28 1 0 0
gene  1 1 8 -0.41727573971088794 0 98.0 -0.41727573971088794 1
gene  1 3 8 -3.48673313601975 0 100.0 -3.48673313601975 1
gene  1 5 8 4.934980000327936 0 102.0 4.934980000327936 1
gene  1 6 8 0.719315349007535 0 103.0 0.719315349007535 1
gene  1 8 8 8.109295165371483 1 105.0 8.109295165371483 1
gene  1 1 9 -0.11299102696416902 0 112.0 -0.11299102696416902 1
gene  1 2 9 -1.603186732979562 0 113.0 -1.603186732979562 1
gene  1 3 9 -0.7352285964664013 0 114.0 -0.7352285964664013 1
gene  1 5 9 -1.985808307497136 0 116.0 -1.985808307497136 1
gene  1 7 9 3.9210216150819486 0 118.0 3.9210216150819486 1
gene  1 9 9 0.2796050015077989 1 120.0 0.2796050015077989 1
gene  1 10 9 0.505306084995385 1 121.0 0.505306084995385 1
gene  1 13 9 7.269026271083399 1 124.0 7.269026271083399 1
gene  1 2 10 3.157286142658936 0 127.0 3.157286142658936 1
gene  1 4 10 -4.606118736326131 0 129.0 -4.606118736326131 1
gene  1 5 10 -0.43498398128723803 0 130.0 -0.43498398128723803 1
gene  1 8 10 1.9753722539616616 0 133.0 1.9753722539616616 1
gene  1 9 10 -2.739994874702216 0 134.0 -2.739994874702216 1
gene  1 10 10 1.0154513059173682 1 135.0 1.0154513059173682 1
gene  1 13 10 -4.983188992616444 1 138.0 -4.983188992616444 1
gene  1 14 10 1.1872908075066682 1 139.0 1.1872908075066682 1
gene  1 2 13 -2.489774900535826 0 169.0 -2.489774900535826 1
gene  1 3 13 -5.942363703616484 0 170.0 -5.942363703616484 1
gene  1 6 13 -5.807217457754671 0 173.0 -5.807217457754671 1
gene  1 7 13 1.8143600015102543 0 174.0 1.8143600015102543 1
gene  1 9 13 -3.116250072101054 0 176.0 -3.116250072101054 1
gene  1 13 13 2.053020986275428 1 180.0 2.053020986275428 1
gene  1 14 13 2.315153640819972 1 181.0 2.315153640819972 1
gene  1 1 14 3.239269662289772 0 182.0 3.239269662289772 1
gene  1 3 14 6.494650912542709 0 184.0 6.494650912542709 1
gene  1 9 14 -6.023062369297499 0 190.0 -6.023062369297499 1
gene  1 10 14 0.3579615670371179 0 191.0 0.3579615670371179 1
gene  1 8 13 -7.9282624865415325 0 207.0 -7.9282624865415325 1
gene  1 1 10 9.568526549464197 0 226.0 9.568526549464197 1
gene  1 6 14 4.260041480931449 0 234.0 4.260041480931449 1
gene  1 8 28 0.674436265571153 1 293.0 0.674436265571153 1
gene  1 28 8 1.1852268877099696 0 294.0 1.1852268877099696 1
genomeend 8
genomestart  9
trait 1 1.3449282699683267 0.0 0.6715679179718652 0.876858839596525 1.5174143118965362 0.3493210991972051 0.4130893652942357 0.0 
node 1 1 1 1
node 2 1 1 1
node 3 1 1 1
node 4 1 1 1
node 5 1 1 1
node 6 1 1 1
node 7 1 1 3
node 8 1 0 0
node 9 1 0 0
node 10 1 0 0
node 13 1 0 2
node 14 1 0 2
node 28 1 0 0
gene  1 1 8 -1.4566421263511038 0 98.0 -1.4566421263511038 1
gene  1 3 8 -2.136032703466719 0 100.0 -2.136032703466719 1
gene  1 5 8 2.8965994293378476 0 102.0 2.8965994293378476 1
gene  1 6 8 2.0899836892470685 0 103.0 2.0899836892470685 1
gene  1 8 8 8.293749355007089 1 105.0 8.293749355007089 0
gene  1 1 9 8.765678199266823 0 112.0 8.765678199266823 1
gene  1 2 9 0.13438486965043506 0 113.0 0.13438486965043506 1
gene  1 3 9 0.03398532717981406 0 114.0 0.03398532717981406 1
gene  1 5 9 -0.6124613033007946 0 116.0 -0.6124613033007946 1
gene  1 7 9 2.1608827850816246 0 118.0 2.1608827850816246 1
gene  1 9 9 0.2796050015077989 1 120.0 0.2796050015077989 1
gene  1 10 9 -0.05689589066545464 1 121.0 -0.05689589066545464 1
gene  1 13 9 7.269026271083399 1 124.0 7.269026271083399 1
gene  1 2 10 1.862750113582022 0 127.0 1.862750113582022 1
gene  1 4 10 -4.606118736326131 0 129.0 -4.606118736326131 1
gene  1 5 10 -2.718606030526784 0 130.0 -2.718606030526784 1
gene  1 8 10 2.9221767298946073 0 133.0 2.9221767298946073 1
gene  1 9 10 -2.083061800991811 0 134.0 -2.083061800991811 1
gene  1 10 10 0.9362001919564671 1 135.0 0.9362001919564671 1
gene  1 13 10 -3.027125891422763 1 138.0 -3.027125891422763 1
gene  1 14 10 3.127982770905427 1 139.0 3.127982770905427 1
gene  1 2 13 -1.5353158530465358 0 169.0 -1.5353158530465358 1
gene  1 3 13 -7.147300294974709 0 170.0 -7.147300294974709 1
gene  1 6 13 -3.8386039332985 0 173.0 -3.8386039332985 1
gene  1 7 13 1.0193144649713224 0 174.0 1.0193144649713224 1
gene  1 9 13 -2.229669154208355 0 176.0 -2.229669154208355 1
gene  1 13 13 -0.3708270756083283 1 180.0 -0.3708270756083283 1
gene  1 14 13 0.3078745848244252 1 181.0 0.3078745848244252 1
gene  1 1 14 1.7787062804671407 0 182.0 1.7787062804671407 1
gene  1 3 14 5.232460197599407 0 184.0 5.232460197599407 1
gene  1 9 14 -6.023062369297499 0 190.0 -6.023062369297499 1
gene  1 10 14 -1.4513419191274126 0 191.0 -1.4513419191274126 1
gene  1 8 13 -7.184866370324504 0 207.0 -7.184866370324504 1
gene  1 1 10 7.211237485661213 0 226.0 7.211237485661213 1
gene  1 6 14 1.7901453691952818 0 234.0 1.7901453691952818 1
gene  1 8 28 1.09025703138547 1 293.0 1.09025703138547 1
gene  1 28 8 -0.6830011892302218 0 294.0 -0.6830011892302218 1
genomeend 9
genomestart  10
trait 1 0.0 0.0 0.4047372828381034 0.0 1.1905783516961135 0.0 0.0 0.6290818923229079 
node 1 1 1 1
node 2 1 1 1
node 3 1 1 1
node 4 1 1 1
node 5 1 1 1
node 6 1 1 1
node 7 1 1 3
node 8 1 0 0
node 13 1 0 2
node 14 1 0 2
node 22 1 0 0
node 25 1 0 0
node 29 1 0 0
gene  1 1 8 7.916872585996046 0 98.0 7.916872585996046 1
gene  1 3 8 -6.824931114257689 0 100.0 -6.824931114257689 1
gene  1 4 8 -0.6205085262965182 0 101.0 -0.6205085262965182 1
gene  1 5 8 0.9655738971890666 0 102.0 0.9655738971890666 1
gene  1 6 8 11.512305719321859 0 103.0 11.512305719321859 1
gene  1 8 8 0.3098625188717641 1 105.0 0.3098625188717641 1
gene  1 1 13 -1.8886717970097155 0 168.0 -1.8886717970097155 1
gene  1 5 13 -2.1836611990661687 0 172.0 -2.1836611990661687 1
gene  1 13 13 -4.106139540337022 1 180.0 -4.106139540337022 1
gene  1 14 13 -7.931752297869294 1 181.0 -7.931752297869294 1
gene  1 2 14 -2.2135898868363393 0 183.0 -2.2135898868363393 1
gene  1 3 14 1.6616152230097887 0 184.0 1.6616152230097887 1
gene  1 5 14 6.452633065759037 0 186.0 6.452633065759037 1
gene  1 7 14 -8.241096412080806 0 188.0 -8.241096412080806 1
gene  1 8 14 -6.23829330411049 0 189.0 -6.23829330411049 1
gene  1 13 14 -0.503438397760906 0 194.0 -0.503438397760906 1
gene  1 2 13 7.529025660808007 0 236.0 7.529025660808007 1
gene  1 8 22 -3.9663208352329855 0 240.0 -3.9663208352329855 1
gene  1 22 14 2.4563902847066412 0 241.0 2.4563902847066412 1
gene  1 1 22 -1.7999545639689294 0 245.0 -1.7999545639689294 1
gene  1 13 8 1.1800405510763077 0 257.0 1.1800405510763077 1
gene  1 5 22 -0.21504789999288332 0 265.0 -0.21504789999288332 1
gene  1 1 25 1.5927156208787243 0 279.0 1.5927156208787243 1
gene  1 25 8 -0.7949765408461454 0 280.0 -0.7949765408461454 1
gene  1 8 29 2.567318874165352 0 297.0 2.567318874165352 1
gene  1 29 14 -2.375586407210619 0 298.0 -2.375586407210619 1
genomeend 10
genomestart  11
trait 1 0.0 0.0 0.4047372828381034 0.0 1.1905783516961135 0.0 0.0 0.6290818923229079 
node 1 1 1 1
node 2 1 1 1
node 3 1 1 1
node 4 1 1 1
node 5 1 1 1
node 6 1 1 1
node 7 1 1 3
node 8 1 0 0
node 13 1 0 2
node 14 1 0 2
node 22 1 0 0
node 25 1 0 0
node 29 1 0 0
gene  1 1 8 4.743178932725875 0 98.0 4.743178932725875 1
gene  1 3 8 -7.535126754832133 0 100.0 -7.535126754832133 1
gene  1 4 8 -8.36347086184996 0 101.0 -8.36347086184996 1
gene  1 5 8 3.275195502789048 0 102.0 3.275195502789048 1
gene  1 6 8 8.436126617921525 0 103.0 8.436126617921525 1
gene  1 8 8 1.2050245024849573 1 105.0 1.2050245024849573 1
gene  1 1 13 -2.6853368507358324 0 168.0 -2.6853368507358324 1
gene  1 5 13 0.2648676269331376 0 172.0 0.2648676269331376 1
gene  1 13 13 -5.21804749894403 1 180.0 -5.21804749894403 1
gene  1 14 13 -10.445136889877746 1 181.0 -10.445136889877746 1
gene  1 2 14 -5.25113809405313 0 183.0 -5.25113809405313 1
gene  1 3 14 -5.7862853786163635 0 184.0 -5.7862853786163635 1
gene  1 5 14 4.160211236348359 0 186.0 4.160211236348359 1
gene  1 7 14 -5.95054732599494 0 188.0 -5.95054732599494 1
gene  1 8 14 -4.1566820035093945 0 189.0 -4.1566820035093945 1
gene  1 13 14 2.7830266105713575 0 194.0 2.7830266105713575 1
gene  1 2 13 8.19120617331994 0 236.0 8.19120617331994 1
gene  1 8 22 -1.8116445937970256 0 240.0 -1.8116445937970256 1
gene  1 22 14 3.929909769752455 0 241.0 3.929909769752455 1
gene  1 1 22 -0.8757319749817142 0 245.0 -0.8757319749817142 1
gene  1 13 8 -1.917113633600128 0 257.0 -1.917113633600128 1
gene  1 5 22 1.614902117838434 0 265.0 1.614902117838434 1
gene  1 1 25 1.7075431915910293 0 279.0 1.7075431915910293 1
gene  1 25 8 -1.2148915520072752 0 280.0 -1.2148915520072752 1
gene  1 8 29 1.4073180648584924 0 297.0 1.4073180648584924 1
gene  1 29 14 2.429483197805235 0 298.0 2.429483197805235 1
genomeend 11
genomestart  12
trait 1 0.0 0.2554483696464587 0.8251022796065072 0.0 0.08358235011292536 0.3073711629624263 0.32969388154307144 0.6916428847584896 
node 1 1 1 1
node 2 1 1 1
node 3 1 1 1
node 4 1 1 1
node 5 1 1 1
node 6 1 1 1
node 7 1 1 3
node 13 1 0 2
node 14 1 0 2
gene  1 1 13 4.51009208393534 0 168.0 4.51009208393534 1
gene  1 2 13 -4.982375367211719 0 169.0 -4.982375367211719 1
gene  1 3 13 4.896157741812668 0 170.0 4.896157741812668 1
gene  1 4 13 4.4880868954783 0 171.0 4.4880868954783 1
gene  1 5 13 3.6598377109410896 0 172.0 3.6598377109410896 1
gene  1 6 13 3.131945885575023 0 173.0 3.131945885575023 1
gene  1 7 13 2.6228706319080985 0 174.0 2.6228706319080985 1
gene  1 14 13 7.253732292323679 1 181.0 7.253732292323679 1
gene  1 1 14 5.639508819704144 0 182.0 5.639508819704144 1
gene  1 2 14 -1.3036200937087428 0 183.0 -1.3036200937087428 1
gene  1 3 14 2.606980571071974 0 184.0 2.606980571071974 1
gene  1 13 14 0.4948595616092944 0 194.0 0.4948595616092944 1
gene  1 14 14 -0.9984591334745142 1 195.0 -0.9984591334745142 1
gene  1 7 14 1.9309844582984652 0 273.0 1.9309844582984652 1
gene  1 4 14 -0.5155102794182276 0 283.0 -0.5155102794182276 1
gene  1 5 14 -1.2773240534704837 0 303.0 -1.2773240534704837 1
genomeend 12
genomestart  13
trait 1 0.0 0.2554483696464587 0.8251022796065072 0.0 0.08358235011292536 0.3073711629624263 0.32969388154307144 0.6916428847584896 
node 1 1 1 1
node 2 1 1 1
node 3 1 1 1
node 4 1 1 1
node 5 1 1 1
node 6 1 1 1
node 7 1 1 3
node 13 1 0 2
node 14 1 0 2
gene  1 1 13 6.509657079210849 0 168.0 6.509657079210849 1
gene  1 2 13 -4.698717481000711 0 169.0 -4.698717481000711 1
gene  1 3 13 4.56394257898063 0 170.0 4.56394257898063 1
gene  1 4 13 3.2516634302215484 0 171.0 3.2516634302215484 1
gene  1 5 13 3.9966396365298857 0 172.0 3.9966396365298857 1
gene  1 6 13 2.1327191864124826 0 173.0 2.1327191864124826 1
gene  1 7 13 2.0614595020590336 0 174.0 2.0614595020590336 1
gene  1 14 13 5.244758161119467 1 181.0 5.244758161119467 1
gene  1 1 14 3.3105869828718832 0 182.0 3.3105869828718832 1
gene  1 2 14 -0.6423017689432298 0 183.0 -0.6423017689432298 1
gene  1 3 14 1.4745298225850798 0 184.0 1.4745298225850798 1
gene  1 13 14 0.3397026424773853 0 194.0 0.3397026424773853 1
gene  1 14 14 -0.18148623312254875 1 195.0 -0.18148623312254875 1
gene  1 7 14 1.0344458346118919 0 273.0 1.0344458346118919 1
gene  1 4 14 2.2476733592502467 0 283.0 2.2476733592502467 1
gene  1 5 14 0.6020943114796293 0 303.0 0.6020943114796293 1
gene  1 6 14 6.828625791692803 0 307.0 6.828625791692803 1
genomeend 13
genomestart  14
trait 1 0.0 0.2554483696464587 0.8251022796065072 0.0 0.08358235011292536 0.3073711629624263 0.32969388154307144 0.6916428847584896 
node 1 1 1 1
node 2 1 1 1
node 3 1 1 1
node 4 1 1 1
node 5 1 1 1
node 6 1 1 1
node 7 1 1 3
node 13 1 0 2
node 14 1 0 2
gene  1 1 13 7.170765897052407 0 168.0 7.170765897052407 1
gene  1 2 13 -6.625562893852695 0 169.0 -6.625562893852695 1
gene  1 3 13 3.904001421894053 0 170.0 3.904001421894053 1
gene  1 4 13 2.0245871004140645 0 171.0 2.0245871004140645 1
gene  1 5 13 3.8041715930698534 0 172.0 3.8041715930698534 1
gene  1 6 13 2.6592584998117688 0 173.0 2.6592584998117688 1
gene  1 7 13 3.0939979084232925 0 174.0 3.0939979084232925 1
gene  1 14 13 3.173161522954158 1 181.0 3.173161522954158 1
gene  1 1 14 -1.7825478573168456 0 182.0 -1.7825478573168456 1
gene  1 2 14 -2.1099964804253064 0 183.0 -2.1099964804253064 1
gene  1 3 14 2.7123326944918498 0 184.0 2.7123326944918498 1
gene  1 13 14 0.3257054426274856 0 194.0 0.3257054426274856 1
gene  1 14 14 2.297392983738504 1 195.0 2.297392983738504 1
gene  1 7 14 2.38683238133424 0 273.0 2.38683238133424 1
gene  1 4 14 0.7659863425745295 0 283.0 0.7659863425745295 1
gene  1 5 14 -1.3162345944351383 0 303.0 -1.3162345944351383 1
genomeend 14
genomestart  15
trait 1 0.731715373568969 0.5319433208524987 0.8875428902212121 1.0172554146688002 0.2545070174269727 0.6799681748259421 0.0 0.0 
node 1 1 1 1
node 2 1 1 1
node 3 1 1 1
node 4 1 1 1
node 5 1 1 1
node 6 1 1 1
node 7 1 1 3
node 8 1 0 0
node 9 1 0 0
node 13 1 0 2
node 14 1 0 2
node 20 1 0 0
gene  1 1 8 -5.318926542556709 0 98.0 -5.318926542556709 1
gene  1 2 8 -1.0095947134377505 0 99.0 -1.0095947134377505 1
gene  1 3 8 3.3768023398386644 0 100.0 3.3768023398386644 1
gene  1 6 8 0.2966585092513126 0 103.0 0.2966585092513126 1
gene  1 8 8 3.169695181128148 1 105.0 3.169695181128148 1
gene  1 9 8 4.587041086469111 1 106.0 4.587041086469111 1
gene  1 13 8 2.5942056848959285 1 110.0 2.5942056848959285 1
gene  1 14 8 1.4553958573768133 1 111.0 1.4553958573768133 1
gene  1 1 9 2.341644925729663 0 112.0 2.341644925729663 1
gene  1 4 9 2.2150179968515333 0 115.0 2.2150179968515333 1
gene  1 5 9 4.219295096754511 0 116.0 4.219295096754511 1
gene  1 7 9 1.0860906453305184 0 118.0 1.0860906453305184 1
gene  1 9 9 -0.8354583865275076 1 120.0 -0.8354583865275076 1
gene  1 14 9 -1.1883181944204049 1 125.0 -1.1883181944204049 1
gene  1 2 13 -10.997683964954733 0 169.0 -10.997683964954733 1
gene  1 5 13 0.4924750688729168 0 172.0 0.4924750688729168 1
gene  1 8 13 3.888231356920978 0 175.0 3.888231356920978 1
gene  1 1 14 -4.272222258783186 0 182.0 -4.272222258783186 1
gene  1 2 14 11.80183509703096 0 183.0 11.80183509703096 1
gene  1 3 14 -7.617801347975066 0 184.0 -7.617801347975066 1
gene  1 6 14 10.501678620372495 0 187.0 10.501678620372495 1
gene  1 13 14 3.5309529502972685 0 194.0 3.5309529502972685 1
gene  1 14 14 3.3936615726876176 1 195.0 3.3936615726876176 1
gene  1 5 8 -0.12818856223264202 0 202.0 -0.12818856223264202 1
gene  1 4 13 1.4054550160796457 0 220.0 1.4054550160796457 1
gene  1 1 20 0.30134750521020076 0 231.0 0.30134750521020076 1
gene  1 20 14 2.636932834375674 0 232.0 2.636932834375674 1
genomeend 15
genomestart  16
trait 1 0.731715373568969 0.5319433208524987 0.8875428902212121 1.0172554146688002 0.2545070174269727 0.6799681748259421 0.0 0.0 
node 1 1 1 1
node 2 1 1 1
node 3 1 1 1
node 4 1 1 1
node 5 1 1 1
node 6 1 1 1
node 7 1 1 3
node 8 1 0 0
node 9 1 0 0
node 13 1 0 2
node 14 1 0 2
node 20 1 0 0
gene  1 1 8 -5.499028761163311 0 98.0 -5.499028761163311 1
gene  1 2 8 -0.910752732848485 0 99.0 -0.910752732848485 1
gene  1 3 8 2.646119363557568 0 100.0 2.646119363557568 1
gene  1 6 8 1.31943587113522 0 103.0 1.31943587113522 1
gene  1 8 8 2.198878225854722 1 105.0 2.198878225854722 1
gene  1 9 8 1.0865454135505934 1 106.0 1.0865454135505934 1
gene  1 13 8 0.6111807850856021 1 110.0 0.6111807850856021 1
gene  1 14 8 3.3567644190783494 1 111.0 3.3567644190783494 1
gene  1 1 9 2.813842793054875 0 112.0 2.813842793054875 1
gene  1 4 9 0.2346965799153149 0 115.0 0.2346965799153149 1
gene  1 5 9 1.8939534729542777 0 116.0 1.8939534729542777 1
gene  1 7 9 -1.028840745652316 0 118.0 -1.028840745652316 1
gene  1 9 9 4.205327993494039 1 120.0 4.205327993494039 1
gene  1 14 9 -0.07787402989475689 1 125.0 -0.07787402989475689 1
gene  1 2 13 -9.332525246832471 0 169.0 -9.332525246832471 1
gene  1 5 13 2.879626486259945 0 172.0 2.879626486259945 1
gene  1 8 13 3.5264283140707215 0 175.0 3.5264283140707215 1
gene  1 1 14 -1.5299417774826987 0 182.0 -1.5299417774826987 1
gene  1 2 14 13.028358290810976 0 183.0 13.028358290810976 1
gene  1 3 14 -6.443640682443071 0 184.0 -6.443640682443071 1
gene  1 6 14 10.945456295919312 0 187.0 10.945456295919312 1
gene  1 13 14 4.159033539146361 0 194.0 4.159033539146361 1
gene  1 14 14 3.1017526488145544 1 195.0 3.1017526488145544 1
gene  1 5 8 -0.5628786042628922 0 202.0 -0.5628786042628922 1
gene  1 4 13 -3.3493984982638576 0 220.0 -3.3493984982638576 1
gene  1 1 20 1.307137134723546 0 231.0 1.307137134723546 1
gene  1 20 14 2.2931148406715023 0 232.0 2.2931148406715023 1
genomeend 16
genomestart  17
trait 1 0.0 0.8507286365631731 0.8412243628926098 0.8164647912856297 0.6061681788876561 0.0 0.0 0.07895419735974474 
node 1 1 1 1
node 2 1 1 1
node 3 1 1 1
node 4 1 1 1
node 5 1 1 1
node 6 1 1 1
node 7 1 1 3
node 13 1 0 2
node 14 1 0 2
gene  1 1 13 -0.3266435556576901 0 168.0 -0.3266435556576901 1
gene  1 2 13 -0.48225193778823433 0 169.0 -0.48225193778823433 1
gene  1 5 13 0.7064106438532486 0 172.0 0.7064106438532486 1
gene  1 6 13 -3.779102369188203 0 173.0 -3.779102369188203 1
gene  1 7 13 0.9233227121525382 0 174.0 0.9233227121525382 1
gene  1 3 14 0.837534337110945 0 184.0 0.837534337110945 1
gene  1 4 14 1.44293473803349 0 185.0 1.44293473803349 1
gene  1 7 14 -2.3225327138856473 0 188.0 -2.3225327138856473 1
gene  1 13 14 -1.3446527733654285 0 194.0 -1.3446527733654285 1
gene  1 14 14 2.7000338619022988 1 195.0 2.7000338619022988 1
gene  1 4 13 1.0808941902158025 0 235.0 1.0808941902158025 1
gene  1 1 14 0.3751435075373566 0 242.0 0.3751435075373566 1
genomeend 17
genomestart  18
trait 1 0.0 0.8507286365631731 0.8412243628926098 0.8164647912856297 0.6061681788876561 0.0 0.0 0.07895419735974474 
node 1 1 1 1
node 2 1 1 1
node 3 1 1 1
node 4 1 1 1
node 5 1 1 1
node 6 1 1 1
node 7 1 1 3
node 13 1 0 2
node 14 1 0 2
gene  1 1 13 -1.0142313969094594 0 168.0 -1.0142313969094594 1
gene  1 2 13 -2.5855276945189813 0 169.0 -2.5855276945189813 1
gene  1 5 13 0.6126467119779427 0 172.0 0.6126467119779427 1
gene  1 6 13 -4.471059760814493 0 173.0 -4.471059760814493 1
gene  1 7 13 0.4682687427243217 0 174.0 0.4682687427243217 1
gene  1 3 14 -0.32142825307147294 0 184.0 -0.32142825307147294 1
gene  1 4 14 2.4883689086122645 0 185.0 2.4883689086122645 1
gene  1 7 14 -3.3573800747843023 0 188.0 -3.3573800747843023 1
gene  1 13 14 0.03686263477874663 0 194.0 0.03686263477874663 1
gene  1 14 14 -0.6192798856445012 1 195.0 -0.6192798856445012 1
gene  1 4 13 -0.5660611547269994 0 235.0 -0.5660611547269994 1
gene  1 1 14 1.1994943209554227 0 242.0 1.1994943209554227 1
genomeend 18
genomestart  19
trait 1 0.0 0.8507286365631731 0.8412243628926098 0.8164647912856297 0.6061681788876561 0.0 0.0 0.07895419735974474 
node 1 1 1 1
node 2 1 1 1
node 3 1 1 1
node 4 1 1 1
node 5 1 1 1
node 6 1 1 1
node 7 1 1 3
node 13 1 0 2
node 14 1 0 2
gene  1 1 13 1.3609350896923322 0 168.0 1.3609350896923322 1
gene  1 2 13 -2.008881431020331 0 169.0 -2.008881431020331 1
gene  1 5 13 1.2161013902381193 0 172.0 1.2161013902381193 1
gene  1 6 13 -1.162303538000328 0 173.0 -1.162303538000328 1
gene  1 7 13 -0.7572440021829097 0 174.0 -0.7572440021829097 1
gene  1 3 14 0.07476511685890636 0 184.0 0.07476511685890636 1
gene  1 4 14 0.44790008472788356 0 185.0 0.44790008472788356 1
gene  1 7 14 -2.580916322233258 0 188.0 -2.580916322233258 1
gene  1 13 14 1.792519287753397 0 194.0 1.792519287753397 1
gene  1 14 14 -0.9464321316792073 1 195.0 -0.9464321316792073 1
gene  1 4 13 2.714046433889991 0 235.0 2.714046433889991 1
gene  1 1 14 1.1769389379989204 0 242.0 1.1769389379989204 1
genomeend 19
