genomestart  0
trait 1 1.939229322238783 1.3435646476663192 0.747276035170299 2.0582030814895265 1.5076454025049317 0.613882352886216 1.5989666598479386 0.2837832966800675 
node 1 1 1 1
node 2 1 1 1
node 3 1 1 1
node 4 1 1 1
node 5 1 1 1
node 6 1 1 1
node 7 1 1 3
node 8 1 0 0
node 13 1 0 2
node 14 1 0 2
node 39 1 0 0
node 42 1 0 0
node 51 1 0 0
node 68 1 0 0
node 77 1 0 0
gene  1 1 8 -3.956709344184904 0 98.0 -3.956709344184904 1
gene  1 2 8 -2.2620130706276727 0 99.0 -2.2620130706276727 1
gene  1 3 8 -2.166121235719212 0 100.0 -2.166121235719212 1
gene  1 4 8 1.7691630116706492 0 101.0 1.7691630116706492 1
gene  1 5 8 -2.9666610479235054 0 102.0 -2.9666610479235054 1
gene  1 6 8 -1.4789180811718106 0 103.0 -1.4789180811718106 1
gene  1 8 8 0.5546671757397406 1 105.0 0.5546671757397406 1
gene  1 13 8 7.6236661468751965 1 110.0 7.6236661468751965 1
gene  1 14 8 -1.308899451230934 1 111.0 -1.308899451230934 1
gene  1 3 13 -0.5765987883203096 0 170.0 -0.5765987883203096 1
gene  1 5 13 -0.5209379445959841 0 172.0 -0.5209379445959841 1
gene  1 7 13 4.465007291495033 0 174.0 4.465007291495033 1
gene  1 13 13 14.964413078498254 1 180.0 14.964413078498254 1
gene  1 2 14 3.3099479054678262 0 183.0 3.3099479054678262 1
gene  1 4 14 -1.1118205074304524 0 185.0 -1.1118205074304524 1
gene  1 6 14 1.8152512977927961 0 187.0 1.8152512977927961 1
gene  1 8 14 -0.4169065028655714 0 189.0 -0.4169065028655714 1
gene  1 13 14 4.42384508000006 0 194.0 4.42384508000006 1
gene  1 2 13 4.742958530631192 0 213.0 4.742958530631192 1
gene  1 4 13 3.132414056490874 0 230.0 3.132414056490874 1
gene  1 13 8 1.0988286990011789 0 244.0 1.0988286990011789 1
gene  1 7 14 15.537541304969002 0 264.0 15.537541304969002 1
gene  1 1 14 2.8210539285178333 0 299.0 2.8210539285178333 1
gene  1 5 14 -8.400347736460375 0 310.0 -8.400347736460375 1
gene  1 1 13 -1.3194792453246005 0 311.0 -1.3194792453246005 1
gene  1 13 39 -0.9154215671216872 0 344.0 -0.9154215671216872 1
gene  1 39 8 -3.2075022979019403 0 345.0 -3.2075022979019403 1
gene  1 6 13 -0.37675605550091396 0 348.0 -0.37675605550091396 1
gene  1 2 42 -0.006804785253095025 0 359.0 -0.006804785253095025 1
gene  1 42 14 2.3499685066096343 0 360.0 2.3499685066096343 1
gene  1 13 42 -2.353802290024131 0 366.0 -2.353802290024131 1
gene  1 5 51 -2.095807957055379 0 396.0 -2.095807957055379 1
gene  1 51 14 13.377596948698459 0 397.0 13.377596948698459 1
gene  1 6 42 2.269031581794415 0 423.0 2.269031581794415 1
gene  1 39 42 3.7978876912462485 0 426.0 3.7978876912462485 1
gene  1 51 13 9.78161656177124 0 475.0 9.78161656177124 1
gene  1 39 14 2.6512499622634484 0 476.0 2.6512499622634484 1
gene  1 5 39 -2.5383919488928592 0 485.0 -2.5383919488928592 1
gene  1 5 68 2.8937030592090633 0 493.0 2.8937030592090633 1
gene  1 68 39 2.0336577836780543 0 494.0 2.0336577836780543 1
gene  1 4 51 -1.3532284941466373 0 514.0 -1.3532284941466373 1
gene  1 39 77 0.73104887047754 0 528.0 0.73104887047754 1
gene  1 77 8 -4.636575868317733 0 529.0 -4.636575868317733 1
gene  1 3 39 -0.6142245060342628 0 630.0 -0.6142245060342628 1
gene  1 3 14 4.652770253207574 0 665.0 4.652770253207574 1
genomeend 0
genomestart  1
trait 1 1.939229322238783 1.3435646476663192 0.747276035170299 2.0582030814895265 1.5076454025049317 0.613882352886216 1.5989666598479386 0.2837832966800675 
node 1 1 1 1
node 2 1 1 1
node 3 1 1 1
node 4 1 1 1
node 5 1 1 1
node 6 1 1 1
node 7 1 1 3
node 8 1 0 0
node 13 1 0 2
node 14 1 0 2
node 39 1 0 0
node 42 1 0 0
node 51 1 0 0
node 68 1 0 0
node 77 1 0 0
gene  1 1 8 -5.889510547787121 0 98.0 -5.889510547787121 1
gene  1 2 8 -1.0485462824245715 0 99.0 -1.0485462824245715 1
gene  1 3 8 -0.4941706075431247 0 100.0 -0.4941706075431247 1
gene  1 4 8 1.371896963443395 0 101.0 1.371896963443395 1
gene  1 5 8 -1.1756504061715187 0 102.0 -1.1756504061715187 1
gene  1 6 8 -3.1831159732875154 0 103.0 -3.1831159732875154 1
gene  1 8 8 1.519499238960848 1 105.0 1.519499238960848 1
gene  1 13 8 7.610852078201765 1 110.0 7.610852078201765 1
gene  1 14 8 -0.0677834489609952 1 111.0 -0.0677834489609952 1
gene  1 3 13 1.136558072548569 0 170.0 1.136558072548569 1
gene  1 5 13 -0.5209379445959841 0 172.0 -0.5209379445959841 1
gene  1 7 13 1.2374924454256888 0 174.0 1.2374924454256888 1
gene  1 13 13 12.626003640548596 1 180.0 12.626003640548596 1
gene  1 2 14 5.1674210376628835 0 183.0 5.1674210376628835 1
gene  1 4 14 -3.180523218672292 0 185.0 -3.180523218672292 1
gene  1 6 14 -0.5088115455431841 0 187.0 -0.5088115455431841 1
gene  1 8 14 -1.1209209925432781 0 189.0 -1.1209209925432781 1
gene  1 13 14 2.2004084797802808 0 194.0 2.2004084797802808 1
gene  1 2 13 1.344989940095411 0 213.0 1.344989940095411 1
gene  1 4 13 3.510164322519032 0 230.0 3.510164322519032 1
gene  1 13 8 0.5442748949606515 0 244.0 0.5442748949606515 1
gene  1 7 14 15.537541304969002 0 264.0 15.537541304969002 1
gene  1 1 14 -0.15803575900844524 0 299.0 -0.15803575900844524 1
gene  1 5 14 0.35832966233625724 0 310.0 0.35832966233625724 1
gene  1 1 13 -1.2670533236534833 0 311.0 -1.2670533236534833 1
gene  1 13 39 -1.9788511903776 0 344.0 -1.9788511903776 1
gene  1 39 8 -2.1073438948373626 0 345.0 -2.1073438948373626 1
gene  1 6 13 0.13509244543015098 0 348.0 0.13509244543015098 1
gene  1 2 42 -1.3284316387212258 0 359.0 -1.3284316387212258 1
gene  1 42 14 2.6842437266682926 0 360.0 2.6842437266682926 1
gene  1 13 42 -4.551825611302702 0 366.0 -4.551825611302702 1
gene  1 5 51 -2.64764732888731 0 396.0 -2.64764732888731 1
gene  1 51 14 13.206663882778903 0 397.0 13.206663882778903 1
gene  1 6 42 1.5692590769532848 0 423.0 1.5692590769532848 1
gene  1 39 42 -1.6254291603398732 0 426.0 -1.6254291603398732 1
gene  1 51 13 0.3787221623769457 0 475.0 0.3787221623769457 1
gene  1 39 14 2.6512499622634484 0 476.0 2.6512499622634484 1
gene  1 5 39 -4.244282888872153 0 485.0 -4.244282888872153 1
gene  1 5 68 3.9378967072532083 0 493.0 3.9378967072532083 1
gene  1 68 39 2.0336577836780543 0 494.0 2.0336577836780543 1
gene  1 4 51 -1.9432305553491098 0 514.0 -1.9432305553491098 1
gene  1 39 77 0.73104887047754 0 528.0 0.73104887047754 1
gene  1 77 8 -6.997903089657796 0 529.0 -6.997903089657796 1
gene  1 3 39 0.22976021259648194 0 630.0 0.22976021259648194 1
genomeend 1
genomestart  2
trait 1 1.939229322238783 1.3435646476663192 0.747276035170299 2.0582030814895265 1.5076454025049317 0.613882352886216 1.5989666598479386 0.2837832966800675 
node 1 1 1 1
node 2 1 1 1
node 3 1 1 1
node 4 1 1 1
node 5 1 1 1
node 6 1 1 1
node 7 1 1 3
node 8 1 0 0
node 13 1 0 2
node 14 1 0 2
node 39 1 0 0
node 42 1 0 0
node 51 1 0 0
node 68 1 0 0
node 77 1 0 0
gene  1 1 8 -5.000418080468881 0 98.0 -5.000418080468881 1
gene  1 2 8 -3.270906925818668 0 99.0 -3.270906925818668 1
gene  1 3 8 0.13194400540111273 0 100.0 0.13194400540111273 1
gene  1 4 8 -0.22515992723637912 0 101.0 -0.22515992723637912 1
gene  1 5 8 -3.965923347332864 0 102.0 -3.965923347332864 1
gene  1 6 8 -2.4581844253482723 0 103.0 -2.4581844253482723 1
gene  1 8 8 -1.8186327270688245 1 105.0 -1.8186327270688245 1
gene  1 13 8 7.552633824880871 1 110.0 7.552633824880871 1
gene  1 14 8 -0.33652156792390353 1 111.0 -0.33652156792390353 1
gene  1 3 13 1.9203549542857306 0 170.0 1.9203549542857306 1
gene  1 5 13 0.37193378218678474 0 172.0 0.37193378218678474 1
gene  1 7 13 5.709808539980022 0 174.0 5.709808539980022 1
gene  1 13 13 14.599344155288795 1 180.0 14.599344155288795 1
gene  1 2 14 1.252265619989406 0 183.0 1.252265619989406 1
gene  1 4 14 -1.7117080808467091 0 185.0 -1.7117080808467091 1
gene  1 6 14 1.3842474267857914 0 187.0 1.3842474267857914 1
gene  1 8 14 -1.438862099639442 0 189.0 -1.438862099639442 1
gene  1 13 14 4.888380214598432 0 194.0 4.888380214598432 1
gene  1 2 13 3.173838299941012 0 213.0 3.173838299941012 1
gene  1 4 13 4.301010126013839 0 230.0 4.301010126013839 1
gene  1 13 8 1.2824518552346493 0 244.0 1.2824518552346493 1
gene  1 7 14 17.799994752371376 0 264.0 17.799994752371376 1
gene  1 1 14 4.763572303781498 0 299.0 4.763572303781498 1
gene  1 5 14 -9.330631041105812 0 310.0 -9.330631041105812 1
gene  1 1 13 -1.0543877532555475 0 311.0 -1.0543877532555475 1
gene  1 13 39 -1.8896917858915434 0 344.0 -1.8896917858915434 1
gene  1 39 8 -4.477054989125764 0 345.0 -4.477054989125764 1
gene  1 6 13 -0.7809186923658951 0 348.0 -0.7809186923658951 1
gene  1 2 42 2.4034496208684892 0 359.0 2.4034496208684892 1
gene  1 42 14 1.7547278179337633 0 360.0 1.7547278179337633 1
gene  1 13 42 -2.6902958697991473 0 366.0 -2.6902958697991473 1
gene  1 5 51 -4.189180123728618 0 396.0 -4.189180123728618 1
gene  1 51 14 11.043921540733514 0 397.0 11.043921540733514 1
gene  1 6 42 2.8078005130778108 0 423.0 2.8078005130778108 1
gene  1 39 42 3.459970065555058 0 426.0 3.459970065555058 1
gene  1 51 13 10.285545406752089 0 475.0 10.285545406752089 1
gene  1 39 14 2.6512499622634484 0 476.0 2.6512499622634484 1
gene  1 5 39 -2.5383919488928592 0 485.0 -2.5383919488928592 1
gene  1 5 68 0.976252126892623 0 493.0 0.976252126892623 1
gene  1 68 39 2.1835244996960292 0 494.0 2.1835244996960292 1
gene  1 4 51 -1.0420897862824956 0 514.0 -1.0420897862824956 1
gene  1 39 77 -0.8141465199920552 0 528.0 -0.8141465199920552 1
gene  1 77 8 -2.8596157567635827 0 529.0 -2.8596157567635827 1
gene  1 3 39 1.2805288831402242 0 630.0 1.2805288831402242 1
genomeend 2
genomestart  3
trait 1 2.732431393943948 0.0 0.0 1.1988274876269247 1.2130057639623044 0.0 1.9280392103089152 0.5064240700990379 
node 1 1 1 1
node 2 1 1 1
node 3 1 1 1
node 4 1 1 1
node 5 1 1 1
node 6 1 1 1
node 7 1 1 3
node 8 1 0 0
node 9 1 0 0
node 10 1 0 0
node 13 1 0 2
node 14 1 0 2
node 28 1 0 0
node 41 1 0 0
node 43 1 0 0
node 47 1 0 0
node 62 1 0 0
gene  1 1 8 -5.561768728726324 0 98.0 -5.561768728726324 1
gene  1 3 8 7.828489492848008 0 100.0 7.828489492848008 1
gene  1 5 8 5.998395255188281 0 102.0 5.998395255188281 1
gene  1 6 8 14.856090668414861 0 103.0 14.856090668414861 1
gene  1 8 8 -1.5011053750205914 1 105.0 -1.5011053750205914 1
gene  1 1 9 -8.815608624290842 0 112.0 -8.815608624290842 1
gene  1 2 9 6.442693090847915 0 113.0 6.442693090847915 1
gene  1 3 9 -9.693645192963091 0 114.0 -9.693645192963091 1
gene  1 5 9 0.1333446748234015 0 116.0 0.1333446748234015 1
gene  1 7 9 -4.571316166616132 0 118.0 -4.571316166616132 1
gene  1 9 9 -3.519114322134257 1 120.0 -3.519114322134257 1
gene  1 10 9 -0.3579775202524462 1 121.0 -0.3579775202524462 1
gene  1 13 9 1.3882016291248391 1 124.0 1.3882016291248391 1
gene  1 2 10 -2.1809704163037886 0 127.0 -2.1809704163037886 1
gene  1 4 10 -9.686365498894066 0 129.0 -9.686365498894066 1
gene  1 5 10 9.84162532900668 0 130.0 9.84162532900668 1
gene  1 8 10 0.7768846838997758 0 133.0 0.7768846838997758 1
gene  1 9 10 1.8121517430460592 0 134.0 1.8121517430460592 1
gene  1 10 10 6.16812267195714 1 135.0 6.16812267195714 1
gene  1 13 10 -4.95266307907677 1 138.0 -4.95266307907677 1
gene  1 14 10 -2.240599570619815 1 139.0 -2.240599570619815 1
gene  1 2 13 -0.8997702604793827 0 169.0 -0.8997702604793827 1
gene  1 3 13 1.5894625263625148 0 170.0 1.5894625263625148 1
gene  1 6 13 -0.503645097464462 0 173.0 -0.503645097464462 1
gene  1 7 13 -4.386679184881716 0 174.0 -4.386679184881716 1
gene  1 9 13 1.3898328738529784 0 176.0 1.3898328738529784 1
gene  1 13 13 0.08007525212918609 1 180.0 0.08007525212918609 1
gene  1 14 13 -0.5112867134492761 1 181.0 -0.5112867134492761 1
gene  1 1 14 1.152736167708245 0 182.0 1.152736167708245 1
gene  1 3 14 3.049758040577614 0 184.0 3.049758040577614 1
gene  1 9 14 8.17664904314772 0 190.0 8.17664904314772 1
gene  1 10 14 3.779104954316435 0 191.0 3.779104954316435 1
gene  1 8 13 4.510804290517399 0 207.0 4.510804290517399 1
gene  1 1 10 4.426274527681189 0 226.0 4.426274527681189 1
gene  1 6 14 -9.168391421345753 0 234.0 -9.168391421345753 1
gene  1 8 28 1.1969202059965869 1 293.0 1.1969202059965869 1
gene  1 28 8 -3.2625969036812994 0 294.0 -3.2625969036812994 1
gene  1 8 9 -1.8902483705674797 0 328.0 -1.8902483705674797 1
gene  1 8 41 2.81912044140459 1 357.0 2.81912044140459 1
gene  1 41 8 2.191616238185011 0 358.0 2.191616238185011 1
gene  1 14 43 3.174682108613972 1 364.0 3.174682108613972 1
gene  1 43 10 -0.1312873984718274 0 365.0 -0.1312873984718274 1
gene  1 5 47 -17.66172238335047 0 375.0 -17.66172238335047 1
gene  1 47 9 2.0679286912520767 0 376.0 2.0679286912520767 1
gene  1 41 14 -4.258788062639545 0 387.0 -4.258788062639545 1
gene  1 4 28 0.39333723293527406 0 419.0 0.39333723293527406 1
gene  1 2 28 0.15473010136402765 0 429.0 0.15473010136402765 1
gene  1 1 62 4.4003776103502314 0 470.0 4.4003776103502314 1
gene  1 62 9 -0.7485135424229912 0 471.0 -0.7485135424229912 1
gene  1 8 14 0.5796747425047815 0 484.0 0.5796747425047815 1
gene  1 1 13 -1.6303020584822294 0 489.0 -1.6303020584822294 1
gene  1 28 10 1.7039513416229028 0 510.0 1.7039513416229028 1
gene  1 2 41 -1.3815803105205133 0 515.0 -1.3815803105205133 1
gene  1 41 47 -1.4930275240561262 0 548.0 -1.4930275240561262 1
genomeend 3
genomestart  4
trait 1 2.732431393943948 0.0 0.0 1.1988274876269247 1.2130057639623044 0.0 1.9280392103089152 0.5064240700990379 
node 1 1 1 1
node 2 1 1 1
node 3 1 1 1
node 4 1 1 1
node 5 1 1 1
node 6 1 1 1
node 7 1 1 3
node 8 1 0 0
node 9 1 0 0
node 10 1 0 0
node 13 1 0 2
node 14 1 0 2
node 28 1 0 0
node 41 1 0 0
node 43 1 0 0
node 47 1 0 0
node 62 1 0 0
gene  1 1 8 -2.244905183315386 0 98.0 -2.244905183315386 1
gene  1 3 8 3.5030271884185105 0 100.0 3.5030271884185105 1
gene  1 5 8 1.8294179625404308 0 102.0 1.8294179625404308 1
gene  1 6 8 13.98308874035655 0 103.0 13.98308874035655 1
gene  1 8 8 -0.616861564746296 1 105.0 -0.616861564746296 1
gene  1 1 9 -11.952433629267077 0 112.0 -11.952433629267077 1
gene  1 2 9 8.742905800250057 0 113.0 8.742905800250057 1
gene  1 3 9 -6.945285757034173 0 114.0 -6.945285757034173 1
gene  1 5 9 0.2036823495340383 0 116.0 0.2036823495340383 1
gene  1 7 9 -1.674193378663463 0 118.0 -1.674193378663463 1
gene  1 9 9 0.05823777331511182 1 120.0 0.05823777331511182 1
gene  1 10 9 -1.2514747748316162 1 121.0 -1.2514747748316162 1
gene  1 13 9 -0.645790296028008 1 124.0 -0.645790296028008 1
gene  1 2 10 2.1186987463746516 0 127.0 2.1186987463746516 1
gene  1 4 10 -5.126706088677103 0 129.0 -5.126706088677103 1
gene  1 5 10 7.660589047090952 0 130.0 7.660589047090952 1
gene  1 8 10 0.9207203239810626 0 133.0 0.9207203239810626 1
gene  1 9 10 -0.8727859842434735 0 134.0 -0.8727859842434735 1
gene  1 10 10 7.972017733839255 1 135.0 7.972017733839255 1
gene  1 13 10 -3.8506103299406846 1 138.0 -3.8506103299406846 1
gene  1 14 10 -2.1029771495825083 1 139.0 -2.1029771495825083 1
gene  1 2 13 0.41824973402714616 0 169.0 0.41824973402714616 1
gene  1 3 13 -1.5288095174071588 0 170.0 -1.5288095174071588 1
gene  1 6 13 -0.16355451085475625 0 173.0 -0.16355451085475625 1
gene  1 7 13 -6.223153425818852 0 174.0 -6.223153425818852 1
gene  1 9 13 3.2905018060483604 0 176.0 3.2905018060483604 1
gene  1 13 13 2.0523675461649495 1 180.0 2.0523675461649495 1
gene  1 14 13 -1.0429976097662381 1 181.0 -1.0429976097662381 1
gene  1 1 14 -0.6408493391294179 0 182.0 -0.6408493391294179 1
gene  1 3 14 2.6388594824748077 0 184.0 2.6388594824748077 1
gene  1 9 14 3.39708193372146 0 190.0 3.39708193372146 1
gene  1 10 14 6.058369244837965 0 191.0 6.058369244837965 1
gene  1 8 13 5.191920205583697 0 207.0 5.191920205583697 1
gene  1 1 10 2.962069266241131 0 226.0 2.962069266241131 1
gene  1 6 14 -6.391502338351208 0 234.0 -6.391502338351208 1
gene  1 8 28 0.46526606618412913 1 293.0 0.46526606618412913 1
gene  1 28 8 -0.8102628673902412 0 294.0 -0.8102628673902412 1
gene  1 8 9 -2.1068659911059955 0 328.0 -2.1068659911059955 1
gene  1 8 41 3.09303132880681 1 357.0 3.09303132880681 1
gene  1 41 8 2.1505526680405804 0 358.0 2.1505526680405804 1
gene  1 14 43 2.3614600147953824 1 364.0 2.3614600147953824 1
gene  1 43 10 0.14420120085998328 0 365.0 0.14420120085998328 1
gene  1 5 47 -15.889140090821805 0 375.0 -15.889140090821805 1
gene  1 47 9 -1.3002974713579079 0 376.0 -1.3002974713579079 1
gene  1 41 14 -2.6312513293845132 0 387.0 -2.6312513293845132 1
gene  1 4 28 -1.4201380135732165 0 419.0 -1.4201380135732165 1
gene  1 2 28 2.7255410312613257 0 429.0 2.7255410312613257 1
gene  1 1 62 6.5614796935136726 0 470.0 6.5614796935136726 1
gene  1 62 9 3.2161035438363905 0 471.0 3.2161035438363905 1
gene  1 8 14 0.738276811233105 0 484.0 0.738276811233105 1
gene  1 1 13 0.667717665904104 0 489.0 0.667717665904104 1
gene  1 28 10 1.8082925063930153 0 510.0 1.8082925063930153 1
gene  1 2 41 -1.1288963490593247 0 515.0 -1.1288963490593247 1
gene  1 41 47 0.19912329249726923 0 548.0 0.19912329249726923 1
genomeend 4
genomestart  5
trait 1 2.732431393943948 0.0 0.0 1.1988274876269247 1.2130057639623044 0.0 1.9280392103089152 0.5064240700990379 
node 1 1 1 1
node 2 1 1 1
node 3 1 1 1
node 4 1 1 1
node 5 1 1 1
node 6 1 1 1
node 7 1 1 3
node 8 1 0 0
node 9 1 0 0
node 10 1 0 0
node 13 1 0 2
node 14 1 0 2
node 28 1 0 0
node 41 1 0 0
node 43 1 0 0
node 47 1 0 0
node 62 1 0 0
gene  1 1 8 -4.053646283943858 0 98.0 -4.053646283943858 1
gene  1 3 8 7.2090915968068785 0 100.0 7.2090915968068785 1
gene  1 5 8 7.171163014412241 0 102.0 7.171163014412241 1
gene  1 6 8 -1.6712717101484496 0 103.0 -1.6712717101484496 1
gene  1 8 8 -3.205107264161937 1 105.0 -3.205107264161937 1
gene  1 1 9 -10.460797340402099 0 112.0 -10.460797340402099 1
gene  1 2 9 6.715555694514181 0 113.0 6.715555694514181 1
gene  1 3 9 0.4215253017932141 0 114.0 0.4215253017932141 1
gene  1 5 9 1.9846694690188385 0 116.0 1.9846694690188385 1
gene  1 7 9 0.014739828450790193 0 118.0 0.014739828450790193 1
gene  1 9 9 -1.966972835411475 1 120.0 -1.966972835411475 1
gene  1 10 9 -3.2448949275128984 1 121.0 -3.2448949275128984 1
gene  1 13 9 2.265986856023883 1 124.0 2.265986856023883 1
gene  1 2 10 -0.2922561724794739 0 127.0 -0.2922561724794739 1
gene  1 4 10 -7.734732602752782 0 129.0 -7.734732602752782 1
gene  1 5 10 9.794541063623521 0 130.0 9.794541063623521 1
gene  1 8 10 3.636942536206275 0 133.0 3.636942536206275 1
gene  1 9 10 0.955490687204089 0 134.0 0.955490687204089 1
gene  1 10 10 -0.7602993069590316 1 135.0 -0.7602993069590316 1
gene  1 13 10 -1.3414667200724597 1 138.0 -1.3414667200724597 1
gene  1 14 10 2.1080106608265807 1 139.0 2.1080106608265807 1
gene  1 2 13 2.2673403755321067 0 169.0 2.2673403755321067 1
gene  1 3 13 -1.140179397898335 0 170.0 -1.140179397898335 1
gene  1 6 13 -0.7071914005290654 0 173.0 -0.7071914005290654 1
gene  1 7 13 1.1689281194830712 0 174.0 1.1689281194830712 1
gene  1 9 13 3.3939344868725434 0 176.0 3.3939344868725434 1
gene  1 13 13 0.23258664252339162 1 180.0 0.23258664252339162 1
gene  1 14 13 -3.716004956996943 1 181.0 -3.716004956996943 1
gene  1 1 14 0.5622377395255239 0 182.0 0.5622377395255239 1
gene  1 3 14 1.920235116211479 0 184.0 1.920235116211479 1
gene  1 9 14 4.770949208603166 0 190.0 4.770949208603166 1
gene  1 10 14 2.1066020236359773 0 191.0 2.1066020236359773 1
gene  1 8 13 4.092743148278217 0 207.0 4.092743148278217 1
gene  1 1 10 3.6646136428175082 0 226.0 3.6646136428175082 1
gene  1 6 14 -6.51322964705328 0 234.0 -6.51322964705328 1
gene  1 8 28 -1.6564150505216149 1 293.0 -1.6564150505216149 1
gene  1 28 8 -0.8102628673902412 0 294.0 -0.8102628673902412 1
gene  1 8 9 -2.5831124113888717 0 328.0 -2.5831124113888717 1
gene  1 8 41 5.11314942967805 1 357.0 5.11314942967805 1
gene  1 41 8 0.7184266562383799 0 358.0 0.7184266562383799 1
gene  1 14 43 1.4532863603630575 1 364.0 1.4532863603630575 1
gene  1 43 10 2.001146923200094 0 365.0 2.001146923200094 1
gene  1 5 47 -18.36335703728936 0 375.0 -18.36335703728936 1
gene  1 47 9 0.8430986460475383 0 376.0 0.8430986460475383 1
gene  1 41 14 -5.72607668941768 0 387.0 -5.72607668941768 1
gene  1 4 28 2.0268019849106196 0 419.0 2.0268019849106196 1
gene  1 2 28 0.6654063173254927 0 429.0 0.6654063173254927 1
gene  1 1 62 6.552162266192072 0 470.0 6.552162266192072 1
gene  1 62 9 -0.5407391541656852 0 471.0 -0.5407391541656852 1
gene  1 8 14 0.6085583168262638 0 484.0 0.6085583168262638 1
gene  1 1 13 -2.4455365971530947 0 489.0 -2.4455365971530947 1
gene  1 28 10 2.813582070253936 0 510.0 2.813582070253936 1
gene  1 2 41 0.193941401926794 0 515.0 0.193941401926794 1
gene  1 41 47 -2.8123020682979787 0 548.0 -2.8123020682979787 1
genomeend 5
genomestart  6
trait 1 1.0196578134443977 0.9084683164675542 0.6999743588928883 0.0 2.8168037350296773 0.47666626507790444 0.826280999839004 0.6952807011059481 
node 1 1 1 1
node 2 1 1 1
node 3 1 1 1
node 4 1 1 1
node 5 1 1 1
node 6 1 1 1
node 7 1 1 3
node 8 1 0 0
node 13 1 0 2
node 14 1 0 2
node 22 1 0 0
node 25 1 0 0
node 29 1 0 0
node 57 1 0 0
node 65 1 0 0
node 76 1 0 0
node 87 1 0 0
node 107 1 0 0
gene  1 1 8 -0.9368325441721683 0 98.0 -0.9368325441721683 1
gene  1 3 8 2.3514018899593925 0 100.0 2.3514018899593925 1
gene  1 4 8 0.7615689850125709 0 101.0 0.7615689850125709 1
gene  1 5 8 -0.7885903457538046 0 102.0 -0.7885903457538046 1
gene  1 6 8 4.435698323653488 0 103.0 4.435698323653488 1
gene  1 8 8 0.3264291552340345 1 105.0 0.3264291552340345 1
gene  1 1 13 -1.5517771078311258 0 168.0 -1.5517771078311258 1
gene  1 5 13 3.547697733312427 0 172.0 3.547697733312427 1
gene  1 13 13 2.5934860221257097 1 180.0 2.5934860221257097 1
gene  1 14 13 0.9020700194143316 1 181.0 0.9020700194143316 1
gene  1 2 14 -1.1189370103407816 0 183.0 -1.1189370103407816 1
gene  1 3 14 -1.2205940619065365 0 184.0 -1.2205940619065365 1
gene  1 5 14 1.3756431308891404 0 186.0 1.3756431308891404 1
gene  1 7 14 -5.114707636928625 0 188.0 -5.114707636928625 1
gene  1 8 14 -3.76215895510411 0 189.0 -3.76215895510411 1
gene  1 13 14 3.5949832772133075 0 194.0 3.5949832772133075 1
gene  1 2 13 0.1688089588761832 0 236.0 0.1688089588761832 1
gene  1 8 22 4.865590138312764 0 240.0 4.865590138312764 1
gene  1 22 14 -11.822405494212921 0 241.0 -11.822405494212921 1
gene  1 1 22 -0.5590073075173291 0 245.0 -0.5590073075173291 1
gene  1 13 8 -2.069546138927723 0 257.0 -2.069546138927723 1
gene  1 5 22 -1.7797978653807114 0 265.0 -1.7797978653807114 1
gene  1 1 25 1.5626051429056542 0 279.0 1.5626051429056542 1
gene  1 25 8 2.9478361474649115 0 280.0 2.9478361474649115 1
gene  1 8 29 -1.1365202370704495 0 297.0 -1.1365202370704495 1
gene  1 29 14 -4.103443132693422 0 298.0 -4.103443132693422 1
gene  1 1 14 -1.6362051459627218 0 312.0 -1.6362051459627218 1
gene  1 2 29 -2.7714857217597 0 330.0 -2.7714857217597 1
gene  1 5 25 -1.5733565534982064 0 343.0 -1.5733565534982064 1
gene  1 6 29 0.4663089584452831 0 386.0 0.4663089584452831 1
gene  1 22 29 3.5131453346963957 0 416.0 3.5131453346963957 1
gene  1 4 14 -4.019698281721053 0 424.0 -4.019698281721053 1
gene  1 4 29 -4.128898714178852 0 432.0 -4.128898714178852 1
gene  1 8 57 -9.585293398956248 0 437.0 -9.585293398956248 1
gene  1 57 14 -2.0647911248889255 0 438.0 -2.0647911248889255 1
gene  1 3 22 0.8319853891610154 0 440.0 0.8319853891610154 1
gene  1 2 25 0.44347556946505684 0 455.0 0.44347556946505684 1
gene  1 1 65 -1.6527894432533543 0 481.0 -1.6527894432533543 1
gene  1 65 25 1.6485142657868281 0 482.0 1.6485142657868281 1
gene  1 8 76 -2.3517828355374935 0 525.0 -2.3517828355374935 1
gene  1 76 22 4.116493167033935 0 526.0 4.116493167033935 1
gene  1 2 87 0.2736269160251745 0 560.0 0.2736269160251745 1
gene  1 87 14 0.5636522215896074 0 561.0 0.5636522215896074 1
gene  1 6 87 -1.644285637214251 0 629.0 -1.644285637214251 1
gene  1 4 107 1.2064040924676571 0 644.0 1.2064040924676571 1
gene  1 107 8 -2.0619910316506864 0 645.0 -2.0619910316506864 1
genomeend 6
genomestart  7
trait 1 0.9125647304280881 1.7182672128504533 0.0 0.0 2.021659782485864 1.286840780842068 0.826280999839004 0.6952807011059481 
node 1 1 1 1
node 2 1 1 1
node 3 1 1 1
node 4 1 1 1
node 5 1 1 1
node 6 1 1 1
node 7 1 1 3
node 8 1 0 0
node 13 1 0 2
node 14 1 0 2
node 22 1 0 0
node 25 1 0 0
node 29 1 0 0
node 57 1 0 0
node 65 1 0 0
node 76 1 0 0
node 87 1 0 0
node 107 1 0 0
gene  1 1 8 0.04507816725492664 0 98.0 0.04507816725492664 1
gene  1 3 8 2.2413642929927287 0 100.0 2.2413642929927287 1
gene  1 4 8 1.9812625965338624 0 101.0 1.9812625965338624 1
gene  1 5 8 -1.078792907441777 0 102.0 -1.078792907441777 1
gene  1 6 8 4.481120813767984 0 103.0 4.481120813767984 1
gene  1 8 8 -1.0066800723716103 1 105.0 -1.0066800723716103 1
gene  1 1 13 -0.9871794492208774 0 168.0 -0.9871794492208774 1
gene  1 5 13 4.766863426348049 0 172.0 4.766863426348049 1
gene  1 13 13 3.129705292522284 1 180.0 3.129705292522284 1
gene  1 14 13 0.38066273997289657 1 181.0 0.38066273997289657 1
gene  1 2 14 0.0013527832134189732 0 183.0 0.0013527832134189732 1
gene  1 3 14 0.5419858405793816 0 184.0 0.5419858405793816 1
gene  1 5 14 -4.130564380007807 0 186.0 -4.130564380007807 1
gene  1 7 14 -0.421459766831217 0 188.0 -0.421459766831217 1
gene  1 8 14 -1.2884573429987733 0 189.0 -1.2884573429987733 1
gene  1 13 14 2.7953658403894597 0 194.0 2.7953658403894597 1
gene  1 2 13 -0.6647346957074992 0 236.0 -0.6647346957074992 1
gene  1 8 22 2.633768019732995 0 240.0 2.633768019732995 1
gene  1 22 14 1.1944660449781859 0 241.0 1.1944660449781859 1
gene  1 1 22 -1.3469739247059593 0 245.0 -1.3469739247059593 1
gene  1 13 8 3.566885758257821 0 257.0 3.566885758257821 1
gene  1 5 22 -0.23211341823978715 0 265.0 -0.23211341823978715 1
gene  1 1 25 -7.949988062972637 0 279.0 -7.949988062972637 1
gene  1 25 8 2.8540537656218614 0 280.0 2.8540537656218614 1
gene  1 8 29 -2.9899856879801225 0 297.0 -2.9899856879801225 1
gene  1 29 14 -3.33140064433805 0 298.0 -3.33140064433805 1
gene  1 1 14 6.7587124756155665 0 312.0 6.7587124756155665 1
gene  1 2 29 -2.765744827856851 0 330.0 -2.765744827856851 1
gene  1 5 25 -3.554615460932495 0 343.0 -3.554615460932495 1
gene  1 6 29 3.9988265283892135 0 386.0 3.9988265283892135 1
gene  1 22 29 4.9415515170838304 0 416.0 4.9415515170838304 1
gene  1 4 14 -2.695691888437392 0 424.0 -2.695691888437392 1
gene  1 4 29 -1.0764331547039827 0 432.0 -1.0764331547039827 1
gene  1 8 57 -12.027893246705123 0 437.0 -12.027893246705123 1
gene  1 57 14 1.6658150070666398 0 438.0 1.6658150070666398 1
gene  1 3 22 4.3151395903660905 0 440.0 4.3151395903660905 1
gene  1 2 25 2.673736192237489 0 455.0 2.673736192237489 1
gene  1 1 65 -0.19407603884719915 0 481.0 -0.19407603884719915 1
gene  1 65 25 -0.7575805366989727 0 482.0 -0.7575805366989727 1
gene  1 8 76 0.003385673655065924 0 525.0 0.003385673655065924 1
gene  1 76 22 5.226930975100385 0 526.0 5.226930975100385 1
gene  1 2 87 3.2276344388834453 0 560.0 3.2276344388834453 1
gene  1 87 14 0.08408447062934421 0 561.0 0.08408447062934421 1
gene  1 6 87 2.5828976717540506 0 629.0 2.5828976717540506 1
gene  1 4 107 1.235021219731234 0 644.0 1.235021219731234 1
gene  1 107 8 1.2080970589093578 0 645.0 1.2080970589093578 1
genomeend 7
genomestart  8
trait 1 1.0196578134443977 0.9084683164675542 0.6999743588928883 0.0 2.8168037350296773 0.47666626507790444 0.826280999839004 0.6952807011059481 
node 1 1 1 1
node 2 1 1 1
node 3 1 1 1
node 4 1 1 1
node 5 1 1 1
node 6 1 1 1
node 7 1 1 3
node 8 1 0 0
node 13 1 0 2
node 14 1 0 2
node 22 1 0 0
node 25 1 0 0
node 29 1 0 0
node 57 1 0 0
node 65 1 0 0
node 76 1 0 0
node 87 1 0 0
node 107 1 0 0
gene  1 1 8 -0.5105837082279191 0 98.0 -0.5105837082279191 1
gene  1 3 8 -0.8532894253369196 0 100.0 -0.8532894253369196 1
gene  1 4 8 3.0977262179649703 0 101.0 3.0977262179649703 1
gene  1 5 8 -3.361364283964706 0 102.0 -3.361364283964706 1
gene  1 6 8 5.980272033277586 0 103.0 5.980272033277586 1
gene  1 8 8 -1.2409909516042135 1 105.0 -1.2409909516042135 1
gene  1 1 13 -0.38214420114927816 0 168.0 -0.38214420114927816 1
gene  1 5 13 2.6916691641664694 0 172.0 2.6916691641664694 1
gene  1 13 13 2.4932367824649666 1 180.0 2.4932367824649666 1
gene  1 14 13 -0.20387685780579978 1 181.0 -0.20387685780579978 1
gene  1 2 14 0.6960898210144224 0 183.0 0.6960898210144224 1
gene  1 3 14 3.382101449996997 0 184.0 3.382101449996997 1
gene  1 5 14 -4.0204232433999225 0 186.0 -4.0204232433999225 1
gene  1 7 14 -2.618853041308053 0 188.0 -2.618853041308053 1
gene  1 8 14 1.152142668263007 0 189.0 1.152142668263007 1
gene  1 13 14 3.461473417118132 0 194.0 3.461473417118132 1
gene  1 2 13 -2.948318265697366 0 236.0 -2.948318265697366 1
gene  1 8 22 4.504475963552506 0 240.0 4.504475963552506 1
gene  1 22 14 -11.390894288434275 0 241.0 -11.390894288434275 1
gene  1 1 22 -0.905730407826375 0 245.0 -0.905730407826375 1
gene  1 13 8 0.7663844865909399 0 257.0 0.7663844865909399 1
gene  1 5 22 1.679969110944199 0 265.0 1.679969110944199 1
gene  1 1 25 -5.526518085300936 0 279.0 -5.526518085300936 1
gene  1 25 8 1.6473102358210046 0 280.0 1.6473102358210046 1
gene  1 8 29 -0.9468576762553255 0 297.0 -0.9468576762553255 1
gene  1 29 14 -0.14151474827588784 0 298.0 -0.14151474827588784 1
gene  1 1 14 5.792674269008486 0 312.0 5.792674269008486 1
gene  1 2 29 1.0796222703828517 0 330.0 1.0796222703828517 1
gene  1 5 25 -3.037079161409883 0 343.0 -3.037079161409883 1
gene  1 6 29 3.9415450596489237 0 386.0 3.9415450596489237 1
gene  1 22 29 2.9433131241607304 0 416.0 2.9433131241607304 1
gene  1 4 14 -3.4065042512708237 0 424.0 -3.4065042512708237 1
gene  1 4 29 -2.0285674849417505 0 432.0 -2.0285674849417505 1
gene  1 8 57 -8.445065906879881 0 437.0 -8.445065906879881 1
gene  1 57 14 2.233865320151585 0 438.0 2.233865320151585 1
gene  1 3 22 4.770898873601773 0 440.0 4.770898873601773 1
gene  1 2 25 1.2974235489426234 0 455.0 1.2974235489426234 1
gene  1 1 65 -4.624580763114551 0 481.0 -4.624580763114551 1
gene  1 65 25 0.8416794670200871 0 482.0 0.8416794670200871 1
gene  1 8 76 1.4820766243518866 0 525.0 1.4820766243518866 1
gene  1 76 22 -1.2994941466102827 0 526.0 -1.2994941466102827 1
gene  1 2 87 2.3696049682569993 0 560.0 2.3696049682569993 1
gene  1 87 14 1.229728408425545 0 561.0 1.229728408425545 1
gene  1 6 87 -2.262085870874237 0 629.0 -2.262085870874237 1
gene  1 4 107 1.235021219731234 0 644.0 1.235021219731234 1
gene  1 107 8 4.129634576063978 0 645.0 4.129634576063978 1
genomeend 8
genomestart  9
trait 1 1.0196578134443977 0.9084683164675542 0.6999743588928883 0.0 2.8168037350296773 0.47666626507790444 0.826280999839004 0.6952807011059481 
node 1 1 1 1
node 2 1 1 1
node 3 1 1 1
node 4 1 1 1
node 5 1 1 1
node 6 1 1 1
node 7 1 1 3
node 8 1 0 0
node 13 1 0 2
node 14 1 0 2
node 22 1 0 0
node 25 1 0 0
node 29 1 0 0
node 57 1 0 0
node 65 1 0 0
node 76 1 0 0
node 87 1 0 0
node 107 1 0 0
gene  1 1 8 -1.640577045898628 0 98.0 -1.640577045898628 1
gene  1 3 8 0.40355183762353963 0 100.0 0.40355183762353963 1
gene  1 4 8 -0.1365183864805073 0 101.0 -0.1365183864805073 1
gene  1 5 8 -1.8174985176019436 0 102.0 -1.8174985176019436 1
gene  1 6 8 0.8953022199533267 0 103.0 0.8953022199533267 1
gene  1 8 8 -2.4751984749498774 1 105.0 -2.4751984749498774 1
gene  1 1 13 -1.5517771078311258 0 168.0 -1.5517771078311258 1
gene  1 5 13 -0.5203246008112641 0 172.0 -0.5203246008112641 1
gene  1 13 13 1.446491538415233 1 180.0 1.446491538415233 1
gene  1 14 13 -1.2183552510132387 1 181.0 -1.2183552510132387 1
gene  1 2 14 2.0187979210634666 0 183.0 2.0187979210634666 1
gene  1 3 14 1.3110081187132778 0 184.0 1.3110081187132778 1
gene  1 5 14 -3.5699952230624645 0 186.0 -3.5699952230624645 1
gene  1 7 14 -3.868550905340897 0 188.0 -3.868550905340897 1
gene  1 8 14 -3.624540140963397 0 189.0 -3.624540140963397 1
gene  1 13 14 2.6393312807331184 0 194.0 2.6393312807331184 1
gene  1 2 13 -1.4295303506700845 0 236.0 -1.4295303506700845 1
gene  1 8 22 4.587888490745351 0 240.0 4.587888490745351 1
gene  1 22 14 -11.776181977066823 0 241.0 -11.776181977066823 1
gene  1 1 22 2.1286112907227257 0 245.0 2.1286112907227257 1
gene  1 13 8 1.1937579137831142 0 257.0 1.1937579137831142 1
gene  1 5 22 0.18812405615709987 0 265.0 0.18812405615709987 1
gene  1 1 25 -7.949988062972637 0 279.0 -7.949988062972637 1
gene  1 25 8 2.990903976489931 0 280.0 2.990903976489931 1
gene  1 8 29 -1.8994864309885577 0 297.0 -1.8994864309885577 1
gene  1 29 14 -2.0034139493287793 0 298.0 -2.0034139493287793 1
gene  1 1 14 2.7240578151536585 0 312.0 2.7240578151536585 1
gene  1 2 29 -0.4904952524658638 0 330.0 -0.4904952524658638 1
gene  1 5 25 -1.4616395599161434 0 343.0 -1.4616395599161434 1
gene  1 6 29 2.831978176542611 0 386.0 2.831978176542611 1
gene  1 22 29 4.851632049993679 0 416.0 4.851632049993679 1
gene  1 4 14 -3.411146260058814 0 424.0 -3.411146260058814 1
gene  1 4 29 0.16496627309127843 0 432.0 0.16496627309127843 1
gene  1 8 57 -10.65366418064167 0 437.0 -10.65366418064167 1
gene  1 57 14 0.6191285066482899 0 438.0 0.6191285066482899 1
gene  1 3 22 7.434583868028577 0 440.0 7.434583868028577 1
gene  1 2 25 -1.0272962133687256 0 455.0 -1.0272962133687256 1
gene  1 1 65 1.0992797536929508 0 481.0 1.0992797536929508 1
gene  1 65 25 1.6485142657868281 0 482.0 1.6485142657868281 1
gene  1 8 76 2.3391314873272218 0 525.0 2.3391314873272218 1
gene  1 76 22 2.8298062592499456 0 526.0 2.8298062592499456 1
gene  1 2 87 1.4522562405197035 0 560.0 1.4522562405197035 1
gene  1 87 14 1.229728408425545 0 561.0 1.229728408425545 1
gene  1 6 87 1.35946683781362 0 629.0 1.35946683781362 1
gene  1 4 107 1.696631219447603 0 644.0 1.696631219447603 1
gene  1 107 8 0.8971023145674748 0 645.0 0.8971023145674748 1
genomeend 9
genomestart  10
trait 1 1.8712665038090677 0.8653773590720232 0.3607453080725136 0.9984253750162321 0.28221791705100885 0.7294252873384013 0.0 0.0 
node 1 1 1 1
node 2 1 1 1
node 3 1 1 1
node 4 1 1 1
node 5 1 1 1
node 6 1 1 1
node 7 1 1 3
node 13 1 0 2
node 14 1 0 2
node 49 1 0 0
node 73 1 0 0
node 81 1 0 0
gene  1 1 13 0.993542300747789 0 168.0 0.993542300747789 1
gene  1 2 13 -0.19690850116012393 0 169.0 -0.19690850116012393 1
gene  1 3 13 0.9302870435153624 0 170.0 0.9302870435153624 1
gene  1 4 13 -0.24880165214810313 0 171.0 -0.24880165214810313 1
gene  1 5 13 -3.932862839293893 0 172.0 -3.932862839293893 1
gene  1 6 13 -3.9802459995922663 0 173.0 -3.9802459995922663 1
gene  1 7 13 -1.0005001747852096 0 174.0 -1.0005001747852096 1
gene  1 14 13 -1.8375503432925249 1 181.0 -1.8375503432925249 1
gene  1 1 14 1.1996332174921231 0 182.0 1.1996332174921231 1
gene  1 2 14 0.41547067372614843 0 183.0 0.41547067372614843 1
gene  1 3 14 -0.8154824221910284 0 184.0 -0.8154824221910284 1
gene  1 13 14 5.345398227192009 0 194.0 5.345398227192009 1
gene  1 14 14 4.555833963179053 1 195.0 4.555833963179053 1
gene  1 7 14 1.034161342967018 0 273.0 1.034161342967018 1
gene  1 4 14 0.04946914549311593 0 283.0 0.04946914549311593 1
gene  1 5 14 -1.3274730643514554 0 303.0 -1.3274730643514554 1
gene  1 6 14 -3.440977288879571 0 307.0 -3.440977288879571 1
gene  1 3 49 -1.3624062144574896 0 389.0 -1.3624062144574896 1
gene  1 49 13 -1.7072107996116896 0 390.0 -1.7072107996116896 1
gene  1 5 49 -2.3130497420288765 0 403.0 -2.3130497420288765 1
gene  1 1 49 -1.3627940545863713 0 430.0 -1.3627940545863713 1
gene  1 7 49 -3.7271699758586774 0 456.0 -3.7271699758586774 1
gene  1 4 49 -3.361930149074268 0 495.0 -3.361930149074268 1
gene  1 6 73 -1.0506857453335752 0 508.0 -1.0506857453335752 1
gene  1 73 13 -5.177089102603342 0 509.0 -5.177089102603342 1
gene  1 6 81 0.4821510233511306 0 542.0 0.4821510233511306 1
gene  1 81 73 1.9359944241982352 0 543.0 1.9359944241982352 1
gene  1 81 49 -1.1754380483188243 0 569.0 -1.1754380483188243 1
gene  1 49 14 0.3125021085736348 0 610.0 0.3125021085736348 1
gene  1 4 73 -9.411694449333178 0 655.0 -9.411694449333178 1
genomeend 10
genomestart  11
trait 1 1.8712665038090677 0.8653773590720232 0.3607453080725136 0.9984253750162321 0.28221791705100885 0.7294252873384013 0.0 0.0 
node 1 1 1 1
node 2 1 1 1
node 3 1 1 1
node 4 1 1 1
node 5 1 1 1
node 6 1 1 1
node 7 1 1 3
node 13 1 0 2
node 14 1 0 2
node 49 1 0 0
node 73 1 0 0
node 81 1 0 0
gene  1 1 13 0.993542300747789 0 168.0 0.993542300747789 1
gene  1 2 13 -0.19690850116012393 0 169.0 -0.19690850116012393 1
gene  1 3 13 0.9302870435153624 0 170.0 0.9302870435153624 1
gene  1 4 13 -0.24880165214810313 0 171.0 -0.24880165214810313 1
gene  1 5 13 -3.932862839293893 0 172.0 -3.932862839293893 1
gene  1 6 13 -3.9802459995922663 0 173.0 -3.9802459995922663 1
gene  1 7 13 -1.0005001747852096 0 174.0 -1.0005001747852096 1
gene  1 14 13 -1.8375503432925249 1 181.0 -1.8375503432925249 1
gene  1 1 14 1.1996332174921231 0 182.0 1.1996332174921231 1
gene  1 2 14 0.41547067372614843 0 183.0 0.41547067372614843 1
gene  1 3 14 -0.8154824221910284 0 184.0 -0.8154824221910284 1
gene  1 13 14 5.345398227192009 0 194.0 5.345398227192009 1
gene  1 14 14 4.555833963179053 1 195.0 4.555833963179053 1
gene  1 7 14 1.034161342967018 0 273.0 1.034161342967018 1
gene  1 4 14 0.04946914549311593 0 283.0 0.04946914549311593 1
gene  1 5 14 -1.3274730643514554 0 303.0 -1.3274730643514554 1
gene  1 6 14 -3.440977288879571 0 307.0 -3.440977288879571 1
gene  1 3 49 -1.3624062144574896 0 389.0 -1.3624062144574896 1
gene  1 49 13 -1.7072107996116896 0 390.0 -1.7072107996116896 1
gene  1 5 49 -2.3130497420288765 0 403.0 -2.3130497420288765 1
gene  1 1 49 -1.3627940545863713 0 430.0 -1.3627940545863713 1
gene  1 7 49 -3.7271699758586774 0 456.0 -3.7271699758586774 1
gene  1 4 49 -3.361930149074268 0 495.0 -3.361930149074268 1
gene  1 6 73 -1.0506857453335752 0 508.0 -1.0506857453335752 1
gene  1 73 13 -5.177089102603342 0 509.0 -5.177089102603342 1
gene  1 6 81 0.4821510233511306 0 542.0 0.4821510233511306 1
gene  1 81 73 1.9359944241982352 0 543.0 1.9359944241982352 1
gene  1 81 49 -1.1754380483188243 0 569.0 -1.1754380483188243 1
gene  1 49 14 0.3125021085736348 0 610.0 0.3125021085736348 1
gene  1 4 73 -9.411694449333178 0 655.0 -9.411694449333178 1
genomeend 11
genomestart  12
trait 1 1.8712665038090677 0.8653773590720232 0.3607453080725136 0.9984253750162321 0.28221791705100885 0.7294252873384013 0.0 0.0 
node 1 1 1 1
node 2 1 1 1
node 3 1 1 1
node 4 1 1 1
node 5 1 1 1
node 6 1 1 1
node 7 1 1 3
node 13 1 0 2
node 14 1 0 2
node 49 1 0 0
node 73 1 0 0
node 81 1 0 0
gene  1 1 13 3.471591390909377 0 168.0 3.471591390909377 1
gene  1 2 13 -1.8486455786684068 0 169.0 -1.8486455786684068 1
gene  1 3 13 -0.8299002642353684 0 170.0 -0.8299002642353684 1
gene  1 4 13 -1.406629422670295 0 171.0 -1.406629422670295 1
gene  1 5 13 -3.234729049005624 0 172.0 -3.234729049005624 1
gene  1 6 13 -4.999506459020508 0 173.0 -4.999506459020508 1
gene  1 7 13 -3.106712516153015 0 174.0 -3.106712516153015 1
gene  1 14 13 -0.0919819723944253 1 181.0 -0.0919819723944253 1
gene  1 1 14 3.1893490093657917 0 182.0 3.1893490093657917 1
gene  1 2 14 -1.063948061658368 0 183.0 -1.063948061658368 1
gene  1 3 14 -2.4898786347818165 0 184.0 -2.4898786347818165 1
gene  1 13 14 4.810723813926577 0 194.0 4.810723813926577 1
gene  1 14 14 4.959848909410337 1 195.0 4.959848909410337 1
gene  1 7 14 1.7188825685370754 0 273.0 1.7188825685370754 1
gene  1 4 14 -0.46178384239418585 0 283.0 -0.46178384239418585 1
gene  1 5 14 -1.3329978554617685 0 303.0 -1.3329978554617685 1
gene  1 6 14 -3.1662593988920684 0 307.0 -3.1662593988920684 1
gene  1 3 49 -0.36698287288678866 0 389.0 -0.36698287288678866 1
gene  1 49 13 -2.617750255643402 0 390.0 -2.617750255643402 1
gene  1 5 49 -3.531642914290956 0 403.0 -3.531642914290956 1
gene  1 1 49 -2.2699839053181115 0 430.0 -2.2699839053181115 1
gene  1 7 49 -2.130890438512683 0 456.0 -2.130890438512683 1
gene  1 4 49 -1.3121217946932666 0 495.0 -1.3121217946932666 1
gene  1 6 73 -0.41017097695048377 0 508.0 -0.41017097695048377 1
gene  1 73 13 -4.940891568708272 0 509.0 -4.940891568708272 1
gene  1 6 81 0.4821510233511306 0 542.0 0.4821510233511306 1
gene  1 81 73 1.4753701664905567 0 543.0 1.4753701664905567 1
gene  1 81 49 -1.4384433395636964 0 569.0 -1.4384433395636964 1
gene  1 49 14 1.9058712553096924 0 610.0 1.9058712553096924 1
gene  1 4 73 -8.274259985494378 0 655.0 -8.274259985494378 1
genomeend 12
genomestart  13
trait 1 1.8712665038090677 0.8653773590720232 0.3607453080725136 0.9984253750162321 0.28221791705100885 0.7294252873384013 0.0 0.0 
node 1 1 1 1
node 2 1 1 1
node 3 1 1 1
node 4 1 1 1
node 5 1 1 1
node 6 1 1 1
node 7 1 1 3
node 13 1 0 2
node 14 1 0 2
node 49 1 0 0
node 73 1 0 0
node 81 1 0 0
node 108 1 0 0
gene  1 1 13 0.993542300747789 0 168.0 0.993542300747789 1
gene  1 2 13 -0.19690850116012393 0 169.0 -0.19690850116012393 1
gene  1 3 13 0.9302870435153624 0 170.0 0.9302870435153624 1
gene  1 4 13 -0.24880165214810313 0 171.0 -0.24880165214810313 0
gene  1 5 13 -3.932862839293893 0 172.0 -3.932862839293893 1
gene  1 6 13 -3.9802459995922663 0 173.0 -3.9802459995922663 1
gene  1 7 13 -1.0005001747852096 0 174.0 -1.0005001747852096 1
gene  1 14 13 -1.8375503432925249 1 181.0 -1.8375503432925249 1
gene  1 1 14 1.1996332174921231 0 182.0 1.1996332174921231 1
gene  1 2 14 0.41547067372614843 0 183.0 0.41547067372614843 1
gene  1 3 14 -0.8154824221910284 0 184.0 -0.8154824221910284 1
gene  1 13 14 5.345398227192009 0 194.0 5.345398227192009 1
gene  1 14 14 4.555833963179053 1 195.0 4.555833963179053 1
gene  1 7 14 1.034161342967018 0 273.0 1.034161342967018 1
gene  1 4 14 0.04946914549311593 0 283.0 0.04946914549311593 1
gene  1 5 14 -1.3274730643514554 0 303.0 -1.3274730643514554 1
gene  1 6 14 -3.440977288879571 0 307.0 -3.440977288879571 1
gene  1 3 49 -1.3624062144574896 0 389.0 -1.3624062144574896 1
gene  1 49 13 -1.7072107996116896 0 390.0 -1.7072107996116896 1
gene  1 5 49 -2.3130497420288765 0 403.0 -2.3130497420288765 1
gene  1 1 49 -1.3627940545863713 0 430.0 -1.3627940545863713 1
gene  1 7 49 -3.7271699758586774 0 456.0 -3.7271699758586774 1
gene  1 4 49 -3.361930149074268 0 495.0 -3.361930149074268 1
gene  1 6 73 -1.0506857453335752 0 508.0 -1.0506857453335752 1
gene  1 73 13 -5.177089102603342 0 509.0 -5.177089102603342 1
gene  1 6 81 0.4821510233511306 0 542.0 0.4821510233511306 1
gene  1 81 73 1.9359944241982352 0 543.0 1.9359944241982352 1
gene  1 81 49 -1.1754380483188243 0 569.0 -1.1754380483188243 1
gene  1 49 14 0.3125021085736348 0 610.0 0.3125021085736348 1
gene  1 4 73 -9.411694449333178 0 655.0 -9.411694449333178 1
gene  1 4 108 1.0 0 663.0 0.0 1
gene  1 108 13 -0.24880165214810313 0 664.0 0.0 1
genomeend 13
genomestart  14
trait 1 1.8712665038090677 0.8653773590720232 0.3607453080725136 0.9984253750162321 0.28221791705100885 0.7294252873384013 0.0 0.0 
node 1 1 1 1
node 2 1 1 1
node 3 1 1 1
node 4 1 1 1
node 5 1 1 1
node 6 1 1 1
node 7 1 1 3
node 13 1 0 2
node 14 1 0 2
node 49 1 0 0
node 73 1 0 0
node 81 1 0 0
gene  1 1 13 1.1828784261370044 0 168.0 1.1828784261370044 1
gene  1 2 13 -0.8976484042549828 0 169.0 -0.8976484042549828 1
gene  1 3 13 -0.5984939329346014 0 170.0 -0.5984939329346014 1
gene  1 4 13 -1.195936527453039 0 171.0 -1.195936527453039 1
gene  1 5 13 -2.927783842464009 0 172.0 -2.927783842464009 1
gene  1 6 13 1.1842573840148962 0 173.0 1.1842573840148962 1
gene  1 7 13 0.8226504217314179 0 174.0 0.8226504217314179 1
gene  1 14 13 -1.5174984511394873 1 181.0 -1.5174984511394873 1
gene  1 1 14 1.1996332174921231 0 182.0 1.1996332174921231 1
gene  1 2 14 1.0838333645664056 0 183.0 1.0838333645664056 1
gene  1 3 14 -0.983617549210569 0 184.0 -0.983617549210569 1
gene  1 13 14 -0.9086978598354953 0 194.0 -0.9086978598354953 1
gene  1 14 14 -0.3099108032986911 1 195.0 -0.3099108032986911 1
gene  1 7 14 -2.2408804939344606 0 273.0 -2.2408804939344606 1
gene  1 4 14 2.113712307768725 0 283.0 2.113712307768725 1
gene  1 5 14 -0.41323825347599485 0 303.0 -0.41323825347599485 1
gene  1 6 14 -4.494965664637737 0 307.0 -4.494965664637737 1
gene  1 3 49 -3.6617737743519494 0 389.0 -3.6617737743519494 1
gene  1 49 13 -2.459764727187708 0 390.0 -2.459764727187708 1
gene  1 5 49 2.4344202538019983 0 403.0 2.4344202538019983 1
gene  1 1 49 -2.0441667679676314 0 430.0 -2.0441667679676314 1
gene  1 7 49 -1.2624792617869387 0 456.0 -1.2624792617869387 1
gene  1 4 49 -3.361930149074268 0 495.0 -3.361930149074268 1
gene  1 6 73 -1.0506857453335752 0 508.0 -1.0506857453335752 1
gene  1 73 13 1.9684641179036193 0 509.0 1.9684641179036193 1
gene  1 6 81 -0.8689242007726337 0 542.0 -0.8689242007726337 1
gene  1 81 73 1.9359944241982352 0 543.0 1.9359944241982352 1
gene  1 81 49 0.7855587906397978 0 569.0 0.7855587906397978 1
gene  1 49 14 -2.461415237133153 0 610.0 -2.461415237133153 1
gene  1 4 73 -0.3082261619388141 0 655.0 -0.3082261619388141 1
genomeend 14
genomestart  15
trait 1 0.0 0.7972318660819309 2.4481725716893417 0.14663137100705792 0.0 0.5463778330696563 0.3883084111555485 0.662706939895585 
node 1 1 1 1
node 2 1 1 1
node 3 1 1 1
node 4 1 1 1
node 5 1 1 1
node 6 1 1 1
node 7 1 1 3
node 8 1 0 0
node 9 1 0 0
node 13 1 0 2
node 14 1 0 2
node 20 1 0 0
node 56 1 0 0
node 60 1 0 0
node 79 1 0 0
node 92 1 0 0
node 94 1 0 0
node 97 1 0 0
gene  1 1 8 0.03494022372391631 0 98.0 0.03494022372391631 1
gene  1 2 8 1.1673222601138087 0 99.0 1.1673222601138087 1
gene  1 3 8 2.822608413114904 0 100.0 2.822608413114904 1
gene  1 6 8 -7.328237011150515 0 103.0 -7.328237011150515 1
gene  1 8 8 2.001554017175976 1 105.0 2.001554017175976 1
gene  1 9 8 -5.500693153064033 1 106.0 -5.500693153064033 1
gene  1 13 8 -0.5953316868018192 1 110.0 -0.5953316868018192 1
gene  1 14 8 -2.6512575895757977 1 111.0 -2.6512575895757977 1
gene  1 1 9 3.0662813737523944 0 112.0 3.0662813737523944 1
gene  1 4 9 -2.1446957916599487 0 115.0 -2.1446957916599487 1
gene  1 5 9 -2.6486394351098577 0 116.0 -2.6486394351098577 1
gene  1 7 9 -3.686902034537139 0 118.0 -3.686902034537139 1
gene  1 9 9 10.599548410050343 1 120.0 10.599548410050343 1
gene  1 14 9 4.687429472055659 1 125.0 4.687429472055659 1
gene  1 2 13 0.045508558396366805 0 169.0 0.045508558396366805 1
gene  1 5 13 -1.505581711147168 0 172.0 -1.505581711147168 1
gene  1 8 13 3.9299756328304176 0 175.0 3.9299756328304176 1
gene  1 1 14 -0.2908240319719728 0 182.0 -0.2908240319719728 1
gene  1 2 14 -0.2441707822776687 0 183.0 -0.2441707822776687 1
gene  1 3 14 4.30476383585697 0 184.0 4.30476383585697 1
gene  1 6 14 -2.85628019334283 0 187.0 -2.85628019334283 1
gene  1 13 14 0.27451936339818794 0 194.0 0.27451936339818794 1
gene  1 14 14 1.3353622218506935 1 195.0 1.3353622218506935 1
gene  1 5 8 -8.501254981128412 0 202.0 -8.501254981128412 1
gene  1 4 13 5.265917652842984 0 220.0 5.265917652842984 1
gene  1 1 20 -2.417069094288104 0 231.0 -2.417069094288104 1
gene  1 20 14 2.677243059791976 0 232.0 2.677243059791976 1
gene  1 1 13 -2.323082212550993 0 329.0 -2.323082212550993 1
gene  1 13 20 4.0097697915070025 0 337.0 4.0097697915070025 1
gene  1 4 20 -8.793294830561655 0 339.0 -8.793294830561655 1
gene  1 9 8 1.563909711857578 0 404.0 1.563909711857578 1
gene  1 8 14 4.059549362264887 0 410.0 4.059549362264887 1
gene  1 5 56 2.6175147423467457 0 434.0 2.6175147423467457 1
gene  1 56 8 3.02835981141623 0 435.0 3.02835981141623 1
gene  1 2 9 -1.9778300269252895 0 448.0 -1.9778300269252895 1
gene  1 3 60 2.6418345065988156 0 458.0 2.6418345065988156 1
gene  1 60 8 -0.9493148733555528 0 459.0 -0.9493148733555528 1
gene  1 1 60 0.6840906643500633 0 479.0 0.6840906643500633 1
gene  1 7 56 2.473222742192541 0 520.0 2.473222742192541 1
gene  1 13 79 -2.9707992392677802 0 537.0 -2.9707992392677802 1
gene  1 79 20 -0.8275327476336161 0 538.0 -0.8275327476336161 1
gene  1 3 79 0.0624723189628309 0 556.0 0.0624723189628309 1
gene  1 5 92 -3.060396168719824 0 575.0 -3.060396168719824 1
gene  1 92 13 -12.859347359675368 0 576.0 -12.859347359675368 1
gene  1 14 94 -1.8593026983774465 1 582.0 -1.8593026983774465 1
gene  1 94 8 -2.046689039245061 0 583.0 -2.046689039245061 1
gene  1 13 97 1.4252962326116587 1 593.0 1.4252962326116587 1
gene  1 97 8 0.6166771388582883 0 594.0 0.6166771388582883 1
gene  1 9 56 1.5706857134551395 0 596.0 1.5706857134551395 1
gene  1 60 20 0.09639968714012292 0 603.0 0.09639968714012292 1
gene  1 6 97 -4.072372564794987 0 616.0 -4.072372564794987 1
gene  1 4 8 3.192554522363161 0 619.0 3.192554522363161 1
gene  1 1 92 -6.273617706634914 0 641.0 -6.273617706634914 1
gene  1 6 92 -11.598173198075076 0 657.0 -11.598173198075076 1
gene  1 97 92 -9.139918520162444 0 660.0 -9.139918520162444 1
genomeend 15
genomestart  16
trait 1 0.0 0.7972318660819309 2.4481725716893417 0.14663137100705792 0.0 0.5463778330696563 0.3883084111555485 0.662706939895585 
node 1 1 1 1
node 2 1 1 1
node 3 1 1 1
node 4 1 1 1
node 5 1 1 1
node 6 1 1 1
node 7 1 1 3
node 8 1 0 0
node 9 1 0 0
node 13 1 0 2
node 14 1 0 2
node 20 1 0 0
node 56 1 0 0
node 60 1 0 0
node 79 1 0 0
node 92 1 0 0
node 94 1 0 0
node 97 1 0 0
gene  1 1 8 1.373533769000416 0 98.0 1.373533769000416 1
gene  1 2 8 -0.1728038324048463 0 99.0 -0.1728038324048463 1
gene  1 3 8 1.4719087084872249 0 100.0 1.4719087084872249 1
gene  1 6 8 -6.181205632191801 0 103.0 -6.181205632191801 1
gene  1 8 8 2.012114112416223 1 105.0 2.012114112416223 1
gene  1 9 8 -3.9790597677078106 1 106.0 -3.9790597677078106 1
gene  1 13 8 -2.5117791302491703 1 110.0 -2.5117791302491703 1
gene  1 14 8 -0.08358034887524102 1 111.0 -0.08358034887524102 1
gene  1 1 9 2.6312749274155554 0 112.0 2.6312749274155554 1
gene  1 4 9 -0.094211129678476 0 115.0 -0.094211129678476 1
gene  1 5 9 -1.9832833033936572 0 116.0 -1.9832833033936572 1
gene  1 7 9 -3.8932532080271054 0 118.0 -3.8932532080271054 1
gene  1 9 9 8.054152888576523 1 120.0 8.054152888576523 1
gene  1 14 9 4.927094030670566 1 125.0 4.927094030670566 1
gene  1 2 13 -3.0766511384926423 0 169.0 -3.0766511384926423 1
gene  1 5 13 -2.231337699494518 0 172.0 -2.231337699494518 1
gene  1 8 13 4.232127718950076 0 175.0 4.232127718950076 1
gene  1 1 14 0.8272483022054602 0 182.0 0.8272483022054602 1
gene  1 2 14 1.0692537414925471 0 183.0 1.0692537414925471 1
gene  1 3 14 3.3092324077927917 0 184.0 3.3092324077927917 1
gene  1 6 14 -4.783252878645925 0 187.0 -4.783252878645925 1
gene  1 13 14 -1.4477364734795135 0 194.0 -1.4477364734795135 1
gene  1 14 14 -2.1232545819357873 1 195.0 -2.1232545819357873 1
gene  1 5 8 -9.324082923551229 0 202.0 -9.324082923551229 1
gene  1 4 13 2.527766021956829 0 220.0 2.527766021956829 1
gene  1 1 20 -2.908333244331434 0 231.0 -2.908333244331434 1
gene  1 20 14 0.41516276777512906 0 232.0 0.41516276777512906 1
gene  1 1 13 -1.5177473687948777 0 329.0 -1.5177473687948777 1
gene  1 13 20 2.2729141351528566 0 337.0 2.2729141351528566 1
gene  1 4 20 -7.912393211457497 0 339.0 -7.912393211457497 1
gene  1 9 8 0.7846349944220485 0 404.0 0.7846349944220485 1
gene  1 8 14 4.339685506812568 0 410.0 4.339685506812568 1
gene  1 5 56 1.967145234987815 0 434.0 1.967145234987815 1
gene  1 56 8 1.996535343531273 0 435.0 1.996535343531273 1
gene  1 2 9 -3.8450393554204605 0 448.0 -3.8450393554204605 1
gene  1 3 60 6.800857324076025 0 458.0 6.800857324076025 1
gene  1 60 8 1.1655593698499827 0 459.0 1.1655593698499827 1
gene  1 1 60 0.1727363858708399 0 479.0 0.1727363858708399 1
gene  1 7 56 2.999896852313361 0 520.0 2.999896852313361 1
gene  1 13 79 -2.841060322580928 0 537.0 -2.841060322580928 1
gene  1 79 20 -4.103653430193303 0 538.0 -4.103653430193303 1
gene  1 3 79 2.0475352833813343 0 556.0 2.0475352833813343 1
gene  1 5 92 -4.59219152400703 0 575.0 -4.59219152400703 1
gene  1 92 13 -9.176126666851786 0 576.0 -9.176126666851786 1
gene  1 14 94 -3.0201124115571343 1 582.0 -3.0201124115571343 1
gene  1 94 8 -2.3431313590840293 0 583.0 -2.3431313590840293 1
gene  1 13 97 0.9646441566957851 1 593.0 0.9646441566957851 1
gene  1 97 8 0.5256038022354468 0 594.0 0.5256038022354468 1
gene  1 9 56 -0.21663140679531878 0 596.0 -0.21663140679531878 1
gene  1 60 20 -2.212728869982724 0 603.0 -2.212728869982724 1
gene  1 6 97 -1.9962456884253976 0 616.0 -1.9962456884253976 1
gene  1 4 8 5.164643289072402 0 619.0 5.164643289072402 1
gene  1 1 92 -7.680191825381292 0 641.0 -7.680191825381292 1
gene  1 6 92 -9.973402437369776 0 657.0 -9.973402437369776 1
gene  1 97 92 -7.003082608418204 0 660.0 -7.003082608418204 1
genomeend 16
genomestart  17
trait 1 0.0 0.1374939593498462 3.3575146996934553 0.0 0.23073292095274345 0.0 0.008509650538832902 0.4674416177192936 
node 1 1 1 1
node 2 1 1 1
node 3 1 1 1
node 4 1 1 1
node 5 1 1 1
node 6 1 1 1
node 7 1 1 3
node 13 1 0 2
node 14 1 0 2
node 45 1 0 0
node 71 1 0 0
node 89 1 0 0
gene  1 1 13 0.10682352099426229 0 168.0 0.10682352099426229 1
gene  1 2 13 -0.4699828645960621 0 169.0 -0.4699828645960621 1
gene  1 5 13 -3.9115603151999245 0 172.0 -3.9115603151999245 1
gene  1 6 13 8.860837377055718 0 173.0 8.860837377055718 1
gene  1 7 13 -5.158835300574273 0 174.0 -5.158835300574273 1
gene  1 3 14 -4.0572692895458164 0 184.0 -4.0572692895458164 1
gene  1 4 14 -11.98019545834285 0 185.0 -11.98019545834285 1
gene  1 7 14 2.908688504063136 0 188.0 2.908688504063136 1
gene  1 13 14 -3.5532814556325345 0 194.0 -3.5532814556325345 1
gene  1 14 14 0.33266009873100755 1 195.0 0.33266009873100755 1
gene  1 4 13 -7.021320073338244 0 235.0 -7.021320073338244 1
gene  1 1 14 -2.640568826982841 0 242.0 -2.640568826982841 1
gene  1 5 14 5.8389412254339295 0 319.0 5.8389412254339295 1
gene  1 1 45 -6.465679510292434 0 370.0 -6.465679510292434 1
gene  1 45 13 -14.754185691125242 0 371.0 -14.754185691125242 1
gene  1 4 45 0.2855558098237812 0 497.0 0.2855558098237812 1
gene  1 6 71 1.1476255246035696 0 502.0 1.1476255246035696 1
gene  1 71 13 0.28185886937991067 0 503.0 0.28185886937991067 1
gene  1 45 71 3.6556348882317558 0 534.0 3.6556348882317558 1
gene  1 3 13 -2.9352243750808147 0 535.0 -2.9352243750808147 1
gene  1 45 89 4.352123467023884 0 566.0 4.352123467023884 1
gene  1 89 13 2.982696780034027 0 567.0 2.982696780034027 1
gene  1 1 71 1.4120298818502715 0 661.0 1.4120298818502715 1
genomeend 17
genomestart  18
trait 1 0.0 0.1374939593498462 3.3575146996934553 0.0 0.23073292095274345 0.0 0.008509650538832902 0.4674416177192936 
node 1 1 1 1
node 2 1 1 1
node 3 1 1 1
node 4 1 1 1
node 5 1 1 1
node 6 1 1 1
node 7 1 1 3
node 13 1 0 2
node 14 1 0 2
node 45 1 0 0
node 71 1 0 0
node 89 1 0 0
gene  1 1 13 1.7484169864649823 0 168.0 1.7484169864649823 1
gene  1 2 13 -0.3215397565756009 0 169.0 -0.3215397565756009 1
gene  1 5 13 1.370566527071272 0 172.0 1.370566527071272 1
gene  1 6 13 7.529574677647883 0 173.0 7.529574677647883 1
gene  1 7 13 -3.9912638301727394 0 174.0 -3.9912638301727394 1
gene  1 3 14 -5.251251715953965 0 184.0 -5.251251715953965 1
gene  1 4 14 -9.563695742917362 0 185.0 -9.563695742917362 1
gene  1 7 14 1.8988580789133143 0 188.0 1.8988580789133143 1
gene  1 13 14 -3.268282410588464 0 194.0 -3.268282410588464 1
gene  1 14 14 4.963736724700981 1 195.0 4.963736724700981 1
gene  1 4 13 -6.863408934759321 0 235.0 -6.863408934759321 1
gene  1 1 14 -2.5624682686952682 0 242.0 -2.5624682686952682 1
gene  1 5 14 0.9614050222554424 0 319.0 0.9614050222554424 1
gene  1 1 45 -6.574393828820524 0 370.0 -6.574393828820524 1
gene  1 45 13 -12.884291690064536 0 371.0 -12.884291690064536 1
gene  1 4 45 -1.5038780510617868 0 497.0 -1.5038780510617868 1
gene  1 6 71 1.0286377112893816 0 502.0 1.0286377112893816 1
gene  1 71 13 -0.50126999460231 0 503.0 -0.50126999460231 1
gene  1 45 71 -0.050606786179108854 0 534.0 -0.050606786179108854 1
gene  1 3 13 -2.219072810483696 0 535.0 -2.219072810483696 1
gene  1 45 89 5.776743478054111 0 566.0 5.776743478054111 1
gene  1 89 13 2.982696780034027 0 567.0 2.982696780034027 1
genomeend 18
genomestart  19
trait 1 0.0 0.1374939593498462 3.3575146996934553 0.0 0.23073292095274345 0.0 0.008509650538832902 0.4674416177192936 
node 1 1 1 1
node 2 1 1 1
node 3 1 1 1
node 4 1 1 1
node 5 1 1 1
node 6 1 1 1
node 7 1 1 3
node 13 1 0 2
node 14 1 0 2
node 45 1 0 0
node 71 1 0 0
node 89 1 0 0
gene  1 1 13 2.1640279088045027 0 168.0 2.1640279088045027 1
gene  1 2 13 0.37089786463153174 0 169.0 0.37089786463153174 1
gene  1 5 13 -2.325239078376761 0 172.0 -2.325239078376761 1
gene  1 6 13 9.29445672755878 0 173.0 9.29445672755878 1
gene  1 7 13 -3.4493458051444748 0 174.0 -3.4493458051444748 1
gene  1 3 14 -3.8908754913188646 0 184.0 -3.8908754913188646 1
gene  1 4 14 -10.60251152982385 0 185.0 -10.60251152982385 1
gene  1 7 14 0.7096870462449569 0 188.0 0.7096870462449569 1
gene  1 13 14 -3.1390670878648796 0 194.0 -3.1390670878648796 1
gene  1 14 14 2.4892986952152327 1 195.0 2.4892986952152327 1
gene  1 4 13 -6.863408934759321 0 235.0 -6.863408934759321 1
gene  1 1 14 -2.6685636937311124 0 242.0 -2.6685636937311124 1
gene  1 5 14 3.4515686679694486 0 319.0 3.4515686679694486 1
gene  1 1 45 -4.467606902081529 0 370.0 -4.467606902081529 1
gene  1 45 13 -13.170319033169468 0 371.0 -13.170319033169468 1
gene  1 4 45 0.2498957088495668 0 497.0 0.2498957088495668 1
gene  1 6 71 0.4595587482670258 0 502.0 0.4595587482670258 1
gene  1 71 13 -0.50126999460231 0 503.0 -0.50126999460231 1
gene  1 45 71 1.65930441260309 0 534.0 1.65930441260309 1
gene  1 3 13 -1.065311037304562 0 535.0 -1.065311037304562 1
gene  1 45 89 4.352123467023884 0 566.0 4.352123467023884 1
gene  1 89 13 2.982696780034027 0 567.0 2.982696780034027 1
gene  1 1 71 2.202633081617974 0 661.0 2.202633081617974 1
genomeend 19
