genomestart  0
trait 1 0.12236385032328645 0.11996509262718169 0.0 1.2348572107762614 0.0 1.3168578850843018 1.0590140864502917 1.7905313975538821 
node 1 1 1 1
node 2 1 1 1
node 3 1 1 1
node 4 1 1 1
node 5 1 1 1
node 6 1 1 1
node 7 1 1 3
node 13 1 0 2
node 14 1 0 2
node 33 1 0 0
node 48 1 0 0
gene  1 2 13 -3.39207042705328 0 169.0 -3.39207042705328 1
gene  1 3 13 2.4463351851274346 0 170.0 2.4463351851274346 1
gene  1 4 13 7.207441581579859 0 171.0 7.207441581579859 1
gene  1 6 13 -7.5630313360643555 0 173.0 -7.5630313360643555 1
gene  1 7 13 0.12815349564165662 0 174.0 0.12815349564165662 1
gene  1 13 13 3.6476540414781766 1 180.0 3.6476540414781766 1
gene  1 1 14 1.2053102799955298 0 182.0 1.2053102799955298 1
gene  1 2 14 2.600448540240696 0 183.0 2.600448540240696 1
gene  1 5 14 0.7735026571905843 0 186.0 0.7735026571905843 1
gene  1 6 14 0.6541979552164932 0 187.0 0.6541979552164932 1
gene  1 7 14 5.690598724566775 0 188.0 5.690598724566775 1
gene  1 13 14 0.5948361874208798 0 194.0 0.5948361874208798 1
gene  1 14 14 -0.6511459233324984 1 195.0 -0.6511459233324984 1
gene  1 4 14 -2.6340515263958313 0 196.0 -2.6340515263958313 1
gene  1 1 13 3.4051475541050857 0 216.0 3.4051475541050857 1
gene  1 1 33 0.6111645569583317 0 313.0 0.6111645569583317 1
gene  1 33 14 -2.5757411379800614 0 314.0 -2.5757411379800614 1
gene  1 14 48 1.058714915190758 1 379.0 1.058714915190758 1
gene  1 48 14 0.6151410902546401 0 380.0 0.6151410902546401 1
gene  1 48 33 -1.2284102398276782 0 381.0 -1.2284102398276782 1
gene  1 4 33 -4.171422577704211 0 384.0 -4.171422577704211 1
genomeend 0
genomestart  1
trait 1 0.12236385032328645 0.11996509262718169 0.0 1.2348572107762614 0.0 1.3168578850843018 1.0590140864502917 1.7905313975538821 
node 1 1 1 1
node 2 1 1 1
node 3 1 1 1
node 4 1 1 1
node 5 1 1 1
node 6 1 1 1
node 7 1 1 3
node 13 1 0 2
node 14 1 0 2
node 33 1 0 0
node 48 1 0 0
gene  1 2 13 -0.8275358136018041 0 169.0 -0.8275358136018041 1
gene  1 3 13 1.700331541314337 0 170.0 1.700331541314337 1
gene  1 4 13 3.9959028871534747 0 171.0 3.9959028871534747 1
gene  1 6 13 1.3038393713796992 0 173.0 1.3038393713796992 1
gene  1 7 13 -0.6630045501389528 0 174.0 -0.6630045501389528 1
gene  1 13 13 3.9391163495927053 1 180.0 3.9391163495927053 1
gene  1 1 14 0.8888505492277203 0 182.0 0.8888505492277203 1
gene  1 2 14 -1.474540563879885 0 183.0 -1.474540563879885 1
gene  1 5 14 -2.8232179160825748 0 186.0 -2.8232179160825748 1
gene  1 6 14 2.631776680890372 0 187.0 2.631776680890372 1
gene  1 7 14 2.7596148244817047 0 188.0 2.7596148244817047 1
gene  1 13 14 -1.6434660359651396 0 194.0 -1.6434660359651396 1
gene  1 14 14 -1.660121238429623 1 195.0 -1.660121238429623 1
gene  1 4 14 -2.662145273493861 0 196.0 -2.662145273493861 1
gene  1 1 13 -2.2047507790933087 0 216.0 -2.2047507790933087 1
gene  1 1 33 -1.4041382908276712 0 313.0 -1.4041382908276712 1
gene  1 33 14 -0.010547193118541076 0 314.0 -0.010547193118541076 1
gene  1 14 48 1.058714915190758 1 379.0 1.058714915190758 1
gene  1 48 14 0.3795179870290527 0 380.0 0.3795179870290527 1
gene  1 48 33 0.813405310536327 0 381.0 0.813405310536327 1
gene  1 4 33 -1.1602925412185965 0 384.0 -1.1602925412185965 1
genomeend 1
genomestart  2
trait 1 0.3582596345510627 0.4388362906987652 0.8146270411081855 0.07766507438443143 1.4245148672763681 0.41262400137975846 0.0 0.9297218018584019 
node 1 1 1 1
node 2 1 1 1
node 3 1 1 1
node 4 1 1 1
node 5 1 1 1
node 6 1 1 1
node 7 1 1 3
node 13 1 0 2
node 14 1 0 2
node 21 1 0 0
node 24 1 0 0
node 34 1 0 0
gene  1 1 13 3.2099036008130586 0 168.0 3.2099036008130586 1
gene  1 4 13 2.740104928313713 0 171.0 2.740104928313713 1
gene  1 5 13 7.979398629796713 0 172.0 7.979398629796713 1
gene  1 7 13 3.745300210221852 0 174.0 3.745300210221852 1
gene  1 13 13 -1.4546419643195971 1 180.0 -1.4546419643195971 1
gene  1 2 14 0.09973847984555917 0 183.0 0.09973847984555917 1
gene  1 3 14 -0.3283415940222427 0 184.0 -0.3283415940222427 0
gene  1 6 14 -2.782323172091181 0 187.0 -2.782323172091181 1
gene  1 13 14 -2.003983269100556 0 194.0 -2.003983269100556 1
gene  1 14 14 0.8550679684820242 1 195.0 0.8550679684820242 1
gene  1 6 13 -5.164029470687794 0 205.0 -5.164029470687794 1
gene  1 5 14 -4.206180326920927 0 223.0 -4.206180326920927 1
gene  1 3 13 -3.819824340375991 0 229.0 -3.819824340375991 1
gene  1 2 13 -2.5087577041007694 0 233.0 -2.5087577041007694 1
gene  1 1 21 -0.883641244897869 0 238.0 -0.883641244897869 1
gene  1 21 13 -2.7182359721062896 0 239.0 -2.7182359721062896 1
gene  1 5 21 -0.047206950238198875 0 253.0 -0.047206950238198875 1
gene  1 3 21 -3.996233719698244 0 270.0 -3.996233719698244 1
gene  1 1 24 4.741244621733263 0 275.0 4.741244621733263 1
gene  1 24 13 -1.2622083205709176 0 276.0 -1.2622083205709176 1
gene  1 3 34 2.895719866687954 0 315.0 2.895719866687954 1
gene  1 34 14 0.6133264038647229 0 316.0 0.6133264038647229 1
gene  1 3 24 0.5520197653955554 0 324.0 0.5520197653955554 1
gene  1 2 21 3.8861081214717172 0 350.0 3.8861081214717172 1
gene  1 34 13 2.317367711401457 0 355.0 2.317367711401457 1
gene  1 1 34 -4.236807789973243 0 361.0 -4.236807789973243 1
gene  1 7 14 2.8932532031087126 0 388.0 2.8932532031087126 1
genomeend 2
genomestart  3
trait 1 0.3582596345510627 0.4388362906987652 0.8146270411081855 0.07766507438443143 1.4245148672763681 0.41262400137975846 0.0 0.9297218018584019 
node 1 1 1 1
node 2 1 1 1
node 3 1 1 1
node 4 1 1 1
node 5 1 1 1
node 6 1 1 1
node 7 1 1 3
node 13 1 0 2
node 14 1 0 2
node 21 1 0 0
node 24 1 0 0
node 34 1 0 0
gene  1 1 13 1.3595431282851116 0 168.0 1.3595431282851116 1
gene  1 4 13 4.371042185242232 0 171.0 4.371042185242232 1
gene  1 5 13 5.788203200437097 0 172.0 5.788203200437097 1
gene  1 7 13 3.5634264436784697 0 174.0 3.5634264436784697 1
gene  1 13 13 -3.6260710042641984 1 180.0 -3.6260710042641984 1
gene  1 2 14 -4.094469909128325 0 183.0 -4.094469909128325 1
gene  1 3 14 2.4346849601568916 0 184.0 2.4346849601568916 0
gene  1 6 14 -1.8986479118051247 0 187.0 -1.8986479118051247 1
gene  1 13 14 -0.6034734264040442 0 194.0 -0.6034734264040442 1
gene  1 14 14 0.6833783698834419 1 195.0 0.6833783698834419 1
gene  1 6 13 -6.105362830933344 0 205.0 -6.105362830933344 1
gene  1 5 14 -5.696896065762543 0 223.0 -5.696896065762543 1
gene  1 3 13 0.7034394428936859 0 229.0 0.7034394428936859 1
gene  1 2 13 -3.4133221079183635 0 233.0 -3.4133221079183635 1
gene  1 1 21 -1.422680738561158 0 238.0 -1.422680738561158 1
gene  1 21 13 -3.9634017887435284 0 239.0 -3.9634017887435284 1
gene  1 5 21 1.2652929634392969 0 253.0 1.2652929634392969 1
gene  1 3 21 -1.7251261941439195 0 270.0 -1.7251261941439195 1
gene  1 1 24 4.769106195471795 0 275.0 4.769106195471795 1
gene  1 24 13 1.529915256604248 0 276.0 1.529915256604248 1
gene  1 3 34 1.8636816911884528 0 315.0 1.8636816911884528 1
gene  1 34 14 2.2023708419128685 0 316.0 2.2023708419128685 1
gene  1 3 24 1.864923017197563 0 324.0 1.864923017197563 1
gene  1 2 21 5.233375217606975 0 350.0 5.233375217606975 1
gene  1 34 13 0.5443229611075904 0 355.0 0.5443229611075904 1
gene  1 1 34 -1.9577237552011264 0 361.0 -1.9577237552011264 1
gene  1 7 14 2.6292020887937557 0 388.0 2.6292020887937557 1
genomeend 3
genomestart  4
trait 1 0.3582596345510627 0.4388362906987652 0.8146270411081855 0.07766507438443143 1.4245148672763681 0.41262400137975846 0.0 0.9297218018584019 
node 1 1 1 1
node 2 1 1 1
node 3 1 1 1
node 4 1 1 1
node 5 1 1 1
node 6 1 1 1
node 7 1 1 3
node 13 1 0 2
node 14 1 0 2
node 21 1 0 0
node 24 1 0 0
node 34 1 0 0
gene  1 1 13 5.311842553442352 0 168.0 5.311842553442352 1
gene  1 4 13 1.6399769087944023 0 171.0 1.6399769087944023 1
gene  1 5 13 5.7970546917552905 0 172.0 5.7970546917552905 1
gene  1 7 13 0.1496387235451344 0 174.0 0.1496387235451344 1
gene  1 13 13 -0.13271663004432677 1 180.0 -0.13271663004432677 1
gene  1 2 14 -2.330542861861767 0 183.0 -2.330542861861767 1
gene  1 3 14 -0.9085154200782384 0 184.0 -0.9085154200782384 0
gene  1 6 14 0.4887625859742697 0 187.0 0.4887625859742697 1
gene  1 13 14 -1.1522025109859884 0 194.0 -1.1522025109859884 1
gene  1 14 14 -0.9912311746163796 1 195.0 -0.9912311746163796 1
gene  1 6 13 -4.28025058175366 0 205.0 -4.28025058175366 1
gene  1 5 14 -1.7405743594842877 0 223.0 -1.7405743594842877 1
gene  1 3 13 -2.98846538372055 0 229.0 -2.98846538372055 1
gene  1 2 13 -1.887176455471289 0 233.0 -1.887176455471289 1
gene  1 1 21 -0.77405606980281 0 238.0 -0.77405606980281 1
gene  1 21 13 -1.8038389434840676 0 239.0 -1.8038389434840676 1
gene  1 5 21 2.767498973224094 0 253.0 2.767498973224094 1
gene  1 3 21 -2.72476593515972 0 270.0 -2.72476593515972 1
gene  1 1 24 4.279465877786366 0 275.0 4.279465877786366 1
gene  1 24 13 -0.09602046769878675 0 276.0 -0.09602046769878675 1
gene  1 3 34 2.2863324111411516 0 315.0 2.2863324111411516 1
gene  1 34 14 0.41331580677784807 0 316.0 0.41331580677784807 1
gene  1 3 24 2.1896774796366705 0 324.0 2.1896774796366705 1
gene  1 2 21 1.7922597571734302 0 350.0 1.7922597571734302 1
gene  1 34 13 1.0098863397356526 0 355.0 1.0098863397356526 1
gene  1 1 34 -1.4555936040372615 0 361.0 -1.4555936040372615 1
gene  1 7 14 2.6292020887937557 0 388.0 2.6292020887937557 1
genomeend 4
genomestart  5
trait 1 2.8264831974358327 1.038817852750874 0.43173212214279244 1.2383225027221012 1.329334485592839 0.0 0.6456726887502329 1.0929932745483306 
node 1 1 1 1
node 2 1 1 1
node 3 1 1 1
node 4 1 1 1
node 5 1 1 1
node 6 1 1 1
node 7 1 1 3
node 8 1 0 0
node 13 1 0 2
node 14 1 0 2
node 39 1 0 0
node 42 1 0 0
node 51 1 0 0
gene  1 1 8 -0.719549214789907 0 98.0 -0.719549214789907 1
gene  1 2 8 1.1328671033528213 0 99.0 1.1328671033528213 1
gene  1 3 8 2.739412733373054 0 100.0 2.739412733373054 1
gene  1 4 8 0.021238422684570935 0 101.0 0.021238422684570935 1
gene  1 5 8 0.503729148957345 0 102.0 0.503729148957345 1
gene  1 6 8 -0.29652284136046037 0 103.0 -0.29652284136046037 1
gene  1 8 8 -4.818511586632546 1 105.0 -4.818511586632546 1
gene  1 13 8 -1.8826020701877884 1 110.0 -1.8826020701877884 1
gene  1 14 8 2.901091770765689 1 111.0 2.901091770765689 1
gene  1 3 13 2.442892465213008 0 170.0 2.442892465213008 1
gene  1 5 13 1.980402036264658 0 172.0 1.980402036264658 1
gene  1 7 13 3.509349341671386 0 174.0 3.509349341671386 1
gene  1 13 13 -4.804137745101067 1 180.0 -4.804137745101067 1
gene  1 2 14 1.448613561422003 0 183.0 1.448613561422003 1
gene  1 4 14 -0.40423278360640436 0 185.0 -0.40423278360640436 1
gene  1 6 14 -1.403356180797837 0 187.0 -1.403356180797837 1
gene  1 8 14 0.7868121825443388 0 189.0 0.7868121825443388 1
gene  1 13 14 -2.198884662241063 0 194.0 -2.198884662241063 1
gene  1 2 13 -11.47578092650876 0 213.0 -11.47578092650876 1
gene  1 4 13 -0.6519781510548681 0 230.0 -0.6519781510548681 1
gene  1 13 8 -3.6732540174059913 0 244.0 -3.6732540174059913 1
gene  1 7 14 -1.5289762062020626 0 264.0 -1.5289762062020626 1
gene  1 1 14 -0.9408501830600816 0 299.0 -0.9408501830600816 1
gene  1 5 14 5.587227501897653 0 310.0 5.587227501897653 0
gene  1 1 13 -0.35685600677918505 0 311.0 -0.35685600677918505 1
gene  1 13 39 -0.3371869003277239 0 344.0 -0.3371869003277239 1
gene  1 39 8 1.2134380072695024 0 345.0 1.2134380072695024 1
gene  1 6 13 -1.0694471646022978 0 348.0 -1.0694471646022978 1
gene  1 2 42 -2.4827467908428256 0 359.0 -2.4827467908428256 1
gene  1 42 14 -0.2704921889054102 0 360.0 -0.2704921889054102 1
gene  1 13 42 3.3878417242746623 0 366.0 3.3878417242746623 1
gene  1 5 51 0.7135040822354699 0 396.0 0.7135040822354699 1
gene  1 51 14 -2.097101343378033 0 397.0 -2.097101343378033 1
genomeend 5
genomestart  6
trait 1 2.8264831974358327 1.038817852750874 0.43173212214279244 1.2383225027221012 1.329334485592839 0.0 0.6456726887502329 1.0929932745483306 
node 1 1 1 1
node 2 1 1 1
node 3 1 1 1
node 4 1 1 1
node 5 1 1 1
node 6 1 1 1
node 7 1 1 3
node 8 1 0 0
node 13 1 0 2
node 14 1 0 2
node 39 1 0 0
node 42 1 0 0
node 51 1 0 0
gene  1 1 8 -5.052938272375325 0 98.0 -5.052938272375325 1
gene  1 2 8 -1.2776202477053136 0 99.0 -1.2776202477053136 1
gene  1 3 8 1.835179733783467 0 100.0 1.835179733783467 1
gene  1 4 8 0.7337477186063672 0 101.0 0.7337477186063672 1
gene  1 5 8 -0.12548435229625854 0 102.0 -0.12548435229625854 1
gene  1 6 8 -2.693262172623312 0 103.0 -2.693262172623312 1
gene  1 8 8 0.3931028660733088 1 105.0 0.3931028660733088 1
gene  1 13 8 -1.499380320060427 1 110.0 -1.499380320060427 1
gene  1 14 8 -0.4030044222351621 1 111.0 -0.4030044222351621 1
gene  1 3 13 0.5800624501233753 0 170.0 0.5800624501233753 1
gene  1 5 13 3.2475171392727935 0 172.0 3.2475171392727935 1
gene  1 7 13 5.688025196396598 0 174.0 5.688025196396598 1
gene  1 13 13 -7.488712536395315 1 180.0 -7.488712536395315 1
gene  1 2 14 -3.0030014031391827 0 183.0 -3.0030014031391827 1
gene  1 4 14 -1.8021738443983402 0 185.0 -1.8021738443983402 1
gene  1 6 14 -2.1074930834684116 0 187.0 -2.1074930834684116 1
gene  1 8 14 1.689768392524214 0 189.0 1.689768392524214 1
gene  1 13 14 -0.2581188250087254 0 194.0 -0.2581188250087254 1
gene  1 2 13 -11.164399033761295 0 213.0 -11.164399033761295 1
gene  1 4 13 3.371628656884769 0 230.0 3.371628656884769 1
gene  1 13 8 -5.0702751267564 0 244.0 -5.0702751267564 0
gene  1 7 14 0.6869213134925525 0 264.0 0.6869213134925525 1
gene  1 1 14 -2.590764755048343 0 299.0 -2.590764755048343 1
gene  1 5 14 2.474446303614845 0 310.0 2.474446303614845 0
gene  1 1 13 0.680290985207537 0 311.0 0.680290985207537 1
gene  1 13 39 -3.0327707113142512 0 344.0 -3.0327707113142512 1
gene  1 39 8 -0.4593370777434591 0 345.0 -0.4593370777434591 1
gene  1 6 13 -1.6467728856163992 0 348.0 -1.6467728856163992 1
gene  1 2 42 -1.3168248048609181 0 359.0 -1.3168248048609181 1
gene  1 42 14 0.3690676175824786 0 360.0 0.3690676175824786 1
gene  1 13 42 0.24242809447751146 0 366.0 0.24242809447751146 1
gene  1 5 51 -1.6160672674643997 0 396.0 -1.6160672674643997 1
gene  1 51 14 -3.5285159309774787 0 397.0 -3.5285159309774787 1
genomeend 6
genomestart  7
trait 1 2.6940277606701946 0.0 0.0 1.3327232120186472 1.3666937545645097 1.8458438068897995 0.5959188563566135 1.8868282461374042 
node 1 1 1 1
node 2 1 1 1
node 3 1 1 1
node 4 1 1 1
node 5 1 1 1
node 6 1 1 1
node 7 1 1 3
node 8 1 0 0
node 9 1 0 0
node 10 1 0 0
node 13 1 0 2
node 14 1 0 2
node 28 1 0 0
node 41 1 0 0
node 43 1 0 0
node 47 1 0 0
gene  1 1 8 -0.4453198924779006 0 98.0 -0.4453198924779006 1
gene  1 3 8 -2.8435912988602032 0 100.0 -2.8435912988602032 1
gene  1 5 8 -1.547304504870335 0 102.0 -1.547304504870335 1
gene  1 6 8 7.040453699907207 0 103.0 7.040453699907207 1
gene  1 8 8 -1.5968514495139514 1 105.0 -1.5968514495139514 0
gene  1 1 9 -1.6973847615744297 0 112.0 -1.6973847615744297 1
gene  1 2 9 1.2069744413287844 0 113.0 1.2069744413287844 1
gene  1 3 9 6.5138198731108545 0 114.0 6.5138198731108545 1
gene  1 5 9 3.3953349034329 0 116.0 3.3953349034329 1
gene  1 7 9 3.56562484871389 0 118.0 3.56562484871389 1
gene  1 9 9 -0.8384800112819037 1 120.0 -0.8384800112819037 1
gene  1 10 9 -2.0509424696275014 1 121.0 -2.0509424696275014 1
gene  1 13 9 7.149352557057641 1 124.0 7.149352557057641 1
gene  1 2 10 -0.45949921740900446 0 127.0 -0.45949921740900446 1
gene  1 4 10 -6.917210625609329 0 129.0 -6.917210625609329 1
gene  1 5 10 -2.3534123203828585 0 130.0 -2.3534123203828585 1
gene  1 8 10 5.065582105323124 0 133.0 5.065582105323124 1
gene  1 9 10 1.301281942389947 0 134.0 1.301281942389947 1
gene  1 10 10 1.2992771287446694 1 135.0 1.2992771287446694 1
gene  1 13 10 2.454888009028923 1 138.0 2.454888009028923 1
gene  1 14 10 -0.4996121128580989 1 139.0 -0.4996121128580989 1
gene  1 2 13 -2.961362832377163 0 169.0 -2.961362832377163 1
gene  1 3 13 -9.896638916404827 0 170.0 -9.896638916404827 1
gene  1 6 13 -2.4758727232659288 0 173.0 -2.4758727232659288 1
gene  1 7 13 -5.525874464655288 0 174.0 -5.525874464655288 1
gene  1 9 13 -0.2587454882449275 0 176.0 -0.2587454882449275 1
gene  1 13 13 -0.6656622970148942 1 180.0 -0.6656622970148942 1
gene  1 14 13 -1.0347488999527723 1 181.0 -1.0347488999527723 1
gene  1 1 14 10.083754325084062 0 182.0 10.083754325084062 1
gene  1 3 14 0.36797535097019135 0 184.0 0.36797535097019135 1
gene  1 9 14 7.411317282110007 0 190.0 7.411317282110007 1
gene  1 10 14 -4.399444167034144 0 191.0 -4.399444167034144 1
gene  1 8 13 -2.0065341243910004 0 207.0 -2.0065341243910004 1
gene  1 1 10 -4.8583632275197886 0 226.0 -4.8583632275197886 1
gene  1 6 14 7.770440914651692 0 234.0 7.770440914651692 1
gene  1 8 28 -2.0088063590548932 1 293.0 -2.0088063590548932 1
gene  1 28 8 -2.8087895621799683 0 294.0 -2.8087895621799683 1
gene  1 8 9 -0.6298992580990597 0 328.0 -0.6298992580990597 1
gene  1 8 41 0.7733145670055657 1 357.0 0.7733145670055657 1
gene  1 41 8 -0.4471641280162311 0 358.0 -0.4471641280162311 1
gene  1 14 43 -0.8956937876869531 1 364.0 -0.8956937876869531 1
gene  1 43 10 0.23796839971666622 0 365.0 0.23796839971666622 1
gene  1 5 47 -0.37602603845945465 0 375.0 -0.37602603845945465 1
gene  1 47 9 -1.5481890800502884 0 376.0 -1.5481890800502884 1
gene  1 41 14 5.023673377146011 0 387.0 5.023673377146011 1
genomeend 7
genomestart  8
trait 1 2.225061889405073 0.0 0.0 1.3327232120186472 1.3666937545645097 0.9677289903260735 1.091719119822867 0.9886345967811722 
node 1 1 1 1
node 2 1 1 1
node 3 1 1 1
node 4 1 1 1
node 5 1 1 1
node 6 1 1 1
node 7 1 1 3
node 8 1 0 0
node 9 1 0 0
node 10 1 0 0
node 13 1 0 2
node 14 1 0 2
node 28 1 0 0
node 41 1 0 0
node 43 1 0 0
node 47 1 0 0
gene  1 1 8 -3.9287138387977745 0 98.0 -3.9287138387977745 1
gene  1 3 8 1.3006728805689238 0 100.0 1.3006728805689238 1
gene  1 5 8 -1.7139601287699249 0 102.0 -1.7139601287699249 1
gene  1 6 8 7.668544616272498 0 103.0 7.668544616272498 1
gene  1 8 8 1.76099265901392 1 105.0 1.76099265901392 0
gene  1 1 9 -1.8183085479302883 0 112.0 -1.8183085479302883 1
gene  1 2 9 0.32825577353723123 0 113.0 0.32825577353723123 1
gene  1 3 9 6.895015450857854 0 114.0 6.895015450857854 1
gene  1 5 9 5.567720781737928 0 116.0 5.567720781737928 0
gene  1 7 9 6.093024137131948 0 118.0 6.093024137131948 1
gene  1 9 9 3.8156390678977288 1 120.0 3.8156390678977288 1
gene  1 10 9 -1.1877649417423681 1 121.0 -1.1877649417423681 1
gene  1 13 9 9.550016390595172 1 124.0 9.550016390595172 1
gene  1 2 10 1.3350446177760666 0 127.0 1.3350446177760666 1
gene  1 4 10 -6.786972988285477 0 129.0 -6.786972988285477 1
gene  1 5 10 -1.8429503592516805 0 130.0 -1.8429503592516805 1
gene  1 8 10 4.933579192865092 0 133.0 4.933579192865092 1
gene  1 9 10 -15.705992348205047 0 134.0 -15.705992348205047 1
gene  1 10 10 -2.000984994447542 1 135.0 -2.000984994447542 1
gene  1 13 10 -0.4026915983816124 1 138.0 -0.4026915983816124 1
gene  1 14 10 -2.984155460465087 1 139.0 -2.984155460465087 1
gene  1 2 13 -5.734736841685326 0 169.0 -5.734736841685326 1
gene  1 3 13 -8.86063250316689 0 170.0 -8.86063250316689 1
gene  1 6 13 -10.017548236035436 0 173.0 -10.017548236035436 1
gene  1 7 13 -4.849174600474205 0 174.0 -4.849174600474205 1
gene  1 9 13 7.076891071663555 0 176.0 7.076891071663555 1
gene  1 13 13 -0.8531425449535921 1 180.0 -0.8531425449535921 1
gene  1 14 13 -3.811005723449255 1 181.0 -3.811005723449255 1
gene  1 1 14 8.203719615539464 0 182.0 8.203719615539464 1
gene  1 3 14 5.320605562525104 0 184.0 5.320605562525104 1
gene  1 9 14 6.017605065668068 0 190.0 6.017605065668068 1
gene  1 10 14 -6.944766475314037 0 191.0 -6.944766475314037 1
gene  1 8 13 -4.847413864217003 0 207.0 -4.847413864217003 1
gene  1 1 10 -4.629569997555307 0 226.0 -4.629569997555307 1
gene  1 6 14 6.804525191226514 0 234.0 6.804525191226514 1
gene  1 8 28 -4.143073004240979 1 293.0 -4.143073004240979 1
gene  1 28 8 -1.262844783699069 0 294.0 -1.262844783699069 1
gene  1 8 9 1.4773787035101182 0 328.0 1.4773787035101182 1
gene  1 8 41 -0.6221965788165322 1 357.0 -0.6221965788165322 1
gene  1 41 8 1.3125053529973554 0 358.0 1.3125053529973554 1
gene  1 14 43 3.2647046178724692 1 364.0 3.2647046178724692 1
gene  1 43 10 1.7784561306571116 0 365.0 1.7784561306571116 1
gene  1 5 47 1.665825429699601 0 375.0 1.665825429699601 1
gene  1 47 9 1.3731403467542043 0 376.0 1.3731403467542043 1
gene  1 41 14 5.023673377146011 0 387.0 5.023673377146011 1
genomeend 8
genomestart  9
trait 1 2.225061889405073 0.0 0.0 1.3327232120186472 1.3666937545645097 0.9677289903260735 1.091719119822867 0.9886345967811722 
node 1 1 1 1
node 2 1 1 1
node 3 1 1 1
node 4 1 1 1
node 5 1 1 1
node 6 1 1 1
node 7 1 1 3
node 8 1 0 0
node 9 1 0 0
node 10 1 0 0
node 13 1 0 2
node 14 1 0 2
node 28 1 0 0
node 41 1 0 0
node 43 1 0 0
node 47 1 0 0
gene  1 1 8 -4.537850068649123 0 98.0 -4.537850068649123 1
gene  1 3 8 -2.3418094627729253 0 100.0 -2.3418094627729253 1
gene  1 5 8 -3.1272824218549706 0 102.0 -3.1272824218549706 1
gene  1 6 8 8.613475915224889 0 103.0 8.613475915224889 1
gene  1 8 8 1.34000681203685 1 105.0 1.34000681203685 0
gene  1 1 9 -4.465319486999353 0 112.0 -4.465319486999353 1
gene  1 2 9 -0.6350790553726213 0 113.0 -0.6350790553726213 1
gene  1 3 9 6.4062636579739065 0 114.0 6.4062636579739065 1
gene  1 5 9 5.0970867503184305 0 116.0 5.0970867503184305 0
gene  1 7 9 6.058077784778612 0 118.0 6.058077784778612 1
gene  1 9 9 3.0742654139269834 1 120.0 3.0742654139269834 1
gene  1 10 9 -1.184551109692858 1 121.0 -1.184551109692858 1
gene  1 13 9 8.499993234664055 1 124.0 8.499993234664055 1
gene  1 2 10 -0.5917432325180898 0 127.0 -0.5917432325180898 1
gene  1 4 10 -1.589402252305763 0 129.0 -1.589402252305763 1
gene  1 5 10 -3.0665534898934927 0 130.0 -3.0665534898934927 1
gene  1 8 10 5.982627710995334 0 133.0 5.982627710995334 1
gene  1 9 10 -11.244328443074483 0 134.0 -11.244328443074483 1
gene  1 10 10 1.1938624924462276 1 135.0 1.1938624924462276 1
gene  1 13 10 -1.863381278602161 1 138.0 -1.863381278602161 1
gene  1 14 10 1.0620157450509453 1 139.0 1.0620157450509453 1
gene  1 2 13 -7.596242454735866 0 169.0 -7.596242454735866 1
gene  1 3 13 -9.503037165586834 0 170.0 -9.503037165586834 1
gene  1 6 13 -10.859506384031594 0 173.0 -10.859506384031594 1
gene  1 7 13 -2.364149293540939 0 174.0 -2.364149293540939 1
gene  1 9 13 5.977749658727023 0 176.0 5.977749658727023 1
gene  1 13 13 0.5847286650210626 1 180.0 0.5847286650210626 1
gene  1 14 13 1.5825329966559278 1 181.0 1.5825329966559278 1
gene  1 1 14 8.143745201592157 0 182.0 8.143745201592157 1
gene  1 3 14 7.13611036456036 0 184.0 7.13611036456036 1
gene  1 9 14 5.199188248035014 0 190.0 5.199188248035014 1
gene  1 10 14 -4.560914483053065 0 191.0 -4.560914483053065 1
gene  1 8 13 -3.456089412607559 0 207.0 -3.456089412607559 1
gene  1 1 10 -6.156117073978441 0 226.0 -6.156117073978441 1
gene  1 6 14 7.683123336605211 0 234.0 7.683123336605211 1
gene  1 8 28 0.6247245182289349 1 293.0 0.6247245182289349 1
gene  1 28 8 -1.2778112125482621 0 294.0 -1.2778112125482621 1
gene  1 8 9 0.3598751484877658 0 328.0 0.3598751484877658 1
gene  1 8 41 3.1891988475328428 1 357.0 3.1891988475328428 1
gene  1 41 8 0.8674682989038365 0 358.0 0.8674682989038365 1
gene  1 14 43 1.133983148530604 1 364.0 1.133983148530604 1
gene  1 43 10 1.7264257130653178 0 365.0 1.7264257130653178 1
gene  1 5 47 -1.9040138695826656 0 375.0 -1.9040138695826656 1
gene  1 47 9 1.344834630217771 0 376.0 1.344834630217771 1
gene  1 41 14 4.57224297317811 0 387.0 4.57224297317811 1
genomeend 9
genomestart  10
trait 1 0.0 0.507208509242693 0.0 1.336083291708453 2.3145837249829695 0.0 0.0 0.868067118942248 
node 1 1 1 1
node 2 1 1 1
node 3 1 1 1
node 4 1 1 1
node 5 1 1 1
node 6 1 1 1
node 7 1 1 3
node 8 1 0 0
node 13 1 0 2
node 14 1 0 2
node 22 1 0 0
node 25 1 0 0
node 29 1 0 0
gene  1 1 8 2.1079115161399766 0 98.0 2.1079115161399766 1
gene  1 3 8 -4.325888754061706 0 100.0 -4.325888754061706 1
gene  1 4 8 3.42511401728415 0 101.0 3.42511401728415 1
gene  1 5 8 -2.3337842297573004 0 102.0 -2.3337842297573004 1
gene  1 6 8 -5.434707892995108 0 103.0 -5.434707892995108 1
gene  1 8 8 4.618973789880429 1 105.0 4.618973789880429 1
gene  1 1 13 -0.14542539433913854 0 168.0 -0.14542539433913854 1
gene  1 5 13 0.9500987727514496 0 172.0 0.9500987727514496 1
gene  1 13 13 -0.9105071581793576 1 180.0 -0.9105071581793576 1
gene  1 14 13 -5.229712735006126 1 181.0 -5.229712735006126 1
gene  1 2 14 -0.6574965479228403 0 183.0 -0.6574965479228403 1
gene  1 3 14 -1.6879430722883546 0 184.0 -1.6879430722883546 1
gene  1 5 14 0.972655633663325 0 186.0 0.972655633663325 1
gene  1 7 14 1.6175791066622502 0 188.0 1.6175791066622502 1
gene  1 8 14 -2.5920292964465856 0 189.0 -2.5920292964465856 1
gene  1 13 14 -1.0643467299148153 0 194.0 -1.0643467299148153 1
gene  1 2 13 2.4211478185056183 0 236.0 2.4211478185056183 1
gene  1 8 22 -2.668009558955639 0 240.0 -2.668009558955639 1
gene  1 22 14 3.3004665588417894 0 241.0 3.3004665588417894 1
gene  1 1 22 5.248547724156929 0 245.0 5.248547724156929 1
gene  1 13 8 -4.811808596166153 0 257.0 -4.811808596166153 1
gene  1 5 22 -5.406439777524186 0 265.0 -5.406439777524186 1
gene  1 1 25 -4.344275748406225 0 279.0 -4.344275748406225 1
gene  1 25 8 0.2527340689797086 0 280.0 0.2527340689797086 1
gene  1 8 29 -0.7462586444970623 0 297.0 -0.7462586444970623 1
gene  1 29 14 -2.353907649976508 0 298.0 -2.353907649976508 1
gene  1 1 14 -1.5751122629336003 0 312.0 -1.5751122629336003 1
gene  1 2 29 0.9540953266307264 0 330.0 0.9540953266307264 1
gene  1 5 25 -5.944158912543637 0 343.0 -5.944158912543637 1
gene  1 6 29 0.908862198592838 0 386.0 0.908862198592838 1
genomeend 10
genomestart  11
trait 1 0.0 0.507208509242693 0.0 2.267552585238615 1.4311365396040177 0.0 0.0 0.0 
node 1 1 1 1
node 2 1 1 1
node 3 1 1 1
node 4 1 1 1
node 5 1 1 1
node 6 1 1 1
node 7 1 1 3
node 8 1 0 0
node 13 1 0 2
node 14 1 0 2
node 22 1 0 0
node 25 1 0 0
node 29 1 0 0
gene  1 1 8 0.980535433335139 0 98.0 0.980535433335139 1
gene  1 3 8 -5.727072160128695 0 100.0 -5.727072160128695 1
gene  1 4 8 2.5778848367188267 0 101.0 2.5778848367188267 1
gene  1 5 8 -2.18842562906946 0 102.0 -2.18842562906946 1
gene  1 6 8 -3.573887943330283 0 103.0 -3.573887943330283 1
gene  1 8 8 2.185024282198629 1 105.0 2.185024282198629 1
gene  1 1 13 0.08796412444636847 0 168.0 0.08796412444636847 1
gene  1 5 13 1.5519565082181392 0 172.0 1.5519565082181392 1
gene  1 13 13 -1.1117878636678047 1 180.0 -1.1117878636678047 1
gene  1 14 13 -3.0827330669315796 1 181.0 -3.0827330669315796 1
gene  1 2 14 -2.4073487022608133 0 183.0 -2.4073487022608133 1
gene  1 3 14 -0.46948125534500007 0 184.0 -0.46948125534500007 1
gene  1 5 14 -0.4122618173957546 0 186.0 -0.4122618173957546 1
gene  1 7 14 0.34898470258797026 0 188.0 0.34898470258797026 1
gene  1 8 14 -3.4157254378456776 0 189.0 -3.4157254378456776 1
gene  1 13 14 -2.399421685046412 0 194.0 -2.399421685046412 1
gene  1 2 13 1.1889176617778716 0 236.0 1.1889176617778716 1
gene  1 8 22 -1.4884612200117577 0 240.0 -1.4884612200117577 1
gene  1 22 14 3.9090695125056687 0 241.0 3.9090695125056687 1
gene  1 1 22 5.096771641598892 0 245.0 5.096771641598892 1
gene  1 13 8 -4.406030763226086 0 257.0 -4.406030763226086 1
gene  1 5 22 -3.175898535763875 0 265.0 -3.175898535763875 1
gene  1 1 25 -5.778426943361824 0 279.0 -5.778426943361824 1
gene  1 25 8 -1.1872256538841341 0 280.0 -1.1872256538841341 1
gene  1 8 29 0.6744083654945774 0 297.0 0.6744083654945774 1
gene  1 29 14 1.6693098849887988 0 298.0 1.6693098849887988 1
gene  1 1 14 -1.5751122629336003 0 312.0 -1.5751122629336003 1
gene  1 2 29 -1.0799080892230049 0 330.0 -1.0799080892230049 1
gene  1 5 25 -3.6716791782615243 0 343.0 -3.6716791782615243 1
gene  1 6 29 -0.14596696581805374 0 386.0 -0.14596696581805374 1
genomeend 11
genomestart  12
trait 1 0.0 0.0 0.0697072373684462 0.0 0.0 1.2871131578344006 1.106386715936813 0.0 
node 1 1 1 1
node 2 1 1 1
node 3 1 1 1
node 4 1 1 1
node 5 1 1 1
node 6 1 1 1
node 7 1 1 3
node 13 1 0 2
node 14 1 0 2
node 49 1 0 0
node 53 1 0 0
gene  1 1 13 2.0724548770559097 0 168.0 2.0724548770559097 1
gene  1 2 13 4.777321790084651 0 169.0 4.777321790084651 1
gene  1 3 13 -0.0022252265342239674 0 170.0 -0.0022252265342239674 0
gene  1 4 13 3.1108501554645516 0 171.0 3.1108501554645516 1
gene  1 5 13 -1.615109841791652 0 172.0 -1.615109841791652 1
gene  1 6 13 -7.081527874327804 0 173.0 -7.081527874327804 1
gene  1 7 13 0.20226613662037207 0 174.0 0.20226613662037207 1
gene  1 14 13 -0.2179090419089189 1 181.0 -0.2179090419089189 1
gene  1 1 14 -2.4497981350632765 0 182.0 -2.4497981350632765 1
gene  1 2 14 -1.0872030261350205 0 183.0 -1.0872030261350205 1
gene  1 3 14 -9.289979374900405 0 184.0 -9.289979374900405 1
gene  1 13 14 2.529929746179304 0 194.0 2.529929746179304 0
gene  1 14 14 -1.7678061462873063 1 195.0 -1.7678061462873063 1
gene  1 7 14 0.3153551158027865 0 273.0 0.3153551158027865 1
gene  1 4 14 5.602738339298459 0 283.0 5.602738339298459 1
gene  1 5 14 -3.625140267164945 0 303.0 -3.625140267164945 1
gene  1 6 14 1.785265138589284 0 307.0 1.785265138589284 1
gene  1 3 49 -1.5235734381936452 0 389.0 -1.5235734381936452 1
gene  1 49 13 -1.8896572362636206 0 390.0 -1.8896572362636206 1
gene  1 13 53 1.0 0 401.0 0.0 1
gene  1 53 14 2.529929746179304 0 402.0 0.0 1
genomeend 12
genomestart  13
trait 1 0.0 0.0 0.0697072373684462 0.0 0.0 1.2871131578344006 1.106386715936813 0.0 
node 1 1 1 1
node 2 1 1 1
node 3 1 1 1
node 4 1 1 1
node 5 1 1 1
node 6 1 1 1
node 7 1 1 3
node 13 1 0 2
node 14 1 0 2
node 49 1 0 0
gene  1 1 13 4.050500391999206 0 168.0 4.050500391999206 1
gene  1 2 13 3.493251806788126 0 169.0 3.493251806788126 1
gene  1 3 13 0.4813076637544023 0 170.0 0.4813076637544023 0
gene  1 4 13 4.5552162072123465 0 171.0 4.5552162072123465 1
gene  1 5 13 -3.249017731763211 0 172.0 -3.249017731763211 1
gene  1 6 13 -5.000202812794204 0 173.0 -5.000202812794204 1
gene  1 7 13 2.0342440935696082 0 174.0 2.0342440935696082 1
gene  1 14 13 0.6928849809992806 1 181.0 0.6928849809992806 1
gene  1 1 14 -4.832047786940615 0 182.0 -4.832047786940615 1
gene  1 2 14 -3.5445354019351805 0 183.0 -3.5445354019351805 1
gene  1 3 14 -9.354592780268426 0 184.0 -9.354592780268426 1
gene  1 13 14 3.7431770653221523 0 194.0 3.7431770653221523 1
gene  1 14 14 0.33443597094139865 1 195.0 0.33443597094139865 1
gene  1 7 14 0.944098470907597 0 273.0 0.944098470907597 1
gene  1 4 14 5.784674814271447 0 283.0 5.784674814271447 1
gene  1 5 14 -1.8888799738487154 0 303.0 -1.8888799738487154 1
gene  1 6 14 -2.432158054881384 0 307.0 -2.432158054881384 1
gene  1 3 49 -1.5235734381936452 0 389.0 -1.5235734381936452 1
gene  1 49 13 -1.8896572362636206 0 390.0 -1.8896572362636206 1
genomeend 13
genomestart  14
trait 1 0.0 0.0 0.0697072373684462 0.0 0.0 1.2871131578344006 1.106386715936813 0.0 
node 1 1 1 1
node 2 1 1 1
node 3 1 1 1
node 4 1 1 1
node 5 1 1 1
node 6 1 1 1
node 7 1 1 3
node 13 1 0 2
node 14 1 0 2
node 49 1 0 0
gene  1 1 13 1.700477054399132 0 168.0 1.700477054399132 1
gene  1 2 13 -1.3523603981487602 0 169.0 -1.3523603981487602 1
gene  1 3 13 0.9464031183517955 0 170.0 0.9464031183517955 0
gene  1 4 13 4.934225469419077 0 171.0 4.934225469419077 1
gene  1 5 13 -1.615109841791652 0 172.0 -1.615109841791652 1
gene  1 6 13 -5.197443789138268 0 173.0 -5.197443789138268 1
gene  1 7 13 2.0157933618597177 0 174.0 2.0157933618597177 1
gene  1 14 13 1.064630233403572 1 181.0 1.064630233403572 1
gene  1 1 14 -2.340367259909904 0 182.0 -2.340367259909904 1
gene  1 2 14 -1.0872030261350205 0 183.0 -1.0872030261350205 1
gene  1 3 14 -7.216698461677567 0 184.0 -7.216698461677567 1
gene  1 13 14 1.2832275985981243 0 194.0 1.2832275985981243 1
gene  1 14 14 -1.7475612952818576 1 195.0 -1.7475612952818576 1
gene  1 7 14 0.3153551158027865 0 273.0 0.3153551158027865 1
gene  1 4 14 7.7486958727077075 0 283.0 7.7486958727077075 1
gene  1 5 14 -2.2165285078871886 0 303.0 -2.2165285078871886 1
gene  1 6 14 -0.5689159703409308 0 307.0 -0.5689159703409308 1
gene  1 3 49 -2.4360907449686877 0 389.0 -2.4360907449686877 1
gene  1 49 13 -0.9547764836577719 0 390.0 -0.9547764836577719 1
genomeend 14
genomestart  15
trait 1 0.731715373568969 0.5319433208524987 0.8875428902212121 1.0172554146688002 0.2545070174269727 0.6799681748259421 0.0 0.0 
node 1 1 1 1
node 2 1 1 1
node 3 1 1 1
node 4 1 1 1
node 5 1 1 1
node 6 1 1 1
node 7 1 1 3
node 8 1 0 0
node 9 1 0 0
node 13 1 0 2
node 14 1 0 2
node 20 1 0 0
gene  1 1 8 -2.4905819762967583 0 98.0 -2.4905819762967583 1
gene  1 2 8 1.3606103137013816 0 99.0 1.3606103137013816 1
gene  1 3 8 -0.4074048694718493 0 100.0 -0.4074048694718493 1
gene  1 6 8 5.167054970367238 0 103.0 5.167054970367238 1
gene  1 8 8 -2.5248031544295353 1 105.0 -2.5248031544295353 1
gene  1 9 8 -3.415390490934374 1 106.0 -3.415390490934374 1
gene  1 13 8 2.370812143075708 1 110.0 2.370812143075708 1
gene  1 14 8 -0.032308804676008274 1 111.0 -0.032308804676008274 1
gene  1 1 9 -0.3266749537425828 0 112.0 -0.3266749537425828 1
gene  1 4 9 -4.479673967720108 0 115.0 -4.479673967720108 1
gene  1 5 9 9.867346132100286 0 116.0 9.867346132100286 1
gene  1 7 9 -0.5838924651192101 0 118.0 -0.5838924651192101 1
gene  1 9 9 -6.60750255316599 1 120.0 -6.60750255316599 1
gene  1 14 9 -12.935087792417896 1 125.0 -12.935087792417896 1
gene  1 2 13 -12.789165072775578 0 169.0 -12.789165072775578 1
gene  1 5 13 -1.413366543351151 0 172.0 -1.413366543351151 1
gene  1 8 13 -1.3398171956235183 0 175.0 -1.3398171956235183 1
gene  1 1 14 9.999529284317003 0 182.0 9.999529284317003 1
gene  1 2 14 -1.4760773752169727 0 183.0 -1.4760773752169727 1
gene  1 3 14 0.7253318210084692 0 184.0 0.7253318210084692 1
gene  1 6 14 -1.5591204812812198 0 187.0 -1.5591204812812198 1
gene  1 13 14 -3.151537277505123 0 194.0 -3.151537277505123 1
gene  1 14 14 4.793645557110204 1 195.0 4.793645557110204 1
gene  1 5 8 -4.639467464475821 0 202.0 -4.639467464475821 1
gene  1 4 13 -4.610731825252577 0 220.0 -4.610731825252577 1
gene  1 1 20 -1.751560414845279 0 231.0 -1.751560414845279 1
gene  1 20 14 -0.8867883891221012 0 232.0 -0.8867883891221012 1
gene  1 1 13 -0.05937233519548002 0 329.0 -0.05937233519548002 1
gene  1 13 20 -0.11611346754487051 0 337.0 -0.11611346754487051 1
gene  1 4 20 1.941467275752221 0 339.0 1.941467275752221 1
genomeend 15
genomestart  16
trait 1 0.731715373568969 0.5319433208524987 0.8875428902212121 1.0172554146688002 0.2545070174269727 0.6799681748259421 0.0 0.0 
node 1 1 1 1
node 2 1 1 1
node 3 1 1 1
node 4 1 1 1
node 5 1 1 1
node 6 1 1 1
node 7 1 1 3
node 8 1 0 0
node 9 1 0 0
node 13 1 0 2
node 14 1 0 2
node 20 1 0 0
gene  1 1 8 -4.641097385367974 0 98.0 -4.641097385367974 1
gene  1 2 8 0.21589282925503195 0 99.0 0.21589282925503195 1
gene  1 3 8 0.5109623705446371 0 100.0 0.5109623705446371 1
gene  1 6 8 5.980446762526201 0 103.0 5.980446762526201 1
gene  1 8 8 -2.987796687985414 1 105.0 -2.987796687985414 1
gene  1 9 8 -1.2816082581568309 1 106.0 -1.2816082581568309 1
gene  1 13 8 3.159926309773712 1 110.0 3.159926309773712 1
gene  1 14 8 1.0452346901887417 1 111.0 1.0452346901887417 1
gene  1 1 9 -2.196472755179596 0 112.0 -2.196472755179596 1
gene  1 4 9 -2.0427708408411425 0 115.0 -2.0427708408411425 1
gene  1 5 9 7.917124970029799 0 116.0 7.917124970029799 1
gene  1 7 9 -0.38549772726947484 0 118.0 -0.38549772726947484 1
gene  1 9 9 -8.122862739297524 1 120.0 -8.122862739297524 1
gene  1 14 9 -13.137572911920524 1 125.0 -13.137572911920524 1
gene  1 2 13 -14.57260812716037 0 169.0 -14.57260812716037 1
gene  1 5 13 -0.39503508421543687 0 172.0 -0.39503508421543687 1
gene  1 8 13 0.2876449995075492 0 175.0 0.2876449995075492 1
gene  1 1 14 9.69214192541773 0 182.0 9.69214192541773 1
gene  1 2 14 -3.0043554204834235 0 183.0 -3.0043554204834235 1
gene  1 3 14 0.16019395067368547 0 184.0 0.16019395067368547 1
gene  1 6 14 0.6801212585883532 0 187.0 0.6801212585883532 1
gene  1 13 14 -3.290074716446937 0 194.0 -3.290074716446937 1
gene  1 14 14 3.236843005110879 1 195.0 3.236843005110879 1
gene  1 5 8 -2.702261693264356 0 202.0 -2.702261693264356 1
gene  1 4 13 -2.390182758308683 0 220.0 -2.390182758308683 1
gene  1 1 20 -3.491164496896462 0 231.0 -3.491164496896462 1
gene  1 20 14 -3.1733531180926815 0 232.0 -3.1733531180926815 1
gene  1 1 13 -0.05937233519548002 0 329.0 -0.05937233519548002 1
gene  1 13 20 0.027209445774072638 0 337.0 0.027209445774072638 1
gene  1 4 20 1.0282562477796766 0 339.0 1.0282562477796766 1
genomeend 16
genomestart  17
trait 1 0.731715373568969 0.5319433208524987 0.8875428902212121 1.0172554146688002 0.2545070174269727 0.6799681748259421 0.0 0.0 
node 1 1 1 1
node 2 1 1 1
node 3 1 1 1
node 4 1 1 1
node 5 1 1 1
node 6 1 1 1
node 7 1 1 3
node 8 1 0 0
node 9 1 0 0
node 13 1 0 2
node 14 1 0 2
node 20 1 0 0
gene  1 1 8 -4.825946133560238 0 98.0 -4.825946133560238 1
gene  1 2 8 0.19840390185063145 0 99.0 0.19840390185063145 1
gene  1 3 8 0.8097725993288938 0 100.0 0.8097725993288938 1
gene  1 6 8 6.233293363390517 0 103.0 6.233293363390517 1
gene  1 8 8 -3.821992306146827 1 105.0 -3.821992306146827 1
gene  1 9 8 -3.4726075370296146 1 106.0 -3.4726075370296146 1
gene  1 13 8 0.5255483586625718 1 110.0 0.5255483586625718 1
gene  1 14 8 -0.5065417817959965 1 111.0 -0.5065417817959965 1
gene  1 1 9 -0.3323828316662539 0 112.0 -0.3323828316662539 1
gene  1 4 9 -4.676819391122645 0 115.0 -4.676819391122645 1
gene  1 5 9 11.86945118876788 0 116.0 11.86945118876788 1
gene  1 7 9 -0.8629692574769127 0 118.0 -0.8629692574769127 1
gene  1 9 9 -6.634430068137739 1 120.0 -6.634430068137739 1
gene  1 14 9 -14.128753650491896 1 125.0 -14.128753650491896 1
gene  1 2 13 -15.253009225824025 0 169.0 -15.253009225824025 1
gene  1 5 13 1.915695757358566 0 172.0 1.915695757358566 1
gene  1 8 13 0.45882381912920356 0 175.0 0.45882381912920356 1
gene  1 1 14 0.43057865700648484 0 182.0 0.43057865700648484 1
gene  1 2 14 -0.6659552610848425 0 183.0 -0.6659552610848425 1
gene  1 3 14 0.4412190535662902 0 184.0 0.4412190535662902 1
gene  1 6 14 -1.1642644465456535 0 187.0 -1.1642644465456535 1
gene  1 13 14 -1.1407705030037598 0 194.0 -1.1407705030037598 1
gene  1 14 14 6.108296299894653 1 195.0 6.108296299894653 1
gene  1 5 8 -4.933719168337195 0 202.0 -4.933719168337195 1
gene  1 4 13 -3.7674820303977516 0 220.0 -3.7674820303977516 1
gene  1 1 20 -1.3569510273730159 0 231.0 -1.3569510273730159 1
gene  1 20 14 -1.5925039262549818 0 232.0 -1.5925039262549818 1
gene  1 1 13 -0.05937233519548002 0 329.0 -0.05937233519548002 1
gene  1 13 20 -0.4456256060797445 0 337.0 -0.4456256060797445 1
gene  1 4 20 1.941467275752221 0 339.0 1.941467275752221 1
genomeend 17
genomestart  18
trait 1 0.685217197429974 0.0 1.6981216406750186 0.11493069212669116 2.5335643132798116 0.515587326912087 0.0 0.07895419735974474 
node 1 1 1 1
node 2 1 1 1
node 3 1 1 1
node 4 1 1 1
node 5 1 1 1
node 6 1 1 1
node 7 1 1 3
node 13 1 0 2
node 14 1 0 2
node 45 1 0 0
gene  1 1 13 -4.723616993322267 0 168.0 -4.723616993322267 0
gene  1 2 13 0.6344969487534078 0 169.0 0.6344969487534078 1
gene  1 5 13 -0.3019313621161317 0 172.0 -0.3019313621161317 1
gene  1 6 13 -4.087147373662015 0 173.0 -4.087147373662015 1
gene  1 7 13 -5.2349789705935255 0 174.0 -5.2349789705935255 1
gene  1 3 14 -1.7701346039015835 0 184.0 -1.7701346039015835 1
gene  1 4 14 2.1211711906658657 0 185.0 2.1211711906658657 1
gene  1 7 14 -2.2365595155905678 0 188.0 -2.2365595155905678 1
gene  1 13 14 -3.0858179667867107 0 194.0 -3.0858179667867107 1
gene  1 14 14 3.076572263320088 1 195.0 3.076572263320088 1
gene  1 4 13 5.134827797997191 0 235.0 5.134827797997191 1
gene  1 1 14 -2.3457264195127476 0 242.0 -2.3457264195127476 1
gene  1 5 14 -0.18397730181913108 0 319.0 -0.18397730181913108 1
gene  1 1 45 -2.6636369851996013 0 370.0 -2.6636369851996013 1
gene  1 45 13 1.340411851254035 0 371.0 1.340411851254035 1
genomeend 18
genomestart  19
trait 1 0.685217197429974 0.0 1.6981216406750186 0.11493069212669116 2.5335643132798116 0.515587326912087 0.0 0.07895419735974474 
node 1 1 1 1
node 2 1 1 1
node 3 1 1 1
node 4 1 1 1
node 5 1 1 1
node 6 1 1 1
node 7 1 1 3
node 13 1 0 2
node 14 1 0 2
node 45 1 0 0
gene  1 1 13 -3.4590515707050433 0 168.0 -3.4590515707050433 0
gene  1 2 13 -1.9659597629017027 0 169.0 -1.9659597629017027 1
gene  1 5 13 1.864111917988507 0 172.0 1.864111917988507 1
gene  1 6 13 -7.506663995873329 0 173.0 -7.506663995873329 1
gene  1 7 13 -8.254964506496824 0 174.0 -8.254964506496824 1
gene  1 3 14 -4.938646640797054 0 184.0 -4.938646640797054 1
gene  1 4 14 2.8238782276420666 0 185.0 2.8238782276420666 1
gene  1 7 14 -1.740649157725777 0 188.0 -1.740649157725777 1
gene  1 13 14 -0.5360278733922024 0 194.0 -0.5360278733922024 1
gene  1 14 14 -0.2640451030784916 1 195.0 -0.2640451030784916 1
gene  1 4 13 5.726281323831433 0 235.0 5.726281323831433 1
gene  1 1 14 0.4586168227539351 0 242.0 0.4586168227539351 1
gene  1 5 14 4.239472865253189 0 319.0 4.239472865253189 1
gene  1 1 45 2.3522139987863913 0 370.0 2.3522139987863913 1
gene  1 45 13 1.9723039125658186 0 371.0 1.9723039125658186 1
genomeend 19
