genomestart  0
trait 1 0.10533309519974143 0.0 3.804979718039517 0.6442969214911753 1.8591506659015948 1.496821663222914 0.9033628802953145 3.779689338966765 
node 1 1 1 1
node 2 1 1 1
node 3 1 1 1
node 4 1 1 1
node 5 1 1 1
node 6 1 1 1
node 7 1 1 3
node 13 1 0 2
node 14 1 0 2
node 24 1 0 0
node 36 1 0 0
node 65 1 0 0
gene  1 2 13 7.47598646096574 0 169.0 7.47598646096574 1
gene  1 3 13 3.8777546022678866 0 170.0 3.8777546022678866 1
gene  1 4 13 2.6848300224215875 0 171.0 2.6848300224215875 1
gene  1 6 13 4.413341848848118 0 173.0 4.413341848848118 1
gene  1 7 13 1.7980654738208313 0 174.0 1.7980654738208313 1
gene  1 13 13 4.285243658837578 1 180.0 4.285243658837578 1
gene  1 1 14 18.574152338298724 0 182.0 18.574152338298724 1
gene  1 2 14 1.0331571854241182 0 183.0 1.0331571854241182 1
gene  1 5 14 0.19267240624993942 0 186.0 0.19267240624993942 1
gene  1 6 14 2.13620772305677 0 187.0 2.13620772305677 1
gene  1 7 14 10.72736027181513 0 188.0 10.72736027181513 1
gene  1 13 14 0.82933814902969 0 194.0 0.82933814902969 1
gene  1 14 14 0.11971802694011169 1 195.0 0.11971802694011169 1
gene  1 2 24 11.481604392583938 0 226.0 11.481604392583938 1
gene  1 24 13 -9.001576678147115 0 227.0 -9.001576678147115 1
gene  1 7 24 8.156805333610103 0 245.0 8.156805333610103 1
gene  1 1 24 1.1823160780930566 0 249.0 1.1823160780930566 1
gene  1 4 14 2.3182962978913624 0 280.0 2.3182962978913624 1
gene  1 4 36 -2.900023107546792 0 293.0 -2.900023107546792 1
gene  1 36 14 3.0868362757782637 0 294.0 3.0868362757782637 1
gene  1 7 36 -5.116479190948349 0 301.0 -5.116479190948349 1
gene  1 3 36 3.441169762422997 0 313.0 3.441169762422997 1
gene  1 24 36 5.533742811875066 0 345.0 5.533742811875066 1
gene  1 5 13 -0.7559230095917446 0 374.0 -0.7559230095917446 1
gene  1 2 65 1.5894888419170046 0 446.0 1.5894888419170046 1
gene  1 65 13 3.8736396351502003 0 447.0 3.8736396351502003 1
gene  1 13 36 -3.3280390480499014 0 451.0 -3.3280390480499014 1
gene  1 65 36 3.531522864372825 0 457.0 3.531522864372825 1
gene  1 1 13 -1.0843243889722762 0 480.0 -1.0843243889722762 1
gene  1 7 65 4.225434018438823 0 530.0 4.225434018438823 1
gene  1 3 14 -7.997039780821311 0 554.0 -7.997039780821311 1
genomeend 0
genomestart  1
trait 1 0.10533309519974143 0.0 3.804979718039517 0.6442969214911753 1.8591506659015948 1.496821663222914 0.9033628802953145 3.779689338966765 
node 1 1 1 1
node 2 1 1 1
node 3 1 1 1
node 4 1 1 1
node 5 1 1 1
node 6 1 1 1
node 7 1 1 3
node 13 1 0 2
node 14 1 0 2
node 24 1 0 0
node 36 1 0 0
node 65 1 0 0
gene  1 2 13 6.23682542506768 0 169.0 6.23682542506768 1
gene  1 3 13 3.652088623402951 0 170.0 3.652088623402951 1
gene  1 4 13 1.9536053756780483 0 171.0 1.9536053756780483 1
gene  1 6 13 3.6689408104439947 0 173.0 3.6689408104439947 1
gene  1 7 13 -0.5991536248780389 0 174.0 -0.5991536248780389 1
gene  1 13 13 2.116125351723805 1 180.0 2.116125351723805 1
gene  1 1 14 19.7694873639101 0 182.0 19.7694873639101 1
gene  1 2 14 2.155779732088922 0 183.0 2.155779732088922 1
gene  1 5 14 1.58358460069023 0 186.0 1.58358460069023 1
gene  1 6 14 1.9852967656435185 0 187.0 1.9852967656435185 1
gene  1 7 14 10.835144878351262 0 188.0 10.835144878351262 1
gene  1 13 14 2.6856633974402406 0 194.0 2.6856633974402406 1
gene  1 14 14 2.39070423973656 1 195.0 2.39070423973656 1
gene  1 2 24 11.214561368065391 0 226.0 11.214561368065391 1
gene  1 24 13 -9.764902263864267 0 227.0 -9.764902263864267 1
gene  1 7 24 8.271785876034057 0 245.0 8.271785876034057 1
gene  1 1 24 2.421937859958098 0 249.0 2.421937859958098 1
gene  1 4 14 0.09031272976013094 0 280.0 0.09031272976013094 1
gene  1 4 36 -4.0145767961717 0 293.0 -4.0145767961717 1
gene  1 36 14 1.7625902435481038 0 294.0 1.7625902435481038 1
gene  1 7 36 -3.4570435307956138 0 301.0 -3.4570435307956138 1
gene  1 3 36 4.469242366116871 0 313.0 4.469242366116871 1
gene  1 24 36 6.3256211142806285 0 345.0 6.3256211142806285 1
gene  1 5 13 -0.8681018936831791 0 374.0 -0.8681018936831791 1
gene  1 2 65 0.03262958825458617 0 446.0 0.03262958825458617 1
gene  1 65 13 5.3632611126816325 0 447.0 5.3632611126816325 1
gene  1 13 36 -3.3280390480499014 0 451.0 -3.3280390480499014 1
gene  1 65 36 1.5767638619763789 0 457.0 1.5767638619763789 1
gene  1 1 13 -1.7325229896248049 0 480.0 -1.7325229896248049 1
gene  1 7 65 4.225434018438823 0 530.0 4.225434018438823 1
genomeend 1
genomestart  2
trait 1 0.6976195114279153 1.655298600115295 1.2826486181487047 0.0 0.0 0.21595428784553705 1.166207148840471 0.0 
node 1 1 1 1
node 2 1 1 1
node 3 1 1 1
node 4 1 1 1
node 5 1 1 1
node 6 1 1 1
node 7 1 1 3
node 8 1 0 0
node 9 1 0 0
node 10 1 0 0
node 11 1 0 0
node 13 1 0 2
node 14 1 0 2
node 62 1 0 0
node 81 1 0 0
node 82 1 0 0
node 84 1 0 0
gene  1 2 8 -6.384965277992203 0 99.0 -6.384965277992203 1
gene  1 6 8 -6.1643984602452715 0 103.0 -6.1643984602452715 1
gene  1 8 8 -2.068875233026008 1 105.0 -2.068875233026008 1
gene  1 9 8 0.7971395276711548 1 106.0 0.7971395276711548 1
gene  1 10 8 -1.1093029677311632 1 107.0 -1.1093029677311632 1
gene  1 11 8 1.9146470298497196 1 108.0 1.9146470298497196 1
gene  1 13 8 -5.336044244469945 1 110.0 -5.336044244469945 1
gene  1 14 8 1.511883266023888 1 111.0 1.511883266023888 1
gene  1 1 9 -9.734757413707076 0 112.0 -9.734757413707076 1
gene  1 2 9 0.1600049817033261 0 113.0 0.1600049817033261 1
gene  1 3 9 -0.13038532247003032 0 114.0 -0.13038532247003032 1
gene  1 6 9 1.4389439264428887 0 117.0 1.4389439264428887 1
gene  1 7 9 2.127437038872247 0 118.0 2.127437038872247 1
gene  1 8 9 5.051991246242083 0 119.0 5.051991246242083 1
gene  1 9 9 -0.5572814966009527 1 120.0 -0.5572814966009527 1
gene  1 11 9 -0.844813412929766 1 122.0 -0.844813412929766 1
gene  1 13 9 6.18604139867665 1 124.0 6.18604139867665 1
gene  1 14 9 -1.7161659869797592 1 125.0 -1.7161659869797592 1
gene  1 1 10 -2.050909945764086 0 126.0 -2.050909945764086 1
gene  1 3 10 -6.4101846265893485 0 128.0 -6.4101846265893485 1
gene  1 4 10 -5.6605000034821735 0 129.0 -5.6605000034821735 1
gene  1 5 10 0.017415799696908874 0 130.0 0.017415799696908874 1
gene  1 6 10 -6.182667698092558 0 131.0 -6.182667698092558 1
gene  1 10 10 3.8573191466859393 1 135.0 3.8573191466859393 1
gene  1 11 10 -1.3580463105161253 1 136.0 -1.3580463105161253 1
gene  1 14 10 0.7022692595941149 1 139.0 0.7022692595941149 1
gene  1 1 11 0.4794630550343554 0 140.0 0.4794630550343554 1
gene  1 3 11 -4.416516041838698 0 142.0 -4.416516041838698 1
gene  1 5 11 -8.187342049710818 0 144.0 -8.187342049710818 1
gene  1 6 11 10.690002809495981 0 145.0 10.690002809495981 1
gene  1 7 11 -2.993280195686965 0 146.0 -2.993280195686965 1
gene  1 8 11 -0.8692483417714014 0 147.0 -0.8692483417714014 1
gene  1 9 11 2.2482465719009546 0 148.0 2.2482465719009546 1
gene  1 10 11 -0.5254699058544432 0 149.0 -0.5254699058544432 1
gene  1 11 11 -1.5777336820893972 1 150.0 -1.5777336820893972 1
gene  1 1 13 4.617168359599168 0 168.0 4.617168359599168 1
gene  1 2 13 5.972833815475716 0 169.0 5.972833815475716 1
gene  1 3 13 -0.07540946070305754 0 170.0 -0.07540946070305754 1
gene  1 7 13 -0.24770053338580866 0 174.0 -0.24770053338580866 1
gene  1 11 13 11.829788000775828 0 178.0 11.829788000775828 1
gene  1 13 13 -0.8571314440362167 1 180.0 -0.8571314440362167 1
gene  1 2 14 -3.1420847979359547 0 183.0 -3.1420847979359547 1
gene  1 3 14 0.9084671912348361 0 184.0 0.9084671912348361 1
gene  1 4 14 3.6900132159366814 0 185.0 3.6900132159366814 1
gene  1 7 14 -4.067683244052059 0 188.0 -4.067683244052059 1
gene  1 8 14 -0.06672510030931861 0 189.0 -0.06672510030931861 1
gene  1 10 14 -5.446529568056538 0 191.0 -5.446529568056538 1
gene  1 13 14 0.32676115278814 0 194.0 0.32676115278814 1
gene  1 5 13 -10.92243126569999 0 198.0 -10.92243126569999 1
gene  1 4 9 -1.8654601237195525 0 200.0 -1.8654601237195525 1
gene  1 8 13 1.3435161794968626 0 248.0 1.3435161794968626 1
gene  1 7 10 3.7190049951821247 0 270.0 3.7190049951821247 1
gene  1 9 10 -0.16290571527217113 0 274.0 -0.16290571527217113 1
gene  1 9 13 -2.037321873275035 0 288.0 -2.037321873275035 1
gene  1 5 14 -0.31051366161248595 0 328.0 -0.31051366161248595 1
gene  1 2 10 0.9976473742783104 0 357.0 0.9976473742783104 1
gene  1 6 14 6.030434572247023 0 388.0 6.030434572247023 1
gene  1 3 62 -1.3707106507255788 0 411.0 -1.3707106507255788 1
gene  1 62 9 7.072413950175488 0 412.0 7.072413950175488 1
gene  1 5 8 1.7029782334751709 0 414.0 1.7029782334751709 1
gene  1 7 8 -3.160316361753872 0 436.0 -3.160316361753872 1
gene  1 11 81 4.624560018120609 1 496.0 4.624560018120609 1
gene  1 81 11 -1.8909437858102889 0 497.0 -1.8909437858102889 1
gene  1 11 82 1.2458052800358437 1 507.0 1.2458052800358437 1
gene  1 82 81 0.45264800249642717 0 508.0 0.45264800249642717 1
gene  1 3 84 1.2357767933110677 0 517.0 1.2357767933110677 1
gene  1 84 13 -1.7802260492547144 0 518.0 -1.7802260492547144 1
gene  1 3 82 4.0696354690306435 0 531.0 4.0696354690306435 1
gene  1 5 81 2.026204063139059 0 533.0 2.026204063139059 1
genomeend 2
genomestart  3
trait 1 0.6976195114279153 1.655298600115295 1.2826486181487047 0.8745625712070293 0.26966952468357097 0.9779011330715643 0.16855889281805303 0.0 
node 1 1 1 1
node 2 1 1 1
node 3 1 1 1
node 4 1 1 1
node 5 1 1 1
node 6 1 1 1
node 7 1 1 3
node 8 1 0 0
node 9 1 0 0
node 10 1 0 0
node 11 1 0 0
node 13 1 0 2
node 14 1 0 2
node 62 1 0 0
node 81 1 0 0
node 82 1 0 0
node 84 1 0 0
gene  1 2 8 -3.9329416663326384 0 99.0 -3.9329416663326384 1
gene  1 6 8 -5.4503572811872365 0 103.0 -5.4503572811872365 1
gene  1 8 8 -1.5704687862108466 1 105.0 -1.5704687862108466 1
gene  1 9 8 -0.7728758202281676 1 106.0 -0.7728758202281676 1
gene  1 10 8 0.8299999911047135 1 107.0 0.8299999911047135 1
gene  1 11 8 1.9146470298497196 1 108.0 1.9146470298497196 1
gene  1 13 8 -3.8188913818418633 1 110.0 -3.8188913818418633 1
gene  1 14 8 -2.3988429226350636 1 111.0 -2.3988429226350636 1
gene  1 1 9 -8.558902875164414 0 112.0 -8.558902875164414 1
gene  1 2 9 8.499180712155365 0 113.0 8.499180712155365 1
gene  1 3 9 -0.20046185828614904 0 114.0 -0.20046185828614904 1
gene  1 6 9 -2.2238963216398475 0 117.0 -2.2238963216398475 1
gene  1 7 9 4.280715839582834 0 118.0 4.280715839582834 1
gene  1 8 9 4.538183940542158 0 119.0 4.538183940542158 1
gene  1 9 9 1.6452631262385788 1 120.0 1.6452631262385788 1
gene  1 11 9 0.4222030379609749 1 122.0 0.4222030379609749 1
gene  1 13 9 5.865850161558643 1 124.0 5.865850161558643 1
gene  1 14 9 -1.7161659869797592 1 125.0 -1.7161659869797592 1
gene  1 1 10 -4.272158576771953 0 126.0 -4.272158576771953 1
gene  1 3 10 -4.449374094662394 0 128.0 -4.449374094662394 1
gene  1 4 10 -7.370205589488173 0 129.0 -7.370205589488173 1
gene  1 5 10 1.134335704722579 0 130.0 1.134335704722579 1
gene  1 6 10 -4.768334894806269 0 131.0 -4.768334894806269 1
gene  1 10 10 5.333020885056593 1 135.0 5.333020885056593 1
gene  1 11 10 -0.4950516246050862 1 136.0 -0.4950516246050862 1
gene  1 14 10 0.22202913973069616 1 139.0 0.22202913973069616 1
gene  1 1 11 -4.034967398135537 0 140.0 -4.034967398135537 1
gene  1 3 11 -4.632282218319917 0 142.0 -4.632282218319917 1
gene  1 5 11 -5.696202750835825 0 144.0 -5.696202750835825 1
gene  1 6 11 12.202949320846148 0 145.0 12.202949320846148 1
gene  1 7 11 -5.268273331373863 0 146.0 -5.268273331373863 1
gene  1 8 11 -1.798428459777024 0 147.0 -1.798428459777024 1
gene  1 9 11 -1.8843797761840848 0 148.0 -1.8843797761840848 1
gene  1 10 11 -0.026301284243466894 0 149.0 -0.026301284243466894 1
gene  1 11 11 -2.6801400930077923 1 150.0 -2.6801400930077923 1
gene  1 1 13 2.262139724926138 0 168.0 2.262139724926138 1
gene  1 2 13 3.6710065676218946 0 169.0 3.6710065676218946 1
gene  1 3 13 2.192586118660027 0 170.0 2.192586118660027 1
gene  1 7 13 -1.8566800570979827 0 174.0 -1.8566800570979827 1
gene  1 11 13 9.448516722298722 0 178.0 9.448516722298722 1
gene  1 13 13 -0.4390485659249639 1 180.0 -0.4390485659249639 1
gene  1 2 14 -2.4710512762971897 0 183.0 -2.4710512762971897 1
gene  1 3 14 3.481925042102765 0 184.0 3.481925042102765 1
gene  1 4 14 1.957679154763345 0 185.0 1.957679154763345 1
gene  1 7 14 -2.1621174607461224 0 188.0 -2.1621174607461224 1
gene  1 8 14 -9.241340180107194 0 189.0 -9.241340180107194 1
gene  1 10 14 -4.600094304004877 0 191.0 -4.600094304004877 1
gene  1 13 14 1.8088667461998431 0 194.0 1.8088667461998431 1
gene  1 5 13 -10.942614162320808 0 198.0 -10.942614162320808 1
gene  1 4 9 3.729610180128195 0 200.0 3.729610180128195 1
gene  1 8 13 2.497649702079999 0 248.0 2.497649702079999 1
gene  1 7 10 1.4591184762106253 0 270.0 1.4591184762106253 1
gene  1 9 10 1.4934265121839814 0 274.0 1.4934265121839814 1
gene  1 9 13 -3.6994030836522147 0 288.0 -3.6994030836522147 1
gene  1 5 14 2.494728721323918 0 328.0 2.494728721323918 1
gene  1 2 10 0.6433792281162992 0 357.0 0.6433792281162992 1
gene  1 6 14 6.1062027981178595 0 388.0 6.1062027981178595 1
gene  1 3 62 -1.620549830338271 0 411.0 -1.620549830338271 1
gene  1 62 9 7.835164790826798 0 412.0 7.835164790826798 1
gene  1 5 8 1.7029782334751709 0 414.0 1.7029782334751709 1
gene  1 7 8 -1.8209959302941778 0 436.0 -1.8209959302941778 1
gene  1 11 81 2.4101969988765815 1 496.0 2.4101969988765815 1
gene  1 81 11 -1.301386081517023 0 497.0 -1.301386081517023 1
gene  1 11 82 0.9083109906159079 1 507.0 0.9083109906159079 1
gene  1 82 81 1.5172631947298574 0 508.0 1.5172631947298574 1
gene  1 3 84 -0.12229703499651884 0 517.0 -0.12229703499651884 1
gene  1 84 13 -1.8336249188772837 0 518.0 -1.8336249188772837 1
gene  1 3 82 3.5514447921270698 0 531.0 3.5514447921270698 1
gene  1 5 81 2.276859168036009 0 533.0 2.276859168036009 1
genomeend 3
genomestart  4
trait 1 0.6976195114279153 1.655298600115295 1.2826486181487047 0.8745625712070293 0.26966952468357097 0.9779011330715643 0.16855889281805303 0.0 
node 1 1 1 1
node 2 1 1 1
node 3 1 1 1
node 4 1 1 1
node 5 1 1 1
node 6 1 1 1
node 7 1 1 3
node 8 1 0 0
node 9 1 0 0
node 10 1 0 0
node 11 1 0 0
node 13 1 0 2
node 14 1 0 2
node 62 1 0 0
node 81 1 0 0
node 82 1 0 0
node 84 1 0 0
gene  1 2 8 -2.668472476792835 0 99.0 -2.668472476792835 1
gene  1 6 8 -3.4990293615980246 0 103.0 -3.4990293615980246 1
gene  1 8 8 -0.91286958911283 1 105.0 -0.91286958911283 1
gene  1 9 8 1.853696216348526 1 106.0 1.853696216348526 1
gene  1 10 8 0.8299999911047135 1 107.0 0.8299999911047135 1
gene  1 11 8 0.70147210979066 1 108.0 0.70147210979066 1
gene  1 13 8 -3.8188913818418633 1 110.0 -3.8188913818418633 1
gene  1 14 8 -3.5883455042016035 1 111.0 -3.5883455042016035 1
gene  1 1 9 -9.812800205507855 0 112.0 -9.812800205507855 1
gene  1 2 9 8.184507691576615 0 113.0 8.184507691576615 1
gene  1 3 9 -2.3826870297434417 0 114.0 -2.3826870297434417 1
gene  1 6 9 -0.8730659845002733 0 117.0 -0.8730659845002733 1
gene  1 7 9 1.7893537037565332 0 118.0 1.7893537037565332 1
gene  1 8 9 5.3821738378656 0 119.0 5.3821738378656 1
gene  1 9 9 2.3559726635035894 1 120.0 2.3559726635035894 1
gene  1 11 9 0.41596748971251984 1 122.0 0.41596748971251984 1
gene  1 13 9 -1.8466649577392171 1 124.0 -1.8466649577392171 1
gene  1 14 9 -2.269611215845022 1 125.0 -2.269611215845022 1
gene  1 1 10 -3.3409514333867993 0 126.0 -3.3409514333867993 1
gene  1 3 10 -3.7103811565344746 0 128.0 -3.7103811565344746 1
gene  1 4 10 -9.713971048521042 0 129.0 -9.713971048521042 1
gene  1 5 10 2.494819018701503 0 130.0 2.494819018701503 1
gene  1 6 10 -1.223023717087638 0 131.0 -1.223023717087638 1
gene  1 10 10 7.088306493184251 1 135.0 7.088306493184251 1
gene  1 11 10 -0.9193976426842387 1 136.0 -0.9193976426842387 1
gene  1 14 10 0.2322910651424312 1 139.0 0.2322910651424312 1
gene  1 1 11 -4.867172789611289 0 140.0 -4.867172789611289 1
gene  1 3 11 -0.2335188654197501 0 142.0 -0.2335188654197501 1
gene  1 5 11 2.392129335363354 0 144.0 2.392129335363354 1
gene  1 6 11 9.96699525880148 0 145.0 9.96699525880148 1
gene  1 7 11 -5.268273331373863 0 146.0 -5.268273331373863 1
gene  1 8 11 -0.9322177161975655 0 147.0 -0.9322177161975655 1
gene  1 9 11 -2.1945219365810593 0 148.0 -2.1945219365810593 1
gene  1 10 11 -0.33316202748246326 0 149.0 -0.33316202748246326 1
gene  1 11 11 -1.2184562421477827 1 150.0 -1.2184562421477827 1
gene  1 1 13 0.039462483141702975 0 168.0 0.039462483141702975 1
gene  1 2 13 1.997007632014322 0 169.0 1.997007632014322 1
gene  1 3 13 -0.8834440778317654 0 170.0 -0.8834440778317654 1
gene  1 7 13 -1.3130396395399533 0 174.0 -1.3130396395399533 1
gene  1 11 13 9.23079313573947 0 178.0 9.23079313573947 1
gene  1 13 13 -1.4782109847571119 1 180.0 -1.4782109847571119 1
gene  1 2 14 -3.581754638846331 0 183.0 -3.581754638846331 1
gene  1 3 14 2.4544134881199184 0 184.0 2.4544134881199184 1
gene  1 4 14 -0.2638154992847755 0 185.0 -0.2638154992847755 1
gene  1 7 14 -3.5650516801652965 0 188.0 -3.5650516801652965 1
gene  1 8 14 -9.915644863090556 0 189.0 -9.915644863090556 1
gene  1 10 14 -5.564081916458327 0 191.0 -5.564081916458327 1
gene  1 13 14 0.6463017875432806 0 194.0 0.6463017875432806 1
gene  1 5 13 0.627824708516662 0 198.0 0.627824708516662 1
gene  1 4 9 3.40065506780145 0 200.0 3.40065506780145 1
gene  1 8 13 2.045260520481133 0 248.0 2.045260520481133 1
gene  1 7 10 -1.768480339386933 0 270.0 -1.768480339386933 1
gene  1 9 10 -2.040906781695863 0 274.0 -2.040906781695863 1
gene  1 9 13 2.43617939525673 0 288.0 2.43617939525673 1
gene  1 5 14 1.713372513558544 0 328.0 1.713372513558544 1
gene  1 2 10 -0.947578563031198 0 357.0 -0.947578563031198 1
gene  1 6 14 6.5207862894580595 0 388.0 6.5207862894580595 1
gene  1 3 62 -2.8540074406596285 0 411.0 -2.8540074406596285 1
gene  1 62 9 8.447662604854258 0 412.0 8.447662604854258 1
gene  1 5 8 -0.8328901109910605 0 414.0 -0.8328901109910605 1
gene  1 7 8 -2.425345143588302 0 436.0 -2.425345143588302 1
gene  1 11 81 1.3079645731393053 1 496.0 1.3079645731393053 1
gene  1 81 11 -3.6729252044919782 0 497.0 -3.6729252044919782 1
gene  1 11 82 0.9493709880872903 1 507.0 0.9493709880872903 1
gene  1 82 81 0.2795629514945426 0 508.0 0.2795629514945426 1
gene  1 3 84 0.6262669432373305 0 517.0 0.6262669432373305 1
gene  1 84 13 0.8787735750192488 0 518.0 0.8787735750192488 1
gene  1 3 82 3.1151968828645176 0 531.0 3.1151968828645176 1
gene  1 5 81 2.02564911256628 0 533.0 2.02564911256628 1
genomeend 4
genomestart  5
trait 1 1.7878230492365366 0.9365906229773271 0.0 0.0 1.7799059348361965 1.2636555841906816 0.0 0.48682907384645435 
node 1 1 1 1
node 2 1 1 1
node 3 1 1 1
node 4 1 1 1
node 5 1 1 1
node 6 1 1 1
node 7 1 1 3
node 8 1 0 0
node 13 1 0 2
node 14 1 0 2
node 16 1 0 0
node 20 1 0 0
node 50 1 0 0
node 55 1 0 0
node 70 1 0 0
node 87 1 0 0
gene  1 1 8 -1.9647482931945337 0 98.0 -1.9647482931945337 1
gene  1 2 8 6.044704832771457 0 99.0 6.044704832771457 1
gene  1 3 8 0.3487301507884717 0 100.0 0.3487301507884717 1
gene  1 4 8 1.8503719390009816 0 101.0 1.8503719390009816 1
gene  1 5 8 0.33279452408382565 0 102.0 0.33279452408382565 1
gene  1 6 8 -1.9109260339695364 0 103.0 -1.9109260339695364 1
gene  1 8 8 -2.059851512946695 1 105.0 -2.059851512946695 1
gene  1 13 8 -0.9689695009598969 1 110.0 -0.9689695009598969 1
gene  1 14 8 -1.3174287642155655 1 111.0 -1.3174287642155655 1
gene  1 3 13 -10.46570764522946 0 170.0 -10.46570764522946 0
gene  1 5 13 -2.273931278707315 0 172.0 -2.273931278707315 1
gene  1 7 13 2.377160138662884 0 174.0 2.377160138662884 1
gene  1 13 13 1.5802621877013072 1 180.0 1.5802621877013072 1
gene  1 2 14 -0.34912816925776663 0 183.0 -0.34912816925776663 1
gene  1 4 14 -2.983280020991641 0 185.0 -2.983280020991641 1
gene  1 6 14 -0.4491623441830963 0 187.0 -0.4491623441830963 1
gene  1 8 14 -11.194280411579545 0 189.0 -11.194280411579545 1
gene  1 13 14 0.9830664545344041 0 194.0 0.9830664545344041 1
gene  1 13 16 3.11061900223038 0 201.0 3.11061900223038 1
gene  1 16 14 -4.3002654065833115 0 202.0 -4.3002654065833115 1
gene  1 3 20 -5.6523676379756225 0 215.0 -5.6523676379756225 1
gene  1 20 8 -1.2940744552630044 0 216.0 -1.2940744552630044 1
gene  1 8 13 -3.8508194112750616 0 233.0 -3.8508194112750616 1
gene  1 2 16 0.13807334837587393 0 324.0 0.13807334837587393 1
gene  1 2 20 2.303861725637662 0 333.0 2.303861725637662 1
gene  1 7 8 1.2172907675174958 0 352.0 1.2172907675174958 1
gene  1 16 50 -2.6813452834480964 0 364.0 -2.6813452834480964 1
gene  1 50 14 -1.239426998440764 0 365.0 -1.239426998440764 1
gene  1 3 55 -1.768720788836159 0 379.0 -1.768720788836159 1
gene  1 55 20 -3.6207915309551004 0 380.0 -3.6207915309551004 1
gene  1 3 70 -6.055412255706384 0 461.0 -6.055412255706384 1
gene  1 70 13 1.209784220387681 0 462.0 1.209784220387681 1
gene  1 6 16 -0.16558308960725188 0 484.0 -0.16558308960725188 1
gene  1 70 20 8.253475872772576 0 498.0 8.253475872772576 1
gene  1 5 20 2.706311042386929 0 505.0 2.706311042386929 1
gene  1 4 55 -2.597524289513267 0 519.0 -2.597524289513267 1
gene  1 3 87 1.8069078089664756 0 539.0 1.8069078089664756 1
gene  1 87 13 -0.7286399821148835 0 540.0 -0.7286399821148835 1
genomeend 5
genomestart  6
trait 1 1.7878230492365366 0.9365906229773271 0.0 0.0 1.7799059348361965 1.2636555841906816 0.0 0.48682907384645435 
node 1 1 1 1
node 2 1 1 1
node 3 1 1 1
node 4 1 1 1
node 5 1 1 1
node 6 1 1 1
node 7 1 1 3
node 8 1 0 0
node 13 1 0 2
node 14 1 0 2
node 16 1 0 0
node 20 1 0 0
node 50 1 0 0
node 55 1 0 0
node 70 1 0 0
node 87 1 0 0
gene  1 1 8 -1.645385464508174 0 98.0 -1.645385464508174 1
gene  1 2 8 3.1220603930642907 0 99.0 3.1220603930642907 1
gene  1 3 8 1.1552795656621622 0 100.0 1.1552795656621622 1
gene  1 4 8 1.2031921043173055 0 101.0 1.2031921043173055 1
gene  1 5 8 -3.292633592139536 0 102.0 -3.292633592139536 1
gene  1 6 8 1.2225542899664852 0 103.0 1.2225542899664852 1
gene  1 8 8 0.49216942381875883 1 105.0 0.49216942381875883 1
gene  1 13 8 0.14285365581361997 1 110.0 0.14285365581361997 1
gene  1 14 8 -2.285219076368284 1 111.0 -2.285219076368284 1
gene  1 3 13 -11.808934556716249 0 170.0 -11.808934556716249 0
gene  1 5 13 -2.2655306611009087 0 172.0 -2.2655306611009087 1
gene  1 7 13 1.505481334944074 0 174.0 1.505481334944074 1
gene  1 13 13 -1.5010373259206518 1 180.0 -1.5010373259206518 1
gene  1 2 14 -5.243775999723489 0 183.0 -5.243775999723489 1
gene  1 4 14 -1.5123370617503975 0 185.0 -1.5123370617503975 1
gene  1 6 14 1.124810396675744 0 187.0 1.124810396675744 1
gene  1 8 14 -9.441046811870956 0 189.0 -9.441046811870956 1
gene  1 13 14 0.6160410247145005 0 194.0 0.6160410247145005 1
gene  1 13 16 4.837555772745008 0 201.0 4.837555772745008 1
gene  1 16 14 -0.925890263799775 0 202.0 -0.925890263799775 1
gene  1 3 20 0.952270813665347 0 215.0 0.952270813665347 1
gene  1 20 8 -3.0494086597174306 0 216.0 -3.0494086597174306 1
gene  1 8 13 1.290754663889854 0 233.0 1.290754663889854 1
gene  1 2 16 0.2932085625252545 0 324.0 0.2932085625252545 1
gene  1 2 20 0.10344916504759055 0 333.0 0.10344916504759055 1
gene  1 7 8 2.418540947204131 0 352.0 2.418540947204131 1
gene  1 16 50 -1.7448224926171507 0 364.0 -1.7448224926171507 1
gene  1 50 14 -0.18280150339023815 0 365.0 -0.18280150339023815 1
gene  1 3 55 2.250678008220077 0 379.0 2.250678008220077 1
gene  1 55 20 -3.7230755858167495 0 380.0 -3.7230755858167495 1
gene  1 3 70 -3.7602211963127457 0 461.0 -3.7602211963127457 1
gene  1 70 13 -3.310403289182382 0 462.0 -3.310403289182382 1
gene  1 6 16 -0.1797101961194869 0 484.0 -0.1797101961194869 1
gene  1 70 20 10.62832454936679 0 498.0 10.62832454936679 1
gene  1 5 20 -0.8234735653212893 0 505.0 -0.8234735653212893 1
gene  1 4 55 -0.6111166487723241 0 519.0 -0.6111166487723241 1
gene  1 3 87 2.2585012391051142 0 539.0 2.2585012391051142 1
gene  1 87 13 -1.22132992315082 0 540.0 -1.22132992315082 1
genomeend 6
genomestart  7
trait 1 0.0 1.069313212698983 1.814227304495946 0.0 0.0 1.4832237043178953 0.14596744535389206 1.197674811132733 
node 1 1 1 1
node 2 1 1 1
node 3 1 1 1
node 4 1 1 1
node 5 1 1 1
node 6 1 1 1
node 7 1 1 3
node 8 1 0 0
node 9 1 0 0
node 10 1 0 0
node 13 1 0 2
node 14 1 0 2
node 21 1 0 0
node 29 1 0 0
node 52 1 0 0
node 53 1 0 0
node 64 1 0 0
node 85 1 0 0
gene  1 1 8 -3.244493580157297 0 98.0 -3.244493580157297 1
gene  1 3 8 -1.9046887569273712 0 100.0 -1.9046887569273712 1
gene  1 5 8 14.231020578725992 0 102.0 14.231020578725992 1
gene  1 6 8 5.476186293883933 0 103.0 5.476186293883933 1
gene  1 8 8 0.8726369976655703 1 105.0 0.8726369976655703 1
gene  1 1 9 2.260495365102344 0 112.0 2.260495365102344 1
gene  1 2 9 -3.0678692352402406 0 113.0 -3.0678692352402406 1
gene  1 3 9 -8.714389020179569 0 114.0 -8.714389020179569 1
gene  1 5 9 2.7601915059784408 0 116.0 2.7601915059784408 1
gene  1 7 9 3.2717395079149543 0 118.0 3.2717395079149543 1
gene  1 9 9 -4.276040561154648 1 120.0 -4.276040561154648 0
gene  1 10 9 0.20126801621103363 1 121.0 0.20126801621103363 1
gene  1 13 9 2.1609169378878956 1 124.0 2.1609169378878956 1
gene  1 2 10 8.49958428663082 0 127.0 8.49958428663082 1
gene  1 4 10 -1.4050855632137187 0 129.0 -1.4050855632137187 1
gene  1 5 10 3.744195323024636 0 130.0 3.744195323024636 1
gene  1 8 10 -1.4329518076144931 0 133.0 -1.4329518076144931 1
gene  1 9 10 2.3728959300193737 0 134.0 2.3728959300193737 1
gene  1 10 10 -1.1062588814940635 1 135.0 -1.1062588814940635 1
gene  1 13 10 -5.917473046223516 1 138.0 -5.917473046223516 1
gene  1 14 10 -4.504675036418684 1 139.0 -4.504675036418684 1
gene  1 2 13 -2.290164322268166 0 169.0 -2.290164322268166 1
gene  1 3 13 -2.11746810015592 0 170.0 -2.11746810015592 1
gene  1 6 13 2.401351574350622 0 173.0 2.401351574350622 1
gene  1 7 13 -0.059925946143384534 0 174.0 -0.059925946143384534 1
gene  1 9 13 -0.651014839669867 0 176.0 -0.651014839669867 1
gene  1 13 13 0.5560187180090255 1 180.0 0.5560187180090255 1
gene  1 14 13 2.532170465995076 1 181.0 2.532170465995076 1
gene  1 1 14 -6.093482502755633 0 182.0 -6.093482502755633 1
gene  1 3 14 -5.289342845758311 0 184.0 -5.289342845758311 1
gene  1 9 14 -0.4539163201173708 0 190.0 -0.4539163201173708 1
gene  1 10 14 -0.49432527680799576 0 191.0 -0.49432527680799576 1
gene  1 1 21 1.1741492416471782 0 218.0 1.1741492416471782 1
gene  1 21 8 -0.5918887202621552 0 219.0 -0.5918887202621552 1
gene  1 3 10 -3.485610867479653 0 223.0 -3.485610867479653 1
gene  1 6 29 -1.5775361941813697 0 259.0 -1.5775361941813697 1
gene  1 29 8 -0.8214124199727979 0 260.0 -0.8214124199727979 1
gene  1 29 21 0.812085103775412 0 271.0 0.812085103775412 1
gene  1 3 21 1.6702402414506432 0 300.0 1.6702402414506432 1
gene  1 9 52 0.15354385000524073 0 368.0 0.15354385000524073 1
gene  1 52 14 -2.0977113437507744 0 369.0 -2.0977113437507744 1
gene  1 1 53 -0.023450957393795324 0 372.0 -0.023450957393795324 1
gene  1 53 21 2.1677542311962528 0 373.0 2.1677542311962528 0
gene  1 2 52 3.826332242605312 0 425.0 3.826332242605312 1
gene  1 53 64 3.354509958704452 0 443.0 3.354509958704452 1
gene  1 64 21 -5.598484029614916 0 444.0 -5.598484029614916 1
gene  1 21 10 0.011912590245615473 0 509.0 0.011912590245615473 1
gene  1 9 85 -2.095081846431153 1 520.0 -2.095081846431153 1
gene  1 85 9 1.647730702301947 0 521.0 1.647730702301947 1
gene  1 13 52 1.723330622949022 0 523.0 1.723330622949022 1
genomeend 7
genomestart  8
trait 1 0.0 1.069313212698983 1.814227304495946 0.0 0.0 1.4832237043178953 0.14596744535389206 1.197674811132733 
node 1 1 1 1
node 2 1 1 1
node 3 1 1 1
node 4 1 1 1
node 5 1 1 1
node 6 1 1 1
node 7 1 1 3
node 8 1 0 0
node 9 1 0 0
node 10 1 0 0
node 13 1 0 2
node 14 1 0 2
node 21 1 0 0
node 29 1 0 0
node 52 1 0 0
node 53 1 0 0
node 64 1 0 0
node 85 1 0 0
gene  1 1 8 -0.8190343415156573 0 98.0 -0.8190343415156573 1
gene  1 3 8 -1.4560672207561043 0 100.0 -1.4560672207561043 1
gene  1 5 8 12.788507158406741 0 102.0 12.788507158406741 1
gene  1 6 8 4.843969719293103 0 103.0 4.843969719293103 1
gene  1 8 8 -1.3575174688787282 1 105.0 -1.3575174688787282 1
gene  1 1 9 1.0500163516866117 0 112.0 1.0500163516866117 1
gene  1 2 9 -2.2679008708932793 0 113.0 -2.2679008708932793 1
gene  1 3 9 -7.912221703635426 0 114.0 -7.912221703635426 1
gene  1 5 9 0.43344743959003285 0 116.0 0.43344743959003285 1
gene  1 7 9 3.127062014638057 0 118.0 3.127062014638057 1
gene  1 9 9 -3.9707952918668976 1 120.0 -3.9707952918668976 1
gene  1 10 9 2.2813190235415437 1 121.0 2.2813190235415437 1
gene  1 13 9 4.656276028766525 1 124.0 4.656276028766525 1
gene  1 2 10 6.846850536829676 0 127.0 6.846850536829676 1
gene  1 4 10 0.6590416259841463 0 129.0 0.6590416259841463 1
gene  1 5 10 3.4510275078034107 0 130.0 3.4510275078034107 1
gene  1 8 10 0.11895288430879503 0 133.0 0.11895288430879503 1
gene  1 9 10 0.16687349573186655 0 134.0 0.16687349573186655 1
gene  1 10 10 -3.2835680150028264 1 135.0 -3.2835680150028264 1
gene  1 13 10 -6.173922982706831 1 138.0 -6.173922982706831 1
gene  1 14 10 -2.481347700252656 1 139.0 -2.481347700252656 1
gene  1 2 13 -1.0184957598052837 0 169.0 -1.0184957598052837 1
gene  1 3 13 -2.243012457060387 0 170.0 -2.243012457060387 1
gene  1 6 13 3.800296145967869 0 173.0 3.800296145967869 1
gene  1 7 13 0.749580854052244 0 174.0 0.749580854052244 1
gene  1 9 13 1.317330337233907 0 176.0 1.317330337233907 1
gene  1 13 13 0.4294163189171369 1 180.0 0.4294163189171369 1
gene  1 14 13 1.6044879717861413 1 181.0 1.6044879717861413 1
gene  1 1 14 -6.726671271558901 0 182.0 -6.726671271558901 1
gene  1 3 14 -3.6991539660038715 0 184.0 -3.6991539660038715 1
gene  1 9 14 0.005295580714559822 0 190.0 0.005295580714559822 1
gene  1 10 14 -2.2618482415212475 0 191.0 -2.2618482415212475 1
gene  1 1 21 2.1696243619176667 0 218.0 2.1696243619176667 1
gene  1 21 8 1.1720520399513767 0 219.0 1.1720520399513767 1
gene  1 3 10 -2.7450467147733275 0 223.0 -2.7450467147733275 1
gene  1 6 29 0.8047143109245958 0 259.0 0.8047143109245958 1
gene  1 29 8 1.0397459263873545 0 260.0 1.0397459263873545 1
gene  1 29 21 -1.2178791830698068 0 271.0 -1.2178791830698068 1
gene  1 3 21 2.025416264242411 0 300.0 2.025416264242411 1
gene  1 9 52 -0.027245092472629517 0 368.0 -0.027245092472629517 1
gene  1 52 14 -4.226245121160888 0 369.0 -4.226245121160888 1
gene  1 1 53 2.1016496868338925 0 372.0 2.1016496868338925 1
gene  1 53 21 1.4315896475112868 0 373.0 1.4315896475112868 0
gene  1 2 52 3.826332242605312 0 425.0 3.826332242605312 1
gene  1 53 64 2.3565844569159107 0 443.0 2.3565844569159107 1
gene  1 64 21 -5.972777370476177 0 444.0 -5.972777370476177 1
gene  1 21 10 0.28309617554195504 0 509.0 0.28309617554195504 1
gene  1 9 85 -3.7731029368654516 1 520.0 -3.7731029368654516 1
gene  1 85 9 1.647730702301947 0 521.0 1.647730702301947 1
gene  1 13 52 1.723330622949022 0 523.0 1.723330622949022 1
gene  1 53 29 -4.0625863350388824 0 551.0 -4.0625863350388824 1
genomeend 8
genomestart  9
trait 1 0.0 1.069313212698983 1.814227304495946 0.0 0.0 1.4832237043178953 0.14596744535389206 1.197674811132733 
node 1 1 1 1
node 2 1 1 1
node 3 1 1 1
node 4 1 1 1
node 5 1 1 1
node 6 1 1 1
node 7 1 1 3
node 8 1 0 0
node 9 1 0 0
node 10 1 0 0
node 13 1 0 2
node 14 1 0 2
node 21 1 0 0
node 29 1 0 0
node 52 1 0 0
node 53 1 0 0
node 64 1 0 0
node 85 1 0 0
gene  1 1 8 1.6260405029232072 0 98.0 1.6260405029232072 1
gene  1 3 8 -0.39723743959711705 0 100.0 -0.39723743959711705 1
gene  1 5 8 10.382908472089587 0 102.0 10.382908472089587 1
gene  1 6 8 4.843969719293103 0 103.0 4.843969719293103 1
gene  1 8 8 -1.3879064873318467 1 105.0 -1.3879064873318467 1
gene  1 1 9 1.0639398735251935 0 112.0 1.0639398735251935 1
gene  1 2 9 0.07972718769382992 0 113.0 0.07972718769382992 1
gene  1 3 9 -7.912221703635426 0 114.0 -7.912221703635426 1
gene  1 5 9 0.6329980854999704 0 116.0 0.6329980854999704 1
gene  1 7 9 5.043468671739999 0 118.0 5.043468671739999 1
gene  1 9 9 -3.6225488852118333 1 120.0 -3.6225488852118333 0
gene  1 10 9 1.6610551097034507 1 121.0 1.6610551097034507 1
gene  1 13 9 0.17672072452382864 1 124.0 0.17672072452382864 1
gene  1 2 10 4.569369364585709 0 127.0 4.569369364585709 1
gene  1 4 10 -0.48194431419168327 0 129.0 -0.48194431419168327 1
gene  1 5 10 3.8916580965795413 0 130.0 3.8916580965795413 1
gene  1 8 10 2.4663678526082533 0 133.0 2.4663678526082533 1
gene  1 9 10 2.2128970403455335 0 134.0 2.2128970403455335 1
gene  1 10 10 0.0716845530465865 1 135.0 0.0716845530465865 1
gene  1 13 10 -4.5813833802660096 1 138.0 -4.5813833802660096 1
gene  1 14 10 -2.481347700252656 1 139.0 -2.481347700252656 1
gene  1 2 13 -1.4665716726087683 0 169.0 -1.4665716726087683 1
gene  1 3 13 -0.9471927885372755 0 170.0 -0.9471927885372755 1
gene  1 6 13 1.3117677030756076 0 173.0 1.3117677030756076 1
gene  1 7 13 -1.588917549977522 0 174.0 -1.588917549977522 1
gene  1 9 13 -1.1633534919295496 0 176.0 -1.1633534919295496 1
gene  1 13 13 0.23794263833792517 1 180.0 0.23794263833792517 1
gene  1 14 13 3.5546692776897233 1 181.0 3.5546692776897233 1
gene  1 1 14 -4.783337563789731 0 182.0 -4.783337563789731 1
gene  1 3 14 -5.917669783441899 0 184.0 -5.917669783441899 1
gene  1 9 14 0.007809143094514193 0 190.0 0.007809143094514193 1
gene  1 10 14 0.03552771653709286 0 191.0 0.03552771653709286 1
gene  1 1 21 0.9058107016522927 0 218.0 0.9058107016522927 1
gene  1 21 8 -0.9924758437621208 0 219.0 -0.9924758437621208 1
gene  1 3 10 -0.7981584165752051 0 223.0 -0.7981584165752051 1
gene  1 6 29 -0.8318215381096841 0 259.0 -0.8318215381096841 1
gene  1 29 8 -1.650582952807438 0 260.0 -1.650582952807438 1
gene  1 29 21 -2.85174316935364 0 271.0 -2.85174316935364 1
gene  1 3 21 3.6419340295600637 0 300.0 3.6419340295600637 1
gene  1 9 52 -1.1978731073492717 0 368.0 -1.1978731073492717 1
gene  1 52 14 -4.474795094827348 0 369.0 -4.474795094827348 1
gene  1 1 53 0.245744606724966 0 372.0 0.245744606724966 1
gene  1 53 21 2.564742825244478 0 373.0 2.564742825244478 0
gene  1 2 52 0.9695008886661896 0 425.0 0.9695008886661896 1
gene  1 53 64 1.6455253362035234 0 443.0 1.6455253362035234 1
gene  1 64 21 -4.2747509628369755 0 444.0 -4.2747509628369755 1
gene  1 21 10 0.28309617554195504 0 509.0 0.28309617554195504 1
gene  1 9 85 -1.185953969394113 1 520.0 -1.185953969394113 1
gene  1 85 9 -0.7614014400922733 0 521.0 -0.7614014400922733 1
gene  1 13 52 -0.2856560870818856 0 523.0 -0.2856560870818856 1
genomeend 9
genomestart  10
trait 1 0.39340002544161434 0.4638621482816303 0.4185672944766822 1.064591410541687 0.18796189784306305 1.4619974594472236 1.314330803229924 0.36223095093968216 
node 1 1 1 1
node 2 1 1 1
node 3 1 1 1
node 4 1 1 1
node 5 1 1 1
node 6 1 1 1
node 7 1 1 3
node 13 1 0 2
node 14 1 0 2
node 42 1 0 0
node 61 1 0 0
node 74 1 0 0
node 76 1 0 0
gene  1 1 13 0.6752942141967653 0 168.0 0.6752942141967653 1
gene  1 2 13 4.8311884676238455 0 169.0 4.8311884676238455 1
gene  1 3 13 0.015047030559636854 0 170.0 0.015047030559636854 1
gene  1 4 13 -2.841954707859907 0 171.0 -2.841954707859907 1
gene  1 5 13 3.1807005238928503 0 172.0 3.1807005238928503 1
gene  1 6 13 0.9516801715869725 0 173.0 0.9516801715869725 1
gene  1 7 13 2.448700429444002 0 174.0 2.448700429444002 1
gene  1 14 13 -2.4213277596336167 1 181.0 -2.4213277596336167 1
gene  1 1 14 -0.6642292349445587 0 182.0 -0.6642292349445587 1
gene  1 2 14 -3.228672708602655 0 183.0 -3.228672708602655 1
gene  1 3 14 4.989996055555734 0 184.0 4.989996055555734 1
gene  1 13 14 0.9741426089846577 0 194.0 0.9741426089846577 1
gene  1 14 14 -3.2005044297907994 1 195.0 -3.2005044297907994 1
gene  1 6 14 -1.0377651384438902 0 230.0 -1.0377651384438902 1
gene  1 4 14 -1.1470442022325096 0 312.0 -1.1470442022325096 1
gene  1 2 42 -3.813583424452884 0 320.0 -3.813583424452884 1
gene  1 42 13 -3.1778131033179564 0 321.0 -3.1778131033179564 1
gene  1 6 42 -2.9453345900668015 0 349.0 -2.9453345900668015 1
gene  1 7 14 4.083982897265313 0 353.0 4.083982897265313 1
gene  1 7 42 1.4593528504087852 0 395.0 1.4593528504087852 1
gene  1 5 61 0.6189769513322745 0 408.0 0.6189769513322745 1
gene  1 61 13 11.96796632159417 0 409.0 11.96796632159417 1
gene  1 5 42 0.15765905996425844 0 426.0 0.15765905996425844 1
gene  1 2 74 2.9792884054835613 0 471.0 2.9792884054835613 1
gene  1 74 13 1.223983707023796 0 472.0 1.223983707023796 1
gene  1 5 76 -0.14795207365176433 0 476.0 -0.14795207365176433 1
gene  1 76 42 0.5653350565049688 0 477.0 0.5653350565049688 1
gene  1 3 74 4.587931097569388 0 491.0 4.587931097569388 1
gene  1 61 74 -1.650521496802625 0 527.0 -1.650521496802625 1
gene  1 61 42 3.9418896036982947 0 544.0 3.9418896036982947 1
genomeend 10
genomestart  11
trait 1 0.39340002544161434 0.4638621482816303 0.4185672944766822 1.064591410541687 0.18796189784306305 1.4619974594472236 1.314330803229924 0.36223095093968216 
node 1 1 1 1
node 2 1 1 1
node 3 1 1 1
node 4 1 1 1
node 5 1 1 1
node 6 1 1 1
node 7 1 1 3
node 13 1 0 2
node 14 1 0 2
node 42 1 0 0
node 61 1 0 0
node 74 1 0 0
node 76 1 0 0
gene  1 1 13 0.2499808329554668 0 168.0 0.2499808329554668 1
gene  1 2 13 3.6263093829188846 0 169.0 3.6263093829188846 1
gene  1 3 13 -1.8726741911647289 0 170.0 -1.8726741911647289 1
gene  1 4 13 -4.265382980364144 0 171.0 -4.265382980364144 1
gene  1 5 13 2.055186906499859 0 172.0 2.055186906499859 1
gene  1 6 13 2.5393242757729646 0 173.0 2.5393242757729646 1
gene  1 7 13 2.617459306359162 0 174.0 2.617459306359162 1
gene  1 14 13 -0.08207246105375621 1 181.0 -0.08207246105375621 1
gene  1 1 14 -0.2529243514729371 0 182.0 -0.2529243514729371 1
gene  1 2 14 -3.1006244526525917 0 183.0 -3.1006244526525917 1
gene  1 3 14 4.725667311869968 0 184.0 4.725667311869968 1
gene  1 13 14 -1.4334446693508076 0 194.0 -1.4334446693508076 1
gene  1 14 14 -4.583764085845249 1 195.0 -4.583764085845249 1
gene  1 6 14 -1.1239651977948337 0 230.0 -1.1239651977948337 1
gene  1 4 14 0.33118829768034574 0 312.0 0.33118829768034574 1
gene  1 2 42 -5.725570916848862 0 320.0 -5.725570916848862 1
gene  1 42 13 -3.1280421942293417 0 321.0 -3.1280421942293417 1
gene  1 6 42 -4.9285779116205335 0 349.0 -4.9285779116205335 1
gene  1 7 14 4.237433353120866 0 353.0 4.237433353120866 1
gene  1 7 42 1.8363805574629426 0 395.0 1.8363805574629426 1
gene  1 5 61 0.7364611861316412 0 408.0 0.7364611861316412 1
gene  1 61 13 10.746709510777402 0 409.0 10.746709510777402 1
gene  1 5 42 2.313982852716051 0 426.0 2.313982852716051 1
gene  1 2 74 5.254676111464557 0 471.0 5.254676111464557 1
gene  1 74 13 0.7883714594320894 0 472.0 0.7883714594320894 1
gene  1 5 76 -0.14795207365176433 0 476.0 -0.14795207365176433 1
gene  1 76 42 1.1779637175456745 0 477.0 1.1779637175456745 1
gene  1 3 74 6.708426493961996 0 491.0 6.708426493961996 1
gene  1 61 74 2.399793481190944 0 527.0 2.399793481190944 1
gene  1 61 42 2.182474925830629 0 544.0 2.182474925830629 1
genomeend 11
genomestart  12
trait 1 0.39340002544161434 0.4638621482816303 0.4185672944766822 1.064591410541687 0.18796189784306305 1.4619974594472236 1.314330803229924 0.36223095093968216 
node 1 1 1 1
node 2 1 1 1
node 3 1 1 1
node 4 1 1 1
node 5 1 1 1
node 6 1 1 1
node 7 1 1 3
node 13 1 0 2
node 14 1 0 2
node 42 1 0 0
node 61 1 0 0
node 74 1 0 0
node 76 1 0 0
gene  1 1 13 0.6752942141967653 0 168.0 0.6752942141967653 1
gene  1 2 13 4.8335794391916735 0 169.0 4.8335794391916735 1
gene  1 3 13 -2.461245984393697 0 170.0 -2.461245984393697 1
gene  1 4 13 -4.366032580517591 0 171.0 -4.366032580517591 1
gene  1 5 13 3.335550723184553 0 172.0 3.335550723184553 1
gene  1 6 13 3.128959595118652 0 173.0 3.128959595118652 1
gene  1 7 13 2.448700429444002 0 174.0 2.448700429444002 1
gene  1 14 13 -3.431780717409721 1 181.0 -3.431780717409721 1
gene  1 1 14 -0.6642292349445587 0 182.0 -0.6642292349445587 1
gene  1 2 14 -0.8986416776990563 0 183.0 -0.8986416776990563 1
gene  1 3 14 5.591117512262474 0 184.0 5.591117512262474 1
gene  1 13 14 1.8342988213124314 0 194.0 1.8342988213124314 1
gene  1 14 14 -2.9428748879548468 1 195.0 -2.9428748879548468 1
gene  1 6 14 1.430086328724686 0 230.0 1.430086328724686 1
gene  1 4 14 -3.5344225412786345 0 312.0 -3.5344225412786345 1
gene  1 2 42 -6.232213779488649 0 320.0 -6.232213779488649 1
gene  1 42 13 -2.046759641197241 0 321.0 -2.046759641197241 1
gene  1 6 42 -1.0432792021890003 0 349.0 -1.0432792021890003 1
gene  1 7 14 2.6547602570362714 0 353.0 2.6547602570362714 1
gene  1 7 42 1.8692878340734553 0 395.0 1.8692878340734553 1
gene  1 5 61 2.4264809659709536 0 408.0 2.4264809659709536 1
gene  1 61 13 1.0907768121134997 0 409.0 1.0907768121134997 1
gene  1 5 42 -1.99643161069921 0 426.0 -1.99643161069921 1
gene  1 2 74 2.9750648099463937 0 471.0 2.9750648099463937 1
gene  1 74 13 0.33228894576356105 0 472.0 0.33228894576356105 1
gene  1 5 76 -1.8376841248565798 0 476.0 -1.8376841248565798 1
gene  1 76 42 0.5653350565049688 0 477.0 0.5653350565049688 1
gene  1 3 74 5.86975470629697 0 491.0 5.86975470629697 1
gene  1 61 74 -0.40922936872341853 0 527.0 -0.40922936872341853 1
gene  1 61 42 0.8408657094087555 0 544.0 0.8408657094087555 1
genomeend 12
genomestart  13
trait 1 0.0 1.0928829975406382 0.03145355857324372 0.5098453143214142 0.4939563997667481 0.28305199411763293 0.9402005617249138 0.7626488466698699 
node 1 1 1 1
node 2 1 1 1
node 3 1 1 1
node 4 1 1 1
node 5 1 1 1
node 6 1 1 1
node 7 1 1 3
node 8 1 0 0
node 13 1 0 2
node 14 1 0 2
node 49 1 0 0
node 59 1 0 0
node 63 1 0 0
node 88 1 0 0
gene  1 4 8 -0.6286949657688773 0 101.0 -0.6286949657688773 1
gene  1 5 8 -11.35181512298908 0 102.0 -11.35181512298908 1
gene  1 6 8 -2.396986991911451 0 103.0 -2.396986991911451 1
gene  1 14 8 4.494299870350412 1 111.0 4.494299870350412 1
gene  1 1 13 -1.3991441581558317 0 168.0 -1.3991441581558317 1
gene  1 2 13 2.143237669825889 0 169.0 2.143237669825889 1
gene  1 3 13 0.10495326133069055 0 170.0 0.10495326133069055 1
gene  1 5 13 2.2709910810415024 0 172.0 2.2709910810415024 1
gene  1 7 13 -0.831580080626198 0 174.0 -0.831580080626198 1
gene  1 14 13 -4.236512651667041 1 181.0 -4.236512651667041 1
gene  1 1 14 0.34987705590999674 0 182.0 0.34987705590999674 1
gene  1 2 14 -2.2534904210802695 0 183.0 -2.2534904210802695 1
gene  1 3 14 0.2829775365861545 0 184.0 0.2829775365861545 1
gene  1 4 14 0.9146877499381245 0 185.0 0.9146877499381245 1
gene  1 8 14 4.919344343279366 0 189.0 4.919344343279366 1
gene  1 14 14 6.266441193925 1 195.0 6.266441193925 1
gene  1 6 14 -3.8705949559005868 0 240.0 -3.8705949559005868 1
gene  1 8 13 -4.636870931716359 0 311.0 -4.636870931716359 1
gene  1 14 13 0.9787126993793154 0 322.0 0.9787126993793154 1
gene  1 2 49 -1.3807218676947803 0 362.0 -1.3807218676947803 1
gene  1 49 14 -1.4100956960102122 0 363.0 -1.4100956960102122 0
gene  1 3 8 0.9971476403953394 0 393.0 0.9971476403953394 1
gene  1 49 59 1.722266792040323 0 401.0 1.722266792040323 0
gene  1 59 14 2.9125326416799 0 402.0 2.9125326416799 1
gene  1 2 59 -1.4424624782184956 0 403.0 -1.4424624782184956 1
gene  1 7 14 1.6950722646377807 0 424.0 1.6950722646377807 1
gene  1 59 13 3.4240930862843166 0 427.0 3.4240930862843166 1
gene  1 3 63 -4.740949953492572 0 440.0 -4.740949953492572 1
gene  1 63 8 0.7702052835669972 0 441.0 0.7702052835669972 1
gene  1 5 59 1.2742012000113982 0 525.0 1.2742012000113982 1
gene  1 1 59 -0.26097508794971014 0 534.0 -0.26097508794971014 1
gene  1 49 88 2.445447199904099 0 546.0 2.445447199904099 1
gene  1 88 59 2.5133115758079656 0 547.0 2.5133115758079656 1
genomeend 13
genomestart  14
trait 1 0.13128347031454002 2.1861426182912065 1.2671621196902727 0.49951333318806035 0.0 2.2133304098674773 0.4897091754502324 0.06730656714772287 
node 1 1 1 1
node 2 1 1 1
node 3 1 1 1
node 4 1 1 1
node 5 1 1 1
node 6 1 1 1
node 7 1 1 3
node 8 1 0 0
node 9 1 0 0
node 10 1 0 0
node 11 1 0 0
node 12 1 0 0
node 13 1 0 2
node 14 1 0 2
node 27 1 0 0
node 34 1 0 0
node 40 1 0 0
node 48 1 0 0
node 71 1 0 0
gene  1 1 8 -2.512708520838558 0 98.0 -2.512708520838558 1
gene  1 3 8 -0.0012260826478166509 0 100.0 -0.0012260826478166509 1
gene  1 4 8 -1.0730416947139731 0 101.0 -1.0730416947139731 1
gene  1 6 8 0.6631445878048798 0 103.0 0.6631445878048798 1
gene  1 8 8 2.006340536439164 1 105.0 2.006340536439164 1
gene  1 10 8 -0.9937697080029053 1 107.0 -0.9937697080029053 1
gene  1 3 9 -0.8858931428457326 0 114.0 -0.8858931428457326 1
gene  1 6 9 -4.437334395999963 0 117.0 -4.437334395999963 1
gene  1 8 9 -0.26095017670739057 0 119.0 -0.26095017670739057 1
gene  1 10 9 4.028554770083641 1 121.0 4.028554770083641 1
gene  1 11 9 1.605853936496398 1 122.0 1.605853936496398 1
gene  1 13 9 -0.07621511122848901 1 124.0 -0.07621511122848901 1
gene  1 14 9 0.8420006847230685 1 125.0 0.8420006847230685 1
gene  1 1 10 4.7589213405573085 0 126.0 4.7589213405573085 1
gene  1 3 10 4.499239628519148 0 128.0 4.499239628519148 1
gene  1 4 10 0.25341623057840534 0 129.0 0.25341623057840534 1
gene  1 5 10 4.458987270725636 0 130.0 4.458987270725636 1
gene  1 9 10 -1.6027815098182874 0 134.0 -1.6027815098182874 1
gene  1 13 10 5.487028859266879 1 138.0 5.487028859266879 1
gene  1 1 11 0.0782515480456909 0 140.0 0.0782515480456909 1
gene  1 3 11 7.248889289269355 0 142.0 7.248889289269355 1
gene  1 5 11 0.31538265431568707 0 144.0 0.31538265431568707 1
gene  1 9 11 1.8062190437094683 0 148.0 1.8062190437094683 1
gene  1 10 11 4.835121810192168 0 149.0 4.835121810192168 1
gene  1 12 11 -0.5075045542358988 1 151.0 -0.5075045542358988 1
gene  1 14 11 0.21749071033124484 1 153.0 0.21749071033124484 1
gene  1 2 12 10.013927588417918 0 155.0 10.013927588417918 1
gene  1 4 12 1.0615498474823861 0 157.0 1.0615498474823861 1
gene  1 6 12 -3.269117565735676 0 159.0 -3.269117565735676 1
gene  1 7 12 -2.7172555141997448 0 160.0 -2.7172555141997448 1
gene  1 9 12 -4.269866578612698 0 162.0 -4.269866578612698 1
gene  1 10 12 3.644611922837573 0 163.0 3.644611922837573 1
gene  1 12 12 1.8167889747018147 1 165.0 1.8167889747018147 1
gene  1 14 12 1.8279686711825591 1 167.0 1.8279686711825591 1
gene  1 1 13 1.7581606743373996 0 168.0 1.7581606743373996 1
gene  1 3 13 -0.14480622013398087 0 170.0 -0.14480622013398087 1
gene  1 4 13 -1.744611438440411 0 171.0 -1.744611438440411 1
gene  1 6 13 -3.365301409749915 0 173.0 -3.365301409749915 1
gene  1 8 13 -9.07463845378595 0 175.0 -9.07463845378595 1
gene  1 9 13 0.8800027448447151 0 176.0 0.8800027448447151 1
gene  1 8 14 0.49144725318178006 0 189.0 0.49144725318178006 1
gene  1 11 14 5.752101732407373 0 192.0 5.752101732407373 1
gene  1 5 8 -0.17472000152408973 0 235.0 -0.17472000152408973 1
gene  1 1 27 -1.0531988227558613 0 241.0 -1.0531988227558613 1
gene  1 27 8 0.5345185772554109 0 242.0 0.5345185772554109 1
gene  1 9 34 -0.056795188733228086 0 272.0 -0.056795188733228086 1
gene  1 34 11 -0.23638178528933018 0 273.0 -0.23638178528933018 1
gene  1 5 13 2.4385106275388075 0 277.0 2.4385106275388075 1
gene  1 12 14 3.2303414201737013 0 296.0 3.2303414201737013 1
gene  1 8 40 -0.09256193490287323 1 308.0 -0.09256193490287323 1
gene  1 40 8 3.879831721092446 0 309.0 3.879831721092446 1
gene  1 10 14 2.4873034656918316 0 341.0 2.4873034656918316 1
gene  1 3 48 -1.1378831962154898 0 360.0 -1.1378831962154898 1
gene  1 48 8 -0.9027166574069465 0 361.0 -0.9027166574069465 1
gene  1 10 13 0.09625684393638284 0 404.0 0.09625684393638284 1
gene  1 48 71 -1.9128151770611548 0 463.0 -1.9128151770611548 1
gene  1 71 8 3.7690505060059913 0 464.0 3.7690505060059913 1
gene  1 11 12 -3.6291821741354946 0 478.0 -3.6291821741354946 1
gene  1 34 14 -2.9128437092667965 0 481.0 -2.9128437092667965 1
genomeend 14
genomestart  15
trait 1 0.13128347031454002 2.1861426182912065 1.2671621196902727 0.49951333318806035 0.0 2.2133304098674773 0.4897091754502324 0.06730656714772287 
node 1 1 1 1
node 2 1 1 1
node 3 1 1 1
node 4 1 1 1
node 5 1 1 1
node 6 1 1 1
node 7 1 1 3
node 8 1 0 0
node 9 1 0 0
node 10 1 0 0
node 11 1 0 0
node 12 1 0 0
node 13 1 0 2
node 14 1 0 2
node 27 1 0 0
node 34 1 0 0
node 40 1 0 0
node 48 1 0 0
node 71 1 0 0
node 89 1 0 0
gene  1 1 8 -4.524503581552817 0 98.0 -4.524503581552817 1
gene  1 3 8 0.7927006251891144 0 100.0 0.7927006251891144 1
gene  1 4 8 -2.8329158382139177 0 101.0 -2.8329158382139177 1
gene  1 6 8 -1.4462772378607278 0 103.0 -1.4462772378607278 1
gene  1 8 8 1.0599121751567468 1 105.0 1.0599121751567468 1
gene  1 10 8 0.5212368064456907 1 107.0 0.5212368064456907 1
gene  1 3 9 1.1784587720976611 0 114.0 1.1784587720976611 1
gene  1 6 9 -2.8956378912782617 0 117.0 -2.8956378912782617 1
gene  1 8 9 0.19606835234692022 0 119.0 0.19606835234692022 1
gene  1 10 9 5.574316877445336 1 121.0 5.574316877445336 1
gene  1 11 9 -0.21870516183698252 1 122.0 -0.21870516183698252 1
gene  1 13 9 1.224330220981697 1 124.0 1.224330220981697 1
gene  1 14 9 1.778651908366412 1 125.0 1.778651908366412 1
gene  1 1 10 5.083200531934628 0 126.0 5.083200531934628 1
gene  1 3 10 2.8062725137097964 0 128.0 2.8062725137097964 1
gene  1 4 10 -0.8593325557036797 0 129.0 -0.8593325557036797 1
gene  1 5 10 2.3959853168146092 0 130.0 2.3959853168146092 1
gene  1 9 10 -1.0415776898064193 0 134.0 -1.0415776898064193 0
gene  1 13 10 6.524877320893615 1 138.0 6.524877320893615 1
gene  1 1 11 2.4797054204540507 0 140.0 2.4797054204540507 1
gene  1 3 11 5.641541212589618 0 142.0 5.641541212589618 1
gene  1 5 11 -0.24444023041197555 0 144.0 -0.24444023041197555 1
gene  1 9 11 0.8338760868575159 0 148.0 0.8338760868575159 1
gene  1 10 11 2.5472057126372163 0 149.0 2.5472057126372163 1
gene  1 12 11 0.009928731934326418 1 151.0 0.009928731934326418 1
gene  1 14 11 0.12310440481358681 1 153.0 0.12310440481358681 1
gene  1 2 12 7.81764691909993 0 155.0 7.81764691909993 1
gene  1 4 12 -0.4615369982918833 0 157.0 -0.4615369982918833 1
gene  1 6 12 -3.4154610491275097 0 159.0 -3.4154610491275097 1
gene  1 7 12 -0.507321010641907 0 160.0 -0.507321010641907 1
gene  1 9 12 -2.9544864577243297 0 162.0 -2.9544864577243297 1
gene  1 10 12 3.05130869109174 0 163.0 3.05130869109174 1
gene  1 12 12 0.9638037444725538 1 165.0 0.9638037444725538 1
gene  1 14 12 0.24267557795602912 1 167.0 0.24267557795602912 1
gene  1 1 13 0.38257783132438966 0 168.0 0.38257783132438966 1
gene  1 3 13 -0.2856313051388995 0 170.0 -0.2856313051388995 1
gene  1 4 13 -3.2056111548087634 0 171.0 -3.2056111548087634 1
gene  1 6 13 -2.439159741732306 0 173.0 -2.439159741732306 1
gene  1 8 13 -6.877922535961884 0 175.0 -6.877922535961884 1
gene  1 9 13 1.17818879409744 0 176.0 1.17818879409744 1
gene  1 8 14 -0.11798428084968426 0 189.0 -0.11798428084968426 1
gene  1 11 14 4.262746612131824 0 192.0 4.262746612131824 1
gene  1 5 8 -2.0701445186893093 0 235.0 -2.0701445186893093 1
gene  1 1 27 -2.4136615628302787 0 241.0 -2.4136615628302787 1
gene  1 27 8 -1.7265678038700583 0 242.0 -1.7265678038700583 1
gene  1 9 34 1.1057637392212343 0 272.0 1.1057637392212343 1
gene  1 34 11 -1.760740142373485 0 273.0 -1.760740142373485 1
gene  1 5 13 1.2920329275592364 0 277.0 1.2920329275592364 1
gene  1 12 14 1.3102725666660928 0 296.0 1.3102725666660928 1
gene  1 8 40 1.9311414030437404 1 308.0 1.9311414030437404 1
gene  1 40 8 1.667125328346886 0 309.0 1.667125328346886 1
gene  1 10 14 0.5414328882649064 0 341.0 0.5414328882649064 1
gene  1 3 48 -1.1378831962154898 0 360.0 -1.1378831962154898 1
gene  1 48 8 0.6600781724798499 0 361.0 0.6600781724798499 1
gene  1 10 13 0.5884649155115818 0 404.0 0.5884649155115818 1
gene  1 48 71 0.29393515808984017 0 463.0 0.29393515808984017 1
gene  1 71 8 3.7690505060059913 0 464.0 3.7690505060059913 1
gene  1 11 12 -1.2796474088692948 0 478.0 -1.2796474088692948 1
gene  1 34 14 -2.9128437092667965 0 481.0 -2.9128437092667965 1
gene  1 9 89 1.0 0 548.0 0.0 1
gene  1 89 10 -1.0415776898064193 0 549.0 0.0 1
genomeend 15
genomestart  16
trait 1 0.13128347031454002 2.1861426182912065 1.2671621196902727 0.49951333318806035 0.0 2.2133304098674773 0.4897091754502324 0.06730656714772287 
node 1 1 1 1
node 2 1 1 1
node 3 1 1 1
node 4 1 1 1
node 5 1 1 1
node 6 1 1 1
node 7 1 1 3
node 8 1 0 0
node 9 1 0 0
node 10 1 0 0
node 11 1 0 0
node 12 1 0 0
node 13 1 0 2
node 14 1 0 2
node 27 1 0 0
node 34 1 0 0
node 40 1 0 0
node 48 1 0 0
node 71 1 0 0
gene  1 1 8 -4.524503581552817 0 98.0 -4.524503581552817 1
gene  1 3 8 0.7927006251891144 0 100.0 0.7927006251891144 1
gene  1 4 8 -2.8329158382139177 0 101.0 -2.8329158382139177 1
gene  1 6 8 -1.4462772378607278 0 103.0 -1.4462772378607278 1
gene  1 8 8 1.0599121751567468 1 105.0 1.0599121751567468 1
gene  1 10 8 0.5212368064456907 1 107.0 0.5212368064456907 1
gene  1 3 9 1.1784587720976611 0 114.0 1.1784587720976611 1
gene  1 6 9 -2.8956378912782617 0 117.0 -2.8956378912782617 1
gene  1 8 9 0.19606835234692022 0 119.0 0.19606835234692022 1
gene  1 10 9 5.574316877445336 1 121.0 5.574316877445336 1
gene  1 11 9 -0.21870516183698252 1 122.0 -0.21870516183698252 1
gene  1 13 9 1.224330220981697 1 124.0 1.224330220981697 1
gene  1 14 9 1.778651908366412 1 125.0 1.778651908366412 1
gene  1 1 10 5.083200531934628 0 126.0 5.083200531934628 1
gene  1 3 10 2.8062725137097964 0 128.0 2.8062725137097964 1
gene  1 4 10 -0.8593325557036797 0 129.0 -0.8593325557036797 1
gene  1 5 10 2.3959853168146092 0 130.0 2.3959853168146092 1
gene  1 9 10 -1.0415776898064193 0 134.0 -1.0415776898064193 1
gene  1 13 10 6.524877320893615 1 138.0 6.524877320893615 1
gene  1 1 11 2.4797054204540507 0 140.0 2.4797054204540507 1
gene  1 3 11 5.641541212589618 0 142.0 5.641541212589618 1
gene  1 5 11 -0.24444023041197555 0 144.0 -0.24444023041197555 1
gene  1 9 11 0.8338760868575159 0 148.0 0.8338760868575159 1
gene  1 10 11 2.5472057126372163 0 149.0 2.5472057126372163 1
gene  1 12 11 0.009928731934326418 1 151.0 0.009928731934326418 1
gene  1 14 11 0.12310440481358681 1 153.0 0.12310440481358681 1
gene  1 2 12 7.81764691909993 0 155.0 7.81764691909993 1
gene  1 4 12 -0.4615369982918833 0 157.0 -0.4615369982918833 1
gene  1 6 12 -3.4154610491275097 0 159.0 -3.4154610491275097 1
gene  1 7 12 -0.507321010641907 0 160.0 -0.507321010641907 1
gene  1 9 12 -2.9544864577243297 0 162.0 -2.9544864577243297 1
gene  1 10 12 3.05130869109174 0 163.0 3.05130869109174 1
gene  1 12 12 0.9638037444725538 1 165.0 0.9638037444725538 1
gene  1 14 12 0.24267557795602912 1 167.0 0.24267557795602912 1
gene  1 1 13 0.38257783132438966 0 168.0 0.38257783132438966 1
gene  1 3 13 -0.2856313051388995 0 170.0 -0.2856313051388995 1
gene  1 4 13 -3.2056111548087634 0 171.0 -3.2056111548087634 1
gene  1 6 13 -2.439159741732306 0 173.0 -2.439159741732306 1
gene  1 8 13 -6.877922535961884 0 175.0 -6.877922535961884 1
gene  1 9 13 1.17818879409744 0 176.0 1.17818879409744 1
gene  1 8 14 -0.11798428084968426 0 189.0 -0.11798428084968426 1
gene  1 11 14 4.262746612131824 0 192.0 4.262746612131824 1
gene  1 5 8 -2.0701445186893093 0 235.0 -2.0701445186893093 1
gene  1 1 27 -2.4136615628302787 0 241.0 -2.4136615628302787 1
gene  1 27 8 -1.7265678038700583 0 242.0 -1.7265678038700583 1
gene  1 9 34 1.1057637392212343 0 272.0 1.1057637392212343 1
gene  1 34 11 -1.760740142373485 0 273.0 -1.760740142373485 1
gene  1 5 13 1.2920329275592364 0 277.0 1.2920329275592364 1
gene  1 12 14 1.3102725666660928 0 296.0 1.3102725666660928 1
gene  1 8 40 1.9311414030437404 1 308.0 1.9311414030437404 1
gene  1 40 8 1.667125328346886 0 309.0 1.667125328346886 1
gene  1 10 14 0.5414328882649064 0 341.0 0.5414328882649064 1
gene  1 3 48 -1.1378831962154898 0 360.0 -1.1378831962154898 1
gene  1 48 8 0.6600781724798499 0 361.0 0.6600781724798499 1
gene  1 10 13 0.5884649155115818 0 404.0 0.5884649155115818 1
gene  1 48 71 0.29393515808984017 0 463.0 0.29393515808984017 1
gene  1 71 8 3.7690505060059913 0 464.0 3.7690505060059913 1
gene  1 11 12 -1.2796474088692948 0 478.0 -1.2796474088692948 1
gene  1 34 14 -2.9128437092667965 0 481.0 -2.9128437092667965 1
gene  1 7 71 2.151261822691297 0 550.0 2.151261822691297 1
genomeend 16
genomestart  17
trait 1 0.33760641808164704 1.299704635597652 0.9547867298575612 0.017203006884936534 1.0258166876977075 0.9586270994970227 0.9997203782073337 0.3567570363531483 
node 1 1 1 1
node 2 1 1 1
node 3 1 1 1
node 4 1 1 1
node 5 1 1 1
node 6 1 1 1
node 7 1 1 3
node 8 1 0 0
node 9 1 0 0
node 10 1 0 0
node 13 1 0 2
node 14 1 0 2
node 16 1 0 0
node 21 1 0 0
node 29 1 0 0
node 52 1 0 0
node 53 1 0 0
node 79 1 0 0
gene  1 1 8 4.392368163724912 0 98.0 4.392368163724912 1
gene  1 2 8 -3.4108606094033744 0 99.0 -3.4108606094033744 1
gene  1 3 8 3.881755772333822 0 100.0 3.881755772333822 1
gene  1 4 8 -3.5790089844515673 0 101.0 -3.5790089844515673 1
gene  1 5 8 0.09074848218740916 0 102.0 0.09074848218740916 1
gene  1 6 8 -6.310114467596116 0 103.0 -6.310114467596116 1
gene  1 8 8 -9.89320979421014 1 105.0 -9.89320979421014 1
gene  1 13 8 0.3904042135742689 1 110.0 0.3904042135742689 1
gene  1 14 8 2.153723060135671 1 111.0 2.153723060135671 1
gene  1 3 13 -4.146435451848728 0 170.0 -4.146435451848728 1
gene  1 5 13 0.5998964978225443 0 172.0 0.5998964978225443 1
gene  1 7 13 5.187798306795063 0 174.0 5.187798306795063 1
gene  1 13 13 2.25646968441273 1 180.0 2.25646968441273 1
gene  1 2 14 4.046703531727206 0 183.0 4.046703531727206 1
gene  1 4 14 -4.048283087299936 0 185.0 -4.048283087299936 1
gene  1 6 14 0.5428000402529733 0 187.0 0.5428000402529733 1
gene  1 8 14 2.9040527709855652 0 189.0 2.9040527709855652 1
gene  1 13 14 -0.049073699566855866 0 194.0 -0.049073699566855866 1
gene  1 13 16 1.6076316294667286 0 201.0 1.6076316294667286 1
gene  1 16 14 -3.178928493607855 0 202.0 -3.178928493607855 1
gene  1 1 21 4.77526628664633 0 218.0 4.77526628664633 1
gene  1 21 8 0.3516093821916553 0 219.0 0.3516093821916553 1
gene  1 3 10 -1.5790535052547567 0 223.0 -1.5790535052547567 1
gene  1 6 29 4.0983172603380735 0 259.0 4.0983172603380735 1
gene  1 29 8 -5.609536507894858 0 260.0 -5.609536507894858 1
gene  1 29 21 10.083939868859254 0 271.0 10.083939868859254 1
gene  1 3 21 -0.6067059188120316 0 300.0 -0.6067059188120316 1
gene  1 9 52 4.8959532755742705 0 368.0 4.8959532755742705 1
gene  1 52 14 -0.17013230523723977 0 369.0 -0.17013230523723977 1
gene  1 1 53 -4.592026393585048 0 372.0 -4.592026393585048 1
gene  1 53 21 3.9169309289165732 0 373.0 3.9169309289165732 1
gene  1 2 16 -0.41248992497552567 0 439.0 -0.41248992497552567 1
gene  1 21 79 1.009294162422967 0 489.0 1.009294162422967 1
gene  1 79 8 0.558708555592021 0 490.0 0.558708555592021 1
genomeend 17
genomestart  18
trait 1 0.33760641808164704 1.299704635597652 0.9547867298575612 0.017203006884936534 1.0258166876977075 0.9586270994970227 0.9997203782073337 0.3567570363531483 
node 1 1 1 1
node 2 1 1 1
node 3 1 1 1
node 4 1 1 1
node 5 1 1 1
node 6 1 1 1
node 7 1 1 3
node 8 1 0 0
node 9 1 0 0
node 10 1 0 0
node 13 1 0 2
node 14 1 0 2
node 16 1 0 0
node 21 1 0 0
node 29 1 0 0
node 52 1 0 0
node 53 1 0 0
node 79 1 0 0
gene  1 1 8 0.3855806168845344 0 98.0 0.3855806168845344 1
gene  1 2 8 -4.220730143107552 0 99.0 -4.220730143107552 1
gene  1 3 8 2.4596522185511542 0 100.0 2.4596522185511542 1
gene  1 4 8 0.2544745558038311 0 101.0 0.2544745558038311 1
gene  1 5 8 -2.6567296713729007 0 102.0 -2.6567296713729007 1
gene  1 6 8 -3.722080866323308 0 103.0 -3.722080866323308 1
gene  1 8 8 -5.789219765793776 1 105.0 -5.789219765793776 1
gene  1 13 8 -1.1686296288453193 1 110.0 -1.1686296288453193 1
gene  1 14 8 1.5768718742449408 1 111.0 1.5768718742449408 1
gene  1 3 13 -5.075170853932463 0 170.0 -5.075170853932463 1
gene  1 5 13 -0.890522895201973 0 172.0 -0.890522895201973 1
gene  1 7 13 -0.040326667814782335 0 174.0 -0.040326667814782335 1
gene  1 13 13 1.6167410652218823 1 180.0 1.6167410652218823 1
gene  1 2 14 0.8748643793879869 0 183.0 0.8748643793879869 1
gene  1 4 14 -2.7283025130175425 0 185.0 -2.7283025130175425 1
gene  1 6 14 1.567601316905822 0 187.0 1.567601316905822 1
gene  1 8 14 2.225538192228724 0 189.0 2.225538192228724 1
gene  1 13 14 -3.846176096054763 0 194.0 -3.846176096054763 1
gene  1 13 16 0.3664168626167197 0 201.0 0.3664168626167197 1
gene  1 16 14 2.142163890305329 0 202.0 2.142163890305329 1
gene  1 1 21 8.685888412038402 0 218.0 8.685888412038402 1
gene  1 21 8 -1.7871793317355709 0 219.0 -1.7871793317355709 1
gene  1 3 10 -1.1461555306641311 0 223.0 -1.1461555306641311 1
gene  1 6 29 6.219600346354456 0 259.0 6.219600346354456 1
gene  1 29 8 -3.5276594348537182 0 260.0 -3.5276594348537182 1
gene  1 29 21 6.5740736604101215 0 271.0 6.5740736604101215 1
gene  1 3 21 -1.063046707278534 0 300.0 -1.063046707278534 1
gene  1 9 52 7.0569960850394855 0 368.0 7.0569960850394855 1
gene  1 52 14 0.15619608219056746 0 369.0 0.15619608219056746 1
gene  1 1 53 -3.165757842025304 0 372.0 -3.165757842025304 1
gene  1 53 21 2.6991572057867153 0 373.0 2.6991572057867153 1
gene  1 2 16 2.4146662769994416 0 439.0 2.4146662769994416 1
gene  1 21 79 1.932754995819303 0 489.0 1.932754995819303 1
gene  1 79 8 2.3906904210337996 0 490.0 2.3906904210337996 1
genomeend 18
genomestart  19
trait 1 0.33760641808164704 1.299704635597652 0.9547867298575612 0.017203006884936534 1.0258166876977075 0.9586270994970227 0.9997203782073337 0.3567570363531483 
node 1 1 1 1
node 2 1 1 1
node 3 1 1 1
node 4 1 1 1
node 5 1 1 1
node 6 1 1 1
node 7 1 1 3
node 8 1 0 0
node 9 1 0 0
node 10 1 0 0
node 13 1 0 2
node 14 1 0 2
node 16 1 0 0
node 21 1 0 0
node 29 1 0 0
node 52 1 0 0
node 53 1 0 0
node 79 1 0 0
node 90 1 0 0
gene  1 1 8 4.770702743061001 0 98.0 4.770702743061001 1
gene  1 2 8 -1.9953447921622716 0 99.0 -1.9953447921622716 1
gene  1 3 8 3.881755772333822 0 100.0 3.881755772333822 1
gene  1 4 8 -4.5557130994216966 0 101.0 -4.5557130994216966 1
gene  1 5 8 -1.081448658473753 0 102.0 -1.081448658473753 1
gene  1 6 8 -4.75180635193942 0 103.0 -4.75180635193942 1
gene  1 8 8 -7.708697728190175 1 105.0 -7.708697728190175 1
gene  1 13 8 -0.8801862720567315 1 110.0 -0.8801862720567315 1
gene  1 14 8 0.4267174606226891 1 111.0 0.4267174606226891 1
gene  1 3 13 -5.919357716906508 0 170.0 -5.919357716906508 1
gene  1 5 13 -0.24481150637180932 0 172.0 -0.24481150637180932 1
gene  1 7 13 4.642611766900433 0 174.0 4.642611766900433 1
gene  1 13 13 3.142854918714799 1 180.0 3.142854918714799 1
gene  1 2 14 3.024928821260623 0 183.0 3.024928821260623 1
gene  1 4 14 -4.458950990714152 0 185.0 -4.458950990714152 1
gene  1 6 14 -1.1997472059063456 0 187.0 -1.1997472059063456 1
gene  1 8 14 4.668997684088598 0 189.0 4.668997684088598 1
gene  1 13 14 -1.4651569679045116 0 194.0 -1.4651569679045116 1
gene  1 13 16 3.562433476751115 0 201.0 3.562433476751115 1
gene  1 16 14 -1.2152141529103981 0 202.0 -1.2152141529103981 1
gene  1 1 21 7.096075037130127 0 218.0 7.096075037130127 1
gene  1 21 8 -1.7871793317355709 0 219.0 -1.7871793317355709 1
gene  1 3 10 -0.6717895660315312 0 223.0 -0.6717895660315312 1
gene  1 6 29 4.11976820007812 0 259.0 4.11976820007812 1
gene  1 29 8 -5.609536507894858 0 260.0 -5.609536507894858 1
gene  1 29 21 8.789981846651422 0 271.0 8.789981846651422 1
gene  1 3 21 -0.9312893680046952 0 300.0 -0.9312893680046952 1
gene  1 9 52 5.452624934863697 0 368.0 5.452624934863697 1
gene  1 52 14 0.7364254946747886 0 369.0 0.7364254946747886 1
gene  1 1 53 -3.165757842025304 0 372.0 -3.165757842025304 1
gene  1 53 21 4.44816624058096 0 373.0 4.44816624058096 1
gene  1 2 16 2.4146662769994416 0 439.0 2.4146662769994416 1
gene  1 21 79 -0.30464425281083685 0 489.0 -0.30464425281083685 1
gene  1 79 8 2.430431790704314 0 490.0 2.430431790704314 0
gene  1 79 90 1.0 0 552.0 0.0 1
gene  1 90 8 2.430431790704314 0 553.0 0.0 1
genomeend 19
