genomestart  0
trait 1 0.10533309519974143 0.0 3.804979718039517 1.4541016471004498 1.224291345458965 1.5033065889758592 0.9033628802953145 3.779689338966765 
node 1 1 1 1
node 2 1 1 1
node 3 1 1 1
node 4 1 1 1
node 5 1 1 1
node 6 1 1 1
node 7 1 1 3
node 13 1 0 2
node 14 1 0 2
node 24 1 0 0
node 36 1 0 0
node 65 1 0 0
node 91 1 0 0
node 92 1 0 0
gene  1 2 13 10.483838148754103 0 169.0 10.483838148754103 1
gene  1 3 13 2.371940819423935 0 170.0 2.371940819423935 1
gene  1 4 13 -8.885206808807766 0 171.0 -8.885206808807766 1
gene  1 6 13 -5.598607731430102 0 173.0 -5.598607731430102 1
gene  1 7 13 1.714683859028593 0 174.0 1.714683859028593 1
gene  1 13 13 -1.425971274894632 1 180.0 -1.425971274894632 1
gene  1 1 14 1.24963302203156 0 182.0 1.24963302203156 1
gene  1 2 14 3.812905646311991 0 183.0 3.812905646311991 1
gene  1 5 14 -6.453846565715326 0 186.0 -6.453846565715326 1
gene  1 6 14 -7.221855834724518 0 187.0 -7.221855834724518 1
gene  1 7 14 4.3374052123341835 0 188.0 4.3374052123341835 1
gene  1 13 14 -2.806400794951456 0 194.0 -2.806400794951456 1
gene  1 14 14 -1.5411221821791257 1 195.0 -1.5411221821791257 1
gene  1 2 24 -2.3909772599427983 0 226.0 -2.3909772599427983 1
gene  1 24 13 0.11629265588327042 0 227.0 0.11629265588327042 0
gene  1 7 24 13.650738299672534 0 245.0 13.650738299672534 1
gene  1 1 24 -10.680219800018167 0 249.0 -10.680219800018167 1
gene  1 4 14 -1.5285591774151057 0 280.0 -1.5285591774151057 1
gene  1 4 36 0.49034315499721526 0 293.0 0.49034315499721526 1
gene  1 36 14 -3.058182214073274 0 294.0 -3.058182214073274 1
gene  1 7 36 2.0400608762843113 0 301.0 2.0400608762843113 1
gene  1 3 36 -0.33662556288169165 0 313.0 -0.33662556288169165 1
gene  1 24 36 1.5952586432105025 0 345.0 1.5952586432105025 1
gene  1 5 13 2.7567073167494205 0 374.0 2.7567073167494205 1
gene  1 2 65 12.362393916895662 0 446.0 12.362393916895662 1
gene  1 65 13 2.146498771925677 0 447.0 2.146498771925677 1
gene  1 13 36 5.189981728489678 0 451.0 5.189981728489678 1
gene  1 65 36 5.3050197537718855 0 457.0 5.3050197537718855 1
gene  1 1 13 0.01295318055199135 0 480.0 0.01295318055199135 1
gene  1 7 65 -0.27322956837907686 0 530.0 -0.27322956837907686 1
gene  1 3 14 -2.8407447396657535 0 554.0 -2.8407447396657535 1
gene  1 24 91 -1.6486383427351652 0 561.0 -1.6486383427351652 1
gene  1 91 13 4.636352219008887 0 562.0 4.636352219008887 0
gene  1 91 92 -2.455629778075086 0 577.0 -2.455629778075086 1
gene  1 92 13 -1.7134917086752461 0 578.0 -1.7134917086752461 1
genomeend 0
genomestart  1
trait 1 0.10533309519974143 0.0 3.804979718039517 1.4541016471004498 1.224291345458965 1.5033065889758592 0.9033628802953145 3.779689338966765 
node 1 1 1 1
node 2 1 1 1
node 3 1 1 1
node 4 1 1 1
node 5 1 1 1
node 6 1 1 1
node 7 1 1 3
node 13 1 0 2
node 14 1 0 2
node 24 1 0 0
node 36 1 0 0
node 65 1 0 0
node 91 1 0 0
node 92 1 0 0
gene  1 2 13 12.805996395988425 0 169.0 12.805996395988425 1
gene  1 3 13 11.67567712823562 0 170.0 11.67567712823562 1
gene  1 4 13 -9.312218937993105 0 171.0 -9.312218937993105 1
gene  1 6 13 -0.4173548425586651 0 173.0 -0.4173548425586651 1
gene  1 7 13 -0.1771019302765045 0 174.0 -0.1771019302765045 1
gene  1 13 13 -7.788696975552574 1 180.0 -7.788696975552574 1
gene  1 1 14 -1.327109186791925 0 182.0 -1.327109186791925 1
gene  1 2 14 6.25688836118306 0 183.0 6.25688836118306 1
gene  1 5 14 0.03106934813443457 0 186.0 0.03106934813443457 1
gene  1 6 14 -6.330873831360138 0 187.0 -6.330873831360138 1
gene  1 7 14 5.63324811220594 0 188.0 5.63324811220594 1
gene  1 13 14 -6.134208189443136 0 194.0 -6.134208189443136 1
gene  1 14 14 4.671872273259369 1 195.0 4.671872273259369 1
gene  1 2 24 10.352521570094712 0 226.0 10.352521570094712 1
gene  1 24 13 -0.04647183683844869 0 227.0 -0.04647183683844869 0
gene  1 7 24 13.639011679958273 0 245.0 13.639011679958273 1
gene  1 1 24 0.5104358177630728 0 249.0 0.5104358177630728 1
gene  1 4 14 -0.49105389496180907 0 280.0 -0.49105389496180907 1
gene  1 4 36 -1.8457555011759674 0 293.0 -1.8457555011759674 1
gene  1 36 14 -4.050386987378483 0 294.0 -4.050386987378483 1
gene  1 7 36 -8.776016725937083 0 301.0 -8.776016725937083 1
gene  1 3 36 -0.1788757248544104 0 313.0 -0.1788757248544104 1
gene  1 24 36 1.0361163643600606 0 345.0 1.0361163643600606 1
gene  1 5 13 2.69705882027889 0 374.0 2.69705882027889 1
gene  1 2 65 11.535228955954011 0 446.0 11.535228955954011 1
gene  1 65 13 0.07330299752840008 0 447.0 0.07330299752840008 1
gene  1 13 36 4.188831416042223 0 451.0 4.188831416042223 1
gene  1 65 36 2.6730406462070433 0 457.0 2.6730406462070433 1
gene  1 1 13 -0.48560763286554787 0 480.0 -0.48560763286554787 1
gene  1 7 65 -3.064625882613936 0 530.0 -3.064625882613936 1
gene  1 3 14 -0.591219046343963 0 554.0 -0.591219046343963 1
gene  1 24 91 -0.554566680122745 0 561.0 -0.554566680122745 1
gene  1 91 13 2.991047620172123 0 562.0 2.991047620172123 0
gene  1 91 92 -5.4949927983109585 0 577.0 -5.4949927983109585 1
gene  1 92 13 -4.195754793511848 0 578.0 -4.195754793511848 1
genomeend 1
genomestart  2
trait 1 0.4542575689259424 1.655298600115295 0.819627792749592 0.0 0.0 1.8428747160601582 0.5285159271229856 0.0 
node 1 1 1 1
node 2 1 1 1
node 3 1 1 1
node 4 1 1 1
node 5 1 1 1
node 6 1 1 1
node 7 1 1 3
node 8 1 0 0
node 9 1 0 0
node 10 1 0 0
node 11 1 0 0
node 13 1 0 2
node 14 1 0 2
node 62 1 0 0
node 81 1 0 0
node 82 1 0 0
node 84 1 0 0
node 95 1 0 0
gene  1 2 8 0.5930940823606707 0 99.0 0.5930940823606707 1
gene  1 6 8 -0.006356644596241523 0 103.0 -0.006356644596241523 1
gene  1 8 8 -1.7957499130092571 1 105.0 -1.7957499130092571 1
gene  1 9 8 -0.3504514716032616 1 106.0 -0.3504514716032616 1
gene  1 10 8 -0.42639989864474326 1 107.0 -0.42639989864474326 1
gene  1 11 8 3.4039926771415967 1 108.0 3.4039926771415967 1
gene  1 13 8 -0.6390228041682384 1 110.0 -0.6390228041682384 1
gene  1 14 8 0.7028503930938454 1 111.0 0.7028503930938454 1
gene  1 1 9 2.1269125757438303 0 112.0 2.1269125757438303 1
gene  1 2 9 0.3275685663983432 0 113.0 0.3275685663983432 1
gene  1 3 9 -3.0435861580092203 0 114.0 -3.0435861580092203 1
gene  1 6 9 -2.096128248911433 0 117.0 -2.096128248911433 1
gene  1 7 9 15.984741931730543 0 118.0 15.984741931730543 1
gene  1 8 9 14.041976855035397 0 119.0 14.041976855035397 1
gene  1 9 9 -3.956583766747963 1 120.0 -3.956583766747963 1
gene  1 11 9 -0.0027880742348060372 1 122.0 -0.0027880742348060372 1
gene  1 13 9 1.4279997940975027 1 124.0 1.4279997940975027 1
gene  1 14 9 2.0957278319388104 1 125.0 2.0957278319388104 1
gene  1 1 10 -8.84888449800288 0 126.0 -8.84888449800288 1
gene  1 3 10 1.790818614984333 0 128.0 1.790818614984333 1
gene  1 4 10 -0.6950915894335405 0 129.0 -0.6950915894335405 1
gene  1 5 10 -4.458936223094591 0 130.0 -4.458936223094591 1
gene  1 6 10 3.066718463332186 0 131.0 3.066718463332186 1
gene  1 10 10 -5.268425782432549 1 135.0 -5.268425782432549 1
gene  1 11 10 3.8755643423411295 1 136.0 3.8755643423411295 1
gene  1 14 10 2.3248615999672113 1 139.0 2.3248615999672113 1
gene  1 1 11 -2.128891459670447 0 140.0 -2.128891459670447 1
gene  1 3 11 2.5189419703026616 0 142.0 2.5189419703026616 1
gene  1 5 11 4.574967579348698 0 144.0 4.574967579348698 1
gene  1 6 11 3.0456461762042704 0 145.0 3.0456461762042704 1
gene  1 7 11 0.6105938461023818 0 146.0 0.6105938461023818 1
gene  1 8 11 -0.7000537486006619 0 147.0 -0.7000537486006619 1
gene  1 9 11 -8.72391984344283 0 148.0 -8.72391984344283 1
gene  1 10 11 2.4413536117641352 0 149.0 2.4413536117641352 1
gene  1 11 11 -4.55625418136762 1 150.0 -4.55625418136762 1
gene  1 1 13 -8.891056071837326 0 168.0 -8.891056071837326 1
gene  1 2 13 1.4993051737694607 0 169.0 1.4993051737694607 1
gene  1 3 13 -0.7672381023173966 0 170.0 -0.7672381023173966 1
gene  1 7 13 6.757372705038777 0 174.0 6.757372705038777 1
gene  1 11 13 3.902483162740361 0 178.0 3.902483162740361 1
gene  1 13 13 -3.996730880614887 1 180.0 -3.996730880614887 1
gene  1 2 14 -1.7457642769255721 0 183.0 -1.7457642769255721 1
gene  1 3 14 0.9275207432923719 0 184.0 0.9275207432923719 1
gene  1 4 14 -0.9232883252826607 0 185.0 -0.9232883252826607 1
gene  1 7 14 2.0889151116533053 0 188.0 2.0889151116533053 1
gene  1 8 14 -16.276747870850414 0 189.0 -16.276747870850414 1
gene  1 10 14 1.040369870306166 0 191.0 1.040369870306166 1
gene  1 13 14 3.962911348912687 0 194.0 3.962911348912687 1
gene  1 5 13 2.2764841010998067 0 198.0 2.2764841010998067 1
gene  1 4 9 17.647783555291845 0 200.0 17.647783555291845 1
gene  1 8 13 8.507776688728343 0 248.0 8.507776688728343 1
gene  1 7 10 -3.314849882526615 0 270.0 -3.314849882526615 1
gene  1 9 10 4.887876998543769 0 274.0 4.887876998543769 1
gene  1 9 13 2.2479924480175826 0 288.0 2.2479924480175826 1
gene  1 5 14 -6.036321195243229 0 328.0 -6.036321195243229 1
gene  1 2 10 8.372769312757491 0 357.0 8.372769312757491 1
gene  1 6 14 2.2403003498485132 0 388.0 2.2403003498485132 1
gene  1 3 62 9.519256148407317 0 411.0 9.519256148407317 1
gene  1 62 9 0.9117869195275485 0 412.0 0.9117869195275485 1
gene  1 5 8 -4.5423947842202015 0 414.0 -4.5423947842202015 1
gene  1 7 8 -2.2250113835884444 0 436.0 -2.2250113835884444 1
gene  1 11 81 -3.2679187963643583 1 496.0 -3.2679187963643583 1
gene  1 81 11 0.6060170408413066 0 497.0 0.6060170408413066 1
gene  1 11 82 -2.185802971436871 1 507.0 -2.185802971436871 1
gene  1 82 81 0.05531481374715885 0 508.0 0.05531481374715885 1
gene  1 3 84 -2.0801067375562154 0 517.0 -2.0801067375562154 1
gene  1 84 13 2.3899770283783823 0 518.0 2.3899770283783823 1
gene  1 3 82 -10.009245349612874 0 531.0 -10.009245349612874 1
gene  1 5 81 0.6623706094633184 0 533.0 0.6623706094633184 1
gene  1 1 82 0.2988230562409264 0 559.0 0.2988230562409264 1
gene  1 10 95 0.8475109375578538 1 586.0 0.8475109375578538 1
gene  1 95 10 1.052205729580901 0 587.0 1.052205729580901 1
genomeend 2
genomestart  3
trait 1 0.4542575689259424 1.655298600115295 0.819627792749592 0.0 0.0 1.8428747160601582 0.5285159271229856 0.0 
node 1 1 1 1
node 2 1 1 1
node 3 1 1 1
node 4 1 1 1
node 5 1 1 1
node 6 1 1 1
node 7 1 1 3
node 8 1 0 0
node 9 1 0 0
node 10 1 0 0
node 11 1 0 0
node 13 1 0 2
node 14 1 0 2
node 62 1 0 0
node 81 1 0 0
node 82 1 0 0
node 84 1 0 0
node 95 1 0 0
gene  1 2 8 0.1271663098858068 0 99.0 0.1271663098858068 1
gene  1 6 8 1.3166800254798692 0 103.0 1.3166800254798692 1
gene  1 8 8 1.0896614000130878 1 105.0 1.0896614000130878 1
gene  1 9 8 0.9989863975881323 1 106.0 0.9989863975881323 1
gene  1 10 8 1.417837598144443 1 107.0 1.417837598144443 1
gene  1 11 8 5.602163808429564 1 108.0 5.602163808429564 1
gene  1 13 8 -0.6390228041682384 1 110.0 -0.6390228041682384 1
gene  1 14 8 -0.8926034213904881 1 111.0 -0.8926034213904881 1
gene  1 1 9 2.1269125757438303 0 112.0 2.1269125757438303 1
gene  1 2 9 1.5259746490423567 0 113.0 1.5259746490423567 1
gene  1 3 9 -4.94076909174167 0 114.0 -4.94076909174167 1
gene  1 6 9 0.25031174161152303 0 117.0 0.25031174161152303 1
gene  1 7 9 18.240026907668447 0 118.0 18.240026907668447 1
gene  1 8 9 16.490974580389622 0 119.0 16.490974580389622 1
gene  1 9 9 -6.283522845791418 1 120.0 -6.283522845791418 1
gene  1 11 9 -0.16992717758634562 1 122.0 -0.16992717758634562 1
gene  1 13 9 3.2402813121782827 1 124.0 3.2402813121782827 1
gene  1 14 9 0.1804611917606307 1 125.0 0.1804611917606307 1
gene  1 1 10 -10.320119817010774 0 126.0 -10.320119817010774 1
gene  1 3 10 0.5777869788298005 0 128.0 0.5777869788298005 1
gene  1 4 10 -0.6950915894335405 0 129.0 -0.6950915894335405 1
gene  1 5 10 -4.458936223094591 0 130.0 -4.458936223094591 1
gene  1 6 10 4.040508751923459 0 131.0 4.040508751923459 1
gene  1 10 10 -6.4929908213435805 1 135.0 -6.4929908213435805 1
gene  1 11 10 3.8755643423411295 1 136.0 3.8755643423411295 1
gene  1 14 10 0.9508481209963069 1 139.0 0.9508481209963069 1
gene  1 1 11 0.2903471288362782 0 140.0 0.2903471288362782 1
gene  1 3 11 4.296572718361386 0 142.0 4.296572718361386 1
gene  1 5 11 -2.466388102261891 0 144.0 -2.466388102261891 1
gene  1 6 11 2.8337266890721735 0 145.0 2.8337266890721735 1
gene  1 7 11 -0.6696370289505047 0 146.0 -0.6696370289505047 1
gene  1 8 11 -0.8566883913445517 0 147.0 -0.8566883913445517 1
gene  1 9 11 2.458430235352593 0 148.0 2.458430235352593 1
gene  1 10 11 0.5944696235073845 0 149.0 0.5944696235073845 1
gene  1 11 11 -5.283607219282837 1 150.0 -5.283607219282837 1
gene  1 1 13 -10.188761495711887 0 168.0 -10.188761495711887 1
gene  1 2 13 2.9589808127794424 0 169.0 2.9589808127794424 1
gene  1 3 13 0.1870535601608041 0 170.0 0.1870535601608041 1
gene  1 7 13 6.547817644863283 0 174.0 6.547817644863283 1
gene  1 11 13 3.7070342136103878 0 178.0 3.7070342136103878 1
gene  1 13 13 -1.9767086947275763 1 180.0 -1.9767086947275763 1
gene  1 2 14 -1.8988923041556494 0 183.0 -1.8988923041556494 1
gene  1 3 14 2.4126186786990846 0 184.0 2.4126186786990846 1
gene  1 4 14 -0.9519252708221628 0 185.0 -0.9519252708221628 1
gene  1 7 14 2.0889151116533053 0 188.0 2.0889151116533053 1
gene  1 8 14 -0.04599423714627626 0 189.0 -0.04599423714627626 1
gene  1 10 14 0.3222268151267621 0 191.0 0.3222268151267621 1
gene  1 13 14 5.719657379746959 0 194.0 5.719657379746959 1
gene  1 5 13 1.363489471387702 0 198.0 1.363489471387702 1
gene  1 4 9 -0.8438517468563539 0 200.0 -0.8438517468563539 1
gene  1 8 13 9.136998363174737 0 248.0 9.136998363174737 1
gene  1 7 10 -0.03858314607156438 0 270.0 -0.03858314607156438 1
gene  1 9 10 6.48091673362587 0 274.0 6.48091673362587 1
gene  1 9 13 3.60707020407555 0 288.0 3.60707020407555 1
gene  1 5 14 -6.625505422248985 0 328.0 -6.625505422248985 1
gene  1 2 10 9.904632954123317 0 357.0 9.904632954123317 1
gene  1 6 14 1.9170783525752808 0 388.0 1.9170783525752808 1
gene  1 3 62 9.376961276773383 0 411.0 9.376961276773383 1
gene  1 62 9 0.9117869195275485 0 412.0 0.9117869195275485 1
gene  1 5 8 -2.2964901178107335 0 414.0 -2.2964901178107335 1
gene  1 7 8 1.55101883403906 0 436.0 1.55101883403906 1
gene  1 11 81 -3.8400640533178274 1 496.0 -3.8400640533178274 1
gene  1 81 11 0.2173819642861039 0 497.0 0.2173819642861039 1
gene  1 11 82 -4.535795591765607 1 507.0 -4.535795591765607 1
gene  1 82 81 1.3786538088710651 0 508.0 1.3786538088710651 1
gene  1 3 84 1.3107071231368115 0 517.0 1.3107071231368115 1
gene  1 84 13 1.9210942490480618 0 518.0 1.9210942490480618 1
gene  1 3 82 -11.4472060182189 0 531.0 -11.4472060182189 1
gene  1 5 81 1.7196251888618495 0 533.0 1.7196251888618495 1
gene  1 1 82 1.5680268076045156 0 559.0 1.5680268076045156 1
gene  1 10 95 0.8927972577109275 1 586.0 0.8927972577109275 1
gene  1 95 10 2.129626577551151 0 587.0 2.129626577551151 1
genomeend 3
genomestart  4
trait 1 0.4542575689259424 1.655298600115295 0.819627792749592 0.0 0.0 1.8428747160601582 0.5285159271229856 0.0 
node 1 1 1 1
node 2 1 1 1
node 3 1 1 1
node 4 1 1 1
node 5 1 1 1
node 6 1 1 1
node 7 1 1 3
node 8 1 0 0
node 9 1 0 0
node 10 1 0 0
node 11 1 0 0
node 13 1 0 2
node 14 1 0 2
node 62 1 0 0
node 81 1 0 0
node 82 1 0 0
node 84 1 0 0
node 95 1 0 0
gene  1 2 8 1.2339185521662626 0 99.0 1.2339185521662626 1
gene  1 6 8 -1.1654143444243334 0 103.0 -1.1654143444243334 1
gene  1 8 8 -3.1309704225352233 1 105.0 -3.1309704225352233 1
gene  1 9 8 0.6073904971850463 1 106.0 0.6073904971850463 1
gene  1 10 8 0.31053842957996247 1 107.0 0.31053842957996247 1
gene  1 11 8 4.811428884402121 1 108.0 4.811428884402121 1
gene  1 13 8 1.5563713909204338 1 110.0 1.5563713909204338 1
gene  1 14 8 -0.017885937642414973 1 111.0 -0.017885937642414973 1
gene  1 1 9 -0.19454939826632023 0 112.0 -0.19454939826632023 1
gene  1 2 9 2.241089202495167 0 113.0 2.241089202495167 1
gene  1 3 9 -4.651096292031875 0 114.0 -4.651096292031875 1
gene  1 6 9 0.22287121134987453 0 117.0 0.22287121134987453 1
gene  1 7 9 16.06813857421161 0 118.0 16.06813857421161 1
gene  1 8 9 13.276761012181389 0 119.0 13.276761012181389 1
gene  1 9 9 -2.0521577890842795 1 120.0 -2.0521577890842795 1
gene  1 11 9 0.06273971301653553 1 122.0 0.06273971301653553 1
gene  1 13 9 1.069579077097363 1 124.0 1.069579077097363 1
gene  1 14 9 2.2240282798569324 1 125.0 2.2240282798569324 1
gene  1 1 10 -7.394539521669368 0 126.0 -7.394539521669368 1
gene  1 3 10 0.5933816433372099 0 128.0 0.5933816433372099 1
gene  1 4 10 -1.2483820236480074 0 129.0 -1.2483820236480074 1
gene  1 5 10 -6.542981424236306 0 130.0 -6.542981424236306 1
gene  1 6 10 4.983911367862847 0 131.0 4.983911367862847 1
gene  1 10 10 -2.778981443122719 1 135.0 -2.778981443122719 1
gene  1 11 10 5.39152876782595 1 136.0 5.39152876782595 1
gene  1 14 10 3.5259195198644995 1 139.0 3.5259195198644995 1
gene  1 1 11 -2.747501128033573 0 140.0 -2.747501128033573 1
gene  1 3 11 1.363904862589263 0 142.0 1.363904862589263 1
gene  1 5 11 3.0203245930798737 0 144.0 3.0203245930798737 1
gene  1 6 11 4.879424123858554 0 145.0 4.879424123858554 1
gene  1 7 11 0.10737478480281382 0 146.0 0.10737478480281382 1
gene  1 8 11 -0.27265956408146164 0 147.0 -0.27265956408146164 1
gene  1 9 11 -11.137418238733563 0 148.0 -11.137418238733563 1
gene  1 10 11 3.0159483585530373 0 149.0 3.0159483585530373 1
gene  1 11 11 -7.040947886101628 1 150.0 -7.040947886101628 1
gene  1 1 13 -9.922875436463874 0 168.0 -9.922875436463874 1
gene  1 2 13 -0.9401441774870247 0 169.0 -0.9401441774870247 1
gene  1 3 13 -1.9498688461528322 0 170.0 -1.9498688461528322 1
gene  1 7 13 5.325990677975914 0 174.0 5.325990677975914 1
gene  1 11 13 1.7051939672590026 0 178.0 1.7051939672590026 1
gene  1 13 13 -5.623243737351233 1 180.0 -5.623243737351233 1
gene  1 2 14 -0.6828851152973816 0 183.0 -0.6828851152973816 1
gene  1 3 14 -0.4257267745404053 0 184.0 -0.4257267745404053 1
gene  1 4 14 0.05999490098133775 0 185.0 0.05999490098133775 1
gene  1 7 14 4.049269267585301 0 188.0 4.049269267585301 1
gene  1 8 14 -15.635622431129667 0 189.0 -15.635622431129667 1
gene  1 10 14 1.3364732132137611 0 191.0 1.3364732132137611 1
gene  1 13 14 2.0309643430012905 0 194.0 2.0309643430012905 1
gene  1 5 13 1.332851849608419 0 198.0 1.332851849608419 1
gene  1 4 9 18.985632254746204 0 200.0 18.985632254746204 1
gene  1 8 13 7.805459833622364 0 248.0 7.805459833622364 1
gene  1 7 10 -2.5464820939854333 0 270.0 -2.5464820939854333 1
gene  1 9 10 4.782587054148559 0 274.0 4.782587054148559 1
gene  1 9 13 4.624466342608596 0 288.0 4.624466342608596 1
gene  1 5 14 -4.656119776004313 0 328.0 -4.656119776004313 1
gene  1 2 10 6.349967105828096 0 357.0 6.349967105828096 1
gene  1 6 14 2.5967148740856847 0 388.0 2.5967148740856847 1
gene  1 3 62 11.124001032883406 0 411.0 11.124001032883406 1
gene  1 62 9 0.26020280857756817 0 412.0 0.26020280857756817 1
gene  1 5 8 -2.039759611817725 0 414.0 -2.039759611817725 1
gene  1 7 8 -1.4919467896370162 0 436.0 -1.4919467896370162 1
gene  1 11 81 -1.2537317719871117 1 496.0 -1.2537317719871117 1
gene  1 81 11 0.6060170408413066 0 497.0 0.6060170408413066 1
gene  1 11 82 -4.454643498469322 1 507.0 -4.454643498469322 1
gene  1 82 81 0.14718376993061733 0 508.0 0.14718376993061733 1
gene  1 3 84 -0.8434779756627528 0 517.0 -0.8434779756627528 1
gene  1 84 13 -0.9795841860389143 0 518.0 -0.9795841860389143 1
gene  1 3 82 0.09240285036576701 0 531.0 0.09240285036576701 1
gene  1 5 81 2.6389088162062486 0 533.0 2.6389088162062486 1
gene  1 1 82 0.04759068574333147 0 559.0 0.04759068574333147 1
gene  1 10 95 -0.46432741292752944 1 586.0 -0.46432741292752944 1
gene  1 95 10 1.052205729580901 0 587.0 1.052205729580901 1
genomeend 4
genomestart  5
trait 1 1.7878230492365366 0.9365906229773271 0.5877664216349279 0.0 1.7799059348361965 1.2636555841906816 0.5088786206969129 0.48682907384645435 
node 1 1 1 1
node 2 1 1 1
node 3 1 1 1
node 4 1 1 1
node 5 1 1 1
node 6 1 1 1
node 7 1 1 3
node 8 1 0 0
node 13 1 0 2
node 14 1 0 2
node 16 1 0 0
node 20 1 0 0
node 50 1 0 0
node 55 1 0 0
node 70 1 0 0
node 87 1 0 0
node 97 1 0 0
gene  1 1 8 2.637079250005307 0 98.0 2.637079250005307 1
gene  1 2 8 -2.381022635635829 0 99.0 -2.381022635635829 1
gene  1 3 8 1.1231003992619097 0 100.0 1.1231003992619097 1
gene  1 4 8 1.6868579315003085 0 101.0 1.6868579315003085 1
gene  1 5 8 -4.21319571046323 0 102.0 -4.21319571046323 1
gene  1 6 8 -5.261566296862648 0 103.0 -5.261566296862648 1
gene  1 8 8 2.4316150955874765 1 105.0 2.4316150955874765 1
gene  1 13 8 5.684395289401099 1 110.0 5.684395289401099 1
gene  1 14 8 0.4755660311997186 1 111.0 0.4755660311997186 1
gene  1 3 13 -0.8540381400496673 0 170.0 -0.8540381400496673 1
gene  1 5 13 -2.860089464886673 0 172.0 -2.860089464886673 1
gene  1 7 13 -0.1059651619315749 0 174.0 -0.1059651619315749 1
gene  1 13 13 -6.035484474573384 1 180.0 -6.035484474573384 1
gene  1 2 14 -1.5808923900168248 0 183.0 -1.5808923900168248 1
gene  1 4 14 -5.282353695952017 0 185.0 -5.282353695952017 1
gene  1 6 14 -1.8610540242693006 0 187.0 -1.8610540242693006 1
gene  1 8 14 2.446876359112187 0 189.0 2.446876359112187 1
gene  1 13 14 -7.959597005755949 0 194.0 -7.959597005755949 1
gene  1 13 16 6.70316792323421 0 201.0 6.70316792323421 1
gene  1 16 14 0.053975652106611705 0 202.0 0.053975652106611705 1
gene  1 3 20 -10.150119668978963 0 215.0 -10.150119668978963 1
gene  1 20 8 -0.4378837800284461 0 216.0 -0.4378837800284461 1
gene  1 8 13 5.964850655428746 0 233.0 5.964850655428746 1
gene  1 2 16 -2.074137393836301 0 324.0 -2.074137393836301 1
gene  1 2 20 -0.2129801722518283 0 333.0 -0.2129801722518283 1
gene  1 7 8 8.637518859182244 0 352.0 8.637518859182244 1
gene  1 16 50 2.7887787352639757 0 364.0 2.7887787352639757 1
gene  1 50 14 -2.4371701796968437 0 365.0 -2.4371701796968437 1
gene  1 3 55 9.824565023001375 0 379.0 9.824565023001375 1
gene  1 55 20 8.21955640395113 0 380.0 8.21955640395113 1
gene  1 3 70 -2.30676847965594 0 461.0 -2.30676847965594 1
gene  1 70 13 2.952612095168757 0 462.0 2.952612095168757 1
gene  1 6 16 0.7917389406262575 0 484.0 0.7917389406262575 1
gene  1 70 20 -1.9790361366178106 0 498.0 -1.9790361366178106 1
gene  1 5 20 1.4361362076693474 0 505.0 1.4361362076693474 1
gene  1 4 55 1.1098319170298536 0 519.0 1.1098319170298536 1
gene  1 3 87 -1.0114704653751605 0 539.0 -1.0114704653751605 1
gene  1 87 13 1.8012045462892377 0 540.0 1.8012045462892377 1
gene  1 55 97 -2.2423936972363774 0 592.0 -2.2423936972363774 1
gene  1 97 20 6.783929768893301 0 593.0 6.783929768893301 1
genomeend 5
genomestart  6
trait 1 1.7878230492365366 0.9365906229773271 0.5877664216349279 0.0 1.7799059348361965 1.2636555841906816 0.5088786206969129 0.48682907384645435 
node 1 1 1 1
node 2 1 1 1
node 3 1 1 1
node 4 1 1 1
node 5 1 1 1
node 6 1 1 1
node 7 1 1 3
node 8 1 0 0
node 13 1 0 2
node 14 1 0 2
node 16 1 0 0
node 20 1 0 0
node 50 1 0 0
node 55 1 0 0
node 70 1 0 0
node 87 1 0 0
node 97 1 0 0
gene  1 1 8 2.856653609008392 0 98.0 2.856653609008392 1
gene  1 2 8 -3.172959125349501 0 99.0 -3.172959125349501 1
gene  1 3 8 -0.17059823115944867 0 100.0 -0.17059823115944867 1
gene  1 4 8 -0.3025724839385542 0 101.0 -0.3025724839385542 1
gene  1 5 8 -1.3122185653142255 0 102.0 -1.3122185653142255 1
gene  1 6 8 -2.861624591828165 0 103.0 -2.861624591828165 1
gene  1 8 8 2.795568282497496 1 105.0 2.795568282497496 1
gene  1 13 8 6.267228701671813 1 110.0 6.267228701671813 1
gene  1 14 8 1.8836669197492308 1 111.0 1.8836669197492308 1
gene  1 3 13 0.8415734619853272 0 170.0 0.8415734619853272 1
gene  1 5 13 -5.188133173439602 0 172.0 -5.188133173439602 1
gene  1 7 13 2.4372483667315983 0 174.0 2.4372483667315983 1
gene  1 13 13 -4.166984152671233 1 180.0 -4.166984152671233 1
gene  1 2 14 0.8234022546917119 0 183.0 0.8234022546917119 1
gene  1 4 14 -5.387571355563663 0 185.0 -5.387571355563663 1
gene  1 6 14 1.4171365596546266 0 187.0 1.4171365596546266 1
gene  1 8 14 -0.8765410633039408 0 189.0 -0.8765410633039408 1
gene  1 13 14 -7.494623139880472 0 194.0 -7.494623139880472 1
gene  1 13 16 7.167074921216636 0 201.0 7.167074921216636 1
gene  1 16 14 -0.556690542606147 0 202.0 -0.556690542606147 1
gene  1 3 20 -6.901120513333704 0 215.0 -6.901120513333704 1
gene  1 20 8 1.141947446166649 0 216.0 1.141947446166649 1
gene  1 8 13 3.486335159438262 0 233.0 3.486335159438262 1
gene  1 2 16 -4.233663971518406 0 324.0 -4.233663971518406 1
gene  1 2 20 -2.6355938659427074 0 333.0 -2.6355938659427074 1
gene  1 7 8 8.378651348248797 0 352.0 8.378651348248797 1
gene  1 16 50 3.1147200162046356 0 364.0 3.1147200162046356 1
gene  1 50 14 -4.339476889107072 0 365.0 -4.339476889107072 1
gene  1 3 55 10.680143083772002 0 379.0 10.680143083772002 1
gene  1 55 20 4.901369703870327 0 380.0 4.901369703870327 0
gene  1 3 70 0.7601737539766461 0 461.0 0.7601737539766461 1
gene  1 70 13 1.6025842797003895 0 462.0 1.6025842797003895 1
gene  1 6 16 -2.205913370593748 0 484.0 -2.205913370593748 1
gene  1 70 20 -3.6414965301965823 0 498.0 -3.6414965301965823 1
gene  1 5 20 1.4361362076693474 0 505.0 1.4361362076693474 1
gene  1 4 55 0.9019857006889977 0 519.0 0.9019857006889977 1
gene  1 3 87 -2.417204662103908 0 539.0 -2.417204662103908 1
gene  1 87 13 3.086100569425955 0 540.0 3.086100569425955 1
gene  1 55 97 -1.6892774117367115 0 592.0 -1.6892774117367115 1
gene  1 97 20 4.5582777895052775 0 593.0 4.5582777895052775 1
genomeend 6
genomestart  7
trait 1 0.907232925829199 0.0 2.7344810196560863 0.30145754889830334 0.0 1.4007872281640394 0.0 1.6529965227924879 
node 1 1 1 1
node 2 1 1 1
node 3 1 1 1
node 4 1 1 1
node 5 1 1 1
node 6 1 1 1
node 7 1 1 3
node 8 1 0 0
node 9 1 0 0
node 10 1 0 0
node 13 1 0 2
node 14 1 0 2
node 21 1 0 0
node 29 1 0 0
node 52 1 0 0
node 53 1 0 0
node 64 1 0 0
node 85 1 0 0
node 105 1 0 0
gene  1 1 8 -1.8395777865695209 0 98.0 -1.8395777865695209 1
gene  1 3 8 -2.699423384468039 0 100.0 -2.699423384468039 1
gene  1 5 8 -0.7262056544978868 0 102.0 -0.7262056544978868 1
gene  1 6 8 7.698851841197672 0 103.0 7.698851841197672 1
gene  1 8 8 1.7573349327306649 1 105.0 1.7573349327306649 1
gene  1 1 9 -4.199484564233108 0 112.0 -4.199484564233108 1
gene  1 2 9 -5.656144176918826 0 113.0 -5.656144176918826 1
gene  1 3 9 1.1552930819067067 0 114.0 1.1552930819067067 1
gene  1 5 9 4.346772411313466 0 116.0 4.346772411313466 1
gene  1 7 9 -2.067071727888098 0 118.0 -2.067071727888098 1
gene  1 9 9 -2.4901814151903654 1 120.0 -2.4901814151903654 1
gene  1 10 9 -7.858658185985748 1 121.0 -7.858658185985748 1
gene  1 13 9 -7.659362744499803 1 124.0 -7.659362744499803 1
gene  1 2 10 -4.544271262332689 0 127.0 -4.544271262332689 1
gene  1 4 10 7.230997860408122 0 129.0 7.230997860408122 1
gene  1 5 10 -3.239165080845711 0 130.0 -3.239165080845711 1
gene  1 8 10 0.27958687422407946 0 133.0 0.27958687422407946 1
gene  1 9 10 -2.738279601262205 0 134.0 -2.738279601262205 1
gene  1 10 10 -0.5748622763258943 1 135.0 -0.5748622763258943 1
gene  1 13 10 -2.208317557346878 1 138.0 -2.208317557346878 1
gene  1 14 10 -2.0432765366613888 1 139.0 -2.0432765366613888 0
gene  1 2 13 1.6577395221804405 0 169.0 1.6577395221804405 1
gene  1 3 13 -0.19743477157235767 0 170.0 -0.19743477157235767 1
gene  1 6 13 -4.602777196651927 0 173.0 -4.602777196651927 1
gene  1 7 13 -2.5376551495261945 0 174.0 -2.5376551495261945 1
gene  1 9 13 -1.4074249635308682 0 176.0 -1.4074249635308682 1
gene  1 13 13 2.224487312378997 1 180.0 2.224487312378997 1
gene  1 14 13 -1.9380974608850279 1 181.0 -1.9380974608850279 1
gene  1 1 14 1.21130316834474 0 182.0 1.21130316834474 1
gene  1 3 14 -3.6088449584232993 0 184.0 -3.6088449584232993 1
gene  1 9 14 -0.19969884734313853 0 190.0 -0.19969884734313853 1
gene  1 10 14 -0.5943193687316776 0 191.0 -0.5943193687316776 1
gene  1 1 21 -2.0695010295732894 0 218.0 -2.0695010295732894 1
gene  1 21 8 0.5193876819421441 0 219.0 0.5193876819421441 1
gene  1 3 10 2.8418897951878024 0 223.0 2.8418897951878024 1
gene  1 6 29 3.317324971928585 0 259.0 3.317324971928585 1
gene  1 29 8 0.2361797759124476 0 260.0 0.2361797759124476 1
gene  1 29 21 0.7335621883316784 0 271.0 0.7335621883316784 1
gene  1 3 21 6.234448457378339 0 300.0 6.234448457378339 1
gene  1 9 52 -0.8349515583013403 0 368.0 -0.8349515583013403 1
gene  1 52 14 -2.6011495710995995 0 369.0 -2.6011495710995995 1
gene  1 1 53 0.9276646060201688 0 372.0 0.9276646060201688 1
gene  1 53 21 3.6442296098348823 0 373.0 3.6442296098348823 1
gene  1 2 52 0.4474154944734851 0 425.0 0.4474154944734851 1
gene  1 53 64 -2.2982846980154825 0 443.0 -2.2982846980154825 1
gene  1 64 21 1.1661054541209173 0 444.0 1.1661054541209173 1
gene  1 21 10 0.3223996916419771 0 509.0 0.3223996916419771 1
gene  1 9 85 1.4120798708310058 1 520.0 1.4120798708310058 1
gene  1 85 9 1.1638567462412805 0 521.0 1.1638567462412805 1
gene  1 13 52 -2.9641892335020947 0 523.0 -2.9641892335020947 1
gene  1 64 29 -2.3736064019016636 0 573.0 -2.3736064019016636 1
gene  1 52 10 -5.245021780821675 0 583.0 -5.245021780821675 1
gene  1 2 85 1.9701156119617147 0 595.0 1.9701156119617147 1
gene  1 14 105 1.0 1 614.0 0.0 1
gene  1 105 10 -2.0432765366613888 0 615.0 0.0 1
genomeend 7
genomestart  8
trait 1 0.907232925829199 0.0 2.7344810196560863 0.30145754889830334 0.0 1.4007872281640394 0.0 1.6529965227924879 
node 1 1 1 1
node 2 1 1 1
node 3 1 1 1
node 4 1 1 1
node 5 1 1 1
node 6 1 1 1
node 7 1 1 3
node 8 1 0 0
node 9 1 0 0
node 10 1 0 0
node 13 1 0 2
node 14 1 0 2
node 21 1 0 0
node 29 1 0 0
node 52 1 0 0
node 53 1 0 0
node 64 1 0 0
node 85 1 0 0
gene  1 1 8 -1.8395777865695209 0 98.0 -1.8395777865695209 1
gene  1 3 8 -2.212734705606609 0 100.0 -2.212734705606609 1
gene  1 5 8 -0.7262056544978868 0 102.0 -0.7262056544978868 1
gene  1 6 8 -1.7020794483077544 0 103.0 -1.7020794483077544 1
gene  1 8 8 1.4105980706870112 1 105.0 1.4105980706870112 1
gene  1 1 9 -4.199484564233108 0 112.0 -4.199484564233108 1
gene  1 2 9 -4.2394734003606445 0 113.0 -4.2394734003606445 1
gene  1 3 9 -0.9028986430309844 0 114.0 -0.9028986430309844 1
gene  1 5 9 4.2605016816657395 0 116.0 4.2605016816657395 1
gene  1 7 9 0.2702310081101347 0 118.0 0.2702310081101347 1
gene  1 9 9 -3.0570548246856086 1 120.0 -3.0570548246856086 1
gene  1 10 9 -0.21469056597934716 1 121.0 -0.21469056597934716 1
gene  1 13 9 -6.125322281052171 1 124.0 -6.125322281052171 1
gene  1 2 10 -4.393088718255498 0 127.0 -4.393088718255498 1
gene  1 4 10 5.578313617984378 0 129.0 5.578313617984378 1
gene  1 5 10 -5.00366455919956 0 130.0 -5.00366455919956 1
gene  1 8 10 0.37478185079779175 0 133.0 0.37478185079779175 1
gene  1 9 10 -4.206544745214336 0 134.0 -4.206544745214336 1
gene  1 10 10 -0.5748622763258943 1 135.0 -0.5748622763258943 1
gene  1 13 10 -2.833446011976792 1 138.0 -2.833446011976792 1
gene  1 14 10 -3.7923788127264233 1 139.0 -3.7923788127264233 1
gene  1 2 13 3.971061213041988 0 169.0 3.971061213041988 1
gene  1 3 13 -0.5825762866227724 0 170.0 -0.5825762866227724 1
gene  1 6 13 -6.829917399483923 0 173.0 -6.829917399483923 1
gene  1 7 13 -3.563669908587562 0 174.0 -3.563669908587562 1
gene  1 9 13 -1.2377207881083725 0 176.0 -1.2377207881083725 1
gene  1 13 13 1.224700231786465 1 180.0 1.224700231786465 1
gene  1 14 13 2.248747301523046 1 181.0 2.248747301523046 1
gene  1 1 14 -0.6249428468428695 0 182.0 -0.6249428468428695 1
gene  1 3 14 -1.7803017927250193 0 184.0 -1.7803017927250193 1
gene  1 9 14 1.4943105669126762 0 190.0 1.4943105669126762 1
gene  1 10 14 1.1481202776353232 0 191.0 1.1481202776353232 1
gene  1 1 21 -2.6722422262128323 0 218.0 -2.6722422262128323 1
gene  1 21 8 0.006040634249407095 0 219.0 0.006040634249407095 1
gene  1 3 10 3.267399396988474 0 223.0 3.267399396988474 1
gene  1 6 29 3.329000775702508 0 259.0 3.329000775702508 1
gene  1 29 8 0.2361797759124476 0 260.0 0.2361797759124476 1
gene  1 29 21 -1.4502724504490154 0 271.0 -1.4502724504490154 1
gene  1 3 21 6.2077972138041515 0 300.0 6.2077972138041515 1
gene  1 9 52 -1.4744007102081593 0 368.0 -1.4744007102081593 1
gene  1 52 14 -3.1859688321791473 0 369.0 -3.1859688321791473 1
gene  1 1 53 2.6456240075226134 0 372.0 2.6456240075226134 1
gene  1 53 21 4.2135567140721735 0 373.0 4.2135567140721735 1
gene  1 2 52 2.1329352238663417 0 425.0 2.1329352238663417 1
gene  1 53 64 -2.6836931399305413 0 443.0 -2.6836931399305413 1
gene  1 64 21 2.9445127389987293 0 444.0 2.9445127389987293 1
gene  1 21 10 -0.316184615230511 0 509.0 -0.316184615230511 1
gene  1 9 85 1.4959665063911145 1 520.0 1.4959665063911145 1
gene  1 85 9 1.1638567462412805 0 521.0 1.1638567462412805 1
gene  1 13 52 -1.5704564535494505 0 523.0 -1.5704564535494505 1
gene  1 64 29 0.09124980365657143 0 573.0 0.09124980365657143 1
gene  1 52 10 -5.245021780821675 0 583.0 -5.245021780821675 1
gene  1 2 85 0.12530655025084547 0 595.0 0.12530655025084547 1
genomeend 8
genomestart  9
trait 1 0.907232925829199 0.0 2.7344810196560863 0.30145754889830334 0.0 1.4007872281640394 0.0 1.6529965227924879 
node 1 1 1 1
node 2 1 1 1
node 3 1 1 1
node 4 1 1 1
node 5 1 1 1
node 6 1 1 1
node 7 1 1 3
node 8 1 0 0
node 9 1 0 0
node 10 1 0 0
node 13 1 0 2
node 14 1 0 2
node 21 1 0 0
node 29 1 0 0
node 52 1 0 0
node 53 1 0 0
node 64 1 0 0
node 85 1 0 0
gene  1 1 8 -2.849003788513495 0 98.0 -2.849003788513495 1
gene  1 3 8 -0.234000607506895 0 100.0 -0.234000607506895 1
gene  1 5 8 -2.4694269113505767 0 102.0 -2.4694269113505767 1
gene  1 6 8 6.075337897288543 0 103.0 6.075337897288543 1
gene  1 8 8 1.7902603377017532 1 105.0 1.7902603377017532 1
gene  1 1 9 -3.68774653554315 0 112.0 -3.68774653554315 1
gene  1 2 9 -6.604858585788742 0 113.0 -6.604858585788742 1
gene  1 3 9 2.7151727604574463 0 114.0 2.7151727604574463 1
gene  1 5 9 2.132672229763707 0 116.0 2.132672229763707 1
gene  1 7 9 -1.4488828367167188 0 118.0 -1.4488828367167188 1
gene  1 9 9 -4.340518031578865 1 120.0 -4.340518031578865 1
gene  1 10 9 -7.84014450961722 1 121.0 -7.84014450961722 1
gene  1 13 9 -6.1544145308169576 1 124.0 -6.1544145308169576 1
gene  1 2 10 -2.2966726510398754 0 127.0 -2.2966726510398754 1
gene  1 4 10 6.592653789778552 0 129.0 6.592653789778552 1
gene  1 5 10 -5.417666221766823 0 130.0 -5.417666221766823 1
gene  1 8 10 1.946032001413701 0 133.0 1.946032001413701 1
gene  1 9 10 -1.5946173998932245 0 134.0 -1.5946173998932245 1
gene  1 10 10 0.7150852906546875 1 135.0 0.7150852906546875 1
gene  1 13 10 -2.38363605206962 1 138.0 -2.38363605206962 1
gene  1 14 10 -1.5494038355315058 1 139.0 -1.5494038355315058 1
gene  1 2 13 0.3227185198688556 0 169.0 0.3227185198688556 1
gene  1 3 13 -0.5067768003289039 0 170.0 -0.5067768003289039 1
gene  1 6 13 -6.07854642826477 0 173.0 -6.07854642826477 1
gene  1 7 13 -2.5193651945225803 0 174.0 -2.5193651945225803 1
gene  1 9 13 -1.0150382874927186 0 176.0 -1.0150382874927186 1
gene  1 13 13 3.823541530517646 1 180.0 3.823541530517646 1
gene  1 14 13 -3.5749394993244934 1 181.0 -3.5749394993244934 1
gene  1 1 14 0.08717032747072873 0 182.0 0.08717032747072873 1
gene  1 3 14 -4.032066373090618 0 184.0 -4.032066373090618 1
gene  1 9 14 0.8505142031447819 0 190.0 0.8505142031447819 1
gene  1 10 14 -2.0171173796143416 0 191.0 -2.0171173796143416 1
gene  1 1 21 -0.8789062918882862 0 218.0 -0.8789062918882862 1
gene  1 21 8 -1.2768548583471655 0 219.0 -1.2768548583471655 1
gene  1 3 10 0.891569878575375 0 223.0 0.891569878575375 1
gene  1 6 29 4.6128246888430615 0 259.0 4.6128246888430615 1
gene  1 29 8 -1.3859819778854199 0 260.0 -1.3859819778854199 1
gene  1 29 21 2.006191486361471 0 271.0 2.006191486361471 1
gene  1 3 21 7.06957691848397 0 300.0 7.06957691848397 1
gene  1 9 52 -0.7518941862857889 0 368.0 -0.7518941862857889 1
gene  1 52 14 -0.14264110066865676 0 369.0 -0.14264110066865676 1
gene  1 1 53 1.270189241967313 0 372.0 1.270189241967313 1
gene  1 53 21 1.5116245979723621 0 373.0 1.5116245979723621 1
gene  1 2 52 1.850966299026948 0 425.0 1.850966299026948 1
gene  1 53 64 1.776299049017852 0 443.0 1.776299049017852 1
gene  1 64 21 2.007037992716501 0 444.0 2.007037992716501 1
gene  1 21 10 1.1966468072380843 0 509.0 1.1966468072380843 1
gene  1 9 85 -1.8267913646569658 1 520.0 -1.8267913646569658 1
gene  1 85 9 2.688283720093633 0 521.0 2.688283720093633 1
gene  1 13 52 -2.9641892335020947 0 523.0 -2.9641892335020947 1
gene  1 64 29 -2.7034156383451795 0 573.0 -2.7034156383451795 1
gene  1 52 10 -7.032829870713691 0 583.0 -7.032829870713691 1
gene  1 2 85 1.9701156119617147 0 595.0 1.9701156119617147 1
genomeend 9
genomestart  10
trait 1 0.39340002544161434 0.4638621482816303 0.4185672944766822 1.064591410541687 0.0 1.4619974594472236 1.314330803229924 0.36223095093968216 
node 1 1 1 1
node 2 1 1 1
node 3 1 1 1
node 4 1 1 1
node 5 1 1 1
node 6 1 1 1
node 7 1 1 3
node 13 1 0 2
node 14 1 0 2
node 42 1 0 0
node 61 1 0 0
node 74 1 0 0
node 76 1 0 0
gene  1 1 13 2.8178450592959 0 168.0 2.8178450592959 1
gene  1 2 13 1.3668454653368085 0 169.0 1.3668454653368085 1
gene  1 3 13 -2.153316011621409 0 170.0 -2.153316011621409 1
gene  1 4 13 0.6579614416122137 0 171.0 0.6579614416122137 1
gene  1 5 13 -4.692831025053366 0 172.0 -4.692831025053366 1
gene  1 6 13 2.8828122051286442 0 173.0 2.8828122051286442 1
gene  1 7 13 5.020553658715884 0 174.0 5.020553658715884 1
gene  1 14 13 1.6941596251862077 1 181.0 1.6941596251862077 1
gene  1 1 14 3.4933439921622096 0 182.0 3.4933439921622096 1
gene  1 2 14 4.236505336130643 0 183.0 4.236505336130643 1
gene  1 3 14 -1.6193710629415765 0 184.0 -1.6193710629415765 1
gene  1 13 14 -0.6769376392512598 0 194.0 -0.6769376392512598 1
gene  1 14 14 -6.409360080028365 1 195.0 -6.409360080028365 1
gene  1 6 14 -3.912488638499577 0 230.0 -3.912488638499577 1
gene  1 4 14 -4.157092771989928 0 312.0 -4.157092771989928 1
gene  1 2 42 -5.318965597339037 0 320.0 -5.318965597339037 1
gene  1 42 13 -1.4936937569286077 0 321.0 -1.4936937569286077 1
gene  1 6 42 -3.320392104575115 0 349.0 -3.320392104575115 1
gene  1 7 14 15.934817819136844 0 353.0 15.934817819136844 1
gene  1 7 42 1.0685128690972219 0 395.0 1.0685128690972219 1
gene  1 5 61 -1.396414263906897 0 408.0 -1.396414263906897 1
gene  1 61 13 0.9086478307995751 0 409.0 0.9086478307995751 1
gene  1 5 42 4.639334495774704 0 426.0 4.639334495774704 1
gene  1 2 74 4.727400415174937 0 471.0 4.727400415174937 1
gene  1 74 13 -1.712230346758553 0 472.0 -1.712230346758553 1
gene  1 5 76 3.3657516596487165 0 476.0 3.3657516596487165 1
gene  1 76 42 1.0544420655444622 0 477.0 1.0544420655444622 1
gene  1 3 74 0.34668723308489113 0 491.0 0.34668723308489113 1
gene  1 61 74 -3.6233726754280777 0 527.0 -3.6233726754280777 1
gene  1 61 42 -2.40998431455401 0 544.0 -2.40998431455401 1
gene  1 42 14 -2.6201702304814805 0 568.0 -2.6201702304814805 1
gene  1 7 74 -6.589061262158035 0 582.0 -6.589061262158035 1
gene  1 74 14 -2.9049128708322987 0 596.0 -2.9049128708322987 1
genomeend 10
genomestart  11
trait 1 0.39340002544161434 0.4638621482816303 0.4185672944766822 1.064591410541687 0.0 1.4619974594472236 1.314330803229924 0.36223095093968216 
node 1 1 1 1
node 2 1 1 1
node 3 1 1 1
node 4 1 1 1
node 5 1 1 1
node 6 1 1 1
node 7 1 1 3
node 13 1 0 2
node 14 1 0 2
node 42 1 0 0
node 61 1 0 0
node 74 1 0 0
node 76 1 0 0
node 103 1 0 0
gene  1 1 13 4.894774636376788 0 168.0 4.894774636376788 1
gene  1 2 13 2.791378981041019 0 169.0 2.791378981041019 1
gene  1 3 13 -0.61544572292765 0 170.0 -0.61544572292765 0
gene  1 4 13 2.9324572174994206 0 171.0 2.9324572174994206 1
gene  1 5 13 -4.967118543632976 0 172.0 -4.967118543632976 1
gene  1 6 13 1.0962435914941764 0 173.0 1.0962435914941764 1
gene  1 7 13 2.6351350480205182 0 174.0 2.6351350480205182 1
gene  1 14 13 1.080077988570434 1 181.0 1.080077988570434 1
gene  1 1 14 4.8946271751423716 0 182.0 4.8946271751423716 1
gene  1 2 14 4.157005979499879 0 183.0 4.157005979499879 1
gene  1 3 14 -2.8092857494486396 0 184.0 -2.8092857494486396 1
gene  1 13 14 -1.6809169780163187 0 194.0 -1.6809169780163187 1
gene  1 14 14 -3.963020610751191 1 195.0 -3.963020610751191 1
gene  1 6 14 -3.5375671444583836 0 230.0 -3.5375671444583836 1
gene  1 4 14 -2.7637238983926653 0 312.0 -2.7637238983926653 1
gene  1 2 42 -4.386131189916343 0 320.0 -4.386131189916343 1
gene  1 42 13 -0.9932938974674008 0 321.0 -0.9932938974674008 1
gene  1 6 42 -2.9380621636574196 0 349.0 -2.9380621636574196 1
gene  1 7 14 14.675946622362867 0 353.0 14.675946622362867 1
gene  1 7 42 1.0197625646829689 0 395.0 1.0197625646829689 1
gene  1 5 61 -2.0771113862839092 0 408.0 -2.0771113862839092 1
gene  1 61 13 2.804964597408814 0 409.0 2.804964597408814 1
gene  1 5 42 3.1521159493523423 0 426.0 3.1521159493523423 1
gene  1 2 74 4.129680665833927 0 471.0 4.129680665833927 1
gene  1 74 13 -0.5631841102739236 0 472.0 -0.5631841102739236 1
gene  1 5 76 5.078050990016571 0 476.0 5.078050990016571 1
gene  1 76 42 3.165742686469097 0 477.0 3.165742686469097 1
gene  1 3 74 0.34668723308489113 0 491.0 0.34668723308489113 1
gene  1 61 74 -1.4317944648660288 0 527.0 -1.4317944648660288 1
gene  1 61 42 -2.40998431455401 0 544.0 -2.40998431455401 1
gene  1 42 14 -2.155837704254898 0 568.0 -2.155837704254898 1
gene  1 7 74 -6.589061262158035 0 582.0 -6.589061262158035 1
gene  1 74 14 -2.3492096941571132 0 596.0 -2.3492096941571132 1
gene  1 3 103 1.0 0 610.0 0.0 1
gene  1 103 13 -0.61544572292765 0 611.0 0.0 1
genomeend 11
genomestart  12
trait 1 0.0 0.9160964204574156 0.03145355857324372 0.5098453143214142 0.4939563997667481 0.0238959621145034 1.3204749328510976 0.0 
node 1 1 1 1
node 2 1 1 1
node 3 1 1 1
node 4 1 1 1
node 5 1 1 1
node 6 1 1 1
node 7 1 1 3
node 8 1 0 0
node 13 1 0 2
node 14 1 0 2
node 49 1 0 0
node 59 1 0 0
node 63 1 0 0
node 88 1 0 0
gene  1 4 8 -0.3257824241632178 0 101.0 -0.3257824241632178 1
gene  1 5 8 -0.7185432914622605 0 102.0 -0.7185432914622605 1
gene  1 6 8 -0.15937371465691585 0 103.0 -0.15937371465691585 1
gene  1 14 8 -8.664216127416235 1 111.0 -8.664216127416235 1
gene  1 1 13 2.527886016041564 0 168.0 2.527886016041564 1
gene  1 2 13 -6.983711280716774 0 169.0 -6.983711280716774 1
gene  1 3 13 -0.9499271656498878 0 170.0 -0.9499271656498878 1
gene  1 5 13 -2.355029237137685 0 172.0 -2.355029237137685 1
gene  1 7 13 -8.877348725737916 0 174.0 -8.877348725737916 1
gene  1 14 13 -0.6422848921453033 1 181.0 -0.6422848921453033 1
gene  1 1 14 5.711639713646754 0 182.0 5.711639713646754 1
gene  1 2 14 -1.402501481879274 0 183.0 -1.402501481879274 1
gene  1 3 14 -0.690351511096051 0 184.0 -0.690351511096051 1
gene  1 4 14 -2.6911722480534532 0 185.0 -2.6911722480534532 1
gene  1 8 14 4.7113885794488395 0 189.0 4.7113885794488395 1
gene  1 14 14 0.6564656182355622 1 195.0 0.6564656182355622 1
gene  1 6 14 -8.47192709281606 0 240.0 -8.47192709281606 1
gene  1 8 13 -0.23922464526701948 0 311.0 -0.23922464526701948 1
gene  1 14 13 9.335340972305543 0 322.0 9.335340972305543 1
gene  1 2 49 1.0712232545077809 0 362.0 1.0712232545077809 1
gene  1 49 14 1.1641001967911744 0 363.0 1.1641001967911744 1
gene  1 3 8 1.1024965854155822 0 393.0 1.1024965854155822 1
gene  1 49 59 -0.6627548020536729 0 401.0 -0.6627548020536729 1
gene  1 59 14 4.689761450322312 0 402.0 4.689761450322312 1
gene  1 2 59 1.7662417667769839 0 403.0 1.7662417667769839 1
gene  1 7 14 0.1392204296542181 0 424.0 0.1392204296542181 1
gene  1 59 13 3.227095065669828 0 427.0 3.227095065669828 1
gene  1 3 63 4.971593868860106 0 440.0 4.971593868860106 1
gene  1 63 8 1.916417581537753 0 441.0 1.916417581537753 1
gene  1 5 59 -8.743681943338057 0 525.0 -8.743681943338057 1
gene  1 1 59 2.9533572743006253 0 534.0 2.9533572743006253 1
gene  1 49 88 -5.184686056090296 0 546.0 -5.184686056090296 1
gene  1 88 59 -2.424905319688712 0 547.0 -2.424905319688712 1
genomeend 12
genomestart  13
trait 1 0.0 0.9160964204574156 0.03145355857324372 0.5098453143214142 0.4939563997667481 0.0238959621145034 1.3204749328510976 0.0 
node 1 1 1 1
node 2 1 1 1
node 3 1 1 1
node 4 1 1 1
node 5 1 1 1
node 6 1 1 1
node 7 1 1 3
node 8 1 0 0
node 13 1 0 2
node 14 1 0 2
node 49 1 0 0
node 59 1 0 0
node 63 1 0 0
node 88 1 0 0
gene  1 4 8 -3.1569426311299975 0 101.0 -3.1569426311299975 1
gene  1 5 8 2.3970142679592956 0 102.0 2.3970142679592956 1
gene  1 6 8 2.572180726112703 0 103.0 2.572180726112703 1
gene  1 14 8 -9.861552458478336 1 111.0 -9.861552458478336 1
gene  1 1 13 0.314822422060721 0 168.0 0.314822422060721 1
gene  1 2 13 -4.543332589142728 0 169.0 -4.543332589142728 1
gene  1 3 13 2.130483694157366 0 170.0 2.130483694157366 1
gene  1 5 13 -3.2391805550595216 0 172.0 -3.2391805550595216 1
gene  1 7 13 -8.779906344494071 0 174.0 -8.779906344494071 1
gene  1 14 13 -4.18778935532497 1 181.0 -4.18778935532497 1
gene  1 1 14 4.280943660871081 0 182.0 4.280943660871081 1
gene  1 2 14 1.286392127529674 0 183.0 1.286392127529674 1
gene  1 3 14 2.923265246925501 0 184.0 2.923265246925501 1
gene  1 4 14 1.3409206521805914 0 185.0 1.3409206521805914 1
gene  1 8 14 1.371750411944687 0 189.0 1.371750411944687 1
gene  1 14 14 -0.7863009821233647 1 195.0 -0.7863009821233647 1
gene  1 6 14 -8.003666557403312 0 240.0 -8.003666557403312 1
gene  1 8 13 -2.180632892220789 0 311.0 -2.180632892220789 1
gene  1 14 13 7.970221746207666 0 322.0 7.970221746207666 1
gene  1 2 49 1.526913709018021 0 362.0 1.526913709018021 1
gene  1 49 14 1.8644466824300194 0 363.0 1.8644466824300194 1
gene  1 3 8 0.9230835891780966 0 393.0 0.9230835891780966 1
gene  1 49 59 -1.3090273204262504 0 401.0 -1.3090273204262504 1
gene  1 59 14 3.7382639129030135 0 402.0 3.7382639129030135 1
gene  1 2 59 -0.6377017717335862 0 403.0 -0.6377017717335862 1
gene  1 7 14 2.822387160362787 0 424.0 2.822387160362787 1
gene  1 59 13 4.467309011015552 0 427.0 4.467309011015552 1
gene  1 3 63 4.293007093755013 0 440.0 4.293007093755013 1
gene  1 63 8 0.9694745688264567 0 441.0 0.9694745688264567 1
gene  1 5 59 -6.345866017813615 0 525.0 -6.345866017813615 1
gene  1 1 59 1.8478485280222714 0 534.0 1.8478485280222714 1
gene  1 49 88 0.09855198709661728 0 546.0 0.09855198709661728 1
gene  1 88 59 2.605760462007102 0 547.0 2.605760462007102 1
genomeend 13
genomestart  14
trait 1 0.7266510416492057 1.51783543229617 1.2671621196902727 0.49951333318806035 0.0 2.2133304098674773 1.1489259737536075 0.06730656714772287 
node 1 1 1 1
node 2 1 1 1
node 3 1 1 1
node 4 1 1 1
node 5 1 1 1
node 6 1 1 1
node 7 1 1 3
node 8 1 0 0
node 9 1 0 0
node 10 1 0 0
node 11 1 0 0
node 12 1 0 0
node 13 1 0 2
node 14 1 0 2
node 27 1 0 0
node 34 1 0 0
node 40 1 0 0
node 48 1 0 0
node 71 1 0 0
gene  1 1 8 1.898910591879391 0 98.0 1.898910591879391 1
gene  1 3 8 -0.44070073408959387 0 100.0 -0.44070073408959387 1
gene  1 4 8 2.02630251281629 0 101.0 2.02630251281629 1
gene  1 6 8 2.315922538836439 0 103.0 2.315922538836439 1
gene  1 8 8 11.6336867698989 1 105.0 11.6336867698989 1
gene  1 10 8 -2.127676489559491 1 107.0 -2.127676489559491 1
gene  1 3 9 -2.4258551532118457 0 114.0 -2.4258551532118457 1
gene  1 6 9 0.14791674543280764 0 117.0 0.14791674543280764 1
gene  1 8 9 -1.7956770136783484 0 119.0 -1.7956770136783484 1
gene  1 10 9 4.373515328287357 1 121.0 4.373515328287357 1
gene  1 11 9 -7.397587974801185 1 122.0 -7.397587974801185 1
gene  1 13 9 1.6830066531479781 1 124.0 1.6830066531479781 1
gene  1 14 9 2.9304785462979615 1 125.0 2.9304785462979615 1
gene  1 1 10 13.848526572872299 0 126.0 13.848526572872299 1
gene  1 3 10 1.2391933062948535 0 128.0 1.2391933062948535 1
gene  1 4 10 -1.3973600294508046 0 129.0 -1.3973600294508046 1
gene  1 5 10 -0.4217685423707658 0 130.0 -0.4217685423707658 1
gene  1 9 10 -1.9845044091725847 0 134.0 -1.9845044091725847 1
gene  1 13 10 -3.661224849715097 1 138.0 -3.661224849715097 1
gene  1 1 11 -0.6588548393637523 0 140.0 -0.6588548393637523 1
gene  1 3 11 -3.269692663771755 0 142.0 -3.269692663771755 1
gene  1 5 11 10.512211254660022 0 144.0 10.512211254660022 1
gene  1 9 11 -9.607738394632433 0 148.0 -9.607738394632433 1
gene  1 10 11 2.421845292205581 0 149.0 2.421845292205581 1
gene  1 12 11 3.419216591325026 1 151.0 3.419216591325026 1
gene  1 14 11 -4.958079097645091 1 153.0 -4.958079097645091 1
gene  1 2 12 1.3800944467124514 0 155.0 1.3800944467124514 1
gene  1 4 12 0.2719786277197427 0 157.0 0.2719786277197427 1
gene  1 6 12 -1.932137405864563 0 159.0 -1.932137405864563 1
gene  1 7 12 2.588979865533456 0 160.0 2.588979865533456 1
gene  1 9 12 -2.997771302977263 0 162.0 -2.997771302977263 1
gene  1 10 12 -6.863863148425371 0 163.0 -6.863863148425371 1
gene  1 12 12 5.183377974544424 1 165.0 5.183377974544424 1
gene  1 14 12 2.5537582407034627 1 167.0 2.5537582407034627 1
gene  1 1 13 2.5440968032517963 0 168.0 2.5440968032517963 1
gene  1 3 13 -4.1638513592962205 0 170.0 -4.1638513592962205 1
gene  1 4 13 -4.1591746189816945 0 171.0 -4.1591746189816945 1
gene  1 6 13 -3.6138306520770267 0 173.0 -3.6138306520770267 1
gene  1 8 13 -4.500580397095698 0 175.0 -4.500580397095698 1
gene  1 9 13 -2.775533347499919 0 176.0 -2.775533347499919 1
gene  1 8 14 -4.746288433456261 0 189.0 -4.746288433456261 1
gene  1 11 14 -1.2378634764096719 0 192.0 -1.2378634764096719 1
gene  1 5 8 7.210685944713193 0 235.0 7.210685944713193 1
gene  1 1 27 -4.017164408552497 0 241.0 -4.017164408552497 1
gene  1 27 8 5.979711754044156 0 242.0 5.979711754044156 1
gene  1 9 34 -3.1549610012424947 0 272.0 -3.1549610012424947 1
gene  1 34 11 -0.07149413888396605 0 273.0 -0.07149413888396605 1
gene  1 5 13 -4.674017040216169 0 277.0 -4.674017040216169 1
gene  1 12 14 1.7435922801983197 0 296.0 1.7435922801983197 1
gene  1 8 40 -1.0990263035443548 1 308.0 -1.0990263035443548 1
gene  1 40 8 -2.8929201594455893 0 309.0 -2.8929201594455893 1
gene  1 10 14 1.956470984816272 0 341.0 1.956470984816272 1
gene  1 3 48 2.1047266370106468 0 360.0 2.1047266370106468 1
gene  1 48 8 5.341066047280189 0 361.0 5.341066047280189 1
gene  1 10 13 -0.3777504718636173 0 404.0 -0.3777504718636173 1
gene  1 48 71 2.8229336471755957 0 463.0 2.8229336471755957 1
gene  1 71 8 1.782256852916718 0 464.0 1.782256852916718 1
gene  1 11 12 -2.299415142724376 0 478.0 -2.299415142724376 1
gene  1 34 14 -2.0843183198964748 0 481.0 -2.0843183198964748 1
genomeend 14
genomestart  15
trait 1 0.7266510416492057 1.51783543229617 1.2671621196902727 0.49951333318806035 0.0 2.2133304098674773 1.1489259737536075 0.06730656714772287 
node 1 1 1 1
node 2 1 1 1
node 3 1 1 1
node 4 1 1 1
node 5 1 1 1
node 6 1 1 1
node 7 1 1 3
node 8 1 0 0
node 9 1 0 0
node 10 1 0 0
node 11 1 0 0
node 12 1 0 0
node 13 1 0 2
node 14 1 0 2
node 27 1 0 0
node 34 1 0 0
node 40 1 0 0
node 48 1 0 0
node 71 1 0 0
gene  1 1 8 3.57272958830852 0 98.0 3.57272958830852 1
gene  1 3 8 1.3614599840222061 0 100.0 1.3614599840222061 1
gene  1 4 8 0.5495712252057389 0 101.0 0.5495712252057389 1
gene  1 6 8 3.633549142048546 0 103.0 3.633549142048546 1
gene  1 8 8 11.243613870327891 1 105.0 11.243613870327891 1
gene  1 10 8 -0.9775241159565016 1 107.0 -0.9775241159565016 1
gene  1 3 9 1.0330814259909962 0 114.0 1.0330814259909962 1
gene  1 6 9 -0.015735389407816824 0 117.0 -0.015735389407816824 1
gene  1 8 9 0.07237685898201418 0 119.0 0.07237685898201418 1
gene  1 10 9 4.653500950782415 1 121.0 4.653500950782415 1
gene  1 11 9 -7.235957525618233 1 122.0 -7.235957525618233 1
gene  1 13 9 0.7515530380744251 1 124.0 0.7515530380744251 1
gene  1 14 9 2.9304785462979615 1 125.0 2.9304785462979615 1
gene  1 1 10 13.63135539869789 0 126.0 13.63135539869789 1
gene  1 3 10 1.9516322268725075 0 128.0 1.9516322268725075 1
gene  1 4 10 -1.3973600294508046 0 129.0 -1.3973600294508046 1
gene  1 5 10 -1.8230716996409106 0 130.0 -1.8230716996409106 1
gene  1 9 10 -2.642908833586445 0 134.0 -2.642908833586445 1
gene  1 13 10 -3.0778845271190827 1 138.0 -3.0778845271190827 1
gene  1 1 11 -1.8686436634073798 0 140.0 -1.8686436634073798 1
gene  1 3 11 -5.383606065983837 0 142.0 -5.383606065983837 1
gene  1 5 11 12.73654841562395 0 144.0 12.73654841562395 1
gene  1 9 11 -11.24015602698559 0 148.0 -11.24015602698559 1
gene  1 10 11 -2.129300658494219 0 149.0 -2.129300658494219 1
gene  1 12 11 3.3043830128051233 1 151.0 3.3043830128051233 1
gene  1 14 11 -3.2447545976316463 1 153.0 -3.2447545976316463 1
gene  1 2 12 -0.4070603284031876 0 155.0 -0.4070603284031876 1
gene  1 4 12 -2.1638967083839837 0 157.0 -2.1638967083839837 1
gene  1 6 12 -2.9620811996175775 0 159.0 -2.9620811996175775 1
gene  1 7 12 1.875411750613942 0 160.0 1.875411750613942 1
gene  1 9 12 -5.175661248403674 0 162.0 -5.175661248403674 1
gene  1 10 12 -4.415910577091033 0 163.0 -4.415910577091033 1
gene  1 12 12 -2.063854057570075 1 165.0 -2.063854057570075 1
gene  1 14 12 4.115800802198955 1 167.0 4.115800802198955 1
gene  1 1 13 2.5440968032517963 0 168.0 2.5440968032517963 1
gene  1 3 13 -2.673617045826478 0 170.0 -2.673617045826478 1
gene  1 4 13 -6.0128246679263135 0 171.0 -6.0128246679263135 1
gene  1 6 13 -3.6138306520770267 0 173.0 -3.6138306520770267 1
gene  1 8 13 -6.0939337229605535 0 175.0 -6.0939337229605535 1
gene  1 9 13 -4.396324339375998 0 176.0 -4.396324339375998 1
gene  1 8 14 -7.024795670391796 0 189.0 -7.024795670391796 1
gene  1 11 14 0.44132715640437925 0 192.0 0.44132715640437925 1
gene  1 5 8 8.114638002235443 0 235.0 8.114638002235443 1
gene  1 1 27 -1.3107830368786857 0 241.0 -1.3107830368786857 1
gene  1 27 8 5.979711754044156 0 242.0 5.979711754044156 1
gene  1 9 34 -1.1099093607835995 0 272.0 -1.1099093607835995 1
gene  1 34 11 -0.07149413888396605 0 273.0 -0.07149413888396605 1
gene  1 5 13 -0.5411024779644538 0 277.0 -0.5411024779644538 1
gene  1 12 14 1.7435922801983197 0 296.0 1.7435922801983197 1
gene  1 8 40 -1.1275877676279544 1 308.0 -1.1275877676279544 1
gene  1 40 8 -2.1591669294487135 0 309.0 -2.1591669294487135 1
gene  1 10 14 2.604478783759009 0 341.0 2.604478783759009 1
gene  1 3 48 3.7126038921762095 0 360.0 3.7126038921762095 1
gene  1 48 8 0.402824510289701 0 361.0 0.402824510289701 1
gene  1 10 13 -2.6836140327383733 0 404.0 -2.6836140327383733 1
gene  1 48 71 4.899694698977793 0 463.0 4.899694698977793 1
gene  1 71 8 -0.3069949094628255 0 464.0 -0.3069949094628255 1
gene  1 11 12 1.5579598932613492 0 478.0 1.5579598932613492 1
gene  1 34 14 -1.9556426456674783 0 481.0 -1.9556426456674783 1
genomeend 15
genomestart  16
trait 1 0.4721288546879171 2.0351745595795556 0.8717789774051927 0.49951333318806035 0.0 1.226045558618073 1.1489259737536075 0.0 
node 1 1 1 1
node 2 1 1 1
node 3 1 1 1
node 4 1 1 1
node 5 1 1 1
node 6 1 1 1
node 7 1 1 3
node 8 1 0 0
node 9 1 0 0
node 10 1 0 0
node 11 1 0 0
node 12 1 0 0
node 13 1 0 2
node 14 1 0 2
node 27 1 0 0
node 34 1 0 0
node 40 1 0 0
node 48 1 0 0
node 71 1 0 0
gene  1 1 8 2.6980650332134655 0 98.0 2.6980650332134655 1
gene  1 3 8 0.5575994815644019 0 100.0 0.5575994815644019 1
gene  1 4 8 2.2816008354361004 0 101.0 2.2816008354361004 1
gene  1 6 8 1.0257528038742096 0 103.0 1.0257528038742096 1
gene  1 8 8 12.062142210942593 1 105.0 12.062142210942593 1
gene  1 10 8 -1.7881806963635096 1 107.0 -1.7881806963635096 1
gene  1 3 9 -2.7452317940070037 0 114.0 -2.7452317940070037 1
gene  1 6 9 -1.2845028135246483 0 117.0 -1.2845028135246483 1
gene  1 8 9 -0.011452528677977414 0 119.0 -0.011452528677977414 1
gene  1 10 9 6.0112071239917535 1 121.0 6.0112071239917535 1
gene  1 11 9 -7.72861384173042 1 122.0 -7.72861384173042 1
gene  1 13 9 0.606430610037827 1 124.0 0.606430610037827 1
gene  1 14 9 3.2866339751276668 1 125.0 3.2866339751276668 1
gene  1 1 10 15.13660142714253 0 126.0 15.13660142714253 1
gene  1 3 10 -0.09341576336637858 0 128.0 -0.09341576336637858 1
gene  1 4 10 0.8029082528567979 0 129.0 0.8029082528567979 1
gene  1 5 10 0.5723895185552632 0 130.0 0.5723895185552632 1
gene  1 9 10 -0.06411999386257672 0 134.0 -0.06411999386257672 1
gene  1 13 10 -2.46158975508105 1 138.0 -2.46158975508105 1
gene  1 1 11 0.7790929871493966 0 140.0 0.7790929871493966 1
gene  1 3 11 -5.248969633282314 0 142.0 -5.248969633282314 1
gene  1 5 11 12.37810637262619 0 144.0 12.37810637262619 1
gene  1 9 11 -10.096242108240409 0 148.0 -10.096242108240409 1
gene  1 10 11 4.4116795036432865 0 149.0 4.4116795036432865 1
gene  1 12 11 3.6267743017748715 1 151.0 3.6267743017748715 1
gene  1 14 11 -6.95987184461965 1 153.0 -6.95987184461965 1
gene  1 2 12 0.00447041894248934 0 155.0 0.00447041894248934 1
gene  1 4 12 2.362292383191501 0 157.0 2.362292383191501 1
gene  1 6 12 0.02983136472763448 0 159.0 0.02983136472763448 1
gene  1 7 12 2.842894482714769 0 160.0 2.842894482714769 1
gene  1 9 12 -1.3231933318631186 0 162.0 -1.3231933318631186 1
gene  1 10 12 -6.212183062703078 0 163.0 -6.212183062703078 1
gene  1 12 12 7.315008830260723 1 165.0 7.315008830260723 1
gene  1 14 12 1.2646331251185705 1 167.0 1.2646331251185705 1
gene  1 1 13 0.6016495773068729 0 168.0 0.6016495773068729 1
gene  1 3 13 -3.852769484857945 0 170.0 -3.852769484857945 1
gene  1 4 13 -3.2879479344544196 0 171.0 -3.2879479344544196 1
gene  1 6 13 -4.2041947852260675 0 173.0 -4.2041947852260675 1
gene  1 8 13 -4.5891047608386595 0 175.0 -4.5891047608386595 1
gene  1 9 13 -1.565175087151893 0 176.0 -1.565175087151893 1
gene  1 8 14 -3.962198627886422 0 189.0 -3.962198627886422 1
gene  1 11 14 -2.331104914337616 0 192.0 -2.331104914337616 1
gene  1 5 8 8.327059335421627 0 235.0 8.327059335421627 1
gene  1 1 27 -6.012205300089581 0 241.0 -6.012205300089581 1
gene  1 27 8 7.939513781031254 0 242.0 7.939513781031254 1
gene  1 9 34 -5.401445575960581 0 272.0 -5.401445575960581 1
gene  1 34 11 -0.9777623948494188 0 273.0 -0.9777623948494188 1
gene  1 5 13 -3.855465995671217 0 277.0 -3.855465995671217 1
gene  1 12 14 0.5680090354734002 0 296.0 0.5680090354734002 1
gene  1 8 40 -1.26649934056059 1 308.0 -1.26649934056059 1
gene  1 40 8 -1.9048021024945063 0 309.0 -1.9048021024945063 1
gene  1 10 14 -0.20611519294656794 0 341.0 -0.20611519294656794 1
gene  1 3 48 -1.451471814116123 0 360.0 -1.451471814116123 1
gene  1 48 8 4.379312340971385 0 361.0 4.379312340971385 1
gene  1 10 13 0.3864582484828578 0 404.0 0.3864582484828578 1
gene  1 48 71 0.2268736325370127 0 463.0 0.2268736325370127 1
gene  1 71 8 1.1993030503834592 0 464.0 1.1993030503834592 1
gene  1 11 12 -2.299415142724376 0 478.0 -2.299415142724376 1
gene  1 34 14 -2.0843183198964748 0 481.0 -2.0843183198964748 1
genomeend 16
genomestart  17
trait 1 0.33760641808164704 1.299704635597652 0.9547867298575612 0.017203006884936534 1.0258166876977075 0.9586270994970227 0.12889370418766055 0.0 
node 1 1 1 1
node 2 1 1 1
node 3 1 1 1
node 4 1 1 1
node 5 1 1 1
node 6 1 1 1
node 7 1 1 3
node 8 1 0 0
node 9 1 0 0
node 10 1 0 0
node 13 1 0 2
node 14 1 0 2
node 16 1 0 0
node 21 1 0 0
node 29 1 0 0
node 52 1 0 0
node 53 1 0 0
node 79 1 0 0
gene  1 1 8 0.006379154542671017 0 98.0 0.006379154542671017 1
gene  1 2 8 -2.408087176805875 0 99.0 -2.408087176805875 1
gene  1 3 8 -5.493645629946175 0 100.0 -5.493645629946175 1
gene  1 4 8 -4.7556066927345455 0 101.0 -4.7556066927345455 1
gene  1 5 8 0.23284336663094019 0 102.0 0.23284336663094019 1
gene  1 6 8 5.543290792684944 0 103.0 5.543290792684944 1
gene  1 8 8 0.24896047203415206 1 105.0 0.24896047203415206 1
gene  1 13 8 -2.262759107624563 1 110.0 -2.262759107624563 1
gene  1 14 8 -0.7241063856261625 1 111.0 -0.7241063856261625 1
gene  1 3 13 -0.19562896364643173 0 170.0 -0.19562896364643173 1
gene  1 5 13 -1.8374940190958546 0 172.0 -1.8374940190958546 1
gene  1 7 13 1.526885562210707 0 174.0 1.526885562210707 1
gene  1 13 13 5.671464040592586 1 180.0 5.671464040592586 1
gene  1 2 14 -0.14168687749899656 0 183.0 -0.14168687749899656 1
gene  1 4 14 7.660231322027533 0 185.0 7.660231322027533 1
gene  1 6 14 5.9501172900150205 0 187.0 5.9501172900150205 1
gene  1 8 14 10.872481104665344 0 189.0 10.872481104665344 1
gene  1 13 14 -0.41328175719968097 0 194.0 -0.41328175719968097 1
gene  1 13 16 0.06892104086282741 0 201.0 0.06892104086282741 1
gene  1 16 14 -1.479706321755 0 202.0 -1.479706321755 1
gene  1 1 21 -0.7997874892498267 0 218.0 -0.7997874892498267 1
gene  1 21 8 1.6349866896896683 0 219.0 1.6349866896896683 1
gene  1 3 10 4.895254499929456 0 223.0 4.895254499929456 1
gene  1 6 29 -2.3906731989446186 0 259.0 -2.3906731989446186 1
gene  1 29 8 1.6179459087697179 0 260.0 1.6179459087697179 1
gene  1 29 21 2.3259319903314006 0 271.0 2.3259319903314006 1
gene  1 3 21 -2.2847222876097737 0 300.0 -2.2847222876097737 1
gene  1 9 52 -0.9466616124932942 0 368.0 -0.9466616124932942 1
gene  1 52 14 3.144417293520269 0 369.0 3.144417293520269 1
gene  1 1 53 -3.2750598891697367 0 372.0 -3.2750598891697367 1
gene  1 53 21 -0.7282581008774425 0 373.0 -0.7282581008774425 1
gene  1 2 16 -3.854031022967365 0 439.0 -3.854031022967365 1
gene  1 21 79 2.348600718774444 0 489.0 2.348600718774444 1
gene  1 79 8 2.352034907746277 0 490.0 2.352034907746277 1
gene  1 52 10 -2.0506940427795692 0 588.0 -2.0506940427795692 1
genomeend 17
genomestart  18
trait 1 0.33760641808164704 1.299704635597652 0.9547867298575612 0.017203006884936534 1.0258166876977075 0.9586270994970227 0.12889370418766055 0.0 
node 1 1 1 1
node 2 1 1 1
node 3 1 1 1
node 4 1 1 1
node 5 1 1 1
node 6 1 1 1
node 7 1 1 3
node 8 1 0 0
node 9 1 0 0
node 10 1 0 0
node 13 1 0 2
node 14 1 0 2
node 16 1 0 0
node 21 1 0 0
node 29 1 0 0
node 52 1 0 0
node 53 1 0 0
node 79 1 0 0
node 104 1 0 0
gene  1 1 8 0.48152049898207083 0 98.0 0.48152049898207083 0
gene  1 2 8 -0.020625088621891052 0 99.0 -0.020625088621891052 1
gene  1 3 8 -4.139326866332466 0 100.0 -4.139326866332466 1
gene  1 4 8 -3.112414018138153 0 101.0 -3.112414018138153 1
gene  1 5 8 -0.4337907400645976 0 102.0 -0.4337907400645976 1
gene  1 6 8 5.543290792684944 0 103.0 5.543290792684944 1
gene  1 8 8 3.109040712853503 1 105.0 3.109040712853503 1
gene  1 13 8 -2.262759107624563 1 110.0 -2.262759107624563 1
gene  1 14 8 1.0577654927231623 1 111.0 1.0577654927231623 1
gene  1 3 13 1.1785859488503454 0 170.0 1.1785859488503454 1
gene  1 5 13 0.15109615205767235 0 172.0 0.15109615205767235 1
gene  1 7 13 3.20566533229932 0 174.0 3.20566533229932 1
gene  1 13 13 3.457824829911966 1 180.0 3.457824829911966 1
gene  1 2 14 -0.14168687749899656 0 183.0 -0.14168687749899656 1
gene  1 4 14 5.28047931339115 0 185.0 5.28047931339115 1
gene  1 6 14 4.039984075498989 0 187.0 4.039984075498989 1
gene  1 8 14 13.064455770797451 0 189.0 13.064455770797451 1
gene  1 13 14 1.8082823674739454 0 194.0 1.8082823674739454 1
gene  1 13 16 -0.7153279403029302 0 201.0 -0.7153279403029302 1
gene  1 16 14 -3.077366023478622 0 202.0 -3.077366023478622 1
gene  1 1 21 -0.7997874892498267 0 218.0 -0.7997874892498267 1
gene  1 21 8 -0.9938527180606809 0 219.0 -0.9938527180606809 1
gene  1 3 10 4.538674271339373 0 223.0 4.538674271339373 1
gene  1 6 29 -4.093419784098947 0 259.0 -4.093419784098947 1
gene  1 29 8 2.2888916590855524 0 260.0 2.2888916590855524 1
gene  1 29 21 3.1405604097484723 0 271.0 3.1405604097484723 1
gene  1 3 21 -1.0815554595940353 0 300.0 -1.0815554595940353 1
gene  1 9 52 -3.0723030227555324 0 368.0 -3.0723030227555324 1
gene  1 52 14 0.9258013171842239 0 369.0 0.9258013171842239 1
gene  1 1 53 -3.2877534740446888 0 372.0 -3.2877534740446888 1
gene  1 53 21 -5.036548484746381 0 373.0 -5.036548484746381 1
gene  1 2 16 -4.599049032902049 0 439.0 -4.599049032902049 1
gene  1 21 79 1.0046514328685552 0 489.0 1.0046514328685552 1
gene  1 79 8 -0.3090719596399119 0 490.0 -0.3090719596399119 1
gene  1 52 10 -2.86066400788536 0 588.0 -2.86066400788536 1
gene  1 1 104 1.0 0 612.0 0.0 1
gene  1 104 8 0.48152049898207083 0 613.0 0.0 1
genomeend 18
genomestart  19
trait 1 0.3959319935037947 1.4775016178564735 0.8872072613035766 0.008601503442468267 0.5129083438488538 1.4007509077785905 0.32870481565532306 0.0 
node 1 1 1 1
node 2 1 1 1
node 3 1 1 1
node 4 1 1 1
node 5 1 1 1
node 6 1 1 1
node 7 1 1 3
node 8 1 0 0
node 9 1 0 0
node 10 1 0 0
node 11 1 0 0
node 13 1 0 2
node 14 1 0 2
node 16 1 0 0
node 21 1 0 0
node 62 1 0 0
node 81 1 0 0
node 82 1 0 0
node 84 1 0 0
node 95 1 0 0
gene  1 1 8 1.2064423843350411 0 98.0 1.2064423843350411 1
gene  1 2 8 -1.613402343436837 0 99.0 -1.613402343436837 1
gene  1 3 8 -2.4190731387589977 0 100.0 -2.4190731387589977 1
gene  1 4 8 -5.40340564981071 0 101.0 -5.40340564981071 1
gene  1 5 8 1.1784480869145666 0 102.0 1.1784480869145666 1
gene  1 6 8 3.7247428840102836 0 103.0 3.7247428840102836 1
gene  1 8 8 3.7927838441733166 1 105.0 3.7927838441733166 1
gene  1 13 8 -1.382706593931215 1 110.0 -1.382706593931215 1
gene  1 14 8 -0.7214068103228316 1 111.0 -0.7214068103228316 1
gene  1 3 13 0.10601599196082029 0 170.0 0.10601599196082029 1
gene  1 5 13 0.028601590061753168 0 172.0 0.028601590061753168 1
gene  1 7 13 4.399699214648759 0 174.0 4.399699214648759 1
gene  1 13 13 1.1707588152317432 1 180.0 1.1707588152317432 1
gene  1 2 14 0.610546236199804 0 183.0 0.610546236199804 1
gene  1 4 14 5.139329727116178 0 185.0 5.139329727116178 1
gene  1 6 14 4.433493821397698 0 187.0 4.433493821397698 1
gene  1 8 14 15.479915737613556 0 189.0 15.479915737613556 1
gene  1 13 14 0.3909886942541021 0 194.0 0.3909886942541021 1
gene  1 13 16 -1.308998473496771 0 201.0 -1.308998473496771 1
gene  1 16 14 -4.016379807602347 0 202.0 -4.016379807602347 1
gene  1 1 21 -0.11306383079379956 0 218.0 -0.11306383079379956 1
gene  1 8 13 7.535678807902597 0 248.0 7.535678807902597 1
gene  1 7 10 -0.901717067875703 0 270.0 -0.901717067875703 1
gene  1 9 10 2.6868497075087894 0 274.0 2.6868497075087894 1
gene  1 9 13 0.5192765894004594 0 288.0 0.5192765894004594 1
gene  1 5 14 -3.63994706676655 0 328.0 -3.63994706676655 1
gene  1 2 10 7.183464421904391 0 357.0 7.183464421904391 1
gene  1 3 62 -1.3030004514177393 0 411.0 -1.3030004514177393 1
gene  1 62 9 1.4899924329630057 0 412.0 1.4899924329630057 1
gene  1 7 8 -3.7781183447009017 0 436.0 -3.7781183447009017 1
gene  1 11 81 -1.90052476466296 1 496.0 -1.90052476466296 1
gene  1 81 11 -0.39815847997110954 0 497.0 -0.39815847997110954 1
gene  1 11 82 -1.3331473968372736 1 507.0 -1.3331473968372736 1
gene  1 82 81 -2.073473780076071 0 508.0 -2.073473780076071 1
gene  1 3 84 -1.7973161758530019 0 517.0 -1.7973161758530019 1
gene  1 84 13 1.5977294134763367 0 518.0 1.5977294134763367 1
gene  1 3 82 -8.219566100845412 0 531.0 -8.219566100845412 1
gene  1 5 81 0.7605071982939344 0 533.0 0.7605071982939344 1
gene  1 1 82 1.4859885391500958 0 559.0 1.4859885391500958 1
gene  1 10 95 -1.1506864070956178 1 586.0 -1.1506864070956178 1
gene  1 95 10 1.4979390131970258 0 587.0 1.4979390131970258 1
genomeend 19
