genomestart  0
trait 1 0.0 0.29964541126798605 0.0 0.5917793035862625 0.0 0.5239379551513967 0.8464040429162474 0.9121227953336634 
node 1 1 1 1
node 2 1 1 1
node 3 1 1 1
node 4 1 1 1
node 5 1 1 1
node 6 1 1 1
node 7 1 1 3
node 13 1 0 2
node 14 1 0 2
node 19 1 0 0
node 33 1 0 0
node 41 1 0 0
node 45 1 0 0
gene  1 1 13 2.3645119626040794 0 168.0 2.3645119626040794 1
gene  1 3 13 1.9874210513798554 0 170.0 1.9874210513798554 1
gene  1 5 13 -3.1478034216529736 0 172.0 -3.1478034216529736 1
gene  1 6 13 2.2341973838376585 0 173.0 2.2341973838376585 1
gene  1 14 13 -0.3368509951075591 1 181.0 -0.3368509951075591 1
gene  1 1 14 -0.416088273832222 0 182.0 -0.416088273832222 1
gene  1 2 14 2.6166538996809505 0 183.0 2.6166538996809505 1
gene  1 4 14 3.4664660002935728 0 185.0 3.4664660002935728 1
gene  1 5 14 -5.092277734908372 0 186.0 -5.092277734908372 1
gene  1 6 14 4.47121105006833 0 187.0 4.47121105006833 1
gene  1 7 14 1.7429926773038746 0 188.0 1.7429926773038746 1
gene  1 13 14 -2.1580188378663188 0 194.0 -2.1580188378663188 1
gene  1 14 14 -3.723388077178766 1 195.0 -3.723388077178766 1
gene  1 5 19 2.592876450263583 0 213.0 2.592876450263583 1
gene  1 19 13 9.112143758629038 0 214.0 9.112143758629038 1
gene  1 2 13 -2.709659801178347 0 243.0 -2.709659801178347 1
gene  1 6 19 -10.847613754185875 0 257.0 -10.847613754185875 1
gene  1 19 14 -0.16690566190625034 0 267.0 -0.16690566190625034 1
gene  1 14 33 3.832372290171012 1 268.0 3.832372290171012 1
gene  1 33 14 -6.111040767332706 0 269.0 -6.111040767332706 1
gene  1 4 13 1.3592597489577503 0 292.0 1.3592597489577503 1
gene  1 14 41 -6.484101357957544 1 315.0 -6.484101357957544 1
gene  1 41 13 0.6190968490445645 0 316.0 0.6190968490445645 1
gene  1 5 45 2.242684961280381 0 338.0 2.242684961280381 1
gene  1 45 14 0.9888335632699877 0 339.0 0.9888335632699877 1
genomeend 0
genomestart  1
trait 1 0.0 0.29964541126798605 0.0 0.5917793035862625 0.0 0.5239379551513967 0.8464040429162474 0.9121227953336634 
node 1 1 1 1
node 2 1 1 1
node 3 1 1 1
node 4 1 1 1
node 5 1 1 1
node 6 1 1 1
node 7 1 1 3
node 13 1 0 2
node 14 1 0 2
node 19 1 0 0
node 33 1 0 0
node 41 1 0 0
node 45 1 0 0
gene  1 1 13 3.889691050565007 0 168.0 3.889691050565007 1
gene  1 3 13 2.6216614787991577 0 170.0 2.6216614787991577 1
gene  1 5 13 0.45617685273008535 0 172.0 0.45617685273008535 1
gene  1 6 13 2.119564804118854 0 173.0 2.119564804118854 1
gene  1 14 13 -2.994360403676708 1 181.0 -2.994360403676708 1
gene  1 1 14 -1.843358862463658 0 182.0 -1.843358862463658 1
gene  1 2 14 -0.8407311265704884 0 183.0 -0.8407311265704884 1
gene  1 4 14 -0.9350450309408322 0 185.0 -0.9350450309408322 1
gene  1 5 14 -4.753799221221053 0 186.0 -4.753799221221053 1
gene  1 6 14 4.626621004519287 0 187.0 4.626621004519287 1
gene  1 7 14 1.318296219237321 0 188.0 1.318296219237321 1
gene  1 13 14 -1.028002287487688 0 194.0 -1.028002287487688 1
gene  1 14 14 -1.5332156180512713 1 195.0 -1.5332156180512713 1
gene  1 5 19 -0.254299392251216 0 213.0 -0.254299392251216 1
gene  1 19 13 9.416101959285632 0 214.0 9.416101959285632 1
gene  1 2 13 -1.8809402467207197 0 243.0 -1.8809402467207197 1
gene  1 6 19 -9.240151982214865 0 257.0 -9.240151982214865 1
gene  1 19 14 -1.1061079006438737 0 267.0 -1.1061079006438737 1
gene  1 14 33 6.493110376797067 1 268.0 6.493110376797067 1
gene  1 33 14 -3.193048074400079 0 269.0 -3.193048074400079 1
gene  1 4 13 -0.48723773357688266 0 292.0 -0.48723773357688266 1
gene  1 14 41 -7.03944494194404 1 315.0 -7.03944494194404 1
gene  1 41 13 2.098310193050718 0 316.0 2.098310193050718 1
gene  1 5 45 2.6372259025490123 0 338.0 2.6372259025490123 1
gene  1 45 14 0.6977743319608529 0 339.0 0.6977743319608529 1
genomeend 1
genomestart  2
trait 1 1.1756336028754273 1.8016535545405583 0.8244055903801458 0.0 0.9717650480871391 1.0290111265680415 1.2076838112411745 1.251532928840952 
node 1 1 1 1
node 2 1 1 1
node 3 1 1 1
node 4 1 1 1
node 5 1 1 1
node 6 1 1 1
node 7 1 1 3
node 13 1 0 2
node 14 1 0 2
node 24 1 0 0
node 36 1 0 0
gene  1 2 13 -1.9796715599211714 0 169.0 -1.9796715599211714 1
gene  1 3 13 2.5354578650619803 0 170.0 2.5354578650619803 1
gene  1 4 13 3.2957713755321754 0 171.0 3.2957713755321754 1
gene  1 6 13 -2.9678943125042636 0 173.0 -2.9678943125042636 1
gene  1 7 13 -1.8985614923968264 0 174.0 -1.8985614923968264 1
gene  1 13 13 7.764486810445039 1 180.0 7.764486810445039 1
gene  1 1 14 0.8799706227956834 0 182.0 0.8799706227956834 1
gene  1 2 14 2.6390658673897587 0 183.0 2.6390658673897587 1
gene  1 5 14 2.880680070728597 0 186.0 2.880680070728597 1
gene  1 6 14 4.3394138341682496 0 187.0 4.3394138341682496 1
gene  1 7 14 1.0720168806844084 0 188.0 1.0720168806844084 1
gene  1 13 14 -5.432608339501959 0 194.0 -5.432608339501959 1
gene  1 14 14 -0.011929035156481804 1 195.0 -0.011929035156481804 1
gene  1 2 24 5.313733318990704 0 226.0 5.313733318990704 1
gene  1 24 13 3.6947315272836994 0 227.0 3.6947315272836994 1
gene  1 7 24 11.690963227362968 0 245.0 11.690963227362968 1
gene  1 1 24 -7.854389488459195 0 249.0 -7.854389488459195 1
gene  1 4 14 1.1946592283920037 0 280.0 1.1946592283920037 1
gene  1 4 36 -10.343550030441884 0 293.0 -10.343550030441884 1
gene  1 36 14 7.829462540325831 0 294.0 7.829462540325831 1
gene  1 7 36 -0.5896792280068044 0 301.0 -0.5896792280068044 1
gene  1 3 36 2.004712187115448 0 313.0 2.004712187115448 1
gene  1 24 36 -0.7098451126451466 0 345.0 -0.7098451126451466 1
gene  1 5 13 -3.7310645058190834 0 374.0 -3.7310645058190834 1
genomeend 2
genomestart  3
trait 1 1.1756336028754273 1.277575886477929 1.1151568346067857 0.10887551862234701 0.9717650480871391 1.0290111265680415 1.2076838112411745 1.251532928840952 
node 1 1 1 1
node 2 1 1 1
node 3 1 1 1
node 4 1 1 1
node 5 1 1 1
node 6 1 1 1
node 7 1 1 3
node 13 1 0 2
node 14 1 0 2
node 24 1 0 0
node 36 1 0 0
gene  1 2 13 -1.0910263692319098 0 169.0 -1.0910263692319098 1
gene  1 3 13 0.5383082498495915 0 170.0 0.5383082498495915 1
gene  1 4 13 3.4560759324556143 0 171.0 3.4560759324556143 1
gene  1 6 13 0.5931610352265198 0 173.0 0.5931610352265198 1
gene  1 7 13 -0.4212543669979938 0 174.0 -0.4212543669979938 1
gene  1 13 13 6.143719023238409 1 180.0 6.143719023238409 1
gene  1 1 14 0.9264779835517647 0 182.0 0.9264779835517647 1
gene  1 2 14 0.18080028422057315 0 183.0 0.18080028422057315 1
gene  1 5 14 1.5914027674148232 0 186.0 1.5914027674148232 1
gene  1 6 14 4.7617800215463175 0 187.0 4.7617800215463175 1
gene  1 7 14 -0.4984801639509906 0 188.0 -0.4984801639509906 1
gene  1 13 14 -3.6238656001513228 0 194.0 -3.6238656001513228 1
gene  1 14 14 -1.9032493781172681 1 195.0 -1.9032493781172681 1
gene  1 2 24 6.70855945111034 0 226.0 6.70855945111034 1
gene  1 24 13 2.9358137924684957 0 227.0 2.9358137924684957 1
gene  1 7 24 12.113925494371616 0 245.0 12.113925494371616 1
gene  1 1 24 -6.132195038262092 0 249.0 -6.132195038262092 1
gene  1 4 14 5.32050163047967 0 280.0 5.32050163047967 1
gene  1 4 36 -7.01711693914994 0 293.0 -7.01711693914994 1
gene  1 36 14 8.32451735334027 0 294.0 8.32451735334027 1
gene  1 7 36 1.8770952486786068 0 301.0 1.8770952486786068 1
gene  1 3 36 2.5552082405947774 0 313.0 2.5552082405947774 1
gene  1 24 36 -3.082425640392995 0 345.0 -3.082425640392995 1
gene  1 5 13 1.9733905989494271 0 374.0 1.9733905989494271 1
genomeend 3
genomestart  4
trait 1 1.1756336028754273 1.277575886477929 1.1151568346067857 0.10887551862234701 0.9717650480871391 1.0290111265680415 1.2076838112411745 1.251532928840952 
node 1 1 1 1
node 2 1 1 1
node 3 1 1 1
node 4 1 1 1
node 5 1 1 1
node 6 1 1 1
node 7 1 1 3
node 13 1 0 2
node 14 1 0 2
node 24 1 0 0
node 36 1 0 0
gene  1 2 13 -3.1274805542609014 0 169.0 -3.1274805542609014 1
gene  1 3 13 0.9602100057920122 0 170.0 0.9602100057920122 1
gene  1 4 13 3.9273458460186306 0 171.0 3.9273458460186306 1
gene  1 6 13 -0.5989686504391976 0 173.0 -0.5989686504391976 1
gene  1 7 13 -1.2825333227882083 0 174.0 -1.2825333227882083 1
gene  1 13 13 6.0128248068919685 1 180.0 6.0128248068919685 1
gene  1 1 14 2.5657090645469123 0 182.0 2.5657090645469123 1
gene  1 2 14 1.3120758883775763 0 183.0 1.3120758883775763 1
gene  1 5 14 2.36455022989584 0 186.0 2.36455022989584 1
gene  1 6 14 2.9354008731688426 0 187.0 2.9354008731688426 1
gene  1 7 14 1.5049441656970861 0 188.0 1.5049441656970861 1
gene  1 13 14 -3.817374017140264 0 194.0 -3.817374017140264 1
gene  1 14 14 -1.2981063689539987 1 195.0 -1.2981063689539987 1
gene  1 2 24 4.5673878555234 0 226.0 4.5673878555234 1
gene  1 24 13 3.5518544327969592 0 227.0 3.5518544327969592 1
gene  1 7 24 13.365692076340745 0 245.0 13.365692076340745 1
gene  1 1 24 -7.123531292619959 0 249.0 -7.123531292619959 1
gene  1 4 14 3.0512477662426862 0 280.0 3.0512477662426862 1
gene  1 4 36 -8.948977739725606 0 293.0 -8.948977739725606 1
gene  1 36 14 5.8915810537688955 0 294.0 5.8915810537688955 1
gene  1 7 36 1.8770952486786068 0 301.0 1.8770952486786068 1
gene  1 3 36 2.004712187115448 0 313.0 2.004712187115448 1
gene  1 24 36 -0.7098451126451466 0 345.0 -0.7098451126451466 1
gene  1 5 13 -3.7310645058190834 0 374.0 -3.7310645058190834 1
gene  1 4 24 -6.19621255689001 0 415.0 -6.19621255689001 1
genomeend 4
genomestart  5
trait 1 0.5881716647646825 1.1670994370229146 1.8564835101802153 0.00908753191703493 0.0 0.848052698667654 1.6423806715703035 0.0 
node 1 1 1 1
node 2 1 1 1
node 3 1 1 1
node 4 1 1 1
node 5 1 1 1
node 6 1 1 1
node 7 1 1 3
node 8 1 0 0
node 9 1 0 0
node 10 1 0 0
node 11 1 0 0
node 13 1 0 2
node 14 1 0 2
node 62 1 0 0
gene  1 2 8 -3.5931067789916353 0 99.0 -3.5931067789916353 1
gene  1 6 8 3.9700669451112383 0 103.0 3.9700669451112383 1
gene  1 8 8 -2.773322914065645 1 105.0 -2.773322914065645 1
gene  1 9 8 -0.3415723573499324 1 106.0 -0.3415723573499324 1
gene  1 10 8 1.2871643768326646 1 107.0 1.2871643768326646 1
gene  1 11 8 2.137009089359429 1 108.0 2.137009089359429 1
gene  1 13 8 -0.22032144268089138 1 110.0 -0.22032144268089138 1
gene  1 14 8 0.7732567984210488 1 111.0 0.7732567984210488 1
gene  1 1 9 -0.054145779845748976 0 112.0 -0.054145779845748976 1
gene  1 2 9 -4.116594526257252 0 113.0 -4.116594526257252 1
gene  1 3 9 1.4810599562310511 0 114.0 1.4810599562310511 0
gene  1 6 9 -4.9780801634474505 0 117.0 -4.9780801634474505 1
gene  1 7 9 2.982307589579284 0 118.0 2.982307589579284 1
gene  1 8 9 5.824119971790844 0 119.0 5.824119971790844 1
gene  1 9 9 -5.309793168524835 1 120.0 -5.309793168524835 1
gene  1 11 9 -1.0081075685804106 1 122.0 -1.0081075685804106 1
gene  1 13 9 1.792211276000963 1 124.0 1.792211276000963 1
gene  1 14 9 -3.1330317920113133 1 125.0 -3.1330317920113133 1
gene  1 1 10 -8.70198776226464 0 126.0 -8.70198776226464 1
gene  1 3 10 1.9405021918237735 0 128.0 1.9405021918237735 1
gene  1 4 10 2.8694825245163287 0 129.0 2.8694825245163287 1
gene  1 5 10 -2.468218912033765 0 130.0 -2.468218912033765 1
gene  1 6 10 1.481702424644392 0 131.0 1.481702424644392 1
gene  1 10 10 -2.224151245353448 1 135.0 -2.224151245353448 1
gene  1 11 10 6.345907213900689 1 136.0 6.345907213900689 1
gene  1 14 10 -2.776832724430587 1 139.0 -2.776832724430587 1
gene  1 1 11 -1.7562677034807872 0 140.0 -1.7562677034807872 1
gene  1 3 11 -1.419427503578402 0 142.0 -1.419427503578402 1
gene  1 5 11 -2.8080265854058437 0 144.0 -2.8080265854058437 1
gene  1 6 11 -6.045580849185157 0 145.0 -6.045580849185157 1
gene  1 7 11 4.025988105500721 0 146.0 4.025988105500721 1
gene  1 8 11 0.47206920324537216 0 147.0 0.47206920324537216 1
gene  1 9 11 -3.6602006096622235 0 148.0 -3.6602006096622235 1
gene  1 10 11 -1.4427930980789418 0 149.0 -1.4427930980789418 1
gene  1 11 11 1.617948725288228 1 150.0 1.617948725288228 1
gene  1 1 13 -0.11350982462158221 0 168.0 -0.11350982462158221 1
gene  1 2 13 -6.217550061547591 0 169.0 -6.217550061547591 1
gene  1 3 13 -0.40086053810904076 0 170.0 -0.40086053810904076 1
gene  1 7 13 1.353083152596926 0 174.0 1.353083152596926 1
gene  1 11 13 4.077488219541417 0 178.0 4.077488219541417 1
gene  1 13 13 1.4606971179019084 1 180.0 1.4606971179019084 1
gene  1 2 14 3.1232974847515544 0 183.0 3.1232974847515544 1
gene  1 3 14 -7.525836251634194 0 184.0 -7.525836251634194 1
gene  1 4 14 -3.1984862761196466 0 185.0 -3.1984862761196466 1
gene  1 7 14 2.7353509775603566 0 188.0 2.7353509775603566 1
gene  1 8 14 -1.4504008713092227 0 189.0 -1.4504008713092227 1
gene  1 10 14 1.691443740486345 0 191.0 1.691443740486345 1
gene  1 13 14 -0.7700523384762112 0 194.0 -0.7700523384762112 1
gene  1 5 13 1.7214209331817258 0 198.0 1.7214209331817258 1
gene  1 4 9 -2.291498811154044 0 200.0 -2.291498811154044 1
gene  1 8 13 -1.2147763527641784 0 248.0 -1.2147763527641784 1
gene  1 7 10 -2.021630916565461 0 270.0 -2.021630916565461 1
gene  1 9 10 -0.6359900784913077 0 274.0 -0.6359900784913077 1
gene  1 9 13 0.23690700362213468 0 288.0 0.23690700362213468 1
gene  1 5 14 -4.915933065645351 0 328.0 -4.915933065645351 1
gene  1 2 10 -2.1457919845285733 0 357.0 -2.1457919845285733 1
gene  1 6 14 0.3726893149431393 0 388.0 0.3726893149431393 1
gene  1 3 62 1.0 0 411.0 0.0 1
gene  1 62 9 1.4810599562310511 0 412.0 0.0 1
gene  1 5 8 -7.832798613758131 0 414.0 -7.832798613758131 1
genomeend 5
genomestart  6
trait 1 0.7748407867188624 0.0 0.0 0.0 1.7799059348361965 1.021634367088284 0.7227535952013976 0.03711240661335824 
node 1 1 1 1
node 2 1 1 1
node 3 1 1 1
node 4 1 1 1
node 5 1 1 1
node 6 1 1 1
node 7 1 1 3
node 8 1 0 0
node 13 1 0 2
node 14 1 0 2
node 16 1 0 0
node 20 1 0 0
node 50 1 0 0
node 55 1 0 0
gene  1 1 8 -0.7657731655453162 0 98.0 -0.7657731655453162 1
gene  1 2 8 -3.908409630930575 0 99.0 -3.908409630930575 1
gene  1 3 8 4.695090135256971 0 100.0 4.695090135256971 1
gene  1 4 8 -5.803464856751138 0 101.0 -5.803464856751138 1
gene  1 5 8 -6.701571196327834 0 102.0 -6.701571196327834 1
gene  1 6 8 -5.056424883971412 0 103.0 -5.056424883971412 1
gene  1 8 8 1.0393688416578022 1 105.0 1.0393688416578022 1
gene  1 13 8 0.2911446552392727 1 110.0 0.2911446552392727 1
gene  1 14 8 -8.024387673001122 1 111.0 -8.024387673001122 1
gene  1 3 13 -1.2797098457730087 0 170.0 -1.2797098457730087 1
gene  1 5 13 -0.2214124909017816 0 172.0 -0.2214124909017816 1
gene  1 7 13 0.3501548417269391 0 174.0 0.3501548417269391 1
gene  1 13 13 1.7602872568455845 1 180.0 1.7602872568455845 1
gene  1 2 14 -2.8401659508461328 0 183.0 -2.8401659508461328 1
gene  1 4 14 0.24366598908851933 0 185.0 0.24366598908851933 1
gene  1 6 14 -1.0203220400765964 0 187.0 -1.0203220400765964 1
gene  1 8 14 3.003787834733043 0 189.0 3.003787834733043 1
gene  1 13 14 -14.426741129516246 0 194.0 -14.426741129516246 1
gene  1 13 16 3.1023721475008106 0 201.0 3.1023721475008106 1
gene  1 16 14 2.9601524219633264 0 202.0 2.9601524219633264 1
gene  1 3 20 -3.430340524541577 0 215.0 -3.430340524541577 1
gene  1 20 8 -2.2095864405961376 0 216.0 -2.2095864405961376 1
gene  1 8 13 -6.127839505004295 0 233.0 -6.127839505004295 1
gene  1 2 16 -0.49097986866471155 0 324.0 -0.49097986866471155 1
gene  1 2 20 -4.525998387005176 0 333.0 -4.525998387005176 1
gene  1 7 8 -2.371705409837041 0 352.0 -2.371705409837041 1
gene  1 16 50 -3.2331196499933172 0 364.0 -3.2331196499933172 1
gene  1 50 14 -0.6659147951971289 0 365.0 -0.6659147951971289 1
gene  1 3 55 1.2519919616720192 0 379.0 1.2519919616720192 1
gene  1 55 20 -3.725541345461594 0 380.0 -3.725541345461594 1
genomeend 6
genomestart  7
trait 1 0.7748407867188624 0.0 0.0 0.0 1.7799059348361965 1.021634367088284 0.7227535952013976 0.03711240661335824 
node 1 1 1 1
node 2 1 1 1
node 3 1 1 1
node 4 1 1 1
node 5 1 1 1
node 6 1 1 1
node 7 1 1 3
node 8 1 0 0
node 13 1 0 2
node 14 1 0 2
node 16 1 0 0
node 20 1 0 0
node 50 1 0 0
node 55 1 0 0
gene  1 1 8 -2.743646281303233 0 98.0 -2.743646281303233 1
gene  1 2 8 -6.268379736366706 0 99.0 -6.268379736366706 1
gene  1 3 8 2.3644127385895755 0 100.0 2.3644127385895755 1
gene  1 4 8 -7.588037752828728 0 101.0 -7.588037752828728 1
gene  1 5 8 -6.380506936148915 0 102.0 -6.380506936148915 1
gene  1 6 8 -2.690641121984868 0 103.0 -2.690641121984868 1
gene  1 8 8 3.0792060714107086 1 105.0 3.0792060714107086 1
gene  1 13 8 -1.6552878011806986 1 110.0 -1.6552878011806986 1
gene  1 14 8 -6.219396307544165 1 111.0 -6.219396307544165 1
gene  1 3 13 -1.8535106814964482 0 170.0 -1.8535106814964482 1
gene  1 5 13 2.0063125146874956 0 172.0 2.0063125146874956 1
gene  1 7 13 0.7194726993680612 0 174.0 0.7194726993680612 1
gene  1 13 13 3.2648425489661212 1 180.0 3.2648425489661212 1
gene  1 2 14 -0.7246560558183037 0 183.0 -0.7246560558183037 1
gene  1 4 14 -0.6231378712778709 0 185.0 -0.6231378712778709 1
gene  1 6 14 -1.9095272408228758 0 187.0 -1.9095272408228758 1
gene  1 8 14 4.665849261474244 0 189.0 4.665849261474244 1
gene  1 13 14 -14.723219059639963 0 194.0 -14.723219059639963 1
gene  1 13 16 1.1576875612795747 0 201.0 1.1576875612795747 1
gene  1 16 14 4.168194364737287 0 202.0 4.168194364737287 1
gene  1 3 20 -3.53366039877145 0 215.0 -3.53366039877145 1
gene  1 20 8 -4.30612423784583 0 216.0 -4.30612423784583 1
gene  1 8 13 -8.17971740243657 0 233.0 -8.17971740243657 1
gene  1 2 16 0.6002773851039414 0 324.0 0.6002773851039414 1
gene  1 2 20 -5.582388552703947 0 333.0 -5.582388552703947 1
gene  1 7 8 -1.693449606318886 0 352.0 -1.693449606318886 1
gene  1 16 50 -2.4029786101133226 0 364.0 -2.4029786101133226 1
gene  1 50 14 -3.1183224439891184 0 365.0 -3.1183224439891184 1
gene  1 3 55 1.8638426490762878 0 379.0 1.8638426490762878 1
gene  1 55 20 -3.725541345461594 0 380.0 -3.725541345461594 1
genomeend 7
genomestart  8
trait 1 0.7748407867188624 0.0 0.0 0.0 1.7799059348361965 1.021634367088284 0.7227535952013976 0.03711240661335824 
node 1 1 1 1
node 2 1 1 1
node 3 1 1 1
node 4 1 1 1
node 5 1 1 1
node 6 1 1 1
node 7 1 1 3
node 8 1 0 0
node 13 1 0 2
node 14 1 0 2
node 16 1 0 0
node 20 1 0 0
node 50 1 0 0
node 55 1 0 0
gene  1 1 8 -1.8233075884226013 0 98.0 -1.8233075884226013 1
gene  1 2 8 -4.185617763431486 0 99.0 -4.185617763431486 1
gene  1 3 8 5.574602602048619 0 100.0 5.574602602048619 1
gene  1 4 8 -5.381577388402521 0 101.0 -5.381577388402521 1
gene  1 5 8 -8.33828212467861 0 102.0 -8.33828212467861 1
gene  1 6 8 -5.3043612020572715 0 103.0 -5.3043612020572715 1
gene  1 8 8 2.639478050296918 1 105.0 2.639478050296918 1
gene  1 13 8 1.3441931933071192 1 110.0 1.3441931933071192 1
gene  1 14 8 -7.82839006081275 1 111.0 -7.82839006081275 1
gene  1 3 13 -1.9369059630660426 0 170.0 -1.9369059630660426 1
gene  1 5 13 0.25210004851027684 0 172.0 0.25210004851027684 1
gene  1 7 13 -0.5755940758245425 0 174.0 -0.5755940758245425 1
gene  1 13 13 2.8943165293404167 1 180.0 2.8943165293404167 1
gene  1 2 14 -2.3738206461731566 0 183.0 -2.3738206461731566 1
gene  1 4 14 -1.1041205219148087 0 185.0 -1.1041205219148087 1
gene  1 6 14 -2.384802997006834 0 187.0 -2.384802997006834 1
gene  1 8 14 4.477870432672048 0 189.0 4.477870432672048 1
gene  1 13 14 -13.721582335347948 0 194.0 -13.721582335347948 1
gene  1 13 16 4.408923492117255 0 201.0 4.408923492117255 1
gene  1 16 14 5.233335973794513 0 202.0 5.233335973794513 1
gene  1 3 20 -2.0029434153412478 0 215.0 -2.0029434153412478 1
gene  1 20 8 0.17851011942475692 0 216.0 0.17851011942475692 1
gene  1 8 13 -8.186134038754664 0 233.0 -8.186134038754664 1
gene  1 2 16 -1.2937566843805985 0 324.0 -1.2937566843805985 1
gene  1 2 20 -4.931417802927788 0 333.0 -4.931417802927788 1
gene  1 7 8 2.165571490047158 0 352.0 2.165571490047158 1
gene  1 16 50 -1.8792160830251792 0 364.0 -1.8792160830251792 1
gene  1 50 14 -0.6659147951971289 0 365.0 -0.6659147951971289 1
gene  1 3 55 1.2519919616720192 0 379.0 1.2519919616720192 1
gene  1 55 20 -5.925627353189291 0 380.0 -5.925627353189291 1
genomeend 8
genomestart  9
trait 1 0.0 0.2763675853393155 0.875982788337901 0.7948206016704883 0.358711806223011 0.9714201015196656 0.0 0.6764016660929384 
node 1 1 1 1
node 2 1 1 1
node 3 1 1 1
node 4 1 1 1
node 5 1 1 1
node 6 1 1 1
node 7 1 1 3
node 8 1 0 0
node 9 1 0 0
node 10 1 0 0
node 13 1 0 2
node 14 1 0 2
node 21 1 0 0
node 29 1 0 0
node 52 1 0 0
node 53 1 0 0
gene  1 1 8 -1.127803347101434 0 98.0 -1.127803347101434 1
gene  1 3 8 -4.607268384373751 0 100.0 -4.607268384373751 1
gene  1 5 8 -1.4518033662747911 0 102.0 -1.4518033662747911 1
gene  1 6 8 -4.428654608502966 0 103.0 -4.428654608502966 1
gene  1 8 8 -1.5447564321652663 1 105.0 -1.5447564321652663 1
gene  1 1 9 -4.38517909410692 0 112.0 -4.38517909410692 1
gene  1 2 9 1.7019581560662258 0 113.0 1.7019581560662258 1
gene  1 3 9 -7.231045080115754 0 114.0 -7.231045080115754 1
gene  1 5 9 0.1691036870101672 0 116.0 0.1691036870101672 1
gene  1 7 9 -3.177236439342256 0 118.0 -3.177236439342256 1
gene  1 9 9 -3.2796892058338543 1 120.0 -3.2796892058338543 1
gene  1 10 9 4.083710530227236 1 121.0 4.083710530227236 1
gene  1 13 9 -2.8930437602333567 1 124.0 -2.8930437602333567 1
gene  1 2 10 13.17962372833494 0 127.0 13.17962372833494 1
gene  1 4 10 -1.675028525572987 0 129.0 -1.675028525572987 1
gene  1 5 10 -10.224444899851813 0 130.0 -10.224444899851813 1
gene  1 8 10 -3.5776875216028126 0 133.0 -3.5776875216028126 1
gene  1 9 10 -0.5511580456238905 0 134.0 -0.5511580456238905 1
gene  1 10 10 2.335279606395773 1 135.0 2.335279606395773 1
gene  1 13 10 -2.4223255850893315 1 138.0 -2.4223255850893315 1
gene  1 14 10 -1.7731879825233512 1 139.0 -1.7731879825233512 1
gene  1 2 13 0.9364366324481086 0 169.0 0.9364366324481086 1
gene  1 3 13 -1.2315506614261236 0 170.0 -1.2315506614261236 1
gene  1 6 13 2.4063303937067637 0 173.0 2.4063303937067637 1
gene  1 7 13 -1.1489056552225494 0 174.0 -1.1489056552225494 1
gene  1 9 13 0.35558108499101904 0 176.0 0.35558108499101904 1
gene  1 13 13 0.6836777892118047 1 180.0 0.6836777892118047 1
gene  1 14 13 -1.4017429684642804 1 181.0 -1.4017429684642804 1
gene  1 1 14 11.076652144300912 0 182.0 11.076652144300912 1
gene  1 3 14 -2.2292498439000212 0 184.0 -2.2292498439000212 1
gene  1 9 14 -9.682686938132106 0 190.0 -9.682686938132106 0
gene  1 10 14 -0.012777139333057519 0 191.0 -0.012777139333057519 1
gene  1 1 21 -1.0391353900298013 0 218.0 -1.0391353900298013 1
gene  1 21 8 1.5029851608569378 0 219.0 1.5029851608569378 1
gene  1 3 10 2.4449720652340066 0 223.0 2.4449720652340066 1
gene  1 6 29 0.907358699379808 0 259.0 0.907358699379808 1
gene  1 29 8 4.853109225732743 0 260.0 4.853109225732743 1
gene  1 29 21 2.9398463928915737 0 271.0 2.9398463928915737 1
gene  1 3 21 -0.8510191324383506 0 300.0 -0.8510191324383506 1
gene  1 9 52 2.4491901273137415 0 368.0 2.4491901273137415 1
gene  1 52 14 -0.27671122576330043 0 369.0 -0.27671122576330043 1
gene  1 1 53 -2.6819926859865926 0 372.0 -2.6819926859865926 1
gene  1 53 21 -5.572787610069371 0 373.0 -5.572787610069371 1
genomeend 9
genomestart  10
trait 1 0.0 0.2763675853393155 0.875982788337901 0.24064218469013132 0.358711806223011 1.340081719536911 0.0 0.6764016660929384 
node 1 1 1 1
node 2 1 1 1
node 3 1 1 1
node 4 1 1 1
node 5 1 1 1
node 6 1 1 1
node 7 1 1 3
node 8 1 0 0
node 9 1 0 0
node 10 1 0 0
node 13 1 0 2
node 14 1 0 2
node 21 1 0 0
node 29 1 0 0
node 52 1 0 0
node 53 1 0 0
gene  1 1 8 -1.826181532965475 0 98.0 -1.826181532965475 1
gene  1 3 8 -6.184839298951505 0 100.0 -6.184839298951505 1
gene  1 5 8 2.743220439378708 0 102.0 2.743220439378708 1
gene  1 6 8 -1.9559923760699593 0 103.0 -1.9559923760699593 1
gene  1 8 8 1.6925087800075855 1 105.0 1.6925087800075855 1
gene  1 1 9 -4.6855342782330425 0 112.0 -4.6855342782330425 1
gene  1 2 9 0.23421359410247966 0 113.0 0.23421359410247966 1
gene  1 3 9 -9.705513093240446 0 114.0 -9.705513093240446 1
gene  1 5 9 -1.011295535856302 0 116.0 -1.011295535856302 1
gene  1 7 9 -1.2613364587916351 0 118.0 -1.2613364587916351 1
gene  1 9 9 -5.869572030719597 1 120.0 -5.869572030719597 1
gene  1 10 9 0.9239402208226042 1 121.0 0.9239402208226042 1
gene  1 13 9 -2.398171413612862 1 124.0 -2.398171413612862 1
gene  1 2 10 11.356966943151619 0 127.0 11.356966943151619 1
gene  1 4 10 2.318552400986737 0 129.0 2.318552400986737 1
gene  1 5 10 -12.295814882555614 0 130.0 -12.295814882555614 1
gene  1 8 10 -0.3195988503671874 0 133.0 -0.3195988503671874 1
gene  1 9 10 1.6888647020083294 0 134.0 1.6888647020083294 1
gene  1 10 10 3.842832632062305 1 135.0 3.842832632062305 1
gene  1 13 10 7.32897964420954 1 138.0 7.32897964420954 1
gene  1 14 10 -2.9780053260768624 1 139.0 -2.9780053260768624 1
gene  1 2 13 -1.152150744533301 0 169.0 -1.152150744533301 1
gene  1 3 13 -0.01708169471668164 0 170.0 -0.01708169471668164 1
gene  1 6 13 0.747266279623561 0 173.0 0.747266279623561 1
gene  1 7 13 1.2656920090035466 0 174.0 1.2656920090035466 1
gene  1 9 13 6.921347888099286 0 176.0 6.921347888099286 1
gene  1 13 13 -2.8531398575359948 1 180.0 -2.8531398575359948 1
gene  1 14 13 -2.2421397302661905 1 181.0 -2.2421397302661905 1
gene  1 1 14 11.04675184192947 0 182.0 11.04675184192947 1
gene  1 3 14 -8.448263074345128 0 184.0 -8.448263074345128 1
gene  1 9 14 -9.568967775570181 0 190.0 -9.568967775570181 0
gene  1 10 14 0.2713831879732767 0 191.0 0.2713831879732767 1
gene  1 1 21 2.033811075546113 0 218.0 2.033811075546113 1
gene  1 21 8 3.782950476467554 0 219.0 3.782950476467554 1
gene  1 3 10 0.9860776108282547 0 223.0 0.9860776108282547 1
gene  1 6 29 -2.098629437530505 0 259.0 -2.098629437530505 1
gene  1 29 8 1.3265519962925107 0 260.0 1.3265519962925107 1
gene  1 29 21 5.200010586537797 0 271.0 5.200010586537797 1
gene  1 3 21 -0.9263686279157803 0 300.0 -0.9263686279157803 1
gene  1 9 52 -4.348812441586143 0 368.0 -4.348812441586143 1
gene  1 52 14 1.5630125347193062 0 369.0 1.5630125347193062 1
gene  1 1 53 -2.2026652806926434 0 372.0 -2.2026652806926434 1
gene  1 53 21 -5.572787610069371 0 373.0 -5.572787610069371 1
genomeend 10
genomestart  11
trait 1 0.0 0.2763675853393155 0.875982788337901 0.7948206016704883 0.358711806223011 0.9714201015196656 0.0 0.6764016660929384 
node 1 1 1 1
node 2 1 1 1
node 3 1 1 1
node 4 1 1 1
node 5 1 1 1
node 6 1 1 1
node 7 1 1 3
node 8 1 0 0
node 9 1 0 0
node 10 1 0 0
node 13 1 0 2
node 14 1 0 2
node 21 1 0 0
node 29 1 0 0
node 52 1 0 0
node 53 1 0 0
gene  1 1 8 -1.4106054153854937 0 98.0 -1.4106054153854937 1
gene  1 3 8 -6.306031275044257 0 100.0 -6.306031275044257 1
gene  1 5 8 5.814210970919532 0 102.0 5.814210970919532 1
gene  1 6 8 -2.801808386000438 0 103.0 -2.801808386000438 1
gene  1 8 8 0.153539462643918 1 105.0 0.153539462643918 1
gene  1 1 9 -2.5869990513635943 0 112.0 -2.5869990513635943 1
gene  1 2 9 -2.7459618331575872 0 113.0 -2.7459618331575872 1
gene  1 3 9 -8.936002844465602 0 114.0 -8.936002844465602 1
gene  1 5 9 -0.8276391966881804 0 116.0 -0.8276391966881804 1
gene  1 7 9 0.9978863669480087 0 118.0 0.9978863669480087 1
gene  1 9 9 -4.726175924748802 1 120.0 -4.726175924748802 1
gene  1 10 9 4.321317463009107 1 121.0 4.321317463009107 1
gene  1 13 9 -5.2861309149444375 1 124.0 -5.2861309149444375 1
gene  1 2 10 14.456757868130042 0 127.0 14.456757868130042 1
gene  1 4 10 -0.2594574998309375 0 129.0 -0.2594574998309375 1
gene  1 5 10 -9.098943896394893 0 130.0 -9.098943896394893 1
gene  1 8 10 -4.4728374890595965 0 133.0 -4.4728374890595965 1
gene  1 9 10 -1.2120351824162998 0 134.0 -1.2120351824162998 1
gene  1 10 10 2.8615651556711335 1 135.0 2.8615651556711335 1
gene  1 13 10 3.3443722774430737 1 138.0 3.3443722774430737 1
gene  1 14 10 -0.6410475877834674 1 139.0 -0.6410475877834674 1
gene  1 2 13 2.9284604992203427 0 169.0 2.9284604992203427 1
gene  1 3 13 -2.800735785018089 0 170.0 -2.800735785018089 1
gene  1 6 13 -1.0562232592705738 0 173.0 -1.0562232592705738 1
gene  1 7 13 -2.02958105789383 0 174.0 -2.02958105789383 1
gene  1 9 13 2.9190765931741427 0 176.0 2.9190765931741427 1
gene  1 13 13 -4.109335160742972 1 180.0 -4.109335160742972 1
gene  1 14 13 -0.5615971791712872 1 181.0 -0.5615971791712872 1
gene  1 1 14 8.979352842172792 0 182.0 8.979352842172792 1
gene  1 3 14 -10.708725783831568 0 184.0 -10.708725783831568 1
gene  1 9 14 -10.467171587536384 0 190.0 -10.467171587536384 0
gene  1 10 14 -0.08726386355476784 0 191.0 -0.08726386355476784 1
gene  1 1 21 2.6957958836401197 0 218.0 2.6957958836401197 1
gene  1 21 8 3.9269601404843453 0 219.0 3.9269601404843453 1
gene  1 3 10 -1.7070169818368177 0 223.0 -1.7070169818368177 1
gene  1 6 29 0.2829305800880169 0 259.0 0.2829305800880169 1
gene  1 29 8 5.833494505019638 0 260.0 5.833494505019638 1
gene  1 29 21 4.504736144726478 0 271.0 4.504736144726478 1
gene  1 3 21 -0.9263686279157803 0 300.0 -0.9263686279157803 1
gene  1 9 52 1.0741268109654936 0 368.0 1.0741268109654936 1
gene  1 52 14 3.1678408794140838 0 369.0 3.1678408794140838 1
gene  1 1 53 -3.341995255925708 0 372.0 -3.341995255925708 1
gene  1 53 21 -5.836014043976264 0 373.0 -5.836014043976264 1
genomeend 11
genomestart  12
trait 1 1.2278199519511421 0.8431431947056619 0.4185672944766822 0.24340368269336865 0.3977567512441774 1.7239330509845825 0.9233259469650144 0.0 
node 1 1 1 1
node 2 1 1 1
node 3 1 1 1
node 4 1 1 1
node 5 1 1 1
node 6 1 1 1
node 7 1 1 3
node 13 1 0 2
node 14 1 0 2
node 42 1 0 0
node 61 1 0 0
gene  1 1 13 -0.8949759264314547 0 168.0 -0.8949759264314547 1
gene  1 2 13 -0.4213637600671811 0 169.0 -0.4213637600671811 1
gene  1 3 13 -1.372182443039501 0 170.0 -1.372182443039501 1
gene  1 4 13 -0.6820382454250532 0 171.0 -0.6820382454250532 1
gene  1 5 13 -1.4874289039830435 0 172.0 -1.4874289039830435 0
gene  1 6 13 10.25182094089895 0 173.0 10.25182094089895 1
gene  1 7 13 2.696792807527263 0 174.0 2.696792807527263 1
gene  1 14 13 -0.5674308682261835 1 181.0 -0.5674308682261835 1
gene  1 1 14 -0.20450636887981788 0 182.0 -0.20450636887981788 1
gene  1 2 14 1.7824988125232477 0 183.0 1.7824988125232477 1
gene  1 3 14 2.969895689456527 0 184.0 2.969895689456527 1
gene  1 13 14 -1.2508557926315833 0 194.0 -1.2508557926315833 1
gene  1 14 14 0.18747572944708324 1 195.0 0.18747572944708324 1
gene  1 6 14 -4.231436096445444 0 230.0 -4.231436096445444 1
gene  1 4 14 -0.8453989649622349 0 312.0 -0.8453989649622349 1
gene  1 2 42 0.2161327389548201 0 320.0 0.2161327389548201 1
gene  1 42 13 -3.1581948550107897 0 321.0 -3.1581948550107897 1
gene  1 6 42 0.12874824187773948 0 349.0 0.12874824187773948 1
gene  1 7 14 5.487895029033432 0 353.0 5.487895029033432 1
gene  1 7 42 1.912750087267953 0 395.0 1.912750087267953 1
gene  1 5 61 1.0 0 408.0 1.0 1
gene  1 61 13 -0.9658733200323413 0 409.0 -0.9658733200323413 1
genomeend 12
genomestart  13
trait 1 0.5031937912988503 0.0 0.0 0.7829824703357012 0.0 0.34443587063922654 1.458500715638835 0.0 
node 1 1 1 1
node 2 1 1 1
node 3 1 1 1
node 4 1 1 1
node 5 1 1 1
node 6 1 1 1
node 7 1 1 3
node 8 1 0 0
node 13 1 0 2
node 14 1 0 2
node 49 1 0 0
node 59 1 0 0
gene  1 4 8 -0.652069102970489 0 101.0 -0.652069102970489 1
gene  1 5 8 -7.693097258574416 0 102.0 -7.693097258574416 1
gene  1 6 8 -5.566914429819842 0 103.0 -5.566914429819842 1
gene  1 14 8 4.998224346891124 1 111.0 4.998224346891124 1
gene  1 1 13 -3.781164648081049 0 168.0 -3.781164648081049 1
gene  1 2 13 3.4446419435207343 0 169.0 3.4446419435207343 1
gene  1 3 13 0.3582264440745049 0 170.0 0.3582264440745049 1
gene  1 5 13 1.7194361298098948 0 172.0 1.7194361298098948 1
gene  1 7 13 -9.085952072113908 0 174.0 -9.085952072113908 1
gene  1 14 13 4.203529244641839 1 181.0 4.203529244641839 1
gene  1 1 14 8.081875795763283 0 182.0 8.081875795763283 1
gene  1 2 14 -0.4505619151622028 0 183.0 -0.4505619151622028 1
gene  1 3 14 -5.276868804302527 0 184.0 -5.276868804302527 1
gene  1 4 14 1.330492991466737 0 185.0 1.330492991466737 1
gene  1 8 14 0.5448577670829144 0 189.0 0.5448577670829144 1
gene  1 14 14 -1.1848758714289591 1 195.0 -1.1848758714289591 1
gene  1 6 14 -1.4452160957226698 0 240.0 -1.4452160957226698 1
gene  1 8 13 -3.2981219602982415 0 311.0 -3.2981219602982415 1
gene  1 14 13 1.4122078256350457 0 322.0 1.4122078256350457 1
gene  1 2 49 0.1635273174373672 0 362.0 0.1635273174373672 1
gene  1 49 14 0.4693901033588974 0 363.0 0.4693901033588974 1
gene  1 3 8 0.5886634588955881 0 393.0 0.5886634588955881 1
gene  1 49 59 1.632606725696817 0 401.0 1.632606725696817 1
gene  1 59 14 -0.6986327274343331 0 402.0 -0.6986327274343331 1
gene  1 2 59 3.588506815279264 0 403.0 3.588506815279264 1
genomeend 13
genomestart  14
trait 1 0.4052735378133179 0.3434669452255633 0.0 0.12721224234746276 0.0 0.34443587063922654 0.7758769761228005 0.0 
node 1 1 1 1
node 2 1 1 1
node 3 1 1 1
node 4 1 1 1
node 5 1 1 1
node 6 1 1 1
node 7 1 1 3
node 8 1 0 0
node 13 1 0 2
node 14 1 0 2
node 49 1 0 0
node 59 1 0 0
gene  1 4 8 -1.8930315323990226 0 101.0 -1.8930315323990226 1
gene  1 5 8 -6.160158656888892 0 102.0 -6.160158656888892 1
gene  1 6 8 -7.339015955359011 0 103.0 -7.339015955359011 1
gene  1 14 8 1.1825553926076893 1 111.0 1.1825553926076893 1
gene  1 1 13 -3.5783033024943167 0 168.0 -3.5783033024943167 1
gene  1 2 13 2.4315960046587666 0 169.0 2.4315960046587666 1
gene  1 3 13 -3.2067770354859215 0 170.0 -3.2067770354859215 1
gene  1 5 13 2.6110173030535186 0 172.0 2.6110173030535186 1
gene  1 7 13 -13.34088125931747 0 174.0 -13.34088125931747 1
gene  1 14 13 4.236047131533439 1 181.0 4.236047131533439 1
gene  1 1 14 6.566715456976947 0 182.0 6.566715456976947 1
gene  1 2 14 1.504495800298025 0 183.0 1.504495800298025 1
gene  1 3 14 -0.6114607443483524 0 184.0 -0.6114607443483524 1
gene  1 4 14 2.754686957882022 0 185.0 2.754686957882022 1
gene  1 8 14 -1.8471013495032298 0 189.0 -1.8471013495032298 1
gene  1 14 14 -3.011778621707303 1 195.0 -3.011778621707303 1
gene  1 6 14 1.8709221617593397 0 240.0 1.8709221617593397 1
gene  1 8 13 -1.7271125589678196 0 311.0 -1.7271125589678196 1
gene  1 14 13 3.6376448399810473 0 322.0 3.6376448399810473 1
gene  1 2 49 2.6180433454520586 0 362.0 2.6180433454520586 1
gene  1 49 14 -3.35478238125176 0 363.0 -3.35478238125176 0
gene  1 3 8 2.5028571722318196 0 393.0 2.5028571722318196 1
gene  1 49 59 -0.2608933030018148 0 401.0 -0.2608933030018148 1
gene  1 59 14 2.1325520980655863 0 402.0 2.1325520980655863 1
gene  1 2 59 6.589044803612248 0 403.0 6.589044803612248 1
genomeend 14
genomestart  15
trait 1 0.6191963994983718 1.8437409326683576 0.7816155317589891 0.49951333318806035 0.760472394127403 2.2133304098674773 0.0 0.0 
node 1 1 1 1
node 2 1 1 1
node 3 1 1 1
node 4 1 1 1
node 5 1 1 1
node 6 1 1 1
node 7 1 1 3
node 8 1 0 0
node 9 1 0 0
node 10 1 0 0
node 11 1 0 0
node 12 1 0 0
node 13 1 0 2
node 14 1 0 2
node 27 1 0 0
node 34 1 0 0
node 40 1 0 0
node 48 1 0 0
gene  1 1 8 -4.261407523057176 0 98.0 -4.261407523057176 1
gene  1 3 8 1.7767153405395697 0 100.0 1.7767153405395697 0
gene  1 4 8 0.6244236934116963 0 101.0 0.6244236934116963 1
gene  1 6 8 1.9790569793469421 0 103.0 1.9790569793469421 1
gene  1 8 8 -0.04863717726628647 1 105.0 -0.04863717726628647 1
gene  1 10 8 1.6433813376864628 1 107.0 1.6433813376864628 1
gene  1 3 9 -7.064389225837474 0 114.0 -7.064389225837474 1
gene  1 6 9 1.536679286062907 0 117.0 1.536679286062907 1
gene  1 8 9 4.004551246840533 0 119.0 4.004551246840533 1
gene  1 10 9 -2.2800956845939306 1 121.0 -2.2800956845939306 1
gene  1 11 9 0.014441536123805498 1 122.0 0.014441536123805498 1
gene  1 13 9 0.8273732253528401 1 124.0 0.8273732253528401 1
gene  1 14 9 -0.23992114351329574 1 125.0 -0.23992114351329574 1
gene  1 1 10 -0.17334453961999108 0 126.0 -0.17334453961999108 1
gene  1 3 10 10.493871564814086 0 128.0 10.493871564814086 1
gene  1 4 10 -1.3198891897086893 0 129.0 -1.3198891897086893 1
gene  1 5 10 -5.527488169389484 0 130.0 -5.527488169389484 1
gene  1 9 10 -1.0317479431738354 0 134.0 -1.0317479431738354 1
gene  1 13 10 -7.917194001221061 1 138.0 -7.917194001221061 1
gene  1 1 11 1.6535455466493578 0 140.0 1.6535455466493578 1
gene  1 3 11 2.0554367447632504 0 142.0 2.0554367447632504 1
gene  1 5 11 -3.9773235207798745 0 144.0 -3.9773235207798745 1
gene  1 9 11 0.25581801103679647 0 148.0 0.25581801103679647 1
gene  1 10 11 -3.7003428528867093 0 149.0 -3.7003428528867093 1
gene  1 12 11 -8.498248679802156 1 151.0 -8.498248679802156 1
gene  1 14 11 -3.8905507045925174 1 153.0 -3.8905507045925174 1
gene  1 2 12 0.6956309209587674 0 155.0 0.6956309209587674 1
gene  1 4 12 -3.0699503872486242 0 157.0 -3.0699503872486242 1
gene  1 6 12 13.077983631124539 0 159.0 13.077983631124539 1
gene  1 7 12 4.295533425036871 0 160.0 4.295533425036871 1
gene  1 9 12 -4.15662685944471 0 162.0 -4.15662685944471 1
gene  1 10 12 2.309039039864688 0 163.0 2.309039039864688 1
gene  1 12 12 -1.3238352337044759 1 165.0 -1.3238352337044759 1
gene  1 14 12 -1.667084561895008 1 167.0 -1.667084561895008 1
gene  1 1 13 6.4591916073041045 0 168.0 6.4591916073041045 1
gene  1 3 13 -2.0698291835495675 0 170.0 -2.0698291835495675 1
gene  1 4 13 1.2558707490149998 0 171.0 1.2558707490149998 1
gene  1 6 13 -1.7028890727420034 0 173.0 -1.7028890727420034 1
gene  1 8 13 4.985903550441382 0 175.0 4.985903550441382 1
gene  1 9 13 -4.77981819155808 0 176.0 -4.77981819155808 1
gene  1 8 14 2.3794494984531944 0 189.0 2.3794494984531944 1
gene  1 11 14 17.04005046500476 0 192.0 17.04005046500476 1
gene  1 5 8 -1.964171811119117 0 235.0 -1.964171811119117 1
gene  1 1 27 -3.288671119484601 0 241.0 -3.288671119484601 1
gene  1 27 8 -3.26504568951443 0 242.0 -3.26504568951443 1
gene  1 9 34 -0.8899129916334274 0 272.0 -0.8899129916334274 1
gene  1 34 11 0.9631314484594671 0 273.0 0.9631314484594671 1
gene  1 5 13 2.9757124169973763 0 277.0 2.9757124169973763 1
gene  1 12 14 -2.3791542486869806 0 296.0 -2.3791542486869806 1
gene  1 8 40 -1.4304768529656646 1 308.0 -1.4304768529656646 1
gene  1 40 8 -2.621981738838763 0 309.0 -2.621981738838763 1
gene  1 10 14 1.6124963157105807 0 341.0 1.6124963157105807 1
gene  1 3 48 -1.4592881612222959 0 360.0 -1.4592881612222959 1
gene  1 48 8 -6.0429335740436105 0 361.0 -6.0429335740436105 1
gene  1 10 13 -0.12592006570359832 0 404.0 -0.12592006570359832 1
genomeend 15
genomestart  16
trait 1 0.6191963994983718 1.8437409326683576 0.7816155317589891 0.49951333318806035 0.760472394127403 2.2133304098674773 0.0 0.0 
node 1 1 1 1
node 2 1 1 1
node 3 1 1 1
node 4 1 1 1
node 5 1 1 1
node 6 1 1 1
node 7 1 1 3
node 8 1 0 0
node 9 1 0 0
node 10 1 0 0
node 11 1 0 0
node 12 1 0 0
node 13 1 0 2
node 14 1 0 2
node 27 1 0 0
node 34 1 0 0
node 40 1 0 0
node 48 1 0 0
gene  1 1 8 -2.4680874580628105 0 98.0 -2.4680874580628105 1
gene  1 3 8 -1.2920984033180125 0 100.0 -1.2920984033180125 0
gene  1 4 8 2.1924724876067057 0 101.0 2.1924724876067057 1
gene  1 6 8 1.0392526419384538 0 103.0 1.0392526419384538 1
gene  1 8 8 -1.9812944589851935 1 105.0 -1.9812944589851935 1
gene  1 10 8 -1.0069319364787337 1 107.0 -1.0069319364787337 1
gene  1 3 9 -5.244417339347203 0 114.0 -5.244417339347203 1
gene  1 6 9 2.1243011305986848 0 117.0 2.1243011305986848 1
gene  1 8 9 1.5821812939344013 0 119.0 1.5821812939344013 1
gene  1 10 9 -2.8901618708372956 1 121.0 -2.8901618708372956 1
gene  1 11 9 -0.4530828719433365 1 122.0 -0.4530828719433365 1
gene  1 13 9 -0.849293091822839 1 124.0 -0.849293091822839 1
gene  1 14 9 -1.394066106954852 1 125.0 -1.394066106954852 1
gene  1 1 10 -3.3003809059714304 0 126.0 -3.3003809059714304 1
gene  1 3 10 8.790952898592877 0 128.0 8.790952898592877 1
gene  1 4 10 0.7470970606264777 0 129.0 0.7470970606264777 1
gene  1 5 10 -6.392701032307722 0 130.0 -6.392701032307722 1
gene  1 9 10 -2.4113515325076933 0 134.0 -2.4113515325076933 1
gene  1 13 10 -5.515849178487425 1 138.0 -5.515849178487425 1
gene  1 1 11 -1.0066336513760394 0 140.0 -1.0066336513760394 1
gene  1 3 11 -1.9578449745685602 0 142.0 -1.9578449745685602 1
gene  1 5 11 0.00578749037380355 0 144.0 0.00578749037380355 1
gene  1 9 11 1.9417206347616267 0 148.0 1.9417206347616267 1
gene  1 10 11 -4.386069264069457 0 149.0 -4.386069264069457 1
gene  1 12 11 -8.194189161067808 1 151.0 -8.194189161067808 1
gene  1 14 11 -0.425169032955528 1 153.0 -0.425169032955528 1
gene  1 2 12 1.168022557387015 0 155.0 1.168022557387015 1
gene  1 4 12 -3.7223944376376683 0 157.0 -3.7223944376376683 1
gene  1 6 12 11.018339985218581 0 159.0 11.018339985218581 1
gene  1 7 12 2.0946571485466707 0 160.0 2.0946571485466707 1
gene  1 9 12 -2.489682208315936 0 162.0 -2.489682208315936 1
gene  1 10 12 -1.2858246889911793 0 163.0 -1.2858246889911793 1
gene  1 12 12 -2.67528870270657 1 165.0 -2.67528870270657 1
gene  1 14 12 0.6973108204846616 1 167.0 0.6973108204846616 1
gene  1 1 13 9.700792923200428 0 168.0 9.700792923200428 1
gene  1 3 13 -2.3230561148390008 0 170.0 -2.3230561148390008 1
gene  1 4 13 -1.5068747346359364 0 171.0 -1.5068747346359364 1
gene  1 6 13 -0.2634560938445334 0 173.0 -0.2634560938445334 1
gene  1 8 13 2.2827808333011697 0 175.0 2.2827808333011697 1
gene  1 9 13 -4.202856723007892 0 176.0 -4.202856723007892 1
gene  1 8 14 1.6557121137450956 0 189.0 1.6557121137450956 1
gene  1 11 14 19.51958646228894 0 192.0 19.51958646228894 1
gene  1 5 8 -2.2873447922588874 0 235.0 -2.2873447922588874 1
gene  1 1 27 -2.6956789575974476 0 241.0 -2.6956789575974476 1
gene  1 27 8 1.757278620309615 0 242.0 1.757278620309615 1
gene  1 9 34 -0.5683666202470186 0 272.0 -0.5683666202470186 1
gene  1 34 11 3.6216800833920226 0 273.0 3.6216800833920226 1
gene  1 5 13 3.1736439576668176 0 277.0 3.1736439576668176 1
gene  1 12 14 -1.4649808778696891 0 296.0 -1.4649808778696891 1
gene  1 8 40 -0.28201840575567916 1 308.0 -0.28201840575567916 1
gene  1 40 8 -3.272945763064859 0 309.0 -3.272945763064859 1
gene  1 10 14 6.482112768723715 0 341.0 6.482112768723715 1
gene  1 3 48 -0.4182321867153649 0 360.0 -0.4182321867153649 1
gene  1 48 8 -4.159632476764191 0 361.0 -4.159632476764191 1
gene  1 10 13 0.24300405902578037 0 404.0 0.24300405902578037 1
genomeend 16
genomestart  17
trait 1 0.6191963994983718 1.8437409326683576 0.7816155317589891 0.49951333318806035 0.760472394127403 2.2133304098674773 0.0 0.0 
node 1 1 1 1
node 2 1 1 1
node 3 1 1 1
node 4 1 1 1
node 5 1 1 1
node 6 1 1 1
node 7 1 1 3
node 8 1 0 0
node 9 1 0 0
node 10 1 0 0
node 11 1 0 0
node 12 1 0 0
node 13 1 0 2
node 14 1 0 2
node 27 1 0 0
node 34 1 0 0
node 40 1 0 0
node 48 1 0 0
gene  1 1 8 -0.22372762954607683 0 98.0 -0.22372762954607683 1
gene  1 3 8 -0.47736224831690977 0 100.0 -0.47736224831690977 0
gene  1 4 8 -0.4099747478012057 0 101.0 -0.4099747478012057 1
gene  1 6 8 -0.20918228654596716 0 103.0 -0.20918228654596716 1
gene  1 8 8 2.079855213692998 1 105.0 2.079855213692998 1
gene  1 10 8 -1.7454756008137235 1 107.0 -1.7454756008137235 1
gene  1 3 9 -8.812278410153105 0 114.0 -8.812278410153105 1
gene  1 6 9 0.9497953599864397 0 117.0 0.9497953599864397 1
gene  1 8 9 1.3358157781692905 0 119.0 1.3358157781692905 1
gene  1 10 9 -4.7058738259701975 1 121.0 -4.7058738259701975 1
gene  1 11 9 -2.2640772610716744 1 122.0 -2.2640772610716744 1
gene  1 13 9 2.0841266774528093 1 124.0 2.0841266774528093 1
gene  1 14 9 0.37695054460529276 1 125.0 0.37695054460529276 1
gene  1 1 10 -0.8093137197897484 0 126.0 -0.8093137197897484 1
gene  1 3 10 11.039499010341583 0 128.0 11.039499010341583 1
gene  1 4 10 0.7429852721608716 0 129.0 0.7429852721608716 1
gene  1 5 10 -5.070193070441632 0 130.0 -5.070193070441632 1
gene  1 9 10 -0.9365940778530542 0 134.0 -0.9365940778530542 1
gene  1 13 10 -6.449231393584615 1 138.0 -6.449231393584615 1
gene  1 1 11 -1.614753788723709 0 140.0 -1.614753788723709 1
gene  1 3 11 0.18425730927317535 0 142.0 0.18425730927317535 1
gene  1 5 11 -0.864359005560748 0 144.0 -0.864359005560748 1
gene  1 9 11 -0.8945229562647259 0 148.0 -0.8945229562647259 1
gene  1 10 11 -4.791061020372046 0 149.0 -4.791061020372046 1
gene  1 12 11 -8.427722332960938 1 151.0 -8.427722332960938 1
gene  1 14 11 -4.204910243193833 1 153.0 -4.204910243193833 1
gene  1 2 12 -0.7009555254940005 0 155.0 -0.7009555254940005 1
gene  1 4 12 -4.9195273358497005 0 157.0 -4.9195273358497005 1
gene  1 6 12 8.872498826504689 0 159.0 8.872498826504689 1
gene  1 7 12 6.2827102523925475 0 160.0 6.2827102523925475 1
gene  1 9 12 -2.425412623152071 0 162.0 -2.425412623152071 1
gene  1 10 12 1.9958863540171947 0 163.0 1.9958863540171947 1
gene  1 12 12 -3.0950513887975633 1 165.0 -3.0950513887975633 1
gene  1 14 12 -1.5087152166453441 1 167.0 -1.5087152166453441 1
gene  1 1 13 6.176757929084546 0 168.0 6.176757929084546 1
gene  1 3 13 -4.04539906885657 0 170.0 -4.04539906885657 1
gene  1 4 13 -0.8244908225103351 0 171.0 -0.8244908225103351 1
gene  1 6 13 0.6241552437091031 0 173.0 0.6241552437091031 1
gene  1 8 13 4.520215918414218 0 175.0 4.520215918414218 1
gene  1 9 13 0.45892222354843304 0 176.0 0.45892222354843304 1
gene  1 8 14 -0.28360953068127553 0 189.0 -0.28360953068127553 1
gene  1 11 14 19.35472056487369 0 192.0 19.35472056487369 1
gene  1 5 8 0.05270178637293066 0 235.0 0.05270178637293066 1
gene  1 1 27 -1.9384032942783418 0 241.0 -1.9384032942783418 1
gene  1 27 8 0.006607720221028179 0 242.0 0.006607720221028179 1
gene  1 9 34 0.7033558901971515 0 272.0 0.7033558901971515 1
gene  1 34 11 -0.14164516930532844 0 273.0 -0.14164516930532844 1
gene  1 5 13 3.477722143528239 0 277.0 3.477722143528239 1
gene  1 12 14 -1.6903798165406676 0 296.0 -1.6903798165406676 1
gene  1 8 40 -3.5128935706721593 1 308.0 -3.5128935706721593 1
gene  1 40 8 -1.798914710023308 0 309.0 -1.798914710023308 1
gene  1 10 14 1.7181810837726565 0 341.0 1.7181810837726565 1
gene  1 3 48 -1.9894857643177688 0 360.0 -1.9894857643177688 1
gene  1 48 8 -6.049839345216828 0 361.0 -6.049839345216828 1
gene  1 10 13 1.1119554816287645 0 404.0 1.1119554816287645 1
genomeend 17
genomestart  18
trait 1 0.33971452717739675 0.27695848508415316 1.2324307960896477 0.38263542198384 1.7668704662528345 0.8372542455634346 0.3613767976006988 0.3567570363531483 
node 1 1 1 1
node 2 1 1 1
node 3 1 1 1
node 4 1 1 1
node 5 1 1 1
node 6 1 1 1
node 7 1 1 3
node 8 1 0 0
node 9 1 0 0
node 10 1 0 0
node 13 1 0 2
node 14 1 0 2
node 16 1 0 0
node 21 1 0 0
node 29 1 0 0
node 52 1 0 0
node 53 1 0 0
gene  1 1 8 0.6675867919957317 0 98.0 0.6675867919957317 1
gene  1 2 8 3.70718855099524 0 99.0 3.70718855099524 1
gene  1 3 8 -0.47595585173237565 0 100.0 -0.47595585173237565 1
gene  1 4 8 -7.483421138715514 0 101.0 -7.483421138715514 1
gene  1 5 8 -2.9626406445319016 0 102.0 -2.9626406445319016 1
gene  1 6 8 -0.5699228338868263 0 103.0 -0.5699228338868263 1
gene  1 8 8 -0.10177940991392553 1 105.0 -0.10177940991392553 1
gene  1 13 8 -4.472328127569966 1 110.0 -4.472328127569966 1
gene  1 14 8 -9.964841699754775 1 111.0 -9.964841699754775 1
gene  1 3 13 2.871899549810604 0 170.0 2.871899549810604 1
gene  1 5 13 0.34738923480160255 0 172.0 0.34738923480160255 1
gene  1 7 13 -2.8853942979783715 0 174.0 -2.8853942979783715 1
gene  1 13 13 3.8656253918077104 1 180.0 3.8656253918077104 1
gene  1 2 14 4.996342229821308 0 183.0 4.996342229821308 1
gene  1 4 14 1.2072864451739633 0 185.0 1.2072864451739633 1
gene  1 6 14 -1.8914513592165867 0 187.0 -1.8914513592165867 1
gene  1 8 14 -5.055841269383054 0 189.0 -5.055841269383054 1
gene  1 13 14 -1.4572932917657624 0 194.0 -1.4572932917657624 1
gene  1 13 16 2.404693498659056 0 201.0 2.404693498659056 1
gene  1 16 14 -2.3392039088916525 0 202.0 -2.3392039088916525 1
gene  1 1 21 -10.969666815133321 0 218.0 -10.969666815133321 1
gene  1 21 8 -0.8883446098536547 0 219.0 -0.8883446098536547 1
gene  1 3 10 3.7729709835345746 0 223.0 3.7729709835345746 1
gene  1 6 29 4.002344139684231 0 259.0 4.002344139684231 1
gene  1 29 8 -2.0522963345796272 0 260.0 -2.0522963345796272 1
gene  1 29 21 6.962445420047751 0 271.0 6.962445420047751 1
gene  1 3 21 -1.6196065242549702 0 300.0 -1.6196065242549702 1
gene  1 9 52 -0.06038123367421466 0 368.0 -0.06038123367421466 1
gene  1 52 14 -1.5555031057592157 0 369.0 -1.5555031057592157 1
gene  1 1 53 2.477411136845571 0 372.0 2.477411136845571 1
gene  1 53 21 0.22249888924731148 0 373.0 0.22249888924731148 1
genomeend 18
genomestart  19
trait 1 0.33971452717739675 0.27695848508415316 1.2324307960896477 0.38263542198384 1.7668704662528345 0.8372542455634346 0.3613767976006988 0.3567570363531483 
node 1 1 1 1
node 2 1 1 1
node 3 1 1 1
node 4 1 1 1
node 5 1 1 1
node 6 1 1 1
node 7 1 1 3
node 8 1 0 0
node 9 1 0 0
node 10 1 0 0
node 13 1 0 2
node 14 1 0 2
node 16 1 0 0
node 21 1 0 0
node 29 1 0 0
node 52 1 0 0
node 53 1 0 0
gene  1 1 8 3.0515373342387693 0 98.0 3.0515373342387693 1
gene  1 2 8 1.3168020408030605 0 99.0 1.3168020408030605 1
gene  1 3 8 0.7985247950197449 0 100.0 0.7985247950197449 1
gene  1 4 8 -9.434673302332705 0 101.0 -9.434673302332705 1
gene  1 5 8 -2.736014804903931 0 102.0 -2.736014804903931 1
gene  1 6 8 -2.3261513576451343 0 103.0 -2.3261513576451343 1
gene  1 8 8 -0.6604000508427175 1 105.0 -0.6604000508427175 1
gene  1 13 8 -5.405567610814689 1 110.0 -5.405567610814689 1
gene  1 14 8 -8.31639321886322 1 111.0 -8.31639321886322 1
gene  1 3 13 0.5925317478348231 0 170.0 0.5925317478348231 1
gene  1 5 13 2.3082981721635525 0 172.0 2.3082981721635525 1
gene  1 7 13 -4.479219911797196 0 174.0 -4.479219911797196 1
gene  1 13 13 2.4217734341030486 1 180.0 2.4217734341030486 1
gene  1 2 14 4.662268000004604 0 183.0 4.662268000004604 1
gene  1 4 14 1.9285485625098393 0 185.0 1.9285485625098393 1
gene  1 6 14 -2.648888252234312 0 187.0 -2.648888252234312 1
gene  1 8 14 -6.369648309466156 0 189.0 -6.369648309466156 1
gene  1 13 14 -1.7024187245594182 0 194.0 -1.7024187245594182 1
gene  1 13 16 2.3013446851009602 0 201.0 2.3013446851009602 1
gene  1 16 14 -3.2811749733710944 0 202.0 -3.2811749733710944 1
gene  1 1 21 -10.910717754781519 0 218.0 -10.910717754781519 1
gene  1 21 8 -1.1318998116859422 0 219.0 -1.1318998116859422 1
gene  1 3 10 5.3349490757290186 0 223.0 5.3349490757290186 1
gene  1 6 29 6.089527754575197 0 259.0 6.089527754575197 1
gene  1 29 8 -1.8434415419858963 0 260.0 -1.8434415419858963 1
gene  1 29 21 6.675920242358965 0 271.0 6.675920242358965 1
gene  1 3 21 -1.4230206005050365 0 300.0 -1.4230206005050365 1
gene  1 9 52 2.1140868352262925 0 368.0 2.1140868352262925 1
gene  1 52 14 0.8173682244474823 0 369.0 0.8173682244474823 1
gene  1 1 53 1.8073855043102625 0 372.0 1.8073855043102625 1
gene  1 53 21 2.7132076311443485 0 373.0 2.7132076311443485 1
genomeend 19
