genomestart  0
trait 1 0.0 0.29964541126798605 0.0 0.5917793035862625 0.0 0.5239379551513967 0.08354904834950888 0.0 
node 1 1 1 1
node 2 1 1 1
node 3 1 1 1
node 4 1 1 1
node 5 1 1 1
node 6 1 1 1
node 7 1 1 3
node 13 1 0 2
node 14 1 0 2
node 19 1 0 0
node 33 1 0 0
node 41 1 0 0
node 45 1 0 0
gene  1 1 13 0.28830260799711976 0 168.0 0.28830260799711976 1
gene  1 3 13 0.7086327189049171 0 170.0 0.7086327189049171 1
gene  1 5 13 1.4946134546982168 0 172.0 1.4946134546982168 1
gene  1 6 13 -3.435314592898504 0 173.0 -3.435314592898504 1
gene  1 14 13 -4.159851846009201 1 181.0 -4.159851846009201 1
gene  1 1 14 6.386330965197147 0 182.0 6.386330965197147 1
gene  1 2 14 -3.181786778252328 0 183.0 -3.181786778252328 1
gene  1 4 14 0.5870008632548814 0 185.0 0.5870008632548814 1
gene  1 5 14 -1.6313503722825546 0 186.0 -1.6313503722825546 1
gene  1 6 14 -3.805835480339086 0 187.0 -3.805835480339086 1
gene  1 7 14 6.614558164277351 0 188.0 6.614558164277351 1
gene  1 13 14 -2.032165324783958 0 194.0 -2.032165324783958 1
gene  1 14 14 -4.807113678331054 1 195.0 -4.807113678331054 1
gene  1 5 19 -4.037184892747156 0 213.0 -4.037184892747156 1
gene  1 19 13 -6.715826542543258 0 214.0 -6.715826542543258 1
gene  1 2 13 6.426601856343921 0 243.0 6.426601856343921 1
gene  1 6 19 4.641679911742548 0 257.0 4.641679911742548 1
gene  1 19 14 0.7345110402618433 0 267.0 0.7345110402618433 1
gene  1 14 33 1.274022422989205 1 268.0 1.274022422989205 1
gene  1 33 14 -4.2876849588559764 0 269.0 -4.2876849588559764 1
gene  1 4 13 -5.970343380289596 0 292.0 -5.970343380289596 1
gene  1 14 41 0.02620582738669941 1 315.0 0.02620582738669941 1
gene  1 41 13 -1.4057908153657737 0 316.0 -1.4057908153657737 1
gene  1 5 45 0.7649439114353505 0 338.0 0.7649439114353505 1
gene  1 45 14 0.6415690082524456 0 339.0 0.6415690082524456 1
genomeend 0
genomestart  1
trait 1 0.0 0.29964541126798605 0.0 0.5917793035862625 0.0 0.5239379551513967 0.08354904834950888 0.0 
node 1 1 1 1
node 2 1 1 1
node 3 1 1 1
node 4 1 1 1
node 5 1 1 1
node 6 1 1 1
node 7 1 1 3
node 13 1 0 2
node 14 1 0 2
node 19 1 0 0
node 33 1 0 0
node 41 1 0 0
node 45 1 0 0
gene  1 1 13 1.5144541933725024 0 168.0 1.5144541933725024 1
gene  1 3 13 0.7753517557995464 0 170.0 0.7753517557995464 1
gene  1 5 13 1.4546750903338543 0 172.0 1.4546750903338543 1
gene  1 6 13 -4.734401188102255 0 173.0 -4.734401188102255 1
gene  1 14 13 -5.349240780355107 1 181.0 -5.349240780355107 1
gene  1 1 14 8.627149489881935 0 182.0 8.627149489881935 1
gene  1 2 14 -5.005552124237469 0 183.0 -5.005552124237469 1
gene  1 4 14 0.32365351182592617 0 185.0 0.32365351182592617 1
gene  1 5 14 0.18031688281648073 0 186.0 0.18031688281648073 1
gene  1 6 14 -3.917146539286013 0 187.0 -3.917146539286013 1
gene  1 7 14 7.253952435940443 0 188.0 7.253952435940443 1
gene  1 13 14 -2.531960621110984 0 194.0 -2.531960621110984 1
gene  1 14 14 -5.316414225815111 1 195.0 -5.316414225815111 1
gene  1 5 19 -2.316238984588664 0 213.0 -2.316238984588664 1
gene  1 19 13 -6.164907078406327 0 214.0 -6.164907078406327 1
gene  1 2 13 7.139574728584088 0 243.0 7.139574728584088 1
gene  1 6 19 5.196206984374603 0 257.0 5.196206984374603 1
gene  1 19 14 0.48661534084387903 0 267.0 0.48661534084387903 1
gene  1 14 33 -0.6540007059078472 1 268.0 -0.6540007059078472 1
gene  1 33 14 -6.286818786298991 0 269.0 -6.286818786298991 1
gene  1 4 13 -5.37066350903095 0 292.0 -5.37066350903095 1
gene  1 14 41 -0.7037319480342918 1 315.0 -0.7037319480342918 1
gene  1 41 13 -2.120567544758388 0 316.0 -2.120567544758388 1
gene  1 5 45 2.478686147851523 0 338.0 2.478686147851523 1
gene  1 45 14 2.2389951609853265 0 339.0 2.2389951609853265 1
genomeend 1
genomestart  2
trait 1 1.225027412213178 1.2858127313064698 0.0 0.17101181944213528 0.0 0.0 0.0 0.7814162373645384 
node 1 1 1 1
node 2 1 1 1
node 3 1 1 1
node 4 1 1 1
node 5 1 1 1
node 6 1 1 1
node 7 1 1 3
node 13 1 0 2
node 14 1 0 2
node 24 1 0 0
node 36 1 0 0
gene  1 2 13 -2.3324980555000554 0 169.0 -2.3324980555000554 1
gene  1 3 13 0.3347192217561863 0 170.0 0.3347192217561863 1
gene  1 4 13 2.433474059648108 0 171.0 2.433474059648108 1
gene  1 6 13 -1.8088483803283704 0 173.0 -1.8088483803283704 1
gene  1 7 13 1.9062642674890418 0 174.0 1.9062642674890418 1
gene  1 13 13 0.6455318978456953 1 180.0 0.6455318978456953 1
gene  1 1 14 0.1046478817247487 0 182.0 0.1046478817247487 1
gene  1 2 14 -2.2723384732892216 0 183.0 -2.2723384732892216 1
gene  1 5 14 5.4318280272628305 0 186.0 5.4318280272628305 1
gene  1 6 14 4.55641399005454 0 187.0 4.55641399005454 1
gene  1 7 14 -3.700249452935205 0 188.0 -3.700249452935205 1
gene  1 13 14 -5.267821273343753 0 194.0 -5.267821273343753 1
gene  1 14 14 -1.8309749089251834 1 195.0 -1.8309749089251834 1
gene  1 2 24 -2.289899219202775 0 226.0 -2.289899219202775 1
gene  1 24 13 1.5742039753763486 0 227.0 1.5742039753763486 1
gene  1 7 24 10.69153046334339 0 245.0 10.69153046334339 1
gene  1 1 24 -4.9443933264448905 0 249.0 -4.9443933264448905 1
gene  1 4 14 1.7869238135059358 0 280.0 1.7869238135059358 1
gene  1 4 36 0.7453413341235705 0 293.0 0.7453413341235705 1
gene  1 36 14 -3.7055777936036973 0 294.0 -3.7055777936036973 1
gene  1 7 36 1.729114298096851 0 301.0 1.729114298096851 1
gene  1 3 36 -2.9455238339708627 0 313.0 -2.9455238339708627 1
gene  1 24 36 -7.901900855639101 0 345.0 -7.901900855639101 1
genomeend 2
genomestart  3
trait 1 1.225027412213178 1.2858127313064698 0.0 0.17101181944213528 0.0 0.0 0.0 0.7814162373645384 
node 1 1 1 1
node 2 1 1 1
node 3 1 1 1
node 4 1 1 1
node 5 1 1 1
node 6 1 1 1
node 7 1 1 3
node 13 1 0 2
node 14 1 0 2
node 24 1 0 0
node 36 1 0 0
gene  1 2 13 -2.1128329013059757 0 169.0 -2.1128329013059757 1
gene  1 3 13 -2.1135833731525224 0 170.0 -2.1135833731525224 1
gene  1 4 13 1.3891985369464797 0 171.0 1.3891985369464797 1
gene  1 6 13 -1.0168908346669792 0 173.0 -1.0168908346669792 1
gene  1 7 13 -1.064151323434331 0 174.0 -1.064151323434331 1
gene  1 13 13 0.68001923014404 1 180.0 0.68001923014404 1
gene  1 1 14 -1.4794779396930129 0 182.0 -1.4794779396930129 1
gene  1 2 14 -5.250994634172049 0 183.0 -5.250994634172049 1
gene  1 5 14 2.6981887436959178 0 186.0 2.6981887436959178 1
gene  1 6 14 4.27219495899351 0 187.0 4.27219495899351 1
gene  1 7 14 -2.0942927215765414 0 188.0 -2.0942927215765414 1
gene  1 13 14 -1.6527403036686206 0 194.0 -1.6527403036686206 1
gene  1 14 14 -1.659460352613788 1 195.0 -1.659460352613788 1
gene  1 2 24 -8.20111802975938 0 226.0 -8.20111802975938 1
gene  1 24 13 2.20354049565774 0 227.0 2.20354049565774 1
gene  1 7 24 9.14898774282536 0 245.0 9.14898774282536 1
gene  1 1 24 -4.479081680181482 0 249.0 -4.479081680181482 1
gene  1 4 14 -7.674187830848286 0 280.0 -7.674187830848286 1
gene  1 4 36 -2.4128158634639005 0 293.0 -2.4128158634639005 1
gene  1 36 14 -5.752756486117638 0 294.0 -5.752756486117638 1
gene  1 7 36 2.814563595251659 0 301.0 2.814563595251659 1
gene  1 3 36 -2.433407273411559 0 313.0 -2.433407273411559 1
gene  1 24 36 -0.8045894029440598 0 345.0 -0.8045894029440598 1
genomeend 3
genomestart  4
trait 1 0.6253688324983003 1.2858127313064698 0.35392091268841774 0.0 0.0 0.0 0.0 1.4862559215822198 
node 1 1 1 1
node 2 1 1 1
node 3 1 1 1
node 4 1 1 1
node 5 1 1 1
node 6 1 1 1
node 7 1 1 3
node 13 1 0 2
node 14 1 0 2
node 24 1 0 0
node 36 1 0 0
gene  1 2 13 -0.40121448157485207 0 169.0 -0.40121448157485207 1
gene  1 3 13 -0.5882825686938311 0 170.0 -0.5882825686938311 1
gene  1 4 13 3.1811316255369793 0 171.0 3.1811316255369793 1
gene  1 6 13 -4.499810520379806 0 173.0 -4.499810520379806 1
gene  1 7 13 -2.258516276105528 0 174.0 -2.258516276105528 1
gene  1 13 13 -0.062848551596148 1 180.0 -0.062848551596148 1
gene  1 1 14 -3.1046607674094027 0 182.0 -3.1046607674094027 1
gene  1 2 14 -3.593876801355249 0 183.0 -3.593876801355249 1
gene  1 5 14 4.747911831246267 0 186.0 4.747911831246267 1
gene  1 6 14 2.3508217965428058 0 187.0 2.3508217965428058 1
gene  1 7 14 -3.7532703689032725 0 188.0 -3.7532703689032725 1
gene  1 13 14 -5.732669124103959 0 194.0 -5.732669124103959 1
gene  1 14 14 -3.5648224848331886 1 195.0 -3.5648224848331886 1
gene  1 2 24 -9.180745401180651 0 226.0 -9.180745401180651 1
gene  1 24 13 4.144886482322794 0 227.0 4.144886482322794 1
gene  1 7 24 7.087136015237477 0 245.0 7.087136015237477 1
gene  1 1 24 -5.1103884538774675 0 249.0 -5.1103884538774675 1
gene  1 4 14 -6.5131905127254965 0 280.0 -6.5131905127254965 1
gene  1 4 36 -2.434939809145954 0 293.0 -2.434939809145954 1
gene  1 36 14 -4.249838056922595 0 294.0 -4.249838056922595 1
gene  1 7 36 1.5036785768562178 0 301.0 1.5036785768562178 1
gene  1 3 36 -1.6260561433878034 0 313.0 -1.6260561433878034 1
gene  1 24 36 -9.920797235049744 0 345.0 -9.920797235049744 1
genomeend 4
genomestart  5
trait 1 0.5881716647646825 0.21357948226159307 1.8564835101802153 0.8861824623786819 0.0 1.3132693424315245 1.6423806715703035 0.004307252023895924 
node 1 1 1 1
node 2 1 1 1
node 3 1 1 1
node 4 1 1 1
node 5 1 1 1
node 6 1 1 1
node 7 1 1 3
node 8 1 0 0
node 9 1 0 0
node 10 1 0 0
node 11 1 0 0
node 13 1 0 2
node 14 1 0 2
gene  1 2 8 2.4445219768373603 0 99.0 2.4445219768373603 1
gene  1 6 8 2.322351054250059 0 103.0 2.322351054250059 1
gene  1 8 8 -0.9696802482864514 1 105.0 -0.9696802482864514 1
gene  1 9 8 -2.3204546314560153 1 106.0 -2.3204546314560153 1
gene  1 10 8 -12.004912819398118 1 107.0 -12.004912819398118 1
gene  1 11 8 1.6094248200287329 1 108.0 1.6094248200287329 1
gene  1 13 8 -4.279108371465549 1 110.0 -4.279108371465549 1
gene  1 14 8 -4.2100896925544715 1 111.0 -4.2100896925544715 1
gene  1 1 9 1.4711560151665972 0 112.0 1.4711560151665972 1
gene  1 2 9 -0.14106465423194253 0 113.0 -0.14106465423194253 1
gene  1 3 9 0.0785727257658006 0 114.0 0.0785727257658006 1
gene  1 6 9 -1.1225416397567178 0 117.0 -1.1225416397567178 1
gene  1 7 9 0.28530805482991 0 118.0 0.28530805482991 1
gene  1 8 9 6.625922131871304 0 119.0 6.625922131871304 1
gene  1 9 9 0.5374400374174129 1 120.0 0.5374400374174129 1
gene  1 11 9 -5.950165113122681 1 122.0 -5.950165113122681 1
gene  1 13 9 1.3975467817762177 1 124.0 1.3975467817762177 1
gene  1 14 9 1.1543997106703956 1 125.0 1.1543997106703956 1
gene  1 1 10 1.3054508635207789 0 126.0 1.3054508635207789 1
gene  1 3 10 -1.5742693631234135 0 128.0 -1.5742693631234135 1
gene  1 4 10 -0.299516342831426 0 129.0 -0.299516342831426 1
gene  1 5 10 1.2811680282792306 0 130.0 1.2811680282792306 1
gene  1 6 10 -1.7419777865510873 0 131.0 -1.7419777865510873 1
gene  1 10 10 -4.2634468438808915 1 135.0 -4.2634468438808915 1
gene  1 11 10 -3.143652829958274 1 136.0 -3.143652829958274 1
gene  1 14 10 -4.8037484119889395 1 139.0 -4.8037484119889395 1
gene  1 1 11 -3.7915390690988384 0 140.0 -3.7915390690988384 1
gene  1 3 11 3.775703014518402 0 142.0 3.775703014518402 1
gene  1 5 11 -5.703341853980969 0 144.0 -5.703341853980969 1
gene  1 6 11 -3.989015056293874 0 145.0 -3.989015056293874 1
gene  1 7 11 -6.770178004377635 0 146.0 -6.770178004377635 1
gene  1 8 11 3.8677551848858167 0 147.0 3.8677551848858167 1
gene  1 9 11 1.9379042801231692 0 148.0 1.9379042801231692 1
gene  1 10 11 -13.245888950875955 0 149.0 -13.245888950875955 1
gene  1 11 11 -9.86952761743396 1 150.0 -9.86952761743396 1
gene  1 1 13 0.772808653510145 0 168.0 0.772808653510145 1
gene  1 2 13 2.0506364124151766 0 169.0 2.0506364124151766 1
gene  1 3 13 -0.557869836519453 0 170.0 -0.557869836519453 1
gene  1 7 13 0.8344419346693925 0 174.0 0.8344419346693925 1
gene  1 11 13 2.789506434299045 0 178.0 2.789506434299045 1
gene  1 13 13 -7.012058962167771 1 180.0 -7.012058962167771 1
gene  1 2 14 -1.4824600596353052 0 183.0 -1.4824600596353052 1
gene  1 3 14 -5.535624384627541 0 184.0 -5.535624384627541 1
gene  1 4 14 2.4042271729834424 0 185.0 2.4042271729834424 1
gene  1 7 14 1.9619090500683478 0 188.0 1.9619090500683478 1
gene  1 8 14 -0.11832211141939286 0 189.0 -0.11832211141939286 1
gene  1 10 14 1.3559088623065036 0 191.0 1.3559088623065036 1
gene  1 13 14 1.2050847422509297 0 194.0 1.2050847422509297 1
gene  1 5 13 1.1925565113985188 0 198.0 1.1925565113985188 1
gene  1 4 9 -1.5316360339580661 0 200.0 -1.5316360339580661 1
gene  1 8 13 -2.31489227727365 0 248.0 -2.31489227727365 1
gene  1 7 10 -2.751479966321247 0 270.0 -2.751479966321247 1
gene  1 9 10 -0.3115255351613022 0 274.0 -0.3115255351613022 1
gene  1 9 13 2.3000741560245657 0 288.0 2.3000741560245657 1
gene  1 5 14 0.6474376236733137 0 328.0 0.6474376236733137 1
genomeend 5
genomestart  6
trait 1 0.5881716647646825 0.21357948226159307 1.8564835101802153 0.8861824623786819 0.0 1.3132693424315245 1.6423806715703035 0.004307252023895924 
node 1 1 1 1
node 2 1 1 1
node 3 1 1 1
node 4 1 1 1
node 5 1 1 1
node 6 1 1 1
node 7 1 1 3
node 8 1 0 0
node 9 1 0 0
node 10 1 0 0
node 11 1 0 0
node 13 1 0 2
node 14 1 0 2
gene  1 2 8 1.8624222984639283 0 99.0 1.8624222984639283 1
gene  1 6 8 2.322351054250059 0 103.0 2.322351054250059 1
gene  1 8 8 0.5676528244406917 1 105.0 0.5676528244406917 1
gene  1 9 8 -1.838233924735341 1 106.0 -1.838233924735341 1
gene  1 10 8 -13.951437682686871 1 107.0 -13.951437682686871 1
gene  1 11 8 1.6094248200287329 1 108.0 1.6094248200287329 1
gene  1 13 8 -3.0433249653332166 1 110.0 -3.0433249653332166 1
gene  1 14 8 -2.8719015465501005 1 111.0 -2.8719015465501005 1
gene  1 1 9 2.1411214843750077 0 112.0 2.1411214843750077 1
gene  1 2 9 -0.5542142262986836 0 113.0 -0.5542142262986836 1
gene  1 3 9 -0.2861471373863042 0 114.0 -0.2861471373863042 1
gene  1 6 9 -2.0004775586237225 0 117.0 -2.0004775586237225 1
gene  1 7 9 1.3332012519050362 0 118.0 1.3332012519050362 1
gene  1 8 9 5.39784582352028 0 119.0 5.39784582352028 1
gene  1 9 9 -0.039213368457953535 1 120.0 -0.039213368457953535 1
gene  1 11 9 -8.044732140540752 1 122.0 -8.044732140540752 1
gene  1 13 9 3.633845498166339 1 124.0 3.633845498166339 1
gene  1 14 9 2.080837831139452 1 125.0 2.080837831139452 1
gene  1 1 10 0.7313954956841544 0 126.0 0.7313954956841544 1
gene  1 3 10 -3.2039516392754903 0 128.0 -3.2039516392754903 1
gene  1 4 10 0.48783664085436856 0 129.0 0.48783664085436856 1
gene  1 5 10 -0.5811834216280982 0 130.0 -0.5811834216280982 1
gene  1 6 10 -3.3879032875308077 0 131.0 -3.3879032875308077 1
gene  1 10 10 -1.9050404969042982 1 135.0 -1.9050404969042982 1
gene  1 11 10 -2.0622555927040658 1 136.0 -2.0622555927040658 1
gene  1 14 10 -3.8199739124116006 1 139.0 -3.8199739124116006 1
gene  1 1 11 -3.1044422295479857 0 140.0 -3.1044422295479857 1
gene  1 3 11 2.504814877090509 0 142.0 2.504814877090509 1
gene  1 5 11 -5.048015614718606 0 144.0 -5.048015614718606 1
gene  1 6 11 -3.300405721477629 0 145.0 -3.300405721477629 1
gene  1 7 11 -6.770178004377635 0 146.0 -6.770178004377635 1
gene  1 8 11 3.6516925472480724 0 147.0 3.6516925472480724 1
gene  1 9 11 2.4241227321821786 0 148.0 2.4241227321821786 1
gene  1 10 11 0.8487863519612628 0 149.0 0.8487863519612628 1
gene  1 11 11 -8.108940074682865 1 150.0 -8.108940074682865 1
gene  1 1 13 0.772808653510145 0 168.0 0.772808653510145 1
gene  1 2 13 4.278795821873111 0 169.0 4.278795821873111 1
gene  1 3 13 -2.0667823188938224 0 170.0 -2.0667823188938224 1
gene  1 7 13 0.43595563360309053 0 174.0 0.43595563360309053 1
gene  1 11 13 1.207120908199331 0 178.0 1.207120908199331 1
gene  1 13 13 -2.17689778636903 1 180.0 -2.17689778636903 1
gene  1 2 14 -1.4824600596353052 0 183.0 -1.4824600596353052 1
gene  1 3 14 -4.991225743119265 0 184.0 -4.991225743119265 1
gene  1 4 14 -0.8583389821389548 0 185.0 -0.8583389821389548 1
gene  1 7 14 -0.39148779365198494 0 188.0 -0.39148779365198494 1
gene  1 8 14 1.1899139132717247 0 189.0 1.1899139132717247 1
gene  1 10 14 1.3853593559982296 0 191.0 1.3853593559982296 1
gene  1 13 14 1.6171179810539174 0 194.0 1.6171179810539174 1
gene  1 5 13 -0.05330855291247083 0 198.0 -0.05330855291247083 1
gene  1 4 9 -2.4203884961212956 0 200.0 -2.4203884961212956 1
gene  1 8 13 -2.7550592546627732 0 248.0 -2.7550592546627732 1
gene  1 7 10 -1.9417347222547765 0 270.0 -1.9417347222547765 1
gene  1 9 10 -2.330418769245357 0 274.0 -2.330418769245357 1
gene  1 9 13 2.3000741560245657 0 288.0 2.3000741560245657 1
gene  1 5 14 -1.0138634443582304 0 328.0 -1.0138634443582304 1
genomeend 6
genomestart  7
trait 1 0.6325451774377668 0.0 0.0 0.0 1.363566452656893 0.20991346759087715 0.04208433817433466 0.03711240661335824 
node 1 1 1 1
node 2 1 1 1
node 3 1 1 1
node 4 1 1 1
node 5 1 1 1
node 6 1 1 1
node 7 1 1 3
node 8 1 0 0
node 13 1 0 2
node 14 1 0 2
node 16 1 0 0
node 20 1 0 0
gene  1 1 8 -3.394979613017413 0 98.0 -3.394979613017413 1
gene  1 2 8 -4.246413175577808 0 99.0 -4.246413175577808 1
gene  1 3 8 6.402353229384457 0 100.0 6.402353229384457 1
gene  1 4 8 -6.575519154125691 0 101.0 -6.575519154125691 1
gene  1 5 8 1.7935758267800406 0 102.0 1.7935758267800406 1
gene  1 6 8 -7.192223667423772 0 103.0 -7.192223667423772 1
gene  1 8 8 -13.006122443910254 1 105.0 -13.006122443910254 1
gene  1 13 8 -2.844898069451185 1 110.0 -2.844898069451185 1
gene  1 14 8 -3.4444086145639776 1 111.0 -3.4444086145639776 1
gene  1 3 13 1.0309303808783186 0 170.0 1.0309303808783186 1
gene  1 5 13 -11.930595379135678 0 172.0 -11.930595379135678 1
gene  1 7 13 -1.1242747196106078 0 174.0 -1.1242747196106078 1
gene  1 13 13 -0.2518405073465786 1 180.0 -0.2518405073465786 1
gene  1 2 14 -1.323130848931239 0 183.0 -1.323130848931239 1
gene  1 4 14 4.837863484873322 0 185.0 4.837863484873322 1
gene  1 6 14 -7.385345190276649 0 187.0 -7.385345190276649 1
gene  1 8 14 -0.5167515622317747 0 189.0 -0.5167515622317747 1
gene  1 13 14 -16.433453992750245 0 194.0 -16.433453992750245 1
gene  1 13 16 4.154716574646397 0 201.0 4.154716574646397 1
gene  1 16 14 4.864358823130705 0 202.0 4.864358823130705 1
gene  1 3 20 5.136706299446249 0 215.0 5.136706299446249 1
gene  1 20 8 -0.5013220960265665 0 216.0 -0.5013220960265665 1
gene  1 8 13 -1.3271216149625689 0 233.0 -1.3271216149625689 1
gene  1 2 16 0.9467669584195351 0 324.0 0.9467669584195351 1
gene  1 2 20 -0.86225104123165 0 333.0 -0.86225104123165 1
genomeend 7
genomestart  8
trait 1 0.6325451774377668 0.0 0.0 0.0 1.363566452656893 0.20991346759087715 0.04208433817433466 0.03711240661335824 
node 1 1 1 1
node 2 1 1 1
node 3 1 1 1
node 4 1 1 1
node 5 1 1 1
node 6 1 1 1
node 7 1 1 3
node 8 1 0 0
node 13 1 0 2
node 14 1 0 2
node 16 1 0 0
node 20 1 0 0
gene  1 1 8 -2.8572882200081944 0 98.0 -2.8572882200081944 1
gene  1 2 8 -4.290361634149536 0 99.0 -4.290361634149536 1
gene  1 3 8 6.348812603106392 0 100.0 6.348812603106392 1
gene  1 4 8 -5.554528951684929 0 101.0 -5.554528951684929 1
gene  1 5 8 1.4133207727313086 0 102.0 1.4133207727313086 1
gene  1 6 8 -8.332493500372042 0 103.0 -8.332493500372042 1
gene  1 8 8 -10.793840575886998 1 105.0 -10.793840575886998 1
gene  1 13 8 -5.120573003079662 1 110.0 -5.120573003079662 1
gene  1 14 8 -4.849025724433521 1 111.0 -4.849025724433521 1
gene  1 3 13 -0.17615352957863673 0 170.0 -0.17615352957863673 1
gene  1 5 13 -9.868126011930878 0 172.0 -9.868126011930878 1
gene  1 7 13 -3.4632818586803316 0 174.0 -3.4632818586803316 1
gene  1 13 13 0.3789924722149869 1 180.0 0.3789924722149869 1
gene  1 2 14 -1.9948457838545615 0 183.0 -1.9948457838545615 1
gene  1 4 14 3.7386783484968786 0 185.0 3.7386783484968786 1
gene  1 6 14 -7.934771341763268 0 187.0 -7.934771341763268 1
gene  1 8 14 1.7621622725664836 0 189.0 1.7621622725664836 1
gene  1 13 14 -14.871922459942402 0 194.0 -14.871922459942402 1
gene  1 13 16 5.464593834236357 0 201.0 5.464593834236357 1
gene  1 16 14 6.638257385223335 0 202.0 6.638257385223335 1
gene  1 3 20 5.595849868949473 0 215.0 5.595849868949473 1
gene  1 20 8 2.106794217404917 0 216.0 2.106794217404917 1
gene  1 8 13 0.6063449239931186 0 233.0 0.6063449239931186 1
gene  1 2 16 -2.922528451822105 0 324.0 -2.922528451822105 1
gene  1 2 20 -2.0524653824003414 0 333.0 -2.0524653824003414 1
gene  1 7 8 6.009456293600612 0 352.0 6.009456293600612 1
genomeend 8
genomestart  9
trait 1 0.6325451774377668 0.0 0.0 0.0 1.363566452656893 0.20991346759087715 0.04208433817433466 0.03711240661335824 
node 1 1 1 1
node 2 1 1 1
node 3 1 1 1
node 4 1 1 1
node 5 1 1 1
node 6 1 1 1
node 7 1 1 3
node 8 1 0 0
node 13 1 0 2
node 14 1 0 2
node 16 1 0 0
node 20 1 0 0
gene  1 1 8 -2.4361878449869803 0 98.0 -2.4361878449869803 1
gene  1 2 8 -6.056029428891355 0 99.0 -6.056029428891355 1
gene  1 3 8 7.633326355778526 0 100.0 7.633326355778526 1
gene  1 4 8 -6.761254194210839 0 101.0 -6.761254194210839 1
gene  1 5 8 3.7109915765487695 0 102.0 3.7109915765487695 1
gene  1 6 8 -6.08849300386385 0 103.0 -6.08849300386385 1
gene  1 8 8 -9.06420951012738 1 105.0 -9.06420951012738 1
gene  1 13 8 -5.06836129077162 1 110.0 -5.06836129077162 1
gene  1 14 8 -4.5235985729295844 1 111.0 -4.5235985729295844 1
gene  1 3 13 0.2874055254965483 0 170.0 0.2874055254965483 1
gene  1 5 13 -8.893358262643918 0 172.0 -8.893358262643918 1
gene  1 7 13 -3.435137966179441 0 174.0 -3.435137966179441 1
gene  1 13 13 -1.3918493443134015 1 180.0 -1.3918493443134015 1
gene  1 2 14 -4.032511253665021 0 183.0 -4.032511253665021 1
gene  1 4 14 4.610077408621133 0 185.0 4.610077408621133 1
gene  1 6 14 -6.414722859711882 0 187.0 -6.414722859711882 1
gene  1 8 14 0.9998185494115033 0 189.0 0.9998185494115033 1
gene  1 13 14 -16.60639074640185 0 194.0 -16.60639074640185 1
gene  1 13 16 4.269195280694488 0 201.0 4.269195280694488 1
gene  1 16 14 5.625197947974939 0 202.0 5.625197947974939 1
gene  1 3 20 7.17214780943902 0 215.0 7.17214780943902 1
gene  1 20 8 1.3012221523286318 0 216.0 1.3012221523286318 1
gene  1 8 13 0.5721413457458459 0 233.0 0.5721413457458459 1
gene  1 2 16 -0.26961498341575824 0 324.0 -0.26961498341575824 1
gene  1 2 20 -1.5942768277493133 0 333.0 -1.5942768277493133 1
genomeend 9
genomestart  10
trait 1 0.0 0.0 0.687885284225863 0.0 0.0 0.0 0.0 0.0 
node 1 1 1 1
node 2 1 1 1
node 3 1 1 1
node 4 1 1 1
node 5 1 1 1
node 6 1 1 1
node 7 1 1 3
node 8 1 0 0
node 9 1 0 0
node 10 1 0 0
node 13 1 0 2
node 14 1 0 2
node 21 1 0 0
node 29 1 0 0
gene  1 1 8 2.435155520022814 0 98.0 2.435155520022814 1
gene  1 3 8 -6.454617199510146 0 100.0 -6.454617199510146 1
gene  1 5 8 6.467057979431295 0 102.0 6.467057979431295 1
gene  1 6 8 -7.671061680560134 0 103.0 -7.671061680560134 1
gene  1 8 8 6.6551594136626075 1 105.0 6.6551594136626075 1
gene  1 1 9 -3.9341756110695396 0 112.0 -3.9341756110695396 1
gene  1 2 9 12.730969799212467 0 113.0 12.730969799212467 1
gene  1 3 9 3.514639754201225 0 114.0 3.514639754201225 1
gene  1 5 9 -1.7984185770733412 0 116.0 -1.7984185770733412 1
gene  1 7 9 -0.49453077271765206 0 118.0 -0.49453077271765206 1
gene  1 9 9 -1.6702988545839303 1 120.0 -1.6702988545839303 1
gene  1 10 9 8.648709625132438 1 121.0 8.648709625132438 1
gene  1 13 9 5.9802053069729775 1 124.0 5.9802053069729775 1
gene  1 2 10 0.5577413569073677 0 127.0 0.5577413569073677 1
gene  1 4 10 -0.838362533729389 0 129.0 -0.838362533729389 1
gene  1 5 10 -1.288623476448134 0 130.0 -1.288623476448134 1
gene  1 8 10 -0.027004913978933565 0 133.0 -0.027004913978933565 1
gene  1 9 10 -1.216012898592885 0 134.0 -1.216012898592885 1
gene  1 10 10 -1.6588262000974618 1 135.0 -1.6588262000974618 1
gene  1 13 10 -0.710114111444538 1 138.0 -0.710114111444538 1
gene  1 14 10 4.142614679328249 1 139.0 4.142614679328249 1
gene  1 2 13 2.879658618907827 0 169.0 2.879658618907827 1
gene  1 3 13 1.9049660186872466 0 170.0 1.9049660186872466 1
gene  1 6 13 -1.2175992632374246 0 173.0 -1.2175992632374246 1
gene  1 7 13 -3.4775749138948955 0 174.0 -3.4775749138948955 1
gene  1 9 13 -7.953418051141518 0 176.0 -7.953418051141518 1
gene  1 13 13 -2.7027127015769583 1 180.0 -2.7027127015769583 1
gene  1 14 13 -5.920876005587197 1 181.0 -5.920876005587197 1
gene  1 1 14 -0.5307041195311846 0 182.0 -0.5307041195311846 1
gene  1 3 14 1.791092889834943 0 184.0 1.791092889834943 1
gene  1 9 14 -3.6466016097819747 0 190.0 -3.6466016097819747 1
gene  1 10 14 -2.411100991628173 0 191.0 -2.411100991628173 1
gene  1 1 21 2.401357545780142 0 218.0 2.401357545780142 1
gene  1 21 8 4.879788112795395 0 219.0 4.879788112795395 1
gene  1 3 10 -0.7809422863778607 0 223.0 -0.7809422863778607 1
gene  1 6 29 -4.277949815115235 0 259.0 -4.277949815115235 1
gene  1 29 8 1.202843073798171 0 260.0 1.202843073798171 1
gene  1 29 21 3.939167448638683 0 271.0 3.939167448638683 1
gene  1 3 21 -3.1733408390776905 0 300.0 -3.1733408390776905 1
genomeend 10
genomestart  11
trait 1 0.0 0.0 0.687885284225863 0.0 0.0 0.0 0.0 0.0 
node 1 1 1 1
node 2 1 1 1
node 3 1 1 1
node 4 1 1 1
node 5 1 1 1
node 6 1 1 1
node 7 1 1 3
node 8 1 0 0
node 9 1 0 0
node 10 1 0 0
node 13 1 0 2
node 14 1 0 2
node 21 1 0 0
node 29 1 0 0
gene  1 1 8 -2.4584163877615115 0 98.0 -2.4584163877615115 1
gene  1 3 8 -6.881914896396865 0 100.0 -6.881914896396865 1
gene  1 5 8 5.600609386173721 0 102.0 5.600609386173721 1
gene  1 6 8 -6.6207727695676075 0 103.0 -6.6207727695676075 1
gene  1 8 8 4.299563373779387 1 105.0 4.299563373779387 1
gene  1 1 9 -1.8548100657532973 0 112.0 -1.8548100657532973 1
gene  1 2 9 9.682140109194702 0 113.0 9.682140109194702 1
gene  1 3 9 4.438129917972555 0 114.0 4.438129917972555 1
gene  1 5 9 -1.4527192759897178 0 116.0 -1.4527192759897178 1
gene  1 7 9 2.5523110691028936 0 118.0 2.5523110691028936 1
gene  1 9 9 -2.053427972176731 1 120.0 -2.053427972176731 1
gene  1 10 9 4.488748396981385 1 121.0 4.488748396981385 1
gene  1 13 9 4.683386629490832 1 124.0 4.683386629490832 1
gene  1 2 10 1.3110425263717127 0 127.0 1.3110425263717127 1
gene  1 4 10 -3.2831348634473523 0 129.0 -3.2831348634473523 1
gene  1 5 10 -2.1736104775309983 0 130.0 -2.1736104775309983 1
gene  1 8 10 0.8215186026680235 0 133.0 0.8215186026680235 1
gene  1 9 10 -0.47623851972375486 0 134.0 -0.47623851972375486 1
gene  1 10 10 1.0713197767369813 1 135.0 1.0713197767369813 1
gene  1 13 10 1.770014267134882 1 138.0 1.770014267134882 1
gene  1 14 10 0.45868187760380863 1 139.0 0.45868187760380863 1
gene  1 2 13 -1.6318895055582339 0 169.0 -1.6318895055582339 1
gene  1 3 13 -2.2905446658730413 0 170.0 -2.2905446658730413 1
gene  1 6 13 -0.3727870653012477 0 173.0 -0.3727870653012477 1
gene  1 7 13 -2.099757483768569 0 174.0 -2.099757483768569 1
gene  1 9 13 -5.866561268481311 0 176.0 -5.866561268481311 1
gene  1 13 13 -3.979326575544526 1 180.0 -3.979326575544526 1
gene  1 14 13 -4.018567296060812 1 181.0 -4.018567296060812 1
gene  1 1 14 1.4895457181081775 0 182.0 1.4895457181081775 1
gene  1 3 14 -2.9391017043795267 0 184.0 -2.9391017043795267 1
gene  1 9 14 -0.04532525605869642 0 190.0 -0.04532525605869642 1
gene  1 10 14 -6.957753310668684 0 191.0 -6.957753310668684 1
gene  1 1 21 0.9056791271932361 0 218.0 0.9056791271932361 1
gene  1 21 8 3.770655835902973 0 219.0 3.770655835902973 1
gene  1 3 10 -2.0632857702796485 0 223.0 -2.0632857702796485 1
gene  1 6 29 -6.313641231370895 0 259.0 -6.313641231370895 1
gene  1 29 8 -2.939648589745605 0 260.0 -2.939648589745605 1
gene  1 29 21 3.7077198859647025 0 271.0 3.7077198859647025 1
gene  1 3 21 -1.0305370841731798 0 300.0 -1.0305370841731798 1
genomeend 11
genomestart  12
trait 1 0.0 0.0 0.687885284225863 0.0 0.0 0.0 0.0 0.0 
node 1 1 1 1
node 2 1 1 1
node 3 1 1 1
node 4 1 1 1
node 5 1 1 1
node 6 1 1 1
node 7 1 1 3
node 8 1 0 0
node 9 1 0 0
node 10 1 0 0
node 13 1 0 2
node 14 1 0 2
node 21 1 0 0
node 29 1 0 0
gene  1 1 8 2.7006655275204947 0 98.0 2.7006655275204947 1
gene  1 3 8 -6.8532546380144606 0 100.0 -6.8532546380144606 1
gene  1 5 8 1.9856296211409155 0 102.0 1.9856296211409155 1
gene  1 6 8 -6.922005441840341 0 103.0 -6.922005441840341 1
gene  1 8 8 3.4706392101654546 1 105.0 3.4706392101654546 1
gene  1 1 9 -2.9978991819125573 0 112.0 -2.9978991819125573 1
gene  1 2 9 12.776787990991377 0 113.0 12.776787990991377 1
gene  1 3 9 2.2587205142224334 0 114.0 2.2587205142224334 1
gene  1 5 9 -2.12318994760041 0 116.0 -2.12318994760041 1
gene  1 7 9 0.29181223476238777 0 118.0 0.29181223476238777 1
gene  1 9 9 -3.821193749789251 1 120.0 -3.821193749789251 1
gene  1 10 9 5.1402658338093445 1 121.0 5.1402658338093445 1
gene  1 13 9 4.731696262897641 1 124.0 4.731696262897641 1
gene  1 2 10 0.9116438201168569 0 127.0 0.9116438201168569 1
gene  1 4 10 -2.6147499844450612 0 129.0 -2.6147499844450612 1
gene  1 5 10 -2.83316233126736 0 130.0 -2.83316233126736 1
gene  1 8 10 -0.6721751905707127 0 133.0 -0.6721751905707127 1
gene  1 9 10 -1.8117574927820193 0 134.0 -1.8117574927820193 1
gene  1 10 10 0.7334947612678302 1 135.0 0.7334947612678302 1
gene  1 13 10 1.8719436598659738 1 138.0 1.8719436598659738 1
gene  1 14 10 1.9386499885846837 1 139.0 1.9386499885846837 1
gene  1 2 13 0.5190798239993852 0 169.0 0.5190798239993852 1
gene  1 3 13 0.8359738232410185 0 170.0 0.8359738232410185 1
gene  1 6 13 -0.9251770025024884 0 173.0 -0.9251770025024884 1
gene  1 7 13 -0.5943603134405899 0 174.0 -0.5943603134405899 1
gene  1 9 13 -6.305718531934898 0 176.0 -6.305718531934898 1
gene  1 13 13 -4.161927674705462 1 180.0 -4.161927674705462 1
gene  1 14 13 -6.541268613104039 1 181.0 -6.541268613104039 1
gene  1 1 14 1.61789367158708 0 182.0 1.61789367158708 1
gene  1 3 14 -4.637578225724389 0 184.0 -4.637578225724389 1
gene  1 9 14 -3.417055923341925 0 190.0 -3.417055923341925 1
gene  1 10 14 -4.767906323769397 0 191.0 -4.767906323769397 1
gene  1 1 21 -1.1502712541595417 0 218.0 -1.1502712541595417 1
gene  1 21 8 -2.0529394588485292 0 219.0 -2.0529394588485292 1
gene  1 3 10 0.1220651997621176 0 223.0 0.1220651997621176 1
gene  1 6 29 1.3984830395937347 0 259.0 1.3984830395937347 1
gene  1 29 8 -0.6166485832852026 0 260.0 -0.6166485832852026 1
gene  1 29 21 2.8257778773503808 0 271.0 2.8257778773503808 1
gene  1 3 21 -2.7948100596863905 0 300.0 -2.7948100596863905 1
genomeend 12
genomestart  13
trait 1 0.7560281920012465 0.9680427805839344 1.563145969794439 0.0 0.6242516547362033 0.9629060889116104 0.2518745141043184 0.0 
node 1 1 1 1
node 2 1 1 1
node 3 1 1 1
node 4 1 1 1
node 5 1 1 1
node 6 1 1 1
node 7 1 1 3
node 13 1 0 2
node 14 1 0 2
node 42 1 0 0
gene  1 1 13 0.2504681054704119 0 168.0 0.2504681054704119 1
gene  1 2 13 -1.1358692057718145 0 169.0 -1.1358692057718145 0
gene  1 3 13 3.563069359923051 0 170.0 3.563069359923051 1
gene  1 4 13 -3.7074221049003024 0 171.0 -3.7074221049003024 1
gene  1 5 13 8.233416092865665 0 172.0 8.233416092865665 1
gene  1 6 13 -1.1943319335419809 0 173.0 -1.1943319335419809 1
gene  1 7 13 0.528962386532315 0 174.0 0.528962386532315 1
gene  1 14 13 5.097821420835153 1 181.0 5.097821420835153 1
gene  1 1 14 -0.7092712315705361 0 182.0 -0.7092712315705361 1
gene  1 2 14 7.088942758733939 0 183.0 7.088942758733939 1
gene  1 3 14 6.0234308415019395 0 184.0 6.0234308415019395 1
gene  1 13 14 2.4593078281167475 0 194.0 2.4593078281167475 1
gene  1 14 14 -5.197281718192647 1 195.0 -5.197281718192647 1
gene  1 6 14 0.9027557772793895 0 230.0 0.9027557772793895 1
gene  1 4 14 -5.054280036478428 0 312.0 -5.054280036478428 1
gene  1 2 42 1.9567406422813602 0 320.0 1.9567406422813602 1
gene  1 42 13 4.4249676578164365 0 321.0 4.4249676578164365 1
gene  1 6 42 -9.085761459611534 0 349.0 -9.085761459611534 1
genomeend 13
genomestart  14
trait 1 0.7560281920012465 0.9680427805839344 1.563145969794439 0.0 0.6242516547362033 0.9629060889116104 0.2518745141043184 0.0 
node 1 1 1 1
node 2 1 1 1
node 3 1 1 1
node 4 1 1 1
node 5 1 1 1
node 6 1 1 1
node 7 1 1 3
node 13 1 0 2
node 14 1 0 2
node 42 1 0 0
gene  1 1 13 -1.2254868344269714 0 168.0 -1.2254868344269714 1
gene  1 2 13 -2.6080733395712765 0 169.0 -2.6080733395712765 1
gene  1 3 13 3.519884860943593 0 170.0 3.519884860943593 1
gene  1 4 13 -4.048980302657194 0 171.0 -4.048980302657194 1
gene  1 5 13 7.085249377536533 0 172.0 7.085249377536533 1
gene  1 6 13 -0.4031116814374867 0 173.0 -0.4031116814374867 1
gene  1 7 13 -1.1790580473168473 0 174.0 -1.1790580473168473 1
gene  1 14 13 6.921776233245183 1 181.0 6.921776233245183 1
gene  1 1 14 -0.8283848298463448 0 182.0 -0.8283848298463448 1
gene  1 2 14 7.781303814272822 0 183.0 7.781303814272822 1
gene  1 3 14 4.988176568108072 0 184.0 4.988176568108072 1
gene  1 13 14 0.3004264418328895 0 194.0 0.3004264418328895 1
gene  1 14 14 -7.251553117119887 1 195.0 -7.251553117119887 1
gene  1 6 14 1.7490691608468172 0 230.0 1.7490691608468172 1
gene  1 4 14 -2.7406661534895553 0 312.0 -2.7406661534895553 1
gene  1 2 42 -2.3833354672773077 0 320.0 -2.3833354672773077 1
gene  1 42 13 4.889694578974813 0 321.0 4.889694578974813 1
gene  1 6 42 -8.214994714203707 0 349.0 -8.214994714203707 1
gene  1 7 14 -8.166505599061452 0 353.0 -8.166505599061452 1
genomeend 14
genomestart  15
trait 1 0.7543954501876767 0.0 0.0 0.0 0.0 0.7506659743992431 0.6528869165846171 0.760618498603839 
node 1 1 1 1
node 2 1 1 1
node 3 1 1 1
node 4 1 1 1
node 5 1 1 1
node 6 1 1 1
node 7 1 1 3
node 8 1 0 0
node 13 1 0 2
node 14 1 0 2
node 49 1 0 0
gene  1 4 8 1.903460969210341 0 101.0 1.903460969210341 1
gene  1 5 8 -6.679230751479792 0 102.0 -6.679230751479792 0
gene  1 6 8 -6.656184383385179 0 103.0 -6.656184383385179 1
gene  1 14 8 1.8981441712495584 1 111.0 1.8981441712495584 1
gene  1 1 13 2.056663661003811 0 168.0 2.056663661003811 1
gene  1 2 13 -1.6240382938279394 0 169.0 -1.6240382938279394 1
gene  1 3 13 1.701579525577614 0 170.0 1.701579525577614 1
gene  1 5 13 0.3494336487701144 0 172.0 0.3494336487701144 1
gene  1 7 13 -4.626672997621355 0 174.0 -4.626672997621355 1
gene  1 14 13 -0.28319455266878235 1 181.0 -0.28319455266878235 1
gene  1 1 14 -0.7949355618994367 0 182.0 -0.7949355618994367 1
gene  1 2 14 3.753230572336161 0 183.0 3.753230572336161 1
gene  1 3 14 1.866600810693347 0 184.0 1.866600810693347 1
gene  1 4 14 -0.4877523209797774 0 185.0 -0.4877523209797774 1
gene  1 8 14 3.8568937473815774 0 189.0 3.8568937473815774 1
gene  1 14 14 -2.0363467275991263 1 195.0 -2.0363467275991263 1
gene  1 6 14 8.624445852511826 0 240.0 8.624445852511826 1
gene  1 8 13 -1.2151835024203417 0 311.0 -1.2151835024203417 1
gene  1 14 13 1.3789530239828014 0 322.0 1.3789530239828014 1
gene  1 5 49 1.0 0 354.0 0.0 1
gene  1 49 8 -6.679230751479792 0 355.0 0.0 1
genomeend 15
genomestart  16
trait 1 0.7543954501876767 0.0 0.0 0.0 0.0 0.7506659743992431 0.6528869165846171 0.760618498603839 
node 1 1 1 1
node 2 1 1 1
node 3 1 1 1
node 4 1 1 1
node 5 1 1 1
node 6 1 1 1
node 7 1 1 3
node 8 1 0 0
node 13 1 0 2
node 14 1 0 2
gene  1 4 8 1.5959417801315825 0 101.0 1.5959417801315825 1
gene  1 5 8 -5.091395852989252 0 102.0 -5.091395852989252 1
gene  1 6 8 -8.82882749830362 0 103.0 -8.82882749830362 1
gene  1 14 8 2.093771891825589 1 111.0 2.093771891825589 1
gene  1 1 13 3.064751602435119 0 168.0 3.064751602435119 1
gene  1 2 13 -1.5338318051720854 0 169.0 -1.5338318051720854 1
gene  1 3 13 -0.40779716347430695 0 170.0 -0.40779716347430695 1
gene  1 5 13 0.5672349026916554 0 172.0 0.5672349026916554 1
gene  1 7 13 -2.397723760709637 0 174.0 -2.397723760709637 1
gene  1 14 13 -0.28319455266878235 1 181.0 -0.28319455266878235 1
gene  1 1 14 0.7653493007170713 0 182.0 0.7653493007170713 1
gene  1 2 14 4.356191616494325 0 183.0 4.356191616494325 1
gene  1 3 14 1.866600810693347 0 184.0 1.866600810693347 1
gene  1 4 14 1.0595044299552736 0 185.0 1.0595044299552736 1
gene  1 8 14 1.9953435573056104 0 189.0 1.9953435573056104 1
gene  1 14 14 -1.6106962856983364 1 195.0 -1.6106962856983364 1
gene  1 6 14 9.771801773665096 0 240.0 9.771801773665096 1
gene  1 8 13 -3.464955559018148 0 311.0 -3.464955559018148 1
gene  1 14 13 1.3789530239828014 0 322.0 1.3789530239828014 1
genomeend 16
genomestart  17
trait 1 0.0 1.2140246672840036 1.2685784141113532 0.19387854125207427 1.1736705443852453 0.9742749841765682 0.16709809669901776 0.745038266090637 
node 1 1 1 1
node 2 1 1 1
node 3 1 1 1
node 4 1 1 1
node 5 1 1 1
node 6 1 1 1
node 7 1 1 3
node 8 1 0 0
node 9 1 0 0
node 10 1 0 0
node 11 1 0 0
node 12 1 0 0
node 13 1 0 2
node 14 1 0 2
node 27 1 0 0
node 34 1 0 0
node 40 1 0 0
gene  1 1 8 -2.7416662570556016 0 98.0 -2.7416662570556016 1
gene  1 3 8 -0.032546400332777115 0 100.0 -0.032546400332777115 1
gene  1 4 8 2.1884778809882746 0 101.0 2.1884778809882746 1
gene  1 6 8 -6.194230331683582 0 103.0 -6.194230331683582 1
gene  1 8 8 -1.0274584839907839 1 105.0 -1.0274584839907839 1
gene  1 10 8 -1.6447395396346374 1 107.0 -1.6447395396346374 1
gene  1 3 9 2.2990946493239255 0 114.0 2.2990946493239255 1
gene  1 6 9 4.702629422203878 0 117.0 4.702629422203878 1
gene  1 8 9 0.7700568176630751 0 119.0 0.7700568176630751 1
gene  1 10 9 0.5277386187830815 1 121.0 0.5277386187830815 1
gene  1 11 9 -2.2801876800007577 1 122.0 -2.2801876800007577 1
gene  1 13 9 1.4219776161930517 1 124.0 1.4219776161930517 1
gene  1 14 9 -2.8320063800145587 1 125.0 -2.8320063800145587 1
gene  1 1 10 0.6103709041273462 0 126.0 0.6103709041273462 1
gene  1 3 10 2.70562351015034 0 128.0 2.70562351015034 1
gene  1 4 10 -0.34123806519674726 0 129.0 -0.34123806519674726 1
gene  1 5 10 0.24769391468778368 0 130.0 0.24769391468778368 1
gene  1 9 10 9.209013808198831 0 134.0 9.209013808198831 1
gene  1 13 10 9.435516136363473 1 138.0 9.435516136363473 1
gene  1 1 11 1.1564914833473203 0 140.0 1.1564914833473203 1
gene  1 3 11 -0.36317284843689346 0 142.0 -0.36317284843689346 1
gene  1 5 11 0.32480476766927135 0 144.0 0.32480476766927135 1
gene  1 9 11 0.30562151519965 0 148.0 0.30562151519965 1
gene  1 10 11 -6.727297450324956 0 149.0 -6.727297450324956 1
gene  1 12 11 -9.534285210698727 1 151.0 -9.534285210698727 1
gene  1 14 11 -0.034155523789463293 1 153.0 -0.034155523789463293 1
gene  1 2 12 -2.5038896918049076 0 155.0 -2.5038896918049076 1
gene  1 4 12 0.21665183654729425 0 157.0 0.21665183654729425 1
gene  1 6 12 3.2376728721145867 0 159.0 3.2376728721145867 1
gene  1 7 12 1.10401527423469 0 160.0 1.10401527423469 1
gene  1 9 12 -1.3734873233929694 0 162.0 -1.3734873233929694 1
gene  1 10 12 0.0322758274375019 0 163.0 0.0322758274375019 1
gene  1 12 12 -0.7194036216658465 1 165.0 -0.7194036216658465 1
gene  1 14 12 0.25710026249376794 1 167.0 0.25710026249376794 1
gene  1 1 13 -1.492060231728967 0 168.0 -1.492060231728967 1
gene  1 3 13 -6.058576942756946 0 170.0 -6.058576942756946 1
gene  1 4 13 -4.205420319441606 0 171.0 -4.205420319441606 1
gene  1 6 13 12.978947832789231 0 173.0 12.978947832789231 1
gene  1 8 13 -1.3584987847492127 0 175.0 -1.3584987847492127 1
gene  1 9 13 -3.686557208535804 0 176.0 -3.686557208535804 1
gene  1 8 14 5.538835044391963 0 189.0 5.538835044391963 1
gene  1 11 14 1.8984344085561753 0 192.0 1.8984344085561753 1
gene  1 5 8 1.9784307805538828 0 235.0 1.9784307805538828 1
gene  1 1 27 -4.163715068875408 0 241.0 -4.163715068875408 1
gene  1 27 8 -2.188712121001379 0 242.0 -2.188712121001379 1
gene  1 9 34 0.2014019517696261 0 272.0 0.2014019517696261 1
gene  1 34 11 3.550232479454342 0 273.0 3.550232479454342 1
gene  1 5 13 3.6022274364738385 0 277.0 3.6022274364738385 1
gene  1 12 14 1.4390862944430087 0 296.0 1.4390862944430087 1
gene  1 8 40 0.7790591311456457 1 308.0 0.7790591311456457 1
gene  1 40 8 2.0041445748459554 0 309.0 2.0041445748459554 1
gene  1 10 14 -8.866658869153166 0 341.0 -8.866658869153166 1
genomeend 17
genomestart  18
trait 1 0.8225567813410785 1.2140246672840036 0.7816155317589891 0.49951333318806035 0.760472394127403 0.9742749841765682 0.16709809669901776 0.20144182840303793 
node 1 1 1 1
node 2 1 1 1
node 3 1 1 1
node 4 1 1 1
node 5 1 1 1
node 6 1 1 1
node 7 1 1 3
node 8 1 0 0
node 9 1 0 0
node 10 1 0 0
node 11 1 0 0
node 12 1 0 0
node 13 1 0 2
node 14 1 0 2
node 27 1 0 0
node 34 1 0 0
node 40 1 0 0
gene  1 1 8 -2.133550958489077 0 98.0 -2.133550958489077 1
gene  1 3 8 -1.128052354394249 0 100.0 -1.128052354394249 1
gene  1 4 8 4.31462197291121 0 101.0 4.31462197291121 1
gene  1 6 8 -4.659799229094849 0 103.0 -4.659799229094849 1
gene  1 8 8 0.04031580507221477 1 105.0 0.04031580507221477 1
gene  1 10 8 -2.5700695630310015 1 107.0 -2.5700695630310015 1
gene  1 3 9 7.481476376730594 0 114.0 7.481476376730594 1
gene  1 6 9 4.702629422203878 0 117.0 4.702629422203878 1
gene  1 8 9 3.560826906058887 0 119.0 3.560826906058887 1
gene  1 10 9 -1.7983538137499613 1 121.0 -1.7983538137499613 1
gene  1 11 9 -0.04933162347306741 1 122.0 -0.04933162347306741 1
gene  1 13 9 2.289327454491834 1 124.0 2.289327454491834 1
gene  1 14 9 -2.8320063800145587 1 125.0 -2.8320063800145587 1
gene  1 1 10 -0.9888822075498251 0 126.0 -0.9888822075498251 1
gene  1 3 10 2.5355999562292713 0 128.0 2.5355999562292713 1
gene  1 4 10 -2.660257895423931 0 129.0 -2.660257895423931 1
gene  1 5 10 1.1675176615911382 0 130.0 1.1675176615911382 1
gene  1 9 10 6.963627440587866 0 134.0 6.963627440587866 1
gene  1 13 10 11.090614385327124 1 138.0 11.090614385327124 1
gene  1 1 11 -0.4249002466260028 0 140.0 -0.4249002466260028 1
gene  1 3 11 -0.36317284843689346 0 142.0 -0.36317284843689346 1
gene  1 5 11 1.541586512888963 0 144.0 1.541586512888963 1
gene  1 9 11 1.8907031362068194 0 148.0 1.8907031362068194 1
gene  1 10 11 -5.618139171265002 0 149.0 -5.618139171265002 1
gene  1 12 11 -7.854174838150864 1 151.0 -7.854174838150864 1
gene  1 14 11 -0.034155523789463293 1 153.0 -0.034155523789463293 1
gene  1 2 12 -2.5038896918049076 0 155.0 -2.5038896918049076 1
gene  1 4 12 -1.4495315909557296 0 157.0 -1.4495315909557296 1
gene  1 6 12 1.4136136889580277 0 159.0 1.4136136889580277 1
gene  1 7 12 0.5235372417014205 0 160.0 0.5235372417014205 1
gene  1 9 12 -0.30966632349750317 0 162.0 -0.30966632349750317 1
gene  1 10 12 -1.889707758224663 0 163.0 -1.889707758224663 1
gene  1 12 12 -0.8097847655604427 1 165.0 -0.8097847655604427 1
gene  1 14 12 -1.720905460387299 1 167.0 -1.720905460387299 1
gene  1 1 13 -4.961699862083205 0 168.0 -4.961699862083205 1
gene  1 3 13 -6.058576942756946 0 170.0 -6.058576942756946 1
gene  1 4 13 -2.5956855143383306 0 171.0 -2.5956855143383306 1
gene  1 6 13 10.565880817970335 0 173.0 10.565880817970335 1
gene  1 8 13 1.082109976598622 0 175.0 1.082109976598622 1
gene  1 9 13 -3.6268841457226855 0 176.0 -3.6268841457226855 1
gene  1 8 14 5.261019016302548 0 189.0 5.261019016302548 1
gene  1 11 14 1.0420390171522653 0 192.0 1.0420390171522653 1
gene  1 5 8 -0.4431167042961035 0 235.0 -0.4431167042961035 1
gene  1 1 27 -4.163715068875408 0 241.0 -4.163715068875408 1
gene  1 27 8 -3.1425510889045905 0 242.0 -3.1425510889045905 1
gene  1 9 34 0.9633532574630449 0 272.0 0.9633532574630449 1
gene  1 34 11 2.021366976689803 0 273.0 2.021366976689803 1
gene  1 5 13 1.5288678166774707 0 277.0 1.5288678166774707 1
gene  1 12 14 1.129778721708879 0 296.0 1.129778721708879 1
gene  1 8 40 0.7790591311456457 1 308.0 0.7790591311456457 1
gene  1 40 8 2.0041445748459554 0 309.0 2.0041445748459554 1
gene  1 10 14 -7.449791456941682 0 341.0 -7.449791456941682 1
genomeend 18
genomestart  19
trait 1 0.8225567813410785 1.2140246672840036 0.7816155317589891 0.49951333318806035 0.760472394127403 0.9742749841765682 0.16709809669901776 0.20144182840303793 
node 1 1 1 1
node 2 1 1 1
node 3 1 1 1
node 4 1 1 1
node 5 1 1 1
node 6 1 1 1
node 7 1 1 3
node 8 1 0 0
node 9 1 0 0
node 10 1 0 0
node 11 1 0 0
node 12 1 0 0
node 13 1 0 2
node 14 1 0 2
node 27 1 0 0
node 34 1 0 0
node 40 1 0 0
gene  1 1 8 -3.273306603443664 0 98.0 -3.273306603443664 1
gene  1 3 8 0.2928419118355432 0 100.0 0.2928419118355432 1
gene  1 4 8 6.562152951843325 0 101.0 6.562152951843325 1
gene  1 6 8 -4.927391731308099 0 103.0 -4.927391731308099 1
gene  1 8 8 1.7297025817265472 1 105.0 1.7297025817265472 1
gene  1 10 8 -4.003503806893706 1 107.0 -4.003503806893706 1
gene  1 3 9 8.390796318035237 0 114.0 8.390796318035237 1
gene  1 6 9 6.426069336484338 0 117.0 6.426069336484338 1
gene  1 8 9 2.617789653415013 0 119.0 2.617789653415013 1
gene  1 10 9 -0.11288451269840971 1 121.0 -0.11288451269840971 1
gene  1 11 9 0.787096355272124 1 122.0 0.787096355272124 1
gene  1 13 9 1.6023460058601184 1 124.0 1.6023460058601184 1
gene  1 14 9 -3.8159475984866873 1 125.0 -3.8159475984866873 1
gene  1 1 10 -3.3464070888593116 0 126.0 -3.3464070888593116 1
gene  1 3 10 2.779213208204335 0 128.0 2.779213208204335 1
gene  1 4 10 -2.8272111972931646 0 129.0 -2.8272111972931646 1
gene  1 5 10 3.361729532827245 0 130.0 3.361729532827245 1
gene  1 9 10 7.194262739724991 0 134.0 7.194262739724991 1
gene  1 13 10 9.019656680000931 1 138.0 9.019656680000931 1
gene  1 1 11 -2.792239628751556 0 140.0 -2.792239628751556 1
gene  1 3 11 -2.0054654806119396 0 142.0 -2.0054654806119396 1
gene  1 5 11 3.5355621321510835 0 144.0 3.5355621321510835 1
gene  1 9 11 3.7841191424402387 0 148.0 3.7841191424402387 1
gene  1 10 11 -5.846778867315626 0 149.0 -5.846778867315626 1
gene  1 12 11 -9.489232374281364 1 151.0 -9.489232374281364 1
gene  1 14 11 -1.6355966806401305 1 153.0 -1.6355966806401305 1
gene  1 2 12 -4.407195164599306 0 155.0 -4.407195164599306 1
gene  1 4 12 -2.7979071362868764 0 157.0 -2.7979071362868764 1
gene  1 6 12 2.895047602193798 0 159.0 2.895047602193798 1
gene  1 7 12 1.3744346767512812 0 160.0 1.3744346767512812 1
gene  1 9 12 -1.9580073093935728 0 162.0 -1.9580073093935728 1
gene  1 10 12 -4.2394728384569325 0 163.0 -4.2394728384569325 1
gene  1 12 12 -2.331255180927566 1 165.0 -2.331255180927566 1
gene  1 14 12 -3.3713558751930086 1 167.0 -3.3713558751930086 1
gene  1 1 13 -7.024515529348005 0 168.0 -7.024515529348005 1
gene  1 3 13 -7.235344148152161 0 170.0 -7.235344148152161 1
gene  1 4 13 -4.4131742455252025 0 171.0 -4.4131742455252025 1
gene  1 6 13 12.822471956660003 0 173.0 12.822471956660003 1
gene  1 8 13 3.1738328645318394 0 175.0 3.1738328645318394 1
gene  1 9 13 -3.654884506390288 0 176.0 -3.654884506390288 1
gene  1 8 14 3.443822991306271 0 189.0 3.443822991306271 1
gene  1 11 14 2.2108096591618662 0 192.0 2.2108096591618662 1
gene  1 5 8 -0.06998871370900306 0 235.0 -0.06998871370900306 1
gene  1 1 27 -4.163715068875408 0 241.0 -4.163715068875408 1
gene  1 27 8 -3.1425510889045905 0 242.0 -3.1425510889045905 1
gene  1 9 34 -0.8289921407835309 0 272.0 -0.8289921407835309 1
gene  1 34 11 -1.5931186682502259 0 273.0 -1.5931186682502259 1
gene  1 5 13 1.5288678166774707 0 277.0 1.5288678166774707 1
gene  1 12 14 1.3860611534968377 0 296.0 1.3860611534968377 1
gene  1 8 40 -1.407366098689905 1 308.0 -1.407366098689905 1
gene  1 40 8 2.332419992361354 0 309.0 2.332419992361354 1
gene  1 10 14 -9.897116026685861 0 341.0 -9.897116026685861 1
genomeend 19
