genomestart  0
trait 1 0.0 0.29964541126798605 0.0 0.5917793035862625 0.0 0.5239379551513967 0.8464040429162474 0.9121227953336634 
node 1 1 1 1
node 2 1 1 1
node 3 1 1 1
node 4 1 1 1
node 5 1 1 1
node 6 1 1 1
node 7 1 1 3
node 13 1 0 2
node 14 1 0 2
node 19 1 0 0
node 33 1 0 0
node 41 1 0 0
node 45 1 0 0
gene  1 1 13 -0.9416699505234205 0 168.0 -0.9416699505234205 1
gene  1 3 13 2.065932050233628 0 170.0 2.065932050233628 1
gene  1 5 13 -1.7084751537671952 0 172.0 -1.7084751537671952 1
gene  1 6 13 1.492652981266612 0 173.0 1.492652981266612 1
gene  1 14 13 8.14225869604849 1 181.0 8.14225869604849 1
gene  1 1 14 -3.8937732660156756 0 182.0 -3.8937732660156756 1
gene  1 2 14 -1.2407335685870424 0 183.0 -1.2407335685870424 1
gene  1 4 14 -0.27183754348568984 0 185.0 -0.27183754348568984 1
gene  1 5 14 -4.1577993332554515 0 186.0 -4.1577993332554515 1
gene  1 6 14 1.2989474850305724 0 187.0 1.2989474850305724 1
gene  1 7 14 -2.3547561407484756 0 188.0 -2.3547561407484756 1
gene  1 13 14 -7.832282433616866 0 194.0 -7.832282433616866 1
gene  1 14 14 -8.275649771875274 1 195.0 -8.275649771875274 1
gene  1 5 19 1.626945066904727 0 213.0 1.626945066904727 1
gene  1 19 13 2.200613697823899 0 214.0 2.200613697823899 1
gene  1 2 13 10.909510327152173 0 243.0 10.909510327152173 1
gene  1 6 19 -2.360297645236334 0 257.0 -2.360297645236334 1
gene  1 19 14 -3.8540835693728295 0 267.0 -3.8540835693728295 1
gene  1 14 33 0.043439573932607 1 268.0 0.043439573932607 1
gene  1 33 14 -2.2410972715112427 0 269.0 -2.2410972715112427 1
gene  1 4 13 -9.14855169874943 0 292.0 -9.14855169874943 1
gene  1 14 41 0.6067210049284661 1 315.0 0.6067210049284661 1
gene  1 41 13 2.2696849119603106 0 316.0 2.2696849119603106 1
gene  1 5 45 6.13586750136921 0 338.0 6.13586750136921 1
gene  1 45 14 2.187953458823739 0 339.0 2.187953458823739 1
genomeend 0
genomestart  1
trait 1 0.0 0.29964541126798605 0.0 0.5917793035862625 0.0 0.5239379551513967 0.8464040429162474 0.9121227953336634 
node 1 1 1 1
node 2 1 1 1
node 3 1 1 1
node 4 1 1 1
node 5 1 1 1
node 6 1 1 1
node 7 1 1 3
node 13 1 0 2
node 14 1 0 2
node 19 1 0 0
node 33 1 0 0
node 41 1 0 0
node 45 1 0 0
gene  1 1 13 -1.643716077536656 0 168.0 -1.643716077536656 1
gene  1 3 13 0.4418809426768715 0 170.0 0.4418809426768715 1
gene  1 5 13 0.32251445218003383 0 172.0 0.32251445218003383 1
gene  1 6 13 0.31833005394141045 0 173.0 0.31833005394141045 1
gene  1 14 13 7.010242712796783 1 181.0 7.010242712796783 1
gene  1 1 14 2.39470351231831 0 182.0 2.39470351231831 1
gene  1 2 14 -3.273118233944757 0 183.0 -3.273118233944757 1
gene  1 4 14 2.277087323946903 0 185.0 2.277087323946903 1
gene  1 5 14 -3.014506917295356 0 186.0 -3.014506917295356 1
gene  1 6 14 -6.337502617734474 0 187.0 -6.337502617734474 1
gene  1 7 14 -1.5412425795538858 0 188.0 -1.5412425795538858 1
gene  1 13 14 -8.889018672120859 0 194.0 -8.889018672120859 1
gene  1 14 14 -4.741997106759321 1 195.0 -4.741997106759321 1
gene  1 5 19 1.1876661507267128 0 213.0 1.1876661507267128 1
gene  1 19 13 0.9711220036532402 0 214.0 0.9711220036532402 1
gene  1 2 13 9.579390077118719 0 243.0 9.579390077118719 1
gene  1 6 19 -1.6186248605060376 0 257.0 -1.6186248605060376 1
gene  1 19 14 -3.695524974491547 0 267.0 -3.695524974491547 1
gene  1 14 33 -0.563177896775171 1 268.0 -0.563177896775171 1
gene  1 33 14 0.26688807132661774 0 269.0 0.26688807132661774 1
gene  1 4 13 -9.859571629570436 0 292.0 -9.859571629570436 1
gene  1 14 41 -1.34653261527735 1 315.0 -1.34653261527735 1
gene  1 41 13 3.228625835375253 0 316.0 3.228625835375253 1
gene  1 5 45 4.263506424286035 0 338.0 4.263506424286035 1
gene  1 45 14 0.978644192537714 0 339.0 0.978644192537714 1
genomeend 1
genomestart  2
trait 1 1.0912366156451037 0.6636304145523635 0.35392091268841774 0.0 0.455352653858774 1.0290111265680415 0.47255607152799783 0.5824657961386613 
node 1 1 1 1
node 2 1 1 1
node 3 1 1 1
node 4 1 1 1
node 5 1 1 1
node 6 1 1 1
node 7 1 1 3
node 13 1 0 2
node 14 1 0 2
node 24 1 0 0
node 36 1 0 0
gene  1 2 13 -0.010826438227748147 0 169.0 -0.010826438227748147 1
gene  1 3 13 3.921515088384354 0 170.0 3.921515088384354 1
gene  1 4 13 7.130274046784151 0 171.0 7.130274046784151 1
gene  1 6 13 2.6409423509105086 0 173.0 2.6409423509105086 1
gene  1 7 13 -0.8836600819139012 0 174.0 -0.8836600819139012 1
gene  1 13 13 -0.025557447053024873 1 180.0 -0.025557447053024873 1
gene  1 1 14 -3.775298234347898 0 182.0 -3.775298234347898 1
gene  1 2 14 3.377510753663401 0 183.0 3.377510753663401 1
gene  1 5 14 5.683205921261563 0 186.0 5.683205921261563 1
gene  1 6 14 1.148397050661478 0 187.0 1.148397050661478 1
gene  1 7 14 1.4347554741695916 0 188.0 1.4347554741695916 1
gene  1 13 14 -5.248393302825018 0 194.0 -5.248393302825018 1
gene  1 14 14 1.3194238518463197 1 195.0 1.3194238518463197 1
gene  1 2 24 0.586914887375744 0 226.0 0.586914887375744 1
gene  1 24 13 -1.4259471529597425 0 227.0 -1.4259471529597425 1
gene  1 7 24 8.312590347185417 0 245.0 8.312590347185417 1
gene  1 1 24 -3.3780000910278614 0 249.0 -3.3780000910278614 1
gene  1 4 14 1.1333889789176679 0 280.0 1.1333889789176679 1
gene  1 4 36 -6.540178471691598 0 293.0 -6.540178471691598 1
gene  1 36 14 -0.6690720956495362 0 294.0 -0.6690720956495362 1
gene  1 7 36 1.4246532323309222 0 301.0 1.4246532323309222 1
gene  1 3 36 -2.389127040560988 0 313.0 -2.389127040560988 1
gene  1 24 36 2.3663774648142315 0 345.0 2.3663774648142315 1
gene  1 5 13 2.7453344316109085 0 374.0 2.7453344316109085 1
genomeend 2
genomestart  3
trait 1 1.0912366156451037 1.559738843652866 0.35392091268841774 0.0 0.455352653858774 1.0290111265680415 0.6793983389774335 1.3382223835423157 
node 1 1 1 1
node 2 1 1 1
node 3 1 1 1
node 4 1 1 1
node 5 1 1 1
node 6 1 1 1
node 7 1 1 3
node 13 1 0 2
node 14 1 0 2
node 24 1 0 0
node 36 1 0 0
gene  1 2 13 -0.010826438227748147 0 169.0 -0.010826438227748147 1
gene  1 3 13 3.921515088384354 0 170.0 3.921515088384354 1
gene  1 4 13 7.130274046784151 0 171.0 7.130274046784151 1
gene  1 6 13 2.6409423509105086 0 173.0 2.6409423509105086 1
gene  1 7 13 -0.8836600819139012 0 174.0 -0.8836600819139012 1
gene  1 13 13 -0.025557447053024873 1 180.0 -0.025557447053024873 1
gene  1 1 14 -3.775298234347898 0 182.0 -3.775298234347898 1
gene  1 2 14 3.377510753663401 0 183.0 3.377510753663401 1
gene  1 5 14 5.683205921261563 0 186.0 5.683205921261563 1
gene  1 6 14 1.148397050661478 0 187.0 1.148397050661478 1
gene  1 7 14 1.4347554741695916 0 188.0 1.4347554741695916 1
gene  1 13 14 -5.248393302825018 0 194.0 -5.248393302825018 1
gene  1 14 14 1.3194238518463197 1 195.0 1.3194238518463197 1
gene  1 2 24 0.586914887375744 0 226.0 0.586914887375744 1
gene  1 24 13 -1.4259471529597425 0 227.0 -1.4259471529597425 1
gene  1 7 24 8.312590347185417 0 245.0 8.312590347185417 1
gene  1 1 24 -3.3780000910278614 0 249.0 -3.3780000910278614 1
gene  1 4 14 1.1333889789176679 0 280.0 1.1333889789176679 1
gene  1 4 36 -6.540178471691598 0 293.0 -6.540178471691598 1
gene  1 36 14 -0.6690720956495362 0 294.0 -0.6690720956495362 1
gene  1 7 36 1.4246532323309222 0 301.0 1.4246532323309222 1
gene  1 3 36 -2.389127040560988 0 313.0 -2.389127040560988 1
gene  1 24 36 2.3663774648142315 0 345.0 2.3663774648142315 1
gene  1 5 13 2.7453344316109085 0 374.0 2.7453344316109085 1
genomeend 3
genomestart  4
trait 1 0.5881716647646825 0.21357948226159307 1.8564835101802153 0.8861824623786819 0.0 1.3132693424315245 1.6423806715703035 0.004307252023895924 
node 1 1 1 1
node 2 1 1 1
node 3 1 1 1
node 4 1 1 1
node 5 1 1 1
node 6 1 1 1
node 7 1 1 3
node 8 1 0 0
node 9 1 0 0
node 10 1 0 0
node 11 1 0 0
node 13 1 0 2
node 14 1 0 2
gene  1 2 8 3.4903076161923785 0 99.0 3.4903076161923785 1
gene  1 6 8 4.797164551557329 0 103.0 4.797164551557329 1
gene  1 8 8 -1.4531697771735432 1 105.0 -1.4531697771735432 1
gene  1 9 8 4.50351907216985 1 106.0 4.50351907216985 1
gene  1 10 8 -0.14094699018106183 1 107.0 -0.14094699018106183 1
gene  1 11 8 1.0261331624741787 1 108.0 1.0261331624741787 1
gene  1 13 8 -1.9282744546649209 1 110.0 -1.9282744546649209 1
gene  1 14 8 0.0169476036831524 1 111.0 0.0169476036831524 1
gene  1 1 9 0.10652159107289944 0 112.0 0.10652159107289944 1
gene  1 2 9 -0.5964843102926998 0 113.0 -0.5964843102926998 1
gene  1 3 9 2.459718508616212 0 114.0 2.459718508616212 1
gene  1 6 9 -0.4814473032184436 0 117.0 -0.4814473032184436 1
gene  1 7 9 -0.8550537607889752 0 118.0 -0.8550537607889752 1
gene  1 8 9 6.000907998819276 0 119.0 6.000907998819276 1
gene  1 9 9 -4.141701319850052 1 120.0 -4.141701319850052 1
gene  1 11 9 -9.199581007247302 1 122.0 -9.199581007247302 1
gene  1 13 9 -1.4534873661437264 1 124.0 -1.4534873661437264 1
gene  1 14 9 -2.1320081986951713 1 125.0 -2.1320081986951713 1
gene  1 1 10 -4.464450210256032 0 126.0 -4.464450210256032 1
gene  1 3 10 1.5334414913557128 0 128.0 1.5334414913557128 1
gene  1 4 10 -0.6679495706574066 0 129.0 -0.6679495706574066 1
gene  1 5 10 1.073734390660269 0 130.0 1.073734390660269 1
gene  1 6 10 -6.042764902603152 0 131.0 -6.042764902603152 1
gene  1 10 10 0.06518590763567594 1 135.0 0.06518590763567594 1
gene  1 11 10 0.020864727863923127 1 136.0 0.020864727863923127 1
gene  1 14 10 -0.8976008585258708 1 139.0 -0.8976008585258708 1
gene  1 1 11 -2.0190180404214964 0 140.0 -2.0190180404214964 1
gene  1 3 11 3.0944353363537944 0 142.0 3.0944353363537944 1
gene  1 5 11 -10.541010520096897 0 144.0 -10.541010520096897 1
gene  1 6 11 -1.4208918167530573 0 145.0 -1.4208918167530573 1
gene  1 7 11 2.8689234552557163 0 146.0 2.8689234552557163 1
gene  1 8 11 -1.1371294793256033 0 147.0 -1.1371294793256033 1
gene  1 9 11 -0.6497760544071096 0 148.0 -0.6497760544071096 1
gene  1 10 11 0.18008775634835217 0 149.0 0.18008775634835217 1
gene  1 11 11 -6.452356465149348 1 150.0 -6.452356465149348 1
gene  1 1 13 2.2841529989742013 0 168.0 2.2841529989742013 1
gene  1 2 13 4.505141233650634 0 169.0 4.505141233650634 1
gene  1 3 13 -0.8407187503556934 0 170.0 -0.8407187503556934 1
gene  1 7 13 3.6152581363529066 0 174.0 3.6152581363529066 1
gene  1 11 13 -2.711304868097189 0 178.0 -2.711304868097189 1
gene  1 13 13 -2.1898177727365793 1 180.0 -2.1898177727365793 1
gene  1 2 14 -3.4702419823669683 0 183.0 -3.4702419823669683 1
gene  1 3 14 -5.506637182350807 0 184.0 -5.506637182350807 1
gene  1 4 14 1.6909713053011999 0 185.0 1.6909713053011999 1
gene  1 7 14 3.226284911698065 0 188.0 3.226284911698065 1
gene  1 8 14 1.3659556911862998 0 189.0 1.3659556911862998 1
gene  1 10 14 -1.9120812928004236 0 191.0 -1.9120812928004236 1
gene  1 13 14 4.473299551796865 0 194.0 4.473299551796865 1
gene  1 5 13 2.3002002135951143 0 198.0 2.3002002135951143 1
gene  1 4 9 -0.18728217563111116 0 200.0 -0.18728217563111116 1
gene  1 8 13 -1.184199304891635 0 248.0 -1.184199304891635 1
gene  1 7 10 -2.3648882042805432 0 270.0 -2.3648882042805432 1
gene  1 9 10 2.3443389173175846 0 274.0 2.3443389173175846 1
gene  1 9 13 0.6603239294038823 0 288.0 0.6603239294038823 1
gene  1 5 14 -1.0699317102951122 0 328.0 -1.0699317102951122 1
gene  1 2 10 1.430090212862391 0 357.0 1.430090212862391 1
genomeend 4
genomestart  5
trait 1 0.5881716647646825 0.21357948226159307 1.8564835101802153 0.8861824623786819 0.0 1.3132693424315245 1.6423806715703035 0.004307252023895924 
node 1 1 1 1
node 2 1 1 1
node 3 1 1 1
node 4 1 1 1
node 5 1 1 1
node 6 1 1 1
node 7 1 1 3
node 8 1 0 0
node 9 1 0 0
node 10 1 0 0
node 11 1 0 0
node 13 1 0 2
node 14 1 0 2
gene  1 2 8 2.406147872849808 0 99.0 2.406147872849808 1
gene  1 6 8 5.543174763396914 0 103.0 5.543174763396914 1
gene  1 8 8 0.6819620285056422 1 105.0 0.6819620285056422 1
gene  1 9 8 2.9037128986199976 1 106.0 2.9037128986199976 1
gene  1 10 8 0.35909745966042705 1 107.0 0.35909745966042705 1
gene  1 11 8 -0.9905966597956315 1 108.0 -0.9905966597956315 1
gene  1 13 8 -1.1304160453386012 1 110.0 -1.1304160453386012 1
gene  1 14 8 -1.846828538720767 1 111.0 -1.846828538720767 1
gene  1 1 9 -0.41084954890762587 0 112.0 -0.41084954890762587 1
gene  1 2 9 -1.3296631512349175 0 113.0 -1.3296631512349175 1
gene  1 3 9 2.91047024335157 0 114.0 2.91047024335157 1
gene  1 6 9 -0.4706859167205566 0 117.0 -0.4706859167205566 1
gene  1 7 9 -0.244530788891407 0 118.0 -0.244530788891407 1
gene  1 8 9 4.224351639716489 0 119.0 4.224351639716489 1
gene  1 9 9 -5.2398543562710405 1 120.0 -5.2398543562710405 1
gene  1 11 9 -9.492592353840926 1 122.0 -9.492592353840926 1
gene  1 13 9 -0.4904907796580975 1 124.0 -0.4904907796580975 1
gene  1 14 9 -2.931058272768032 1 125.0 -2.931058272768032 1
gene  1 1 10 -5.6273882924244525 0 126.0 -5.6273882924244525 1
gene  1 3 10 -0.8597600039017679 0 128.0 -0.8597600039017679 1
gene  1 4 10 -1.1781493104946348 0 129.0 -1.1781493104946348 1
gene  1 5 10 3.0251658076724017 0 130.0 3.0251658076724017 1
gene  1 6 10 -5.535827774118065 0 131.0 -5.535827774118065 1
gene  1 10 10 0.11512698347001782 1 135.0 0.11512698347001782 1
gene  1 11 10 0.956083355207668 1 136.0 0.956083355207668 1
gene  1 14 10 1.0379433995645198 1 139.0 1.0379433995645198 1
gene  1 1 11 0.08801150834774102 0 140.0 0.08801150834774102 1
gene  1 3 11 4.241886357304618 0 142.0 4.241886357304618 1
gene  1 5 11 -11.479354667263344 0 144.0 -11.479354667263344 1
gene  1 6 11 0.7638750862355931 0 145.0 0.7638750862355931 1
gene  1 7 11 2.884050606242555 0 146.0 2.884050606242555 1
gene  1 8 11 -2.19766471711727 0 147.0 -2.19766471711727 1
gene  1 9 11 0.2661623064296825 0 148.0 0.2661623064296825 1
gene  1 10 11 0.5786868948764096 0 149.0 0.5786868948764096 1
gene  1 11 11 -7.168594849383762 1 150.0 -7.168594849383762 1
gene  1 1 13 1.3302604887506941 0 168.0 1.3302604887506941 1
gene  1 2 13 5.2441137820159085 0 169.0 5.2441137820159085 1
gene  1 3 13 -1.9726817369976437 0 170.0 -1.9726817369976437 1
gene  1 7 13 5.114661831248016 0 174.0 5.114661831248016 1
gene  1 11 13 -4.216194347800909 0 178.0 -4.216194347800909 1
gene  1 13 13 -3.8222091282425303 1 180.0 -3.8222091282425303 1
gene  1 2 14 -5.591411457038211 0 183.0 -5.591411457038211 1
gene  1 3 14 -3.382298192449385 0 184.0 -3.382298192449385 1
gene  1 4 14 1.4006674906293781 0 185.0 1.4006674906293781 1
gene  1 7 14 0.9321297345350137 0 188.0 0.9321297345350137 1
gene  1 8 14 1.3659556911862998 0 189.0 1.3659556911862998 1
gene  1 10 14 0.06399833562272772 0 191.0 0.06399833562272772 1
gene  1 13 14 3.4119291249778083 0 194.0 3.4119291249778083 1
gene  1 5 13 0.8787227195737155 0 198.0 0.8787227195737155 1
gene  1 4 9 -0.18728217563111116 0 200.0 -0.18728217563111116 1
gene  1 8 13 -1.184199304891635 0 248.0 -1.184199304891635 1
gene  1 7 10 -0.7584888509274537 0 270.0 -0.7584888509274537 1
gene  1 9 10 -1.9744514506873303 0 274.0 -1.9744514506873303 1
gene  1 9 13 1.7022436531251497 0 288.0 1.7022436531251497 1
gene  1 5 14 0.9818956641625698 0 328.0 0.9818956641625698 1
gene  1 2 10 1.2091065936115843 0 357.0 1.2091065936115843 1
gene  1 8 10 -9.881733815307086 0 378.0 -9.881733815307086 1
genomeend 5
genomestart  6
trait 1 0.5881716647646825 0.21357948226159307 1.8564835101802153 0.8861824623786819 0.0 1.3132693424315245 1.6423806715703035 0.004307252023895924 
node 1 1 1 1
node 2 1 1 1
node 3 1 1 1
node 4 1 1 1
node 5 1 1 1
node 6 1 1 1
node 7 1 1 3
node 8 1 0 0
node 9 1 0 0
node 10 1 0 0
node 11 1 0 0
node 13 1 0 2
node 14 1 0 2
gene  1 2 8 4.717973383642553 0 99.0 4.717973383642553 1
gene  1 6 8 3.5950673726142988 0 103.0 3.5950673726142988 1
gene  1 8 8 -1.605194446447984 1 105.0 -1.605194446447984 1
gene  1 9 8 -0.5629861972449823 1 106.0 -0.5629861972449823 1
gene  1 10 8 -2.0311180423185773 1 107.0 -2.0311180423185773 1
gene  1 11 8 0.12506813161185582 1 108.0 0.12506813161185582 1
gene  1 13 8 2.43399266322161 1 110.0 2.43399266322161 1
gene  1 14 8 -1.4764265999026716 1 111.0 -1.4764265999026716 1
gene  1 1 9 1.9160503731383165 0 112.0 1.9160503731383165 1
gene  1 2 9 0.6363074490665526 0 113.0 0.6363074490665526 1
gene  1 3 9 1.8256647424275092 0 114.0 1.8256647424275092 1
gene  1 6 9 1.9513260292243884 0 117.0 1.9513260292243884 1
gene  1 7 9 2.241096003379451 0 118.0 2.241096003379451 1
gene  1 8 9 4.349797017747674 0 119.0 4.349797017747674 1
gene  1 9 9 -4.627590817158301 1 120.0 -4.627590817158301 1
gene  1 11 9 -9.492592353840926 1 122.0 -9.492592353840926 1
gene  1 13 9 -0.8450534064790431 1 124.0 -0.8450534064790431 1
gene  1 14 9 -4.217027157365811 1 125.0 -4.217027157365811 1
gene  1 1 10 -4.643366586095594 0 126.0 -4.643366586095594 1
gene  1 3 10 0.5792273827804191 0 128.0 0.5792273827804191 1
gene  1 4 10 -2.2898409649139992 0 129.0 -2.2898409649139992 1
gene  1 5 10 3.9122287481523137 0 130.0 3.9122287481523137 1
gene  1 6 10 0.2636741789466654 0 131.0 0.2636741789466654 1
gene  1 10 10 1.457817602404027 1 135.0 1.457817602404027 1
gene  1 11 10 -0.17118967470143032 1 136.0 -0.17118967470143032 1
gene  1 14 10 -1.048482225686733 1 139.0 -1.048482225686733 1
gene  1 1 11 -2.4974221162953203 0 140.0 -2.4974221162953203 1
gene  1 3 11 4.241886357304618 0 142.0 4.241886357304618 1
gene  1 5 11 -9.968854409347989 0 144.0 -9.968854409347989 1
gene  1 6 11 2.636835659625674 0 145.0 2.636835659625674 1
gene  1 7 11 2.009116452061007 0 146.0 2.009116452061007 1
gene  1 8 11 -4.045067025699989 0 147.0 -4.045067025699989 1
gene  1 9 11 0.18617741706363516 0 148.0 0.18617741706363516 1
gene  1 10 11 1.3450454265964047 0 149.0 1.3450454265964047 1
gene  1 11 11 -6.963734944313856 1 150.0 -6.963734944313856 1
gene  1 1 13 2.20358474123267 0 168.0 2.20358474123267 1
gene  1 2 13 -1.5116352356750493 0 169.0 -1.5116352356750493 1
gene  1 3 13 -1.1457502934555845 0 170.0 -1.1457502934555845 1
gene  1 7 13 5.75493353915347 0 174.0 5.75493353915347 1
gene  1 11 13 -3.736537901127197 0 178.0 -3.736537901127197 1
gene  1 13 13 2.393410158259436 1 180.0 2.393410158259436 1
gene  1 2 14 -5.591411457038211 0 183.0 -5.591411457038211 1
gene  1 3 14 -3.236572737967115 0 184.0 -3.236572737967115 1
gene  1 4 14 1.4006674906293781 0 185.0 1.4006674906293781 1
gene  1 7 14 2.590975031490572 0 188.0 2.590975031490572 1
gene  1 8 14 2.529782109726562 0 189.0 2.529782109726562 1
gene  1 10 14 -1.530824691924924 0 191.0 -1.530824691924924 1
gene  1 13 14 1.2664267181491349 0 194.0 1.2664267181491349 1
gene  1 5 13 -1.4550683320467255 0 198.0 -1.4550683320467255 1
gene  1 4 9 -2.3743874785888965 0 200.0 -2.3743874785888965 1
gene  1 8 13 0.5099015337797626 0 248.0 0.5099015337797626 1
gene  1 7 10 -3.1182022283342268 0 270.0 -3.1182022283342268 1
gene  1 9 10 0.10669091560667443 0 274.0 0.10669091560667443 1
gene  1 9 13 2.6610197118986285 0 288.0 2.6610197118986285 1
gene  1 5 14 -1.487090141268095 0 328.0 -1.487090141268095 1
gene  1 2 10 1.1774546302264437 0 357.0 1.1774546302264437 1
genomeend 6
genomestart  7
trait 1 0.7748407867188624 0.0 0.0 0.0 1.7799059348361965 1.021634367088284 0.7227535952013976 0.03711240661335824 
node 1 1 1 1
node 2 1 1 1
node 3 1 1 1
node 4 1 1 1
node 5 1 1 1
node 6 1 1 1
node 7 1 1 3
node 8 1 0 0
node 13 1 0 2
node 14 1 0 2
node 16 1 0 0
node 20 1 0 0
node 50 1 0 0
node 55 1 0 0
gene  1 1 8 -9.78455893748983 0 98.0 -9.78455893748983 1
gene  1 2 8 -2.2323083771865107 0 99.0 -2.2323083771865107 1
gene  1 3 8 1.986932581450405 0 100.0 1.986932581450405 1
gene  1 4 8 -3.4682313517097465 0 101.0 -3.4682313517097465 1
gene  1 5 8 -4.477279572252497 0 102.0 -4.477279572252497 1
gene  1 6 8 -5.599052805837658 0 103.0 -5.599052805837658 1
gene  1 8 8 -10.95144204679409 1 105.0 -10.95144204679409 1
gene  1 13 8 -10.81818509864139 1 110.0 -10.81818509864139 1
gene  1 14 8 -6.233953903646677 1 111.0 -6.233953903646677 1
gene  1 3 13 -0.5840624167354656 0 170.0 -0.5840624167354656 1
gene  1 5 13 -2.7968303791589086 0 172.0 -2.7968303791589086 1
gene  1 7 13 2.134907130085048 0 174.0 2.134907130085048 1
gene  1 13 13 -1.0741535339871726 1 180.0 -1.0741535339871726 1
gene  1 2 14 1.5076443910352137 0 183.0 1.5076443910352137 1
gene  1 4 14 -0.5896908730492383 0 185.0 -0.5896908730492383 1
gene  1 6 14 -4.185029278831444 0 187.0 -4.185029278831444 1
gene  1 8 14 2.6619904109056662 0 189.0 2.6619904109056662 1
gene  1 13 14 -16.770755208887657 0 194.0 -16.770755208887657 1
gene  1 13 16 -2.4077528165277147 0 201.0 -2.4077528165277147 1
gene  1 16 14 8.165008301006111 0 202.0 8.165008301006111 0
gene  1 3 20 -1.6318932721508985 0 215.0 -1.6318932721508985 0
gene  1 20 8 -1.3530444027548743 0 216.0 -1.3530444027548743 1
gene  1 8 13 2.214349569432178 0 233.0 2.214349569432178 1
gene  1 2 16 -3.867949454348699 0 324.0 -3.867949454348699 1
gene  1 2 20 -0.4876044783739717 0 333.0 -0.4876044783739717 1
gene  1 7 8 -0.26606356666080533 0 352.0 -0.26606356666080533 1
gene  1 16 50 -2.7549769930310473 0 364.0 -2.7549769930310473 1
gene  1 50 14 -0.3970905679352865 0 365.0 -0.3970905679352865 1
gene  1 3 55 1.0 0 379.0 0.0 1
gene  1 55 20 -1.6318932721508985 0 380.0 0.0 1
genomeend 7
genomestart  8
trait 1 0.0 0.6717991789792671 0.687885284225863 0.76527084396768 0.20246234890771164 0.0 0.0 0.6764016660929384 
node 1 1 1 1
node 2 1 1 1
node 3 1 1 1
node 4 1 1 1
node 5 1 1 1
node 6 1 1 1
node 7 1 1 3
node 8 1 0 0
node 9 1 0 0
node 10 1 0 0
node 13 1 0 2
node 14 1 0 2
node 21 1 0 0
node 29 1 0 0
node 52 1 0 0
node 53 1 0 0
gene  1 1 8 -0.8538848126011664 0 98.0 -0.8538848126011664 1
gene  1 3 8 -5.158442049024078 0 100.0 -5.158442049024078 1
gene  1 5 8 0.9652331010841424 0 102.0 0.9652331010841424 1
gene  1 6 8 1.2227515691750113 0 103.0 1.2227515691750113 1
gene  1 8 8 2.233938250813011 1 105.0 2.233938250813011 1
gene  1 1 9 -4.076992773533908 0 112.0 -4.076992773533908 1
gene  1 2 9 16.08337651531331 0 113.0 16.08337651531331 1
gene  1 3 9 4.017017854953221 0 114.0 4.017017854953221 1
gene  1 5 9 0.010418271623164277 0 116.0 0.010418271623164277 1
gene  1 7 9 2.667962180803757 0 118.0 2.667962180803757 1
gene  1 9 9 0.12150412740930316 1 120.0 0.12150412740930316 1
gene  1 10 9 1.138429738374602 1 121.0 1.138429738374602 1
gene  1 13 9 1.290672960477177 1 124.0 1.290672960477177 1
gene  1 2 10 1.9504096774405504 0 127.0 1.9504096774405504 1
gene  1 4 10 -5.613611321885612 0 129.0 -5.613611321885612 1
gene  1 5 10 -5.221679525347623 0 130.0 -5.221679525347623 1
gene  1 8 10 -5.783645855435596 0 133.0 -5.783645855435596 1
gene  1 9 10 -0.6260297740783509 0 134.0 -0.6260297740783509 1
gene  1 10 10 -0.7010880305717548 1 135.0 -0.7010880305717548 1
gene  1 13 10 1.5464927412457188 1 138.0 1.5464927412457188 1
gene  1 14 10 0.10404852106364104 1 139.0 0.10404852106364104 1
gene  1 2 13 1.980249752655411 0 169.0 1.980249752655411 1
gene  1 3 13 -0.040540604364886046 0 170.0 -0.040540604364886046 1
gene  1 6 13 -6.9149232118108515 0 173.0 -6.9149232118108515 1
gene  1 7 13 -1.1547832725859328 0 174.0 -1.1547832725859328 1
gene  1 9 13 -2.4450579925537794 0 176.0 -2.4450579925537794 1
gene  1 13 13 -8.72698171461067 1 180.0 -8.72698171461067 1
gene  1 14 13 -2.558219433842992 1 181.0 -2.558219433842992 1
gene  1 1 14 2.7841352469244263 0 182.0 2.7841352469244263 1
gene  1 3 14 -4.573065087953376 0 184.0 -4.573065087953376 1
gene  1 9 14 -1.1031081149543813 0 190.0 -1.1031081149543813 0
gene  1 10 14 -7.170942156528513 0 191.0 -7.170942156528513 1
gene  1 1 21 1.5060715609875985 0 218.0 1.5060715609875985 1
gene  1 21 8 2.0663257669386996 0 219.0 2.0663257669386996 1
gene  1 3 10 3.2238483797932362 0 223.0 3.2238483797932362 1
gene  1 6 29 1.2113399446539588 0 259.0 1.2113399446539588 1
gene  1 29 8 -2.688704521373367 0 260.0 -2.688704521373367 1
gene  1 29 21 2.4324458777021105 0 271.0 2.4324458777021105 1
gene  1 3 21 -2.7948100596863905 0 300.0 -2.7948100596863905 1
gene  1 9 52 1.0355425361163328 0 368.0 1.0355425361163328 1
gene  1 52 14 -4.782965189668278 0 369.0 -4.782965189668278 1
gene  1 1 53 1.1204998608969663 0 372.0 1.1204998608969663 1
gene  1 53 21 -1.4499049240984847 0 373.0 -1.4499049240984847 1
gene  1 7 29 1.0581463995704166 0 377.0 1.0581463995704166 1
genomeend 8
genomestart  9
trait 1 0.0 0.6717991789792671 0.687885284225863 0.76527084396768 0.20246234890771164 0.0 0.0 0.6764016660929384 
node 1 1 1 1
node 2 1 1 1
node 3 1 1 1
node 4 1 1 1
node 5 1 1 1
node 6 1 1 1
node 7 1 1 3
node 8 1 0 0
node 9 1 0 0
node 10 1 0 0
node 13 1 0 2
node 14 1 0 2
node 21 1 0 0
node 29 1 0 0
node 52 1 0 0
node 53 1 0 0
gene  1 1 8 -2.704872986189521 0 98.0 -2.704872986189521 1
gene  1 3 8 -2.701911433565755 0 100.0 -2.701911433565755 1
gene  1 5 8 -1.3280006994836233 0 102.0 -1.3280006994836233 1
gene  1 6 8 1.754054803028471 0 103.0 1.754054803028471 1
gene  1 8 8 1.4338965956087653 1 105.0 1.4338965956087653 1
gene  1 1 9 -5.110290834275913 0 112.0 -5.110290834275913 1
gene  1 2 9 16.978838501079522 0 113.0 16.978838501079522 1
gene  1 3 9 4.835286488589247 0 114.0 4.835286488589247 1
gene  1 5 9 -1.7134289643749503 0 116.0 -1.7134289643749503 1
gene  1 7 9 2.187708163828627 0 118.0 2.187708163828627 1
gene  1 9 9 -2.20861411659689 1 120.0 -2.20861411659689 1
gene  1 10 9 1.3888370549681008 1 121.0 1.3888370549681008 1
gene  1 13 9 2.981177152220774 1 124.0 2.981177152220774 1
gene  1 2 10 0.5740114503592118 0 127.0 0.5740114503592118 1
gene  1 4 10 -4.988816120731527 0 129.0 -4.988816120731527 1
gene  1 5 10 -3.225248431147416 0 130.0 -3.225248431147416 1
gene  1 8 10 -5.668312000321791 0 133.0 -5.668312000321791 1
gene  1 9 10 1.7278082983592087 0 134.0 1.7278082983592087 1
gene  1 10 10 1.087568816668022 1 135.0 1.087568816668022 1
gene  1 13 10 0.13376440449884974 1 138.0 0.13376440449884974 1
gene  1 14 10 -0.492533487308108 1 139.0 -0.492533487308108 1
gene  1 2 13 1.2101695237115366 0 169.0 1.2101695237115366 1
gene  1 3 13 2.3407450569803165 0 170.0 2.3407450569803165 1
gene  1 6 13 -7.758503645182863 0 173.0 -7.758503645182863 1
gene  1 7 13 -1.5791913656307068 0 174.0 -1.5791913656307068 1
gene  1 9 13 -0.3485054049153944 0 176.0 -0.3485054049153944 1
gene  1 13 13 -8.21325969447924 1 180.0 -8.21325969447924 1
gene  1 14 13 -3.281023272388056 1 181.0 -3.281023272388056 1
gene  1 1 14 3.8847186296148823 0 182.0 3.8847186296148823 1
gene  1 3 14 -4.313124302173591 0 184.0 -4.313124302173591 1
gene  1 9 14 -3.4947614644336333 0 190.0 -3.4947614644336333 0
gene  1 10 14 -7.73114640179657 0 191.0 -7.73114640179657 1
gene  1 1 21 -0.9399534363892128 0 218.0 -0.9399534363892128 1
gene  1 21 8 1.9824867295345143 0 219.0 1.9824867295345143 1
gene  1 3 10 1.9715578468079475 0 223.0 1.9715578468079475 1
gene  1 6 29 0.7001765975885874 0 259.0 0.7001765975885874 1
gene  1 29 8 -2.688704521373367 0 260.0 -2.688704521373367 1
gene  1 29 21 3.6036348101958606 0 271.0 3.6036348101958606 1
gene  1 3 21 -3.4935670756744592 0 300.0 -3.4935670756744592 1
gene  1 9 52 1.0355425361163328 0 368.0 1.0355425361163328 1
gene  1 52 14 -3.5361516878421133 0 369.0 -3.5361516878421133 1
gene  1 1 53 1.9400116162060383 0 372.0 1.9400116162060383 1
gene  1 53 21 0.2176388547776431 0 373.0 0.2176388547776431 1
genomeend 9
genomestart  10
trait 1 0.0 0.6717991789792671 0.12882530239222645 0.76527084396768 0.6104449729609698 0.0 0.0 0.6764016660929384 
node 1 1 1 1
node 2 1 1 1
node 3 1 1 1
node 4 1 1 1
node 5 1 1 1
node 6 1 1 1
node 7 1 1 3
node 8 1 0 0
node 9 1 0 0
node 10 1 0 0
node 13 1 0 2
node 14 1 0 2
node 21 1 0 0
node 29 1 0 0
node 52 1 0 0
node 53 1 0 0
gene  1 1 8 1.0456873885171254 0 98.0 1.0456873885171254 1
gene  1 3 8 -5.572729421968929 0 100.0 -5.572729421968929 1
gene  1 5 8 3.2475207928586483 0 102.0 3.2475207928586483 1
gene  1 6 8 0.565040007785724 0 103.0 0.565040007785724 1
gene  1 8 8 2.985209537354571 1 105.0 2.985209537354571 1
gene  1 1 9 -2.870576699189649 0 112.0 -2.870576699189649 1
gene  1 2 9 17.915202440692436 0 113.0 17.915202440692436 1
gene  1 3 9 2.219873200695436 0 114.0 2.219873200695436 1
gene  1 5 9 1.170722940353971 0 116.0 1.170722940353971 1
gene  1 7 9 0.3184800136926156 0 118.0 0.3184800136926156 1
gene  1 9 9 -1.391803829914852 1 120.0 -1.391803829914852 1
gene  1 10 9 1.9591963408185151 1 121.0 1.9591963408185151 1
gene  1 13 9 -0.8353983087637056 1 124.0 -0.8353983087637056 1
gene  1 2 10 2.609275308579878 0 127.0 2.609275308579878 1
gene  1 4 10 -5.47830216179496 0 129.0 -5.47830216179496 1
gene  1 5 10 -3.917786564052448 0 130.0 -3.917786564052448 1
gene  1 8 10 -5.803862342318426 0 133.0 -5.803862342318426 1
gene  1 9 10 -3.00098091764679 0 134.0 -3.00098091764679 1
gene  1 10 10 -1.9064832638194915 1 135.0 -1.9064832638194915 1
gene  1 13 10 3.379257397635319 1 138.0 3.379257397635319 1
gene  1 14 10 -1.9535324462008654 1 139.0 -1.9535324462008654 1
gene  1 2 13 2.935851706073733 0 169.0 2.935851706073733 1
gene  1 3 13 -0.3605440579114062 0 170.0 -0.3605440579114062 1
gene  1 6 13 -7.458548826896637 0 173.0 -7.458548826896637 1
gene  1 7 13 -0.665179912724942 0 174.0 -0.665179912724942 1
gene  1 9 13 -0.2182456373383168 0 176.0 -0.2182456373383168 1
gene  1 13 13 -8.757307705410598 1 180.0 -8.757307705410598 1
gene  1 14 13 -0.4380259360515244 1 181.0 -0.4380259360515244 1
gene  1 1 14 4.904893828620346 0 182.0 4.904893828620346 1
gene  1 3 14 -5.947766404579001 0 184.0 -5.947766404579001 1
gene  1 9 14 -3.3778298530628907 0 190.0 -3.3778298530628907 0
gene  1 10 14 -9.613852663585018 0 191.0 -9.613852663585018 1
gene  1 1 21 3.660745678398602 0 218.0 3.660745678398602 1
gene  1 21 8 3.2565908545381714 0 219.0 3.2565908545381714 1
gene  1 3 10 2.499642464576617 0 223.0 2.499642464576617 1
gene  1 6 29 -1.3575072311873038 0 259.0 -1.3575072311873038 1
gene  1 29 8 -0.4949874501407039 0 260.0 -0.4949874501407039 1
gene  1 29 21 2.4324458777021105 0 271.0 2.4324458777021105 1
gene  1 3 21 -2.7948100596863905 0 300.0 -2.7948100596863905 1
gene  1 9 52 0.16156023098812566 0 368.0 0.16156023098812566 1
gene  1 52 14 -2.3617137069859404 0 369.0 -2.3617137069859404 1
gene  1 1 53 2.638359939404511 0 372.0 2.638359939404511 1
gene  1 53 21 -0.1558507398128514 0 373.0 -0.1558507398128514 1
genomeend 10
genomestart  11
trait 1 0.0 1.0007510428608684 0.0 0.76527084396768 0.20246234890771164 0.0 0.685496377293182 0.6764016660929384 
node 1 1 1 1
node 2 1 1 1
node 3 1 1 1
node 4 1 1 1
node 5 1 1 1
node 6 1 1 1
node 7 1 1 3
node 8 1 0 0
node 9 1 0 0
node 10 1 0 0
node 13 1 0 2
node 14 1 0 2
node 21 1 0 0
node 29 1 0 0
node 52 1 0 0
node 53 1 0 0
gene  1 1 8 0.20131585379983474 0 98.0 0.20131585379983474 1
gene  1 3 8 -1.316748050794678 0 100.0 -1.316748050794678 1
gene  1 5 8 1.6887672567791399 0 102.0 1.6887672567791399 1
gene  1 6 8 1.9418875913630005 0 103.0 1.9418875913630005 1
gene  1 8 8 0.7969445374982507 1 105.0 0.7969445374982507 1
gene  1 1 9 -2.6698091561078017 0 112.0 -2.6698091561078017 1
gene  1 2 9 2.184156815130255 0 113.0 2.184156815130255 1
gene  1 3 9 1.9371759180129353 0 114.0 1.9371759180129353 1
gene  1 5 9 1.1728750471193672 0 116.0 1.1728750471193672 1
gene  1 7 9 -2.3514888593646988 0 118.0 -2.3514888593646988 1
gene  1 9 9 1.4976827360093816 1 120.0 1.4976827360093816 1
gene  1 10 9 -0.10546786826846066 1 121.0 -0.10546786826846066 1
gene  1 13 9 0.7034128647056751 1 124.0 0.7034128647056751 1
gene  1 2 10 4.202496382217693 0 127.0 4.202496382217693 1
gene  1 4 10 -5.137479788384194 0 129.0 -5.137479788384194 1
gene  1 5 10 -0.4115412432530452 0 130.0 -0.4115412432530452 1
gene  1 8 10 -1.690552808922984 0 133.0 -1.690552808922984 1
gene  1 9 10 -1.3798855333985434 0 134.0 -1.3798855333985434 1
gene  1 10 10 -1.275544311822149 1 135.0 -1.275544311822149 1
gene  1 13 10 -0.19063417185799714 1 138.0 -0.19063417185799714 1
gene  1 14 10 -2.1686040386995598 1 139.0 -2.1686040386995598 1
gene  1 2 13 1.980249752655411 0 169.0 1.980249752655411 1
gene  1 3 13 0.8240042194343763 0 170.0 0.8240042194343763 1
gene  1 6 13 1.3751063099970064 0 173.0 1.3751063099970064 1
gene  1 7 13 0.22000911025422876 0 174.0 0.22000911025422876 1
gene  1 9 13 -3.1447980929407233 0 176.0 -3.1447980929407233 1
gene  1 13 13 -1.5856681878156278 1 180.0 -1.5856681878156278 1
gene  1 14 13 -3.632466521534143 1 181.0 -3.632466521534143 1
gene  1 1 14 0.4797184979400111 0 182.0 0.4797184979400111 1
gene  1 3 14 -6.902457246930856 0 184.0 -6.902457246930856 1
gene  1 9 14 -1.536989613575718 0 190.0 -1.536989613575718 0
gene  1 10 14 -8.200698744686699 0 191.0 -8.200698744686699 1
gene  1 1 21 1.707362025606306 0 218.0 1.707362025606306 1
gene  1 21 8 -0.05822508306722485 0 219.0 -0.05822508306722485 1
gene  1 3 10 4.706972777848156 0 223.0 4.706972777848156 1
gene  1 6 29 0.441676256269479 0 259.0 0.441676256269479 1
gene  1 29 8 -1.7964707502664314 0 260.0 -1.7964707502664314 1
gene  1 29 21 3.162486214215959 0 271.0 3.162486214215959 1
gene  1 3 21 -2.8724238940658853 0 300.0 -2.8724238940658853 1
gene  1 9 52 1.0355425361163328 0 368.0 1.0355425361163328 1
gene  1 52 14 -0.5401848160598819 0 369.0 -0.5401848160598819 1
gene  1 1 53 2.4972553135493087 0 372.0 2.4972553135493087 1
gene  1 53 21 -2.8564945136245186 0 373.0 -2.8564945136245186 1
genomeend 11
genomestart  12
trait 1 1.6794933164865213 0.8431431947056619 0.7304569130525695 0.24340368269336865 0.0 1.7239330509845825 0.0 0.202707552007791 
node 1 1 1 1
node 2 1 1 1
node 3 1 1 1
node 4 1 1 1
node 5 1 1 1
node 6 1 1 1
node 7 1 1 3
node 13 1 0 2
node 14 1 0 2
node 42 1 0 0
gene  1 1 13 -2.0470869880099336 0 168.0 -2.0470869880099336 1
gene  1 2 13 -1.132253042880071 0 169.0 -1.132253042880071 1
gene  1 3 13 -3.3935204594955803 0 170.0 -3.3935204594955803 1
gene  1 4 13 0.6306281275609098 0 171.0 0.6306281275609098 1
gene  1 5 13 0.14550816064919259 0 172.0 0.14550816064919259 1
gene  1 6 13 3.9943856962092386 0 173.0 3.9943856962092386 1
gene  1 7 13 1.005413084768536 0 174.0 1.005413084768536 1
gene  1 14 13 4.203664599672449 1 181.0 4.203664599672449 1
gene  1 1 14 0.9215240148820272 0 182.0 0.9215240148820272 1
gene  1 2 14 9.1796157299133 0 183.0 9.1796157299133 1
gene  1 3 14 -1.4265256257088672 0 184.0 -1.4265256257088672 1
gene  1 13 14 -1.255728141123675 0 194.0 -1.255728141123675 1
gene  1 14 14 0.15711987496988294 1 195.0 0.15711987496988294 1
gene  1 6 14 0.16437821800579888 0 230.0 0.16437821800579888 1
gene  1 4 14 -4.6218420651438095 0 312.0 -4.6218420651438095 1
gene  1 2 42 -1.3905930881364812 0 320.0 -1.3905930881364812 1
gene  1 42 13 0.2446996969494013 0 321.0 0.2446996969494013 1
gene  1 6 42 -2.056453693863828 0 349.0 -2.056453693863828 1
gene  1 7 14 2.3190605125789485 0 353.0 2.3190605125789485 1
genomeend 12
genomestart  13
trait 1 1.6794933164865213 0.8431431947056619 0.7304569130525695 0.24340368269336865 0.0 1.7239330509845825 0.0 0.202707552007791 
node 1 1 1 1
node 2 1 1 1
node 3 1 1 1
node 4 1 1 1
node 5 1 1 1
node 6 1 1 1
node 7 1 1 3
node 13 1 0 2
node 14 1 0 2
node 42 1 0 0
gene  1 1 13 -1.4318593258933723 0 168.0 -1.4318593258933723 1
gene  1 2 13 -3.4657264589267225 0 169.0 -3.4657264589267225 1
gene  1 3 13 -1.50865009008205 0 170.0 -1.50865009008205 1
gene  1 4 13 1.8910349150224732 0 171.0 1.8910349150224732 1
gene  1 5 13 1.4911391123991231 0 172.0 1.4911391123991231 1
gene  1 6 13 5.423274316207204 0 173.0 5.423274316207204 1
gene  1 7 13 2.4919561869614846 0 174.0 2.4919561869614846 1
gene  1 14 13 2.0353201927813975 1 181.0 2.0353201927813975 1
gene  1 1 14 0.21307087771185984 0 182.0 0.21307087771185984 1
gene  1 2 14 7.239588095091719 0 183.0 7.239588095091719 1
gene  1 3 14 -0.5630875816134933 0 184.0 -0.5630875816134933 1
gene  1 13 14 -0.35782295237679795 0 194.0 -0.35782295237679795 1
gene  1 14 14 0.48636506734885154 1 195.0 0.48636506734885154 1
gene  1 6 14 -2.785946373716358 0 230.0 -2.785946373716358 1
gene  1 4 14 -1.5324788329251144 0 312.0 -1.5324788329251144 1
gene  1 2 42 1.904511705190559 0 320.0 1.904511705190559 1
gene  1 42 13 2.513531338161824 0 321.0 2.513531338161824 1
gene  1 6 42 -0.20782754987947327 0 349.0 -0.20782754987947327 1
gene  1 7 14 -0.08443035051249437 0 353.0 -0.08443035051249437 1
genomeend 13
genomestart  14
trait 1 0.7144898366797366 0.0 0.0 0.0 0.0 0.0 0.30522654635100577 0.0 
node 1 1 1 1
node 2 1 1 1
node 3 1 1 1
node 4 1 1 1
node 5 1 1 1
node 6 1 1 1
node 7 1 1 3
node 8 1 0 0
node 13 1 0 2
node 14 1 0 2
node 49 1 0 0
gene  1 4 8 -1.4614153453598975 0 101.0 -1.4614153453598975 1
gene  1 5 8 -12.198398080741777 0 102.0 -12.198398080741777 1
gene  1 6 8 -11.018328121306968 0 103.0 -11.018328121306968 1
gene  1 14 8 -1.1416090057946984 1 111.0 -1.1416090057946984 1
gene  1 1 13 1.5133098411807109 0 168.0 1.5133098411807109 1
gene  1 2 13 -2.3961229879817862 0 169.0 -2.3961229879817862 1
gene  1 3 13 0.5813277897189448 0 170.0 0.5813277897189448 1
gene  1 5 13 1.376390388935491 0 172.0 1.376390388935491 1
gene  1 7 13 -4.590694516788358 0 174.0 -4.590694516788358 1
gene  1 14 13 3.0951918995210095 1 181.0 3.0951918995210095 1
gene  1 1 14 5.323824080695687 0 182.0 5.323824080695687 1
gene  1 2 14 -1.0796152655111653 0 183.0 -1.0796152655111653 1
gene  1 3 14 5.809425166876469 0 184.0 5.809425166876469 1
gene  1 4 14 -2.4959226060144655 0 185.0 -2.4959226060144655 1
gene  1 8 14 1.0004717032393264 0 189.0 1.0004717032393264 1
gene  1 14 14 3.664212391753845 1 195.0 3.664212391753845 1
gene  1 6 14 0.7551884561326067 0 240.0 0.7551884561326067 1
gene  1 8 13 0.750068195258296 0 311.0 0.750068195258296 1
gene  1 14 13 0.49247614521733984 0 322.0 0.49247614521733984 1
gene  1 2 49 -3.132824439583002 0 362.0 -3.132824439583002 1
gene  1 49 14 0.8572535067189138 0 363.0 0.8572535067189138 1
genomeend 14
genomestart  15
trait 1 0.7144898366797366 0.0 0.0 0.0 0.0 0.0 0.30522654635100577 0.0 
node 1 1 1 1
node 2 1 1 1
node 3 1 1 1
node 4 1 1 1
node 5 1 1 1
node 6 1 1 1
node 7 1 1 3
node 8 1 0 0
node 13 1 0 2
node 14 1 0 2
node 49 1 0 0
gene  1 4 8 0.3035791702218943 0 101.0 0.3035791702218943 1
gene  1 5 8 -11.129581258806752 0 102.0 -11.129581258806752 1
gene  1 6 8 -11.130199771847767 0 103.0 -11.130199771847767 1
gene  1 14 8 0.3530957297446946 1 111.0 0.3530957297446946 1
gene  1 1 13 0.059553479326241554 0 168.0 0.059553479326241554 1
gene  1 2 13 -0.8027489432090877 0 169.0 -0.8027489432090877 1
gene  1 3 13 0.12986985198545664 0 170.0 0.12986985198545664 1
gene  1 5 13 2.548325104207403 0 172.0 2.548325104207403 1
gene  1 7 13 -1.5268693476000186 0 174.0 -1.5268693476000186 1
gene  1 14 13 3.461035680838264 1 181.0 3.461035680838264 1
gene  1 1 14 6.61600254761221 0 182.0 6.61600254761221 1
gene  1 2 14 2.2302085758866754 0 183.0 2.2302085758866754 0
gene  1 3 14 7.022066756739944 0 184.0 7.022066756739944 1
gene  1 4 14 -1.9417910423186082 0 185.0 -1.9417910423186082 1
gene  1 8 14 1.2989182521209555 0 189.0 1.2989182521209555 1
gene  1 14 14 3.2510945348265303 1 195.0 3.2510945348265303 1
gene  1 6 14 -2.1585402462906242 0 240.0 -2.1585402462906242 1
gene  1 8 13 1.844740968573285 0 311.0 1.844740968573285 1
gene  1 14 13 0.2525624885593962 0 322.0 0.2525624885593962 1
gene  1 2 49 -2.402145029725787 0 362.0 -2.402145029725787 1
gene  1 49 14 -2.425355531434582 0 363.0 -2.425355531434582 1
genomeend 15
genomestart  16
trait 1 0.8225567813410785 1.2140246672840036 0.7816155317589891 0.49951333318806035 0.760472394127403 0.9742749841765682 0.16709809669901776 0.20144182840303793 
node 1 1 1 1
node 2 1 1 1
node 3 1 1 1
node 4 1 1 1
node 5 1 1 1
node 6 1 1 1
node 7 1 1 3
node 8 1 0 0
node 9 1 0 0
node 10 1 0 0
node 11 1 0 0
node 12 1 0 0
node 13 1 0 2
node 14 1 0 2
node 27 1 0 0
node 34 1 0 0
node 40 1 0 0
node 48 1 0 0
gene  1 1 8 -0.2763117385103444 0 98.0 -0.2763117385103444 1
gene  1 3 8 -3.4514398517981193 0 100.0 -3.4514398517981193 0
gene  1 4 8 0.1423267444814451 0 101.0 0.1423267444814451 1
gene  1 6 8 -7.157138171497431 0 103.0 -7.157138171497431 1
gene  1 8 8 5.646342557968335 1 105.0 5.646342557968335 1
gene  1 10 8 -11.457756286157737 1 107.0 -11.457756286157737 1
gene  1 3 9 -0.09003658486442179 0 114.0 -0.09003658486442179 1
gene  1 6 9 3.0378300743309046 0 117.0 3.0378300743309046 1
gene  1 8 9 1.668620821104747 0 119.0 1.668620821104747 1
gene  1 10 9 1.5297054101809402 1 121.0 1.5297054101809402 1
gene  1 11 9 -2.2983509750057722 1 122.0 -2.2983509750057722 1
gene  1 13 9 -1.9675267660525693 1 124.0 -1.9675267660525693 1
gene  1 14 9 -5.519394652423678 1 125.0 -5.519394652423678 1
gene  1 1 10 -2.703255989673247 0 126.0 -2.703255989673247 1
gene  1 3 10 -2.1532790662431673 0 128.0 -2.1532790662431673 1
gene  1 4 10 -4.392608416733594 0 129.0 -4.392608416733594 1
gene  1 5 10 8.484074084182403 0 130.0 8.484074084182403 1
gene  1 9 10 7.213635971655932 0 134.0 7.213635971655932 1
gene  1 13 10 -3.640488168131971 1 138.0 -3.640488168131971 1
gene  1 1 11 3.8509026161423674 0 140.0 3.8509026161423674 1
gene  1 3 11 -0.8718192777818381 0 142.0 -0.8718192777818381 1
gene  1 5 11 7.627545204697433 0 144.0 7.627545204697433 1
gene  1 9 11 -1.1041396116304993 0 148.0 -1.1041396116304993 1
gene  1 10 11 2.387023509789695 0 149.0 2.387023509789695 1
gene  1 12 11 2.27846033991993 1 151.0 2.27846033991993 1
gene  1 14 11 1.782870364419905 1 153.0 1.782870364419905 1
gene  1 2 12 -3.0088579628486367 0 155.0 -3.0088579628486367 1
gene  1 4 12 1.3762153648685216 0 157.0 1.3762153648685216 1
gene  1 6 12 6.915901087347958 0 159.0 6.915901087347958 1
gene  1 7 12 -1.298083425726518 0 160.0 -1.298083425726518 1
gene  1 9 12 2.397406927940137 0 162.0 2.397406927940137 1
gene  1 10 12 -1.0516244318198646 0 163.0 -1.0516244318198646 1
gene  1 12 12 1.470297202027933 1 165.0 1.470297202027933 1
gene  1 14 12 1.3396383400209917 1 167.0 1.3396383400209917 1
gene  1 1 13 2.003136544946103 0 168.0 2.003136544946103 1
gene  1 3 13 -1.6672430735966106 0 170.0 -1.6672430735966106 1
gene  1 4 13 -3.3250817099575305 0 171.0 -3.3250817099575305 1
gene  1 6 13 10.210570083673979 0 173.0 10.210570083673979 1
gene  1 8 13 2.419991681924891 0 175.0 2.419991681924891 1
gene  1 9 13 1.2631997338170207 0 176.0 1.2631997338170207 1
gene  1 8 14 -2.620240344439728 0 189.0 -2.620240344439728 1
gene  1 11 14 6.630991172143892 0 192.0 6.630991172143892 1
gene  1 5 8 -1.7668506531969022 0 235.0 -1.7668506531969022 1
gene  1 1 27 0.6468925697361021 0 241.0 0.6468925697361021 1
gene  1 27 8 -0.6810085166043822 0 242.0 -0.6810085166043822 1
gene  1 9 34 0.3094773345060587 0 272.0 0.3094773345060587 1
gene  1 34 11 -1.2178868272452916 0 273.0 -1.2178868272452916 1
gene  1 5 13 -1.8084552742214428 0 277.0 -1.8084552742214428 1
gene  1 12 14 0.5917642195238166 0 296.0 0.5917642195238166 1
gene  1 8 40 1.798723662412042 1 308.0 1.798723662412042 1
gene  1 40 8 -3.761240098299938 0 309.0 -3.761240098299938 1
gene  1 10 14 -0.97811955393754 0 341.0 -0.97811955393754 1
gene  1 3 48 2.156813125157785 0 360.0 2.156813125157785 1
gene  1 48 8 2.455815527310541 0 361.0 2.455815527310541 1
genomeend 16
genomestart  17
trait 1 0.8225567813410785 1.2140246672840036 0.7816155317589891 0.49951333318806035 0.760472394127403 0.9742749841765682 0.16709809669901776 0.20144182840303793 
node 1 1 1 1
node 2 1 1 1
node 3 1 1 1
node 4 1 1 1
node 5 1 1 1
node 6 1 1 1
node 7 1 1 3
node 8 1 0 0
node 9 1 0 0
node 10 1 0 0
node 11 1 0 0
node 12 1 0 0
node 13 1 0 2
node 14 1 0 2
node 27 1 0 0
node 34 1 0 0
node 40 1 0 0
node 48 1 0 0
gene  1 1 8 0.9465809904344483 0 98.0 0.9465809904344483 1
gene  1 3 8 -0.36553291775782804 0 100.0 -0.36553291775782804 0
gene  1 4 8 2.418623605276465 0 101.0 2.418623605276465 1
gene  1 6 8 -4.978867801614047 0 103.0 -4.978867801614047 1
gene  1 8 8 4.307545314007058 1 105.0 4.307545314007058 1
gene  1 10 8 -11.78691169605015 1 107.0 -11.78691169605015 1
gene  1 3 9 2.0904818830116993 0 114.0 2.0904818830116993 1
gene  1 6 9 2.404323410190374 0 117.0 2.404323410190374 1
gene  1 8 9 1.0297792724025727 0 119.0 1.0297792724025727 1
gene  1 10 9 1.611294111295405 1 121.0 1.611294111295405 1
gene  1 11 9 0.06086498469220514 1 122.0 0.06086498469220514 1
gene  1 13 9 1.0510933106707667 1 124.0 1.0510933106707667 1
gene  1 14 9 -1.2419755744755943 1 125.0 -1.2419755744755943 1
gene  1 1 10 -0.703202285800324 0 126.0 -0.703202285800324 1
gene  1 3 10 0.3381456710049977 0 128.0 0.3381456710049977 1
gene  1 4 10 -6.62495423976034 0 129.0 -6.62495423976034 1
gene  1 5 10 7.961052503792642 0 130.0 7.961052503792642 1
gene  1 9 10 7.614853783666308 0 134.0 7.614853783666308 1
gene  1 13 10 -4.919352001679376 1 138.0 -4.919352001679376 1
gene  1 1 11 3.678020425928528 0 140.0 3.678020425928528 1
gene  1 3 11 -2.864741016199618 0 142.0 -2.864741016199618 1
gene  1 5 11 9.19382706939698 0 144.0 9.19382706939698 1
gene  1 9 11 1.0713124226905892 0 148.0 1.0713124226905892 1
gene  1 10 11 2.9327496247854405 0 149.0 2.9327496247854405 1
gene  1 12 11 -0.02672584030053171 1 151.0 -0.02672584030053171 1
gene  1 14 11 2.374112837362467 1 153.0 2.374112837362467 1
gene  1 2 12 -5.4264347517536535 0 155.0 -5.4264347517536535 1
gene  1 4 12 2.0907911566541024 0 157.0 2.0907911566541024 1
gene  1 6 12 6.54987483815983 0 159.0 6.54987483815983 1
gene  1 7 12 -1.2960547134771963 0 160.0 -1.2960547134771963 1
gene  1 9 12 -2.2897542359305536 0 162.0 -2.2897542359305536 1
gene  1 10 12 0.3784777965137488 0 163.0 0.3784777965137488 1
gene  1 12 12 -3.05497019078602 1 165.0 -3.05497019078602 1
gene  1 14 12 0.580888883284842 1 167.0 0.580888883284842 1
gene  1 1 13 0.041409529186709815 0 168.0 0.041409529186709815 1
gene  1 3 13 0.3459824570583927 0 170.0 0.3459824570583927 1
gene  1 4 13 -6.89621705026327 0 171.0 -6.89621705026327 1
gene  1 6 13 9.483128441622107 0 173.0 9.483128441622107 1
gene  1 8 13 4.648654788576507 0 175.0 4.648654788576507 1
gene  1 9 13 2.9177286088763594 0 176.0 2.9177286088763594 1
gene  1 8 14 1.2581364480656032 0 189.0 1.2581364480656032 1
gene  1 11 14 10.753674496722981 0 192.0 10.753674496722981 1
gene  1 5 8 -3.8710264046070035 0 235.0 -3.8710264046070035 1
gene  1 1 27 -2.877759193040411 0 241.0 -2.877759193040411 1
gene  1 27 8 -1.2560729855975739 0 242.0 -1.2560729855975739 1
gene  1 9 34 -1.386549054349676 0 272.0 -1.386549054349676 1
gene  1 34 11 2.274286294090294 0 273.0 2.274286294090294 1
gene  1 5 13 -6.252677392994363 0 277.0 -6.252677392994363 1
gene  1 12 14 -1.1707103039586524 0 296.0 -1.1707103039586524 1
gene  1 8 40 -1.8430991826687337 1 308.0 -1.8430991826687337 1
gene  1 40 8 -1.3109015030109015 0 309.0 -1.3109015030109015 1
gene  1 10 14 -0.06854365693249931 0 341.0 -0.06854365693249931 1
gene  1 3 48 -0.2770077206573804 0 360.0 -0.2770077206573804 1
gene  1 48 8 0.42371351325441764 0 361.0 0.42371351325441764 1
genomeend 17
genomestart  18
trait 1 0.33971452717739675 0.27695848508415316 1.2324307960896477 0.38263542198384 1.7668704662528345 0.8372542455634346 0.3613767976006988 0.3567570363531483 
node 1 1 1 1
node 2 1 1 1
node 3 1 1 1
node 4 1 1 1
node 5 1 1 1
node 6 1 1 1
node 7 1 1 3
node 8 1 0 0
node 9 1 0 0
node 10 1 0 0
node 13 1 0 2
node 14 1 0 2
node 16 1 0 0
node 21 1 0 0
node 29 1 0 0
node 52 1 0 0
node 53 1 0 0
gene  1 1 8 -3.7231856011601585 0 98.0 -3.7231856011601585 1
gene  1 2 8 -4.730654070152262 0 99.0 -4.730654070152262 1
gene  1 3 8 -4.74558224097847 0 100.0 -4.74558224097847 1
gene  1 4 8 -3.2119865688615152 0 101.0 -3.2119865688615152 1
gene  1 5 8 -1.62993526918534 0 102.0 -1.62993526918534 1
gene  1 6 8 0.7277553055658952 0 103.0 0.7277553055658952 1
gene  1 8 8 -0.15182077631368085 1 105.0 -0.15182077631368085 1
gene  1 13 8 -2.116332987782465 1 110.0 -2.116332987782465 1
gene  1 14 8 -8.68011466652129 1 111.0 -8.68011466652129 1
gene  1 3 13 0.3819870748729006 0 170.0 0.3819870748729006 1
gene  1 5 13 -5.341732723602504 0 172.0 -5.341732723602504 1
gene  1 7 13 4.050264381332508 0 174.0 4.050264381332508 1
gene  1 13 13 2.9547622525645907 1 180.0 2.9547622525645907 1
gene  1 2 14 4.121653746490124 0 183.0 4.121653746490124 1
gene  1 4 14 2.5281467504054658 0 185.0 2.5281467504054658 1
gene  1 6 14 -9.311664044443187 0 187.0 -9.311664044443187 1
gene  1 8 14 -0.5035324194442898 0 189.0 -0.5035324194442898 1
gene  1 13 14 0.9173274953360258 0 194.0 0.9173274953360258 1
gene  1 13 16 7.498798365349697 0 201.0 7.498798365349697 1
gene  1 16 14 -0.8053638365266107 0 202.0 -0.8053638365266107 0
gene  1 1 21 -2.3481153423086703 0 218.0 -2.3481153423086703 0
gene  1 21 8 -2.4252175682099084 0 219.0 -2.4252175682099084 1
gene  1 3 10 1.2821971025444914 0 223.0 1.2821971025444914 1
gene  1 6 29 3.6109200961904206 0 259.0 3.6109200961904206 1
gene  1 29 8 -5.771544503115765 0 260.0 -5.771544503115765 1
gene  1 29 21 6.364986633443932 0 271.0 6.364986633443932 1
gene  1 3 21 5.165374538363 0 300.0 5.165374538363 1
gene  1 9 52 5.454705763499395 0 368.0 5.454705763499395 1
gene  1 52 14 -0.28302725948658014 0 369.0 -0.28302725948658014 1
gene  1 1 53 2.099079838254443 0 372.0 2.099079838254443 1
gene  1 53 21 -3.0417983216416378 0 373.0 -3.0417983216416378 1
genomeend 18
genomestart  19
trait 1 0.3874203933594312 0.33589958948963355 0.3439426421129315 0.38263542198384 0.991184141871954 0.510817183544142 0.3613767976006988 0.3567570363531483 
node 1 1 1 1
node 2 1 1 1
node 3 1 1 1
node 4 1 1 1
node 5 1 1 1
node 6 1 1 1
node 7 1 1 3
node 8 1 0 0
node 9 1 0 0
node 10 1 0 0
node 13 1 0 2
node 14 1 0 2
node 16 1 0 0
node 21 1 0 0
node 29 1 0 0
node 52 1 0 0
node 53 1 0 0
gene  1 1 8 -3.5371704633140033 0 98.0 -3.5371704633140033 1
gene  1 2 8 -3.428131242979232 0 99.0 -3.428131242979232 1
gene  1 3 8 -4.366175199303498 0 100.0 -4.366175199303498 1
gene  1 4 8 -3.3044851868846195 0 101.0 -3.3044851868846195 1
gene  1 5 8 -0.7736100799216876 0 102.0 -0.7736100799216876 1
gene  1 6 8 -0.6794506944879848 0 103.0 -0.6794506944879848 1
gene  1 8 8 1.8980993391687258 1 105.0 1.8980993391687258 1
gene  1 13 8 -12.159366583687195 1 110.0 -12.159366583687195 1
gene  1 14 8 -9.133976202011334 1 111.0 -9.133976202011334 1
gene  1 3 13 -3.5364164661693427 0 170.0 -3.5364164661693427 1
gene  1 5 13 -5.176717664605189 0 172.0 -5.176717664605189 1
gene  1 7 13 0.13766683693928172 0 174.0 0.13766683693928172 1
gene  1 13 13 1.7405971324287761 1 180.0 1.7405971324287761 1
gene  1 2 14 3.498576507766427 0 183.0 3.498576507766427 1
gene  1 4 14 4.050560650043993 0 185.0 4.050560650043993 1
gene  1 6 14 -8.119728575439002 0 187.0 -8.119728575439002 1
gene  1 8 14 2.5263533066542565 0 189.0 2.5263533066542565 1
gene  1 13 14 -15.041357608065635 0 194.0 -15.041357608065635 1
gene  1 13 16 7.654859217397244 0 201.0 7.654859217397244 1
gene  1 16 14 0.5484322417962351 0 202.0 0.5484322417962351 0
gene  1 1 21 -0.893640734878849 0 218.0 -0.893640734878849 0
gene  1 21 8 -1.7725767704394848 0 219.0 -1.7725767704394848 1
gene  1 3 10 0.6079926238337612 0 223.0 0.6079926238337612 1
gene  1 6 29 3.515826502427551 0 259.0 3.515826502427551 1
gene  1 29 8 -6.222797583735808 0 260.0 -6.222797583735808 1
gene  1 29 21 4.192905921573965 0 271.0 4.192905921573965 1
gene  1 3 21 1.5408677052716089 0 300.0 1.5408677052716089 1
gene  1 9 52 5.385896227460603 0 368.0 5.385896227460603 1
gene  1 52 14 -1.4491384876559643 0 369.0 -1.4491384876559643 1
gene  1 1 53 4.982476181494468 0 372.0 4.982476181494468 1
gene  1 53 21 0.10506533364446691 0 373.0 0.10506533364446691 1
genomeend 19
