genomestart  0
trait 1 0.0 0.29964541126798605 0.0 0.0 0.0 0.0 0.08354904834950888 0.0 
node 1 1 1 1
node 2 1 1 1
node 3 1 1 1
node 4 1 1 1
node 5 1 1 1
node 6 1 1 1
node 7 1 1 3
node 13 1 0 2
node 14 1 0 2
node 19 1 0 0
node 33 1 0 0
gene  1 1 13 -0.3415204668440972 0 168.0 -0.3415204668440972 1
gene  1 3 13 -10.234853617400507 0 170.0 -10.234853617400507 1
gene  1 5 13 -8.534431341326576 0 172.0 -8.534431341326576 0
gene  1 6 13 -13.704812729252534 0 173.0 -13.704812729252534 1
gene  1 14 13 2.8562042733300776 1 181.0 2.8562042733300776 1
gene  1 1 14 -1.3011031381331606 0 182.0 -1.3011031381331606 1
gene  1 2 14 7.8016147786531675 0 183.0 7.8016147786531675 1
gene  1 4 14 -5.526910204713021 0 185.0 -5.526910204713021 1
gene  1 5 14 4.670261846858482 0 186.0 4.670261846858482 1
gene  1 6 14 -9.764216301271311 0 187.0 -9.764216301271311 1
gene  1 7 14 -6.007266987207915 0 188.0 -6.007266987207915 1
gene  1 13 14 0.7466012002632039 0 194.0 0.7466012002632039 1
gene  1 14 14 -1.3243149134882952 1 195.0 -1.3243149134882952 1
gene  1 5 19 -1.552435886295804 0 213.0 -1.552435886295804 1
gene  1 19 13 0.7061042608470145 0 214.0 0.7061042608470145 1
gene  1 2 13 1.6735725186715276 0 243.0 1.6735725186715276 1
gene  1 6 19 0.9310838665586574 0 257.0 0.9310838665586574 1
gene  1 19 14 4.005836667676593 0 267.0 4.005836667676593 1
gene  1 14 33 1.8944431875337906 1 268.0 1.8944431875337906 1
gene  1 33 14 -0.21673481538714257 0 269.0 -0.21673481538714257 1
gene  1 4 13 7.095141297399386 0 292.0 7.095141297399386 1
genomeend 0
genomestart  1
trait 1 0.0 0.29964541126798605 0.0 0.0 0.0 0.0 0.08354904834950888 0.0 
node 1 1 1 1
node 2 1 1 1
node 3 1 1 1
node 4 1 1 1
node 5 1 1 1
node 6 1 1 1
node 7 1 1 3
node 13 1 0 2
node 14 1 0 2
node 19 1 0 0
node 33 1 0 0
gene  1 1 13 1.3118540539275052 0 168.0 1.3118540539275052 1
gene  1 3 13 -11.006610059011084 0 170.0 -11.006610059011084 1
gene  1 5 13 -10.27577013770535 0 172.0 -10.27577013770535 0
gene  1 6 13 -13.488590006405461 0 173.0 -13.488590006405461 1
gene  1 14 13 0.8298092269774449 1 181.0 0.8298092269774449 1
gene  1 1 14 1.6346085063446942 0 182.0 1.6346085063446942 1
gene  1 2 14 5.0170019401759545 0 183.0 5.0170019401759545 1
gene  1 4 14 -4.229277645805756 0 185.0 -4.229277645805756 1
gene  1 5 14 2.366404501564342 0 186.0 2.366404501564342 1
gene  1 6 14 1.2171696624354944 0 187.0 1.2171696624354944 1
gene  1 7 14 -3.066593624793095 0 188.0 -3.066593624793095 1
gene  1 13 14 1.3911294335617101 0 194.0 1.3911294335617101 1
gene  1 14 14 -0.24199345745207812 1 195.0 -0.24199345745207812 1
gene  1 5 19 -1.5740627025909566 0 213.0 -1.5740627025909566 1
gene  1 19 13 0.7595332365381116 0 214.0 0.7595332365381116 1
gene  1 2 13 0.32152880643358084 0 243.0 0.32152880643358084 1
gene  1 6 19 -1.431361230889872 0 257.0 -1.431361230889872 1
gene  1 19 14 2.1624886908165566 0 267.0 2.1624886908165566 1
gene  1 14 33 3.561574809136324 1 268.0 3.561574809136324 1
gene  1 33 14 -2.07106947077064 0 269.0 -2.07106947077064 1
gene  1 4 13 9.531110659109476 0 292.0 9.531110659109476 1
genomeend 1
genomestart  2
trait 1 0.38509797114028876 1.2858127313064698 0.0 0.17101181944213528 0.0 0.0 0.0 1.0208282639679993 
node 1 1 1 1
node 2 1 1 1
node 3 1 1 1
node 4 1 1 1
node 5 1 1 1
node 6 1 1 1
node 7 1 1 3
node 13 1 0 2
node 14 1 0 2
node 24 1 0 0
node 36 1 0 0
gene  1 2 13 -2.7007657929958357 0 169.0 -2.7007657929958357 1
gene  1 3 13 4.577187574233194 0 170.0 4.577187574233194 1
gene  1 4 13 -2.2113252469713247 0 171.0 -2.2113252469713247 1
gene  1 6 13 -4.788735561727968 0 173.0 -4.788735561727968 1
gene  1 7 13 -0.2867152683399963 0 174.0 -0.2867152683399963 1
gene  1 13 13 -0.10225958333751695 1 180.0 -0.10225958333751695 1
gene  1 1 14 1.4325611438324608 0 182.0 1.4325611438324608 1
gene  1 2 14 3.2893576698800997 0 183.0 3.2893576698800997 1
gene  1 5 14 -4.343526399486998 0 186.0 -4.343526399486998 1
gene  1 6 14 -1.3346837468670072 0 187.0 -1.3346837468670072 1
gene  1 7 14 -1.327492391410236 0 188.0 -1.327492391410236 1
gene  1 13 14 4.1172931002199995 0 194.0 4.1172931002199995 1
gene  1 14 14 0.9093208561450594 1 195.0 0.9093208561450594 1
gene  1 2 24 1.7037112353648833 0 226.0 1.7037112353648833 1
gene  1 24 13 -0.41336099365539725 0 227.0 -0.41336099365539725 1
gene  1 7 24 5.6488942475259325 0 245.0 5.6488942475259325 1
gene  1 1 24 0.9231500743669416 0 249.0 0.9231500743669416 1
gene  1 4 14 -0.5232087733131091 0 280.0 -0.5232087733131091 0
gene  1 4 36 7.481669723295704 0 293.0 7.481669723295704 1
gene  1 36 14 -3.790956387804104 0 294.0 -3.790956387804104 1
gene  1 7 36 0.6706195862608979 0 301.0 0.6706195862608979 1
genomeend 2
genomestart  3
trait 1 0.38509797114028876 1.2858127313064698 0.0 0.17101181944213528 0.0 0.0 0.0 1.0208282639679993 
node 1 1 1 1
node 2 1 1 1
node 3 1 1 1
node 4 1 1 1
node 5 1 1 1
node 6 1 1 1
node 7 1 1 3
node 13 1 0 2
node 14 1 0 2
node 24 1 0 0
node 36 1 0 0
gene  1 2 13 -3.022884654443883 0 169.0 -3.022884654443883 1
gene  1 3 13 3.6497750809778933 0 170.0 3.6497750809778933 1
gene  1 4 13 -3.788182372326365 0 171.0 -3.788182372326365 1
gene  1 6 13 -3.057461765206512 0 173.0 -3.057461765206512 1
gene  1 7 13 -0.2867152683399963 0 174.0 -0.2867152683399963 1
gene  1 13 13 -0.9100316154611601 1 180.0 -0.9100316154611601 1
gene  1 1 14 1.4325611438324608 0 182.0 1.4325611438324608 1
gene  1 2 14 3.2893576698800997 0 183.0 3.2893576698800997 1
gene  1 5 14 -2.524694413571587 0 186.0 -2.524694413571587 1
gene  1 6 14 1.4452147102291537 0 187.0 1.4452147102291537 1
gene  1 7 14 -2.48506277308804 0 188.0 -2.48506277308804 1
gene  1 13 14 5.3741339499019904 0 194.0 5.3741339499019904 1
gene  1 14 14 -0.2588725215157748 1 195.0 -0.2588725215157748 1
gene  1 2 24 5.938742204455357 0 226.0 5.938742204455357 1
gene  1 24 13 -0.5219804381611577 0 227.0 -0.5219804381611577 1
gene  1 7 24 5.6488942475259325 0 245.0 5.6488942475259325 1
gene  1 1 24 2.204831014123088 0 249.0 2.204831014123088 1
gene  1 4 14 0.8194084267188334 0 280.0 0.8194084267188334 0
gene  1 4 36 7.481669723295704 0 293.0 7.481669723295704 1
gene  1 36 14 -2.249322523142198 0 294.0 -2.249322523142198 1
gene  1 7 36 8.82833664605459 0 301.0 8.82833664605459 1
genomeend 3
genomestart  4
trait 1 0.38509797114028876 1.2858127313064698 0.0 0.17101181944213528 0.0 0.0 0.0 1.0208282639679993 
node 1 1 1 1
node 2 1 1 1
node 3 1 1 1
node 4 1 1 1
node 5 1 1 1
node 6 1 1 1
node 7 1 1 3
node 13 1 0 2
node 14 1 0 2
node 24 1 0 0
node 36 1 0 0
gene  1 2 13 -4.519421069762965 0 169.0 -4.519421069762965 1
gene  1 3 13 3.952103827167608 0 170.0 3.952103827167608 1
gene  1 4 13 -4.186438264262773 0 171.0 -4.186438264262773 1
gene  1 6 13 -2.0499627659198074 0 173.0 -2.0499627659198074 1
gene  1 7 13 0.5259860923905842 0 174.0 0.5259860923905842 1
gene  1 13 13 -0.39120153843404637 1 180.0 -0.39120153843404637 1
gene  1 1 14 3.7218863679194456 0 182.0 3.7218863679194456 1
gene  1 2 14 3.960101682825134 0 183.0 3.960101682825134 1
gene  1 5 14 1.9563959845181798 0 186.0 1.9563959845181798 1
gene  1 6 14 1.4452147102291537 0 187.0 1.4452147102291537 1
gene  1 7 14 -4.72637883221646 0 188.0 -4.72637883221646 1
gene  1 13 14 4.651054771704438 0 194.0 4.651054771704438 1
gene  1 14 14 -1.2563540895409908 1 195.0 -1.2563540895409908 1
gene  1 2 24 3.681872874611317 0 226.0 3.681872874611317 1
gene  1 24 13 -2.1448103894583177 0 227.0 -2.1448103894583177 1
gene  1 7 24 3.979774844035081 0 245.0 3.979774844035081 1
gene  1 1 24 4.160271056332312 0 249.0 4.160271056332312 1
gene  1 4 14 0.8194084267188334 0 280.0 0.8194084267188334 0
gene  1 4 36 -1.007362274975089 0 293.0 -1.007362274975089 1
gene  1 36 14 -1.89032115807208 0 294.0 -1.89032115807208 1
gene  1 7 36 9.002472223245107 0 301.0 9.002472223245107 1
genomeend 4
genomestart  5
trait 1 0.9658100958370718 0.21357948226159307 1.7535517816909252 0.0 0.0 2.076285480926863 0.7279373662985449 0.0 
node 1 1 1 1
node 2 1 1 1
node 3 1 1 1
node 4 1 1 1
node 5 1 1 1
node 6 1 1 1
node 7 1 1 3
node 8 1 0 0
node 9 1 0 0
node 10 1 0 0
node 11 1 0 0
node 13 1 0 2
node 14 1 0 2
gene  1 2 8 1.7732335577114962 0 99.0 1.7732335577114962 1
gene  1 6 8 -6.429800853959769 0 103.0 -6.429800853959769 1
gene  1 8 8 -1.0238101359008336 1 105.0 -1.0238101359008336 1
gene  1 9 8 2.2176599520172764 1 106.0 2.2176599520172764 1
gene  1 10 8 -2.5798772123432667 1 107.0 -2.5798772123432667 1
gene  1 11 8 1.2311915407656673 1 108.0 1.2311915407656673 1
gene  1 13 8 1.7696563254455338 1 110.0 1.7696563254455338 1
gene  1 14 8 -0.4045617827374639 1 111.0 -0.4045617827374639 1
gene  1 1 9 -2.022898995829375 0 112.0 -2.022898995829375 1
gene  1 2 9 2.8462775146264017 0 113.0 2.8462775146264017 1
gene  1 3 9 -0.18080098601012473 0 114.0 -0.18080098601012473 1
gene  1 6 9 0.08557278663264456 0 117.0 0.08557278663264456 1
gene  1 7 9 -3.844098834479824 0 118.0 -3.844098834479824 1
gene  1 8 9 5.699342217053346 0 119.0 5.699342217053346 1
gene  1 9 9 -1.8259855146555874 1 120.0 -1.8259855146555874 1
gene  1 11 9 1.6026670480584233 1 122.0 1.6026670480584233 1
gene  1 13 9 1.3958593727794617 1 124.0 1.3958593727794617 1
gene  1 14 9 1.515753231760985 1 125.0 1.515753231760985 1
gene  1 1 10 -1.1855515521151059 0 126.0 -1.1855515521151059 1
gene  1 3 10 1.7944481582153093 0 128.0 1.7944481582153093 1
gene  1 4 10 0.724007104163054 0 129.0 0.724007104163054 1
gene  1 5 10 1.951514434537562 0 130.0 1.951514434537562 1
gene  1 6 10 -0.48161837163021226 0 131.0 -0.48161837163021226 1
gene  1 10 10 1.885590353704162 1 135.0 1.885590353704162 1
gene  1 11 10 -0.26319633911393914 1 136.0 -0.26319633911393914 1
gene  1 14 10 -5.595109250674605 1 139.0 -5.595109250674605 1
gene  1 1 11 3.5362758166194923 0 140.0 3.5362758166194923 1
gene  1 3 11 -2.266350798547418 0 142.0 -2.266350798547418 1
gene  1 5 11 11.449533752078777 0 144.0 11.449533752078777 1
gene  1 6 11 -5.816559409551905 0 145.0 -5.816559409551905 1
gene  1 7 11 1.5637856374460746 0 146.0 1.5637856374460746 1
gene  1 8 11 -7.73084004752582 0 147.0 -7.73084004752582 1
gene  1 9 11 2.409619146558635 0 148.0 2.409619146558635 1
gene  1 10 11 -0.8166668052365669 0 149.0 -0.8166668052365669 1
gene  1 11 11 -11.830217027438344 1 150.0 -11.830217027438344 1
gene  1 1 13 -2.6749829309514253 0 168.0 -2.6749829309514253 1
gene  1 2 13 0.18926048016512853 0 169.0 0.18926048016512853 1
gene  1 3 13 -0.7553662088069122 0 170.0 -0.7553662088069122 1
gene  1 7 13 2.4056539884917587 0 174.0 2.4056539884917587 1
gene  1 11 13 4.80667704649455 0 178.0 4.80667704649455 1
gene  1 13 13 -2.48720467253916 1 180.0 -2.48720467253916 1
gene  1 2 14 -0.23739833195769455 0 183.0 -0.23739833195769455 1
gene  1 3 14 -1.1114056900351401 0 184.0 -1.1114056900351401 1
gene  1 4 14 0.839563403314589 0 185.0 0.839563403314589 1
gene  1 7 14 2.8501085781123376 0 188.0 2.8501085781123376 1
gene  1 8 14 -2.6137673484512804 0 189.0 -2.6137673484512804 1
gene  1 10 14 -5.564569075816664 0 191.0 -5.564569075816664 1
gene  1 13 14 -0.30115678370093235 0 194.0 -0.30115678370093235 1
gene  1 5 13 -2.0044175027605524 0 198.0 -2.0044175027605524 1
gene  1 4 9 1.580342531005061 0 200.0 1.580342531005061 1
gene  1 8 13 -5.436874361726569 0 248.0 -5.436874361726569 1
gene  1 7 10 0.894508961469212 0 270.0 0.894508961469212 1
gene  1 9 10 0.6417205068335881 0 274.0 0.6417205068335881 1
gene  1 9 13 -3.143307334399571 0 288.0 -3.143307334399571 1
genomeend 5
genomestart  6
trait 1 0.9658100958370718 0.21357948226159307 1.7535517816909252 0.0 0.0 2.076285480926863 0.7279373662985449 0.0 
node 1 1 1 1
node 2 1 1 1
node 3 1 1 1
node 4 1 1 1
node 5 1 1 1
node 6 1 1 1
node 7 1 1 3
node 8 1 0 0
node 9 1 0 0
node 10 1 0 0
node 11 1 0 0
node 13 1 0 2
node 14 1 0 2
gene  1 2 8 0.05543283708401159 0 99.0 0.05543283708401159 1
gene  1 6 8 -7.140698736728651 0 103.0 -7.140698736728651 1
gene  1 8 8 -1.115523262063717 1 105.0 -1.115523262063717 1
gene  1 9 8 2.9821031680923666 1 106.0 2.9821031680923666 1
gene  1 10 8 -4.044043824252506 1 107.0 -4.044043824252506 1
gene  1 11 8 0.2546470084975284 1 108.0 0.2546470084975284 1
gene  1 13 8 1.1954919431703108 1 110.0 1.1954919431703108 1
gene  1 14 8 0.157850688690933 1 111.0 0.157850688690933 1
gene  1 1 9 1.0824343981631928 0 112.0 1.0824343981631928 1
gene  1 2 9 2.994027457707739 0 113.0 2.994027457707739 1
gene  1 3 9 1.6524041935128284 0 114.0 1.6524041935128284 1
gene  1 6 9 -2.1189869762328075 0 117.0 -2.1189869762328075 1
gene  1 7 9 -3.1318077071641968 0 118.0 -3.1318077071641968 1
gene  1 8 9 6.089647898806353 0 119.0 6.089647898806353 1
gene  1 9 9 -3.227948283029746 1 120.0 -3.227948283029746 1
gene  1 11 9 -0.3101210621956467 1 122.0 -0.3101210621956467 1
gene  1 13 9 -0.0812909447693605 1 124.0 -0.0812909447693605 1
gene  1 14 9 2.364223607108615 1 125.0 2.364223607108615 1
gene  1 1 10 -3.766853601276252 0 126.0 -3.766853601276252 1
gene  1 3 10 4.218325443094098 0 128.0 4.218325443094098 1
gene  1 4 10 -0.027293998724179147 0 129.0 -0.027293998724179147 1
gene  1 5 10 4.557888482045536 0 130.0 4.557888482045536 1
gene  1 6 10 1.1321083090789064 0 131.0 1.1321083090789064 1
gene  1 10 10 1.1773109944516325 1 135.0 1.1773109944516325 1
gene  1 11 10 1.106338338995747 1 136.0 1.106338338995747 1
gene  1 14 10 -6.721730196288567 1 139.0 -6.721730196288567 1
gene  1 1 11 0.505989280286914 0 140.0 0.505989280286914 1
gene  1 3 11 -3.420829224298888 0 142.0 -3.420829224298888 1
gene  1 5 11 10.232098074966979 0 144.0 10.232098074966979 1
gene  1 6 11 -7.294096244453544 0 145.0 -7.294096244453544 1
gene  1 7 11 -0.5585053671121478 0 146.0 -0.5585053671121478 1
gene  1 8 11 -9.224526978815003 0 147.0 -9.224526978815003 1
gene  1 9 11 0.3690213890746049 0 148.0 0.3690213890746049 1
gene  1 10 11 -5.124663802058002 0 149.0 -5.124663802058002 1
gene  1 11 11 -12.622500810612356 1 150.0 -12.622500810612356 1
gene  1 1 13 -3.4086011080567187 0 168.0 -3.4086011080567187 1
gene  1 2 13 -0.24918574155349682 0 169.0 -0.24918574155349682 1
gene  1 3 13 -0.4227139776046849 0 170.0 -0.4227139776046849 1
gene  1 7 13 2.1367698699962183 0 174.0 2.1367698699962183 1
gene  1 11 13 3.6992680235948145 0 178.0 3.6992680235948145 1
gene  1 13 13 -0.9401362903805226 1 180.0 -0.9401362903805226 1
gene  1 2 14 0.7020088184877503 0 183.0 0.7020088184877503 1
gene  1 3 14 -2.231359791752409 0 184.0 -2.231359791752409 1
gene  1 4 14 -1.0639157289267018 0 185.0 -1.0639157289267018 1
gene  1 7 14 5.4195135113494946 0 188.0 5.4195135113494946 1
gene  1 8 14 0.350518601532423 0 189.0 0.350518601532423 1
gene  1 10 14 -8.612505957383352 0 191.0 -8.612505957383352 1
gene  1 13 14 -2.4086070240335062 0 194.0 -2.4086070240335062 1
gene  1 5 13 -2.2490725142678376 0 198.0 -2.2490725142678376 1
gene  1 4 9 0.8679023729684932 0 200.0 0.8679023729684932 1
gene  1 8 13 -5.059185643048179 0 248.0 -5.059185643048179 1
gene  1 7 10 -0.5553712284657605 0 270.0 -0.5553712284657605 1
gene  1 9 10 2.38232447791705 0 274.0 2.38232447791705 1
gene  1 9 13 -0.9894825959669074 0 288.0 -0.9894825959669074 1
genomeend 6
genomestart  7
trait 1 0.016005870942212286 0.866998053980894 0.18125169842722821 0.7099348194794851 0.5658812609091859 0.34227325572478673 0.6672100230779487 0.0 
node 1 1 1 1
node 2 1 1 1
node 3 1 1 1
node 4 1 1 1
node 5 1 1 1
node 6 1 1 1
node 7 1 1 3
node 8 1 0 0
node 13 1 0 2
node 14 1 0 2
node 16 1 0 0
node 20 1 0 0
gene  1 1 8 2.8554590308853767 0 98.0 2.8554590308853767 1
gene  1 2 8 -2.982498818765463 0 99.0 -2.982498818765463 1
gene  1 3 8 1.2500501000790816 0 100.0 1.2500501000790816 1
gene  1 4 8 -0.5917953279840793 0 101.0 -0.5917953279840793 1
gene  1 5 8 0.9317533191925711 0 102.0 0.9317533191925711 1
gene  1 6 8 -2.2987663372711844 0 103.0 -2.2987663372711844 1
gene  1 8 8 -2.5896106861671533 1 105.0 -2.5896106861671533 1
gene  1 13 8 -6.4942793845856945 1 110.0 -6.4942793845856945 1
gene  1 14 8 -0.500237277078533 1 111.0 -0.500237277078533 1
gene  1 3 13 1.7854171915965678 0 170.0 1.7854171915965678 1
gene  1 5 13 -2.389982002703825 0 172.0 -2.389982002703825 1
gene  1 7 13 1.2559125557284627 0 174.0 1.2559125557284627 1
gene  1 13 13 -0.042875633632138754 1 180.0 -0.042875633632138754 1
gene  1 2 14 -1.328784188147895 0 183.0 -1.328784188147895 1
gene  1 4 14 -1.309744527662823 0 185.0 -1.309744527662823 1
gene  1 6 14 2.5180597682204287 0 187.0 2.5180597682204287 1
gene  1 8 14 3.333842678436927 0 189.0 3.333842678436927 1
gene  1 13 14 1.0128370011316015 0 194.0 1.0128370011316015 1
gene  1 13 16 0.7310539431460912 0 201.0 0.7310539431460912 1
gene  1 16 14 7.666008468093267 0 202.0 7.666008468093267 1
gene  1 3 20 3.377674728076594 0 215.0 3.377674728076594 1
gene  1 20 8 0.16005030859772396 0 216.0 0.16005030859772396 1
gene  1 8 13 -1.8424545410222284 0 233.0 -1.8424545410222284 1
genomeend 7
genomestart  8
trait 1 0.9094479393069818 0.0 0.18125169842722821 0.0 0.5658812609091859 0.42041845515383636 0.6672100230779487 0.0 
node 1 1 1 1
node 2 1 1 1
node 3 1 1 1
node 4 1 1 1
node 5 1 1 1
node 6 1 1 1
node 7 1 1 3
node 8 1 0 0
node 13 1 0 2
node 14 1 0 2
node 16 1 0 0
node 20 1 0 0
gene  1 1 8 5.468822012358771 0 98.0 5.468822012358771 1
gene  1 2 8 -4.1364447850545485 0 99.0 -4.1364447850545485 1
gene  1 3 8 -1.2006664114314283 0 100.0 -1.2006664114314283 1
gene  1 4 8 -1.602778397160491 0 101.0 -1.602778397160491 1
gene  1 5 8 -4.054043184734977 0 102.0 -4.054043184734977 1
gene  1 6 8 -2.2851469444014185 0 103.0 -2.2851469444014185 1
gene  1 8 8 -5.077020985714761 1 105.0 -5.077020985714761 1
gene  1 13 8 -8.987842328339003 1 110.0 -8.987842328339003 1
gene  1 14 8 2.159726687125115 1 111.0 2.159726687125115 1
gene  1 3 13 3.9158803698818496 0 170.0 3.9158803698818496 1
gene  1 5 13 1.3473218180295388 0 172.0 1.3473218180295388 1
gene  1 7 13 1.5222751860807604 0 174.0 1.5222751860807604 1
gene  1 13 13 0.47449808806615723 1 180.0 0.47449808806615723 1
gene  1 2 14 -1.2331480306053177 0 183.0 -1.2331480306053177 1
gene  1 4 14 -1.309744527662823 0 185.0 -1.309744527662823 1
gene  1 6 14 2.223026797393076 0 187.0 2.223026797393076 1
gene  1 8 14 -0.7026557668779038 0 189.0 -0.7026557668779038 1
gene  1 13 14 -2.3735950117152473 0 194.0 -2.3735950117152473 1
gene  1 13 16 -2.3708456049561835 0 201.0 -2.3708456049561835 1
gene  1 16 14 -2.3739735506416846 0 202.0 -2.3739735506416846 1
gene  1 3 20 2.285527240384321 0 215.0 2.285527240384321 1
gene  1 20 8 -1.6138177369955382 0 216.0 -1.6138177369955382 1
gene  1 8 13 -0.9987285633730575 0 233.0 -0.9987285633730575 1
genomeend 8
genomestart  9
trait 1 0.9094479393069818 0.0 0.18125169842722821 0.0 0.5658812609091859 0.42041845515383636 0.6672100230779487 0.0 
node 1 1 1 1
node 2 1 1 1
node 3 1 1 1
node 4 1 1 1
node 5 1 1 1
node 6 1 1 1
node 7 1 1 3
node 8 1 0 0
node 13 1 0 2
node 14 1 0 2
node 16 1 0 0
node 20 1 0 0
gene  1 1 8 4.141367192081159 0 98.0 4.141367192081159 1
gene  1 2 8 -0.3030631193833 0 99.0 -0.3030631193833 1
gene  1 3 8 -0.824844250915705 0 100.0 -0.824844250915705 1
gene  1 4 8 -2.8541514682493085 0 101.0 -2.8541514682493085 1
gene  1 5 8 -3.5630117854936065 0 102.0 -3.5630117854936065 1
gene  1 6 8 -5.481889931671224 0 103.0 -5.481889931671224 1
gene  1 8 8 -2.377295065481256 1 105.0 -2.377295065481256 1
gene  1 13 8 -7.486556459029551 1 110.0 -7.486556459029551 1
gene  1 14 8 1.205527508721405 1 111.0 1.205527508721405 1
gene  1 3 13 3.599746777682465 0 170.0 3.599746777682465 1
gene  1 5 13 -0.5536232219568984 0 172.0 -0.5536232219568984 1
gene  1 7 13 1.3882296936285792 0 174.0 1.3882296936285792 1
gene  1 13 13 -0.21200007304191504 1 180.0 -0.21200007304191504 1
gene  1 2 14 -1.7622493552138845 0 183.0 -1.7622493552138845 1
gene  1 4 14 -1.0901557419255266 0 185.0 -1.0901557419255266 1
gene  1 6 14 -0.4114793094134861 0 187.0 -0.4114793094134861 1
gene  1 8 14 3.3728942867037097 0 189.0 3.3728942867037097 1
gene  1 13 14 -2.916850635934286 0 194.0 -2.916850635934286 1
gene  1 13 16 3.7488358369876114 0 201.0 3.7488358369876114 1
gene  1 16 14 5.994196890254158 0 202.0 5.994196890254158 1
gene  1 3 20 1.7071318545681193 0 215.0 1.7071318545681193 1
gene  1 20 8 -1.2298231867611835 0 216.0 -1.2298231867611835 1
gene  1 8 13 0.9384601582756744 0 233.0 0.9384601582756744 1
genomeend 9
genomestart  10
trait 1 0.0 0.0 0.0 0.0 0.0 0.0 0.0 0.0 
node 1 1 1 1
node 2 1 1 1
node 3 1 1 1
node 4 1 1 1
node 5 1 1 1
node 6 1 1 1
node 7 1 1 3
node 8 1 0 0
node 9 1 0 0
node 10 1 0 0
node 13 1 0 2
node 14 1 0 2
node 21 1 0 0
node 29 1 0 0
gene  1 1 8 -2.6225780892047497 0 98.0 -2.6225780892047497 1
gene  1 3 8 2.6231974333554637 0 100.0 2.6231974333554637 1
gene  1 5 8 -1.3176801183177098 0 102.0 -1.3176801183177098 1
gene  1 6 8 1.3434488841668166 0 103.0 1.3434488841668166 1
gene  1 8 8 2.2160200917684856 1 105.0 2.2160200917684856 1
gene  1 1 9 1.8860460457966255 0 112.0 1.8860460457966255 1
gene  1 2 9 2.080768387018828 0 113.0 2.080768387018828 1
gene  1 3 9 -0.6261549691860204 0 114.0 -0.6261549691860204 1
gene  1 5 9 2.138057290046226 0 116.0 2.138057290046226 1
gene  1 7 9 -2.2803663363346565 0 118.0 -2.2803663363346565 1
gene  1 9 9 -5.62231225422698 1 120.0 -5.62231225422698 1
gene  1 10 9 11.359546452412193 1 121.0 11.359546452412193 1
gene  1 13 9 -1.1698618599708341 1 124.0 -1.1698618599708341 1
gene  1 2 10 1.087435415666473 0 127.0 1.087435415666473 1
gene  1 4 10 7.5420900549568435 0 129.0 7.5420900549568435 1
gene  1 5 10 3.8446785622436694 0 130.0 3.8446785622436694 1
gene  1 8 10 -0.5246703315087226 0 133.0 -0.5246703315087226 1
gene  1 9 10 -0.08442912417091553 0 134.0 -0.08442912417091553 1
gene  1 10 10 0.8264022938356537 1 135.0 0.8264022938356537 1
gene  1 13 10 -9.653916980313394 1 138.0 -9.653916980313394 1
gene  1 14 10 -2.0667914264302265 1 139.0 -2.0667914264302265 1
gene  1 2 13 -0.1445985122152459 0 169.0 -0.1445985122152459 1
gene  1 3 13 2.1429106614259914 0 170.0 2.1429106614259914 1
gene  1 6 13 -3.542883079482646 0 173.0 -3.542883079482646 1
gene  1 7 13 1.5525022023712312 0 174.0 1.5525022023712312 1
gene  1 9 13 1.7305886198683673 0 176.0 1.7305886198683673 1
gene  1 13 13 6.259361341035373 1 180.0 6.259361341035373 1
gene  1 14 13 0.739413465947417 1 181.0 0.739413465947417 1
gene  1 1 14 -6.815203065873905 0 182.0 -6.815203065873905 1
gene  1 3 14 -0.1630793492591881 0 184.0 -0.1630793492591881 1
gene  1 9 14 -0.5143860223358832 0 190.0 -0.5143860223358832 1
gene  1 10 14 -1.6578563543520157 0 191.0 -1.6578563543520157 1
gene  1 1 21 1.2184127382636813 0 218.0 1.2184127382636813 1
gene  1 21 8 -1.8524691720982456 0 219.0 -1.8524691720982456 1
gene  1 3 10 0.16277883208088184 0 223.0 0.16277883208088184 1
gene  1 6 29 -2.2446809845786735 0 259.0 -2.2446809845786735 1
gene  1 29 8 -0.00581547816397554 0 260.0 -0.00581547816397554 1
gene  1 29 21 -3.25593400330954 0 271.0 -3.25593400330954 1
gene  1 3 21 -1.6052913536294806 0 300.0 -1.6052913536294806 1
genomeend 10
genomestart  11
trait 1 0.0 0.0 0.687885284225863 0.0 0.0 0.0 0.0 0.0 
node 1 1 1 1
node 2 1 1 1
node 3 1 1 1
node 4 1 1 1
node 5 1 1 1
node 6 1 1 1
node 7 1 1 3
node 8 1 0 0
node 9 1 0 0
node 10 1 0 0
node 13 1 0 2
node 14 1 0 2
node 21 1 0 0
node 29 1 0 0
gene  1 1 8 0.9276037718450278 0 98.0 0.9276037718450278 1
gene  1 3 8 -0.1693828635730652 0 100.0 -0.1693828635730652 1
gene  1 5 8 -1.9695720577290459 0 102.0 -1.9695720577290459 1
gene  1 6 8 1.6124667632269496 0 103.0 1.6124667632269496 1
gene  1 8 8 0.40553420675058627 1 105.0 0.40553420675058627 1
gene  1 1 9 -0.1863991851173008 0 112.0 -0.1863991851173008 1
gene  1 2 9 8.045999407254257 0 113.0 8.045999407254257 1
gene  1 3 9 -2.892446659918307 0 114.0 -2.892446659918307 1
gene  1 5 9 6.976419200686623 0 116.0 6.976419200686623 1
gene  1 7 9 -8.791716513811894 0 118.0 -8.791716513811894 1
gene  1 9 9 -3.34775653622572 1 120.0 -3.34775653622572 1
gene  1 10 9 8.411462828081932 1 121.0 8.411462828081932 1
gene  1 13 9 2.0401816975716365 1 124.0 2.0401816975716365 1
gene  1 2 10 0.01317992272078744 0 127.0 0.01317992272078744 1
gene  1 4 10 8.066413920590033 0 129.0 8.066413920590033 1
gene  1 5 10 5.956488757545429 0 130.0 5.956488757545429 1
gene  1 8 10 10.304980706355835 0 133.0 10.304980706355835 1
gene  1 9 10 -8.44359278950712 0 134.0 -8.44359278950712 1
gene  1 10 10 -2.012566216034961 1 135.0 -2.012566216034961 1
gene  1 13 10 -10.770479596590143 1 138.0 -10.770479596590143 1
gene  1 14 10 2.002285357559832 1 139.0 2.002285357559832 1
gene  1 2 13 0.8244433789815169 0 169.0 0.8244433789815169 1
gene  1 3 13 -12.164339104997069 0 170.0 -12.164339104997069 1
gene  1 6 13 -6.489699030035127 0 173.0 -6.489699030035127 1
gene  1 7 13 2.2098911379118507 0 174.0 2.2098911379118507 1
gene  1 9 13 2.635364880701109 0 176.0 2.635364880701109 1
gene  1 13 13 6.3320933848495775 1 180.0 6.3320933848495775 1
gene  1 14 13 -1.3943903811746905 1 181.0 -1.3943903811746905 1
gene  1 1 14 -5.5295333740427575 0 182.0 -5.5295333740427575 1
gene  1 3 14 -0.7166272969291049 0 184.0 -0.7166272969291049 1
gene  1 9 14 -2.2572678266661854 0 190.0 -2.2572678266661854 1
gene  1 10 14 1.9173935987047135 0 191.0 1.9173935987047135 1
gene  1 1 21 1.5049422699057606 0 218.0 1.5049422699057606 1
gene  1 21 8 -0.037923500017072675 0 219.0 -0.037923500017072675 1
gene  1 3 10 -3.081311040893099 0 223.0 -3.081311040893099 1
gene  1 6 29 -2.04522666697578 0 259.0 -2.04522666697578 1
gene  1 29 8 0.4394636991672854 0 260.0 0.4394636991672854 1
gene  1 29 21 -3.25593400330954 0 271.0 -3.25593400330954 1
gene  1 3 21 1.652863895372692 0 300.0 1.652863895372692 1
genomeend 11
genomestart  12
trait 1 1.080830066389972 0.0 1.563145969794439 0.0 0.0 0.9629060889116104 0.2518745141043184 0.0 
node 1 1 1 1
node 2 1 1 1
node 3 1 1 1
node 4 1 1 1
node 5 1 1 1
node 6 1 1 1
node 7 1 1 3
node 13 1 0 2
node 14 1 0 2
gene  1 1 13 -0.18053666941309432 0 168.0 -0.18053666941309432 1
gene  1 2 13 0.2793756060262509 0 169.0 0.2793756060262509 1
gene  1 3 13 -2.5988866598892084 0 170.0 -2.5988866598892084 1
gene  1 4 13 -2.4255693219705785 0 171.0 -2.4255693219705785 1
gene  1 5 13 -1.3786077353239954 0 172.0 -1.3786077353239954 1
gene  1 6 13 0.22959864944842895 0 173.0 0.22959864944842895 1
gene  1 7 13 -0.4202772029401389 0 174.0 -0.4202772029401389 1
gene  1 14 13 1.108709335214348 1 181.0 1.108709335214348 1
gene  1 1 14 -3.7154952428608845 0 182.0 -3.7154952428608845 1
gene  1 2 14 4.616054292844913 0 183.0 4.616054292844913 1
gene  1 3 14 -0.6755683696088762 0 184.0 -0.6755683696088762 1
gene  1 13 14 0.4592889447603637 0 194.0 0.4592889447603637 1
gene  1 14 14 2.968788976824154 1 195.0 2.968788976824154 1
gene  1 6 14 3.825374361887129 0 230.0 3.825374361887129 1
genomeend 12
genomestart  13
trait 1 0.508121932065467 0.0 1.3625326311343602 0.26183196038933176 0.0 0.9629060889116104 0.0 0.0 
node 1 1 1 1
node 2 1 1 1
node 3 1 1 1
node 4 1 1 1
node 5 1 1 1
node 6 1 1 1
node 7 1 1 3
node 13 1 0 2
node 14 1 0 2
gene  1 1 13 1.3320995216747138 0 168.0 1.3320995216747138 1
gene  1 2 13 1.3557210352734619 0 169.0 1.3557210352734619 1
gene  1 3 13 -1.0362001520084605 0 170.0 -1.0362001520084605 1
gene  1 4 13 -2.6986057779134107 0 171.0 -2.6986057779134107 1
gene  1 5 13 -1.3823108217363251 0 172.0 -1.3823108217363251 1
gene  1 6 13 -1.6945656005592011 0 173.0 -1.6945656005592011 1
gene  1 7 13 -1.68898370000937 0 174.0 -1.68898370000937 1
gene  1 14 13 1.3773356906733782 1 181.0 1.3773356906733782 1
gene  1 1 14 -1.831086544848973 0 182.0 -1.831086544848973 1
gene  1 2 14 -1.7381867138378257 0 183.0 -1.7381867138378257 1
gene  1 3 14 0.7030390629277898 0 184.0 0.7030390629277898 1
gene  1 13 14 -1.749270704629258 0 194.0 -1.749270704629258 1
gene  1 14 14 4.3635095328309506 1 195.0 4.3635095328309506 1
gene  1 6 14 4.384593438123495 0 230.0 4.384593438123495 1
genomeend 13
genomestart  14
trait 1 0.7543954501876767 0.0 0.0 0.0 0.0 0.7506659743992431 0.6528869165846171 0.760618498603839 
node 1 1 1 1
node 2 1 1 1
node 3 1 1 1
node 4 1 1 1
node 5 1 1 1
node 6 1 1 1
node 7 1 1 3
node 8 1 0 0
node 13 1 0 2
node 14 1 0 2
gene  1 4 8 -2.4020612983702074 0 101.0 -2.4020612983702074 1
gene  1 5 8 -4.222862988007021 0 102.0 -4.222862988007021 1
gene  1 6 8 -2.8259343030917816 0 103.0 -2.8259343030917816 1
gene  1 14 8 4.164320332835142 1 111.0 4.164320332835142 1
gene  1 1 13 4.254543253202875 0 168.0 4.254543253202875 1
gene  1 2 13 -2.6625255410722364 0 169.0 -2.6625255410722364 1
gene  1 3 13 0.7391161713678822 0 170.0 0.7391161713678822 1
gene  1 5 13 9.500331353787512 0 172.0 9.500331353787512 1
gene  1 7 13 2.6605267493482287 0 174.0 2.6605267493482287 1
gene  1 14 13 3.698508741858828 1 181.0 3.698508741858828 1
gene  1 1 14 2.495842812563341 0 182.0 2.495842812563341 1
gene  1 2 14 0.35623532364178834 0 183.0 0.35623532364178834 1
gene  1 3 14 -6.870485620362526 0 184.0 -6.870485620362526 1
gene  1 4 14 -1.479267026504269 0 185.0 -1.479267026504269 1
gene  1 8 14 -0.62621414020812 0 189.0 -0.62621414020812 1
gene  1 14 14 -1.3043177857366253 1 195.0 -1.3043177857366253 1
gene  1 6 14 -1.5757977739482607 0 240.0 -1.5757977739482607 1
genomeend 14
genomestart  15
trait 1 0.7543954501876767 0.0 0.0 0.0 0.0 0.7506659743992431 0.6528869165846171 0.760618498603839 
node 1 1 1 1
node 2 1 1 1
node 3 1 1 1
node 4 1 1 1
node 5 1 1 1
node 6 1 1 1
node 7 1 1 3
node 8 1 0 0
node 13 1 0 2
node 14 1 0 2
gene  1 4 8 -3.0384852164666913 0 101.0 -3.0384852164666913 1
gene  1 5 8 -4.047175838550184 0 102.0 -4.047175838550184 1
gene  1 6 8 -2.1569006811779845 0 103.0 -2.1569006811779845 1
gene  1 14 8 1.953334238769167 1 111.0 1.953334238769167 1
gene  1 1 13 2.2891034907077144 0 168.0 2.2891034907077144 1
gene  1 2 13 -1.8318435655139838 0 169.0 -1.8318435655139838 1
gene  1 3 13 0.11043679715670096 0 170.0 0.11043679715670096 1
gene  1 5 13 11.689524119866325 0 172.0 11.689524119866325 1
gene  1 7 13 3.0900630651034025 0 174.0 3.0900630651034025 1
gene  1 14 13 4.992064480851036 1 181.0 4.992064480851036 1
gene  1 1 14 0.4002171195071149 0 182.0 0.4002171195071149 1
gene  1 2 14 1.5951403368406127 0 183.0 1.5951403368406127 1
gene  1 3 14 -6.875432487403747 0 184.0 -6.875432487403747 1
gene  1 4 14 -1.6480499692559194 0 185.0 -1.6480499692559194 1
gene  1 8 14 -2.1983727709577816 0 189.0 -2.1983727709577816 1
gene  1 14 14 0.279716456715021 1 195.0 0.279716456715021 1
gene  1 6 14 0.34349290346869704 0 240.0 0.34349290346869704 1
genomeend 15
genomestart  16
trait 1 0.7543954501876767 0.0 0.0 0.0 0.0 0.7506659743992431 0.6528869165846171 0.760618498603839 
node 1 1 1 1
node 2 1 1 1
node 3 1 1 1
node 4 1 1 1
node 5 1 1 1
node 6 1 1 1
node 7 1 1 3
node 8 1 0 0
node 13 1 0 2
node 14 1 0 2
gene  1 4 8 -2.4020612983702074 0 101.0 -2.4020612983702074 1
gene  1 5 8 -4.222862988007021 0 102.0 -4.222862988007021 1
gene  1 6 8 -2.8259343030917816 0 103.0 -2.8259343030917816 1
gene  1 14 8 4.164320332835142 1 111.0 4.164320332835142 1
gene  1 1 13 4.254543253202875 0 168.0 4.254543253202875 1
gene  1 2 13 -2.6625255410722364 0 169.0 -2.6625255410722364 1
gene  1 3 13 0.7391161713678822 0 170.0 0.7391161713678822 1
gene  1 5 13 9.500331353787512 0 172.0 9.500331353787512 1
gene  1 7 13 2.6605267493482287 0 174.0 2.6605267493482287 1
gene  1 14 13 3.698508741858828 1 181.0 3.698508741858828 1
gene  1 1 14 2.495842812563341 0 182.0 2.495842812563341 1
gene  1 2 14 0.35623532364178834 0 183.0 0.35623532364178834 1
gene  1 3 14 -6.870485620362526 0 184.0 -6.870485620362526 1
gene  1 4 14 -1.479267026504269 0 185.0 -1.479267026504269 1
gene  1 8 14 -0.62621414020812 0 189.0 -0.62621414020812 1
gene  1 14 14 -1.3043177857366253 1 195.0 -1.3043177857366253 1
gene  1 6 14 -1.5757977739482607 0 240.0 -1.5757977739482607 1
gene  1 7 8 -1.4332397862351576 0 307.0 -1.4332397862351576 1
genomeend 16
genomestart  17
trait 1 0.8225567813410785 0.22949821013610905 0.25783251468105195 0.0 0.0 0.0 0.16709809669901776 0.6352627776851354 
node 1 1 1 1
node 2 1 1 1
node 3 1 1 1
node 4 1 1 1
node 5 1 1 1
node 6 1 1 1
node 7 1 1 3
node 8 1 0 0
node 9 1 0 0
node 10 1 0 0
node 11 1 0 0
node 12 1 0 0
node 13 1 0 2
node 14 1 0 2
node 27 1 0 0
node 34 1 0 0
gene  1 1 8 -3.4434664310668963 0 98.0 -3.4434664310668963 1
gene  1 3 8 17.525818027113726 0 100.0 17.525818027113726 1
gene  1 4 8 -2.6025865716414236 0 101.0 -2.6025865716414236 1
gene  1 6 8 3.2248641040928034 0 103.0 3.2248641040928034 1
gene  1 8 8 -3.385597387170683 1 105.0 -3.385597387170683 1
gene  1 10 8 1.0655740869040233 1 107.0 1.0655740869040233 1
gene  1 3 9 0.7434886184733713 0 114.0 0.7434886184733713 1
gene  1 6 9 8.176360966957526 0 117.0 8.176360966957526 1
gene  1 8 9 -2.2105291079882012 0 119.0 -2.2105291079882012 1
gene  1 10 9 -3.0390505345525565 1 121.0 -3.0390505345525565 1
gene  1 11 9 1.0849211027374952 1 122.0 1.0849211027374952 1
gene  1 13 9 3.1379503437727245 1 124.0 3.1379503437727245 1
gene  1 14 9 -1.3531435514349628 1 125.0 -1.3531435514349628 1
gene  1 1 10 2.5716508871298025 0 126.0 2.5716508871298025 1
gene  1 3 10 0.9095317643434842 0 128.0 0.9095317643434842 1
gene  1 4 10 1.6414035401115203 0 129.0 1.6414035401115203 1
gene  1 5 10 1.252699600452041 0 130.0 1.252699600452041 1
gene  1 9 10 6.606964214943642 0 134.0 6.606964214943642 1
gene  1 13 10 -2.6147384389464357 1 138.0 -2.6147384389464357 1
gene  1 1 11 1.0368606116392263 0 140.0 1.0368606116392263 1
gene  1 3 11 -4.992729106440626 0 142.0 -4.992729106440626 1
gene  1 5 11 -4.659288855565024 0 144.0 -4.659288855565024 1
gene  1 9 11 -0.6061871698135757 0 148.0 -0.6061871698135757 1
gene  1 10 11 -2.9155367756566912 0 149.0 -2.9155367756566912 1
gene  1 12 11 -0.027709244986914294 1 151.0 -0.027709244986914294 1
gene  1 14 11 -1.2275677131789382 1 153.0 -1.2275677131789382 1
gene  1 2 12 2.9174166313323155 0 155.0 2.9174166313323155 1
gene  1 4 12 -2.7367889072141205 0 157.0 -2.7367889072141205 1
gene  1 6 12 4.931969481689543 0 159.0 4.931969481689543 1
gene  1 7 12 -0.35984816177977486 0 160.0 -0.35984816177977486 1
gene  1 9 12 -0.7006660234281017 0 162.0 -0.7006660234281017 1
gene  1 10 12 0.3963344218981929 0 163.0 0.3963344218981929 1
gene  1 12 12 -0.5054430800385656 1 165.0 -0.5054430800385656 1
gene  1 14 12 -1.5916017942402163 1 167.0 -1.5916017942402163 1
gene  1 1 13 -4.8278993357423055 0 168.0 -4.8278993357423055 1
gene  1 3 13 -1.0628592220151096 0 170.0 -1.0628592220151096 1
gene  1 4 13 2.398799009997332 0 171.0 2.398799009997332 1
gene  1 6 13 3.2193735706231026 0 173.0 3.2193735706231026 1
gene  1 8 13 0.6099491941652453 0 175.0 0.6099491941652453 1
gene  1 9 13 -4.958682826704334 0 176.0 -4.958682826704334 1
gene  1 8 14 -0.28180936730724415 0 189.0 -0.28180936730724415 1
gene  1 11 14 -2.297200828063167 0 192.0 -2.297200828063167 1
gene  1 5 8 0.15403299798126113 0 235.0 0.15403299798126113 1
gene  1 1 27 -14.263518829657242 0 241.0 -14.263518829657242 1
gene  1 27 8 -2.7582930282747435 0 242.0 -2.7582930282747435 1
gene  1 9 34 0.33224452204946786 0 272.0 0.33224452204946786 1
gene  1 34 11 2.15038969824378 0 273.0 2.15038969824378 1
gene  1 5 13 3.180274043119492 0 277.0 3.180274043119492 1
gene  1 12 14 -8.651877194553245 0 296.0 -8.651877194553245 1
genomeend 17
genomestart  18
trait 1 0.8225567813410785 0.5061327229113926 1.1488029599770333 0.16761665438314322 0.10553099158611223 0.0 0.16709809669901776 0.20144182840303793 
node 1 1 1 1
node 2 1 1 1
node 3 1 1 1
node 4 1 1 1
node 5 1 1 1
node 6 1 1 1
node 7 1 1 3
node 8 1 0 0
node 9 1 0 0
node 10 1 0 0
node 11 1 0 0
node 12 1 0 0
node 13 1 0 2
node 14 1 0 2
node 27 1 0 0
node 34 1 0 0
gene  1 1 8 -3.1735595898874926 0 98.0 -3.1735595898874926 1
gene  1 3 8 18.22453610876556 0 100.0 18.22453610876556 1
gene  1 4 8 -2.055192665548206 0 101.0 -2.055192665548206 1
gene  1 6 8 1.8500820397019015 0 103.0 1.8500820397019015 1
gene  1 8 8 -2.8354925805986357 1 105.0 -2.8354925805986357 1
gene  1 10 8 7.446655394806442 1 107.0 7.446655394806442 1
gene  1 3 9 -3.389931149059958 0 114.0 -3.389931149059958 1
gene  1 6 9 2.3821053425450542 0 117.0 2.3821053425450542 1
gene  1 8 9 -1.0893872823267234 0 119.0 -1.0893872823267234 1
gene  1 10 9 -0.8080753203235675 1 121.0 -0.8080753203235675 1
gene  1 11 9 1.9897853615514138 1 122.0 1.9897853615514138 1
gene  1 13 9 4.618332141179957 1 124.0 4.618332141179957 1
gene  1 14 9 -0.3623378236623511 1 125.0 -0.3623378236623511 1
gene  1 1 10 -0.5514192865687834 0 126.0 -0.5514192865687834 1
gene  1 3 10 3.595707603505955 0 128.0 3.595707603505955 1
gene  1 4 10 -0.8746607529231625 0 129.0 -0.8746607529231625 1
gene  1 5 10 -0.1852304689803126 0 130.0 -0.1852304689803126 1
gene  1 9 10 6.535502556916027 0 134.0 6.535502556916027 1
gene  1 13 10 -4.226355490389999 1 138.0 -4.226355490389999 1
gene  1 1 11 1.0284565068169618 0 140.0 1.0284565068169618 1
gene  1 3 11 -6.056262019488572 0 142.0 -6.056262019488572 1
gene  1 5 11 -3.17783429193009 0 144.0 -3.17783429193009 1
gene  1 9 11 0.1407292605181379 0 148.0 0.1407292605181379 1
gene  1 10 11 -3.18737697401676 0 149.0 -3.18737697401676 1
gene  1 12 11 -0.46984357874478383 1 151.0 -0.46984357874478383 1
gene  1 14 11 -0.6242157356772071 1 153.0 -0.6242157356772071 1
gene  1 2 12 0.47694959031344264 0 155.0 0.47694959031344264 1
gene  1 4 12 -4.041576453914581 0 157.0 -4.041576453914581 1
gene  1 6 12 4.425671457865879 0 159.0 4.425671457865879 1
gene  1 7 12 -2.3138866123242674 0 160.0 -2.3138866123242674 1
gene  1 9 12 -0.6355993147930619 0 162.0 -0.6355993147930619 1
gene  1 10 12 -3.15832735719032 0 163.0 -3.15832735719032 1
gene  1 12 12 -1.5853055376315304 1 165.0 -1.5853055376315304 1
gene  1 14 12 -2.607633834949311 1 167.0 -2.607633834949311 1
gene  1 1 13 -5.55149213950099 0 168.0 -5.55149213950099 1
gene  1 3 13 -1.667900991025924 0 170.0 -1.667900991025924 1
gene  1 4 13 -0.15475458312284723 0 171.0 -0.15475458312284723 1
gene  1 6 13 3.2193735706231026 0 173.0 3.2193735706231026 1
gene  1 8 13 1.2698665754713356 0 175.0 1.2698665754713356 1
gene  1 9 13 1.5049690843834418 0 176.0 1.5049690843834418 1
gene  1 8 14 -0.6860133367601993 0 189.0 -0.6860133367601993 1
gene  1 11 14 -1.7364469365727022 0 192.0 -1.7364469365727022 1
gene  1 5 8 -0.301891203068241 0 235.0 -0.301891203068241 1
gene  1 1 27 -13.829582828417573 0 241.0 -13.829582828417573 1
gene  1 27 8 -0.8562846713623162 0 242.0 -0.8562846713623162 1
gene  1 9 34 0.48565260802696464 0 272.0 0.48565260802696464 1
gene  1 34 11 3.1331671667397796 0 273.0 3.1331671667397796 1
gene  1 5 13 4.282455989678518 0 277.0 4.282455989678518 1
gene  1 12 14 1.8072760345153374 0 296.0 1.8072760345153374 1
genomeend 18
genomestart  19
trait 1 0.8225567813410785 0.22949821013610905 0.25783251468105195 0.0 0.0 0.0 0.16709809669901776 0.6352627776851354 
node 1 1 1 1
node 2 1 1 1
node 3 1 1 1
node 4 1 1 1
node 5 1 1 1
node 6 1 1 1
node 7 1 1 3
node 8 1 0 0
node 9 1 0 0
node 10 1 0 0
node 11 1 0 0
node 12 1 0 0
node 13 1 0 2
node 14 1 0 2
node 27 1 0 0
node 34 1 0 0
gene  1 1 8 -4.5967430634714015 0 98.0 -4.5967430634714015 1
gene  1 3 8 16.573653404493285 0 100.0 16.573653404493285 1
gene  1 4 8 -1.734073255920117 0 101.0 -1.734073255920117 1
gene  1 6 8 2.8373860160477085 0 103.0 2.8373860160477085 1
gene  1 8 8 -3.947862061272082 1 105.0 -3.947862061272082 1
gene  1 10 8 5.559390557651858 1 107.0 5.559390557651858 1
gene  1 3 9 -1.08911408085244 0 114.0 -1.08911408085244 1
gene  1 6 9 7.79334939028972 0 117.0 7.79334939028972 1
gene  1 8 9 -2.048784196056385 0 119.0 -2.048784196056385 1
gene  1 10 9 -2.543865978854281 1 121.0 -2.543865978854281 1
gene  1 11 9 1.3527177237831536 1 122.0 1.3527177237831536 1
gene  1 13 9 3.0862611904787816 1 124.0 3.0862611904787816 1
gene  1 14 9 -1.4184953609751447 1 125.0 -1.4184953609751447 1
gene  1 1 10 0.6186749075454212 0 126.0 0.6186749075454212 1
gene  1 3 10 1.8182238246810476 0 128.0 1.8182238246810476 1
gene  1 4 10 -0.3164216527808308 0 129.0 -0.3164216527808308 1
gene  1 5 10 2.2391212413455053 0 130.0 2.2391212413455053 1
gene  1 9 10 6.606964214943642 0 134.0 6.606964214943642 1
gene  1 13 10 -4.785838215877779 1 138.0 -4.785838215877779 1
gene  1 1 11 -0.19815962154539024 0 140.0 -0.19815962154539024 1
gene  1 3 11 -3.689066576352484 0 142.0 -3.689066576352484 1
gene  1 5 11 -2.2781177106830826 0 144.0 -2.2781177106830826 1
gene  1 9 11 -0.8097643185973737 0 148.0 -0.8097643185973737 1
gene  1 10 11 -1.0697396627320617 0 149.0 -1.0697396627320617 1
gene  1 12 11 -0.027709244986914294 1 151.0 -0.027709244986914294 1
gene  1 14 11 -0.6242157356772071 1 153.0 -0.6242157356772071 1
gene  1 2 12 0.47694959031344264 0 155.0 0.47694959031344264 1
gene  1 4 12 -2.7408144890247863 0 157.0 -2.7408144890247863 1
gene  1 6 12 3.1823194247712574 0 159.0 3.1823194247712574 1
gene  1 7 12 -1.891949339326849 0 160.0 -1.891949339326849 1
gene  1 9 12 -0.7006660234281017 0 162.0 -0.7006660234281017 1
gene  1 10 12 -1.6050491748801814 0 163.0 -1.6050491748801814 1
gene  1 12 12 0.5601736571169744 1 165.0 0.5601736571169744 1
gene  1 14 12 -0.4445415083932147 1 167.0 -0.4445415083932147 1
gene  1 1 13 -4.8278993357423055 0 168.0 -4.8278993357423055 1
gene  1 3 13 -1.1655716611501794 0 170.0 -1.1655716611501794 1
gene  1 4 13 1.5638022835485856 0 171.0 1.5638022835485856 1
gene  1 6 13 3.2193735706231026 0 173.0 3.2193735706231026 1
gene  1 8 13 1.6036877183708085 0 175.0 1.6036877183708085 1
gene  1 9 13 -6.037944373170542 0 176.0 -6.037944373170542 1
gene  1 8 14 -1.9644119461214657 0 189.0 -1.9644119461214657 1
gene  1 11 14 0.7098976881429306 0 192.0 0.7098976881429306 1
gene  1 5 8 -1.8151085075554376 0 235.0 -1.8151085075554376 1
gene  1 1 27 -14.306050499418651 0 241.0 -14.306050499418651 1
gene  1 27 8 -1.7794251367954328 0 242.0 -1.7794251367954328 1
gene  1 9 34 -0.233604846201517 0 272.0 -0.233604846201517 1
gene  1 34 11 4.600288679395309 0 273.0 4.600288679395309 1
gene  1 5 13 2.459986801512453 0 277.0 2.459986801512453 1
gene  1 12 14 -7.833078622706465 0 296.0 -7.833078622706465 1
genomeend 19
