genomestart  0
trait 1 0.0 0.29964541126798605 0.0 0.5917793035862625 0.0 0.5239379551513967 0.08354904834950888 0.0 
node 1 1 1 1
node 2 1 1 1
node 3 1 1 1
node 4 1 1 1
node 5 1 1 1
node 6 1 1 1
node 7 1 1 3
node 13 1 0 2
node 14 1 0 2
node 19 1 0 0
node 33 1 0 0
node 41 1 0 0
node 45 1 0 0
gene  1 1 13 -1.2198099317488789 0 168.0 -1.2198099317488789 1
gene  1 3 13 1.5207742690694 0 170.0 1.5207742690694 1
gene  1 5 13 -7.822060622446349 0 172.0 -7.822060622446349 1
gene  1 6 13 -1.0269320070132442 0 173.0 -1.0269320070132442 1
gene  1 14 13 -2.850357977083003 1 181.0 -2.850357977083003 1
gene  1 1 14 4.788490775689548 0 182.0 4.788490775689548 1
gene  1 2 14 2.2289850922069845 0 183.0 2.2289850922069845 1
gene  1 4 14 -2.371078047372974 0 185.0 -2.371078047372974 1
gene  1 5 14 2.69756907392125 0 186.0 2.69756907392125 0
gene  1 6 14 0.549619871478761 0 187.0 0.549619871478761 1
gene  1 7 14 0.6708913720426508 0 188.0 0.6708913720426508 1
gene  1 13 14 3.3778256489677885 0 194.0 3.3778256489677885 1
gene  1 14 14 1.4877126311961626 1 195.0 1.4877126311961626 1
gene  1 5 19 -2.891847311846152 0 213.0 -2.891847311846152 1
gene  1 19 13 -2.6119176352442537 0 214.0 -2.6119176352442537 1
gene  1 2 13 0.23753665795136603 0 243.0 0.23753665795136603 1
gene  1 6 19 0.34090246509464944 0 257.0 0.34090246509464944 1
gene  1 19 14 2.545109697747294 0 267.0 2.545109697747294 1
gene  1 14 33 -1.6759335520377694 1 268.0 -1.6759335520377694 1
gene  1 33 14 -3.3585372978297316 0 269.0 -3.3585372978297316 1
gene  1 4 13 -4.087529479747174 0 292.0 -4.087529479747174 1
gene  1 14 41 -4.797262670868239 1 315.0 -4.797262670868239 1
gene  1 41 13 -5.054861087506049 0 316.0 -5.054861087506049 1
gene  1 5 45 1.7478343188365344 0 338.0 1.7478343188365344 1
gene  1 45 14 3.7962362845075748 0 339.0 3.7962362845075748 1
genomeend 0
genomestart  1
trait 1 0.0 0.29964541126798605 0.0 0.5917793035862625 0.0 0.5239379551513967 0.08354904834950888 0.0 
node 1 1 1 1
node 2 1 1 1
node 3 1 1 1
node 4 1 1 1
node 5 1 1 1
node 6 1 1 1
node 7 1 1 3
node 13 1 0 2
node 14 1 0 2
node 19 1 0 0
node 33 1 0 0
node 41 1 0 0
node 45 1 0 0
gene  1 1 13 0.47105612615771153 0 168.0 0.47105612615771153 1
gene  1 3 13 -0.6578051918996608 0 170.0 -0.6578051918996608 1
gene  1 5 13 -4.426725024129436 0 172.0 -4.426725024129436 1
gene  1 6 13 0.3196933810174777 0 173.0 0.3196933810174777 1
gene  1 14 13 -0.45642694948898477 1 181.0 -0.45642694948898477 1
gene  1 1 14 5.919261250850729 0 182.0 5.919261250850729 1
gene  1 2 14 0.893344552105813 0 183.0 0.893344552105813 1
gene  1 4 14 -0.8869974121171338 0 185.0 -0.8869974121171338 1
gene  1 5 14 2.6680070802642146 0 186.0 2.6680070802642146 1
gene  1 6 14 -0.8663252921105902 0 187.0 -0.8663252921105902 1
gene  1 7 14 3.424399221399723 0 188.0 3.424399221399723 1
gene  1 13 14 0.284221784612781 0 194.0 0.284221784612781 1
gene  1 14 14 -1.3713901614331778 1 195.0 -1.3713901614331778 1
gene  1 5 19 -5.230540311255579 0 213.0 -5.230540311255579 1
gene  1 19 13 -4.517369847951386 0 214.0 -4.517369847951386 1
gene  1 2 13 0.2402258081666122 0 243.0 0.2402258081666122 1
gene  1 6 19 2.0303508334584053 0 257.0 2.0303508334584053 1
gene  1 19 14 2.968602626323623 0 267.0 2.968602626323623 1
gene  1 14 33 -1.0001079150471877 1 268.0 -1.0001079150471877 1
gene  1 33 14 -7.35451451546791 0 269.0 -7.35451451546791 1
gene  1 4 13 -5.487343657932794 0 292.0 -5.487343657932794 1
gene  1 14 41 -0.8988807054934063 1 315.0 -0.8988807054934063 1
gene  1 41 13 -5.054861087506049 0 316.0 -5.054861087506049 1
gene  1 5 45 2.1944030388964393 0 338.0 2.1944030388964393 1
gene  1 45 14 2.027444548195988 0 339.0 2.027444548195988 1
genomeend 1
genomestart  2
trait 1 1.225027412213178 1.2858127313064698 0.0 0.17101181944213528 0.0 0.0 0.0 0.7814162373645384 
node 1 1 1 1
node 2 1 1 1
node 3 1 1 1
node 4 1 1 1
node 5 1 1 1
node 6 1 1 1
node 7 1 1 3
node 13 1 0 2
node 14 1 0 2
node 24 1 0 0
node 36 1 0 0
gene  1 2 13 -2.947858443424042 0 169.0 -2.947858443424042 1
gene  1 3 13 -2.2579068581286608 0 170.0 -2.2579068581286608 1
gene  1 4 13 -1.5494905970889012 0 171.0 -1.5494905970889012 1
gene  1 6 13 -1.0278631517030559 0 173.0 -1.0278631517030559 1
gene  1 7 13 2.439440652157486 0 174.0 2.439440652157486 1
gene  1 13 13 1.4405898322746724 1 180.0 1.4405898322746724 1
gene  1 1 14 -2.7320093769210945 0 182.0 -2.7320093769210945 1
gene  1 2 14 3.1134631935706985 0 183.0 3.1134631935706985 1
gene  1 5 14 -0.3584165070240297 0 186.0 -0.3584165070240297 1
gene  1 6 14 -0.6802604190557424 0 187.0 -0.6802604190557424 1
gene  1 7 14 -1.0787735343186533 0 188.0 -1.0787735343186533 1
gene  1 13 14 -1.0679088409868203 0 194.0 -1.0679088409868203 1
gene  1 14 14 1.0345037302420022 1 195.0 1.0345037302420022 1
gene  1 2 24 -3.5938751451312787 0 226.0 -3.5938751451312787 1
gene  1 24 13 2.303314668130362 0 227.0 2.303314668130362 1
gene  1 7 24 5.772517304992517 0 245.0 5.772517304992517 1
gene  1 1 24 -9.527545448370383 0 249.0 -9.527545448370383 1
gene  1 4 14 -2.1185978260422877 0 280.0 -2.1185978260422877 1
gene  1 4 36 -2.273648972311782 0 293.0 -2.273648972311782 1
gene  1 36 14 -2.809966667307374 0 294.0 -2.809966667307374 1
gene  1 7 36 1.399293747188318 0 301.0 1.399293747188318 1
gene  1 3 36 -2.5588673858961735 0 313.0 -2.5588673858961735 1
genomeend 2
genomestart  3
trait 1 0.38509797114028876 1.2858127313064698 0.0 0.17101181944213528 0.0 0.0 0.0 1.0208282639679993 
node 1 1 1 1
node 2 1 1 1
node 3 1 1 1
node 4 1 1 1
node 5 1 1 1
node 6 1 1 1
node 7 1 1 3
node 13 1 0 2
node 14 1 0 2
node 24 1 0 0
node 36 1 0 0
gene  1 2 13 -4.467031621088781 0 169.0 -4.467031621088781 1
gene  1 3 13 0.09160054577001864 0 170.0 0.09160054577001864 1
gene  1 4 13 0.14177940675474776 0 171.0 0.14177940675474776 1
gene  1 6 13 -7.5052420280079675 0 173.0 -7.5052420280079675 1
gene  1 7 13 1.756777812741057 0 174.0 1.756777812741057 1
gene  1 13 13 2.325151184535066 1 180.0 2.325151184535066 1
gene  1 1 14 -3.4401277496381137 0 182.0 -3.4401277496381137 1
gene  1 2 14 5.049902577874001 0 183.0 5.049902577874001 1
gene  1 5 14 2.1226743147478557 0 186.0 2.1226743147478557 1
gene  1 6 14 -3.3643905614702394 0 187.0 -3.3643905614702394 1
gene  1 7 14 4.058826495554356 0 188.0 4.058826495554356 1
gene  1 13 14 -1.6252842284098499 0 194.0 -1.6252842284098499 1
gene  1 14 14 2.746422550526476 1 195.0 2.746422550526476 1
gene  1 2 24 -2.9925199314796607 0 226.0 -2.9925199314796607 1
gene  1 24 13 2.9018406395253766 0 227.0 2.9018406395253766 1
gene  1 7 24 2.3812003262192496 0 245.0 2.3812003262192496 1
gene  1 1 24 -8.801632644555859 0 249.0 -8.801632644555859 1
gene  1 4 14 -0.33349911136547483 0 280.0 -0.33349911136547483 1
gene  1 4 36 -4.292329437822767 0 293.0 -4.292329437822767 1
gene  1 36 14 -2.3781467887126806 0 294.0 -2.3781467887126806 1
gene  1 7 36 -2.7636344758834404 0 301.0 -2.7636344758834404 1
gene  1 3 36 2.203447265788428 0 313.0 2.203447265788428 1
genomeend 3
genomestart  4
trait 1 0.9658100958370718 0.21357948226159307 1.7535517816909252 0.0 0.0 2.076285480926863 0.7279373662985449 0.0 
node 1 1 1 1
node 2 1 1 1
node 3 1 1 1
node 4 1 1 1
node 5 1 1 1
node 6 1 1 1
node 7 1 1 3
node 8 1 0 0
node 9 1 0 0
node 10 1 0 0
node 11 1 0 0
node 13 1 0 2
node 14 1 0 2
gene  1 2 8 4.677132010895961 0 99.0 4.677132010895961 1
gene  1 6 8 -1.640556306935915 0 103.0 -1.640556306935915 1
gene  1 8 8 1.4059493171329212 1 105.0 1.4059493171329212 1
gene  1 9 8 -2.847154377961406 1 106.0 -2.847154377961406 1
gene  1 10 8 -12.939343325514255 1 107.0 -12.939343325514255 1
gene  1 11 8 -4.8681872508788535 1 108.0 -4.8681872508788535 1
gene  1 13 8 -2.402320403340716 1 110.0 -2.402320403340716 1
gene  1 14 8 -0.41370420625282484 1 111.0 -0.41370420625282484 1
gene  1 1 9 -1.7754301141401179 0 112.0 -1.7754301141401179 1
gene  1 2 9 -2.4480410035783002 0 113.0 -2.4480410035783002 1
gene  1 3 9 2.9124413021113797 0 114.0 2.9124413021113797 1
gene  1 6 9 -0.8638854355415038 0 117.0 -0.8638854355415038 1
gene  1 7 9 4.981544786539581 0 118.0 4.981544786539581 1
gene  1 8 9 5.058907422052978 0 119.0 5.058907422052978 1
gene  1 9 9 0.6922005424194442 1 120.0 0.6922005424194442 1
gene  1 11 9 -5.441839542012325 1 122.0 -5.441839542012325 1
gene  1 13 9 1.0935860795848573 1 124.0 1.0935860795848573 1
gene  1 14 9 -1.9628615957895545 1 125.0 -1.9628615957895545 1
gene  1 1 10 -1.8268407223514982 0 126.0 -1.8268407223514982 1
gene  1 3 10 -2.546006655483633 0 128.0 -2.546006655483633 1
gene  1 4 10 2.3620555688429947 0 129.0 2.3620555688429947 1
gene  1 5 10 1.1617629727120722 0 130.0 1.1617629727120722 1
gene  1 6 10 -0.9867380303905182 0 131.0 -0.9867380303905182 1
gene  1 10 10 -4.488005426377063 1 135.0 -4.488005426377063 1
gene  1 11 10 -3.625057887065184 1 136.0 -3.625057887065184 1
gene  1 14 10 -6.453648962348415 1 139.0 -6.453648962348415 1
gene  1 1 11 0.8054995479225193 0 140.0 0.8054995479225193 1
gene  1 3 11 -3.5581924040631305 0 142.0 -3.5581924040631305 1
gene  1 5 11 -0.2661618426064208 0 144.0 -0.2661618426064208 1
gene  1 6 11 -6.297476078895525 0 145.0 -6.297476078895525 1
gene  1 7 11 -2.3699474909984675 0 146.0 -2.3699474909984675 1
gene  1 8 11 -0.2779900212079252 0 147.0 -0.2779900212079252 1
gene  1 9 11 1.6154947644775932 0 148.0 1.6154947644775932 1
gene  1 10 11 -10.85346304931909 0 149.0 -10.85346304931909 1
gene  1 11 11 -2.9038183832314206 1 150.0 -2.9038183832314206 1
gene  1 1 13 6.1545698310275965 0 168.0 6.1545698310275965 1
gene  1 2 13 1.9184730820785658 0 169.0 1.9184730820785658 1
gene  1 3 13 0.5577911594793133 0 170.0 0.5577911594793133 1
gene  1 7 13 4.19319954872983 0 174.0 4.19319954872983 1
gene  1 11 13 6.5067393093022545 0 178.0 6.5067393093022545 1
gene  1 13 13 1.0841245811956073 1 180.0 1.0841245811956073 1
gene  1 2 14 -2.0891694761587285 0 183.0 -2.0891694761587285 1
gene  1 3 14 -4.653194383340182 0 184.0 -4.653194383340182 1
gene  1 4 14 -2.309771195138715 0 185.0 -2.309771195138715 1
gene  1 7 14 4.145666422891792 0 188.0 4.145666422891792 1
gene  1 8 14 -1.0280705504905188 0 189.0 -1.0280705504905188 1
gene  1 10 14 3.81945246164812 0 191.0 3.81945246164812 1
gene  1 13 14 1.1794052869558203 0 194.0 1.1794052869558203 1
gene  1 5 13 -1.68126447346319 0 198.0 -1.68126447346319 1
gene  1 4 9 0.966809802257537 0 200.0 0.966809802257537 1
gene  1 8 13 0.056237074758950234 0 248.0 0.056237074758950234 1
gene  1 7 10 -1.4013968039626632 0 270.0 -1.4013968039626632 1
gene  1 9 10 5.869432245494318 0 274.0 5.869432245494318 1
gene  1 9 13 2.628276285058612 0 288.0 2.628276285058612 1
gene  1 5 14 1.2615834663888514 0 328.0 1.2615834663888514 1
genomeend 4
genomestart  5
trait 1 0.9658100958370718 0.21357948226159307 1.7535517816909252 0.0 0.0 2.076285480926863 0.7279373662985449 0.0 
node 1 1 1 1
node 2 1 1 1
node 3 1 1 1
node 4 1 1 1
node 5 1 1 1
node 6 1 1 1
node 7 1 1 3
node 8 1 0 0
node 9 1 0 0
node 10 1 0 0
node 11 1 0 0
node 13 1 0 2
node 14 1 0 2
gene  1 2 8 5.866581335559889 0 99.0 5.866581335559889 1
gene  1 6 8 -1.7184432634834963 0 103.0 -1.7184432634834963 1
gene  1 8 8 0.170464751285462 1 105.0 0.170464751285462 1
gene  1 9 8 1.4331890049722336 1 106.0 1.4331890049722336 1
gene  1 10 8 -13.548322534723058 1 107.0 -13.548322534723058 1
gene  1 11 8 -7.760891482120623 1 108.0 -7.760891482120623 1
gene  1 13 8 -4.851379079923827 1 110.0 -4.851379079923827 1
gene  1 14 8 -5.2722576295945105 1 111.0 -5.2722576295945105 1
gene  1 1 9 2.805274530062854 0 112.0 2.805274530062854 1
gene  1 2 9 -2.3148754134704923 0 113.0 -2.3148754134704923 1
gene  1 3 9 4.567204559947067 0 114.0 4.567204559947067 1
gene  1 6 9 -1.4714473943122668 0 117.0 -1.4714473943122668 1
gene  1 7 9 3.267492986194912 0 118.0 3.267492986194912 1
gene  1 8 9 3.724984863578757 0 119.0 3.724984863578757 1
gene  1 9 9 -0.13249590194158412 1 120.0 -0.13249590194158412 1
gene  1 11 9 -8.210263211168227 1 122.0 -8.210263211168227 1
gene  1 13 9 2.1687502978524282 1 124.0 2.1687502978524282 1
gene  1 14 9 1.84881663565999 1 125.0 1.84881663565999 1
gene  1 1 10 -1.7036363284774847 0 126.0 -1.7036363284774847 1
gene  1 3 10 -1.1690052847424401 0 128.0 -1.1690052847424401 1
gene  1 4 10 -1.286226652295422 0 129.0 -1.286226652295422 1
gene  1 5 10 4.597546432202236 0 130.0 4.597546432202236 1
gene  1 6 10 2.3540051866199008 0 131.0 2.3540051866199008 1
gene  1 10 10 -3.7224359084968395 1 135.0 -3.7224359084968395 1
gene  1 11 10 -4.184139418719578 1 136.0 -4.184139418719578 1
gene  1 14 10 -6.063414555305019 1 139.0 -6.063414555305019 1
gene  1 1 11 -3.904734115103253 0 140.0 -3.904734115103253 1
gene  1 3 11 -2.580998013210462 0 142.0 -2.580998013210462 1
gene  1 5 11 -0.2022276604023624 0 144.0 -0.2022276604023624 1
gene  1 6 11 -5.218494274275734 0 145.0 -5.218494274275734 1
gene  1 7 11 -3.718174553252238 0 146.0 -3.718174553252238 1
gene  1 8 11 -0.7075650535986768 0 147.0 -0.7075650535986768 1
gene  1 9 11 1.0578166479486857 0 148.0 1.0578166479486857 1
gene  1 10 11 -12.350786800957419 0 149.0 -12.350786800957419 1
gene  1 11 11 -2.966625569756169 1 150.0 -2.966625569756169 1
gene  1 1 13 5.539394213750279 0 168.0 5.539394213750279 1
gene  1 2 13 -0.1486829149770102 0 169.0 -0.1486829149770102 1
gene  1 3 13 -2.3401605627273505 0 170.0 -2.3401605627273505 1
gene  1 7 13 4.743379685557808 0 174.0 4.743379685557808 1
gene  1 11 13 2.517232149478949 0 178.0 2.517232149478949 1
gene  1 13 13 -3.058417796193006 1 180.0 -3.058417796193006 1
gene  1 2 14 1.362186388877288 0 183.0 1.362186388877288 1
gene  1 3 14 -5.142854407892259 0 184.0 -5.142854407892259 1
gene  1 4 14 -1.387303126116462 0 185.0 -1.387303126116462 1
gene  1 7 14 6.098134461595312 0 188.0 6.098134461595312 1
gene  1 8 14 1.5645777221635253 0 189.0 1.5645777221635253 1
gene  1 10 14 2.573517202217312 0 191.0 2.573517202217312 1
gene  1 13 14 3.320958698884998 0 194.0 3.320958698884998 1
gene  1 5 13 1.0161513547893315 0 198.0 1.0161513547893315 1
gene  1 4 9 1.1301128296793392 0 200.0 1.1301128296793392 1
gene  1 8 13 0.540537561679057 0 248.0 0.540537561679057 1
gene  1 7 10 -2.1603408710309324 0 270.0 -2.1603408710309324 1
gene  1 9 10 4.609323028551076 0 274.0 4.609323028551076 1
gene  1 9 13 1.8461079499112942 0 288.0 1.8461079499112942 1
gene  1 5 14 2.3983112285893213 0 328.0 2.3983112285893213 1
genomeend 5
genomestart  6
trait 1 0.9658100958370718 0.21357948226159307 1.7535517816909252 0.0 0.0 2.076285480926863 0.7279373662985449 0.0 
node 1 1 1 1
node 2 1 1 1
node 3 1 1 1
node 4 1 1 1
node 5 1 1 1
node 6 1 1 1
node 7 1 1 3
node 8 1 0 0
node 9 1 0 0
node 10 1 0 0
node 11 1 0 0
node 13 1 0 2
node 14 1 0 2
gene  1 2 8 4.3277819162098865 0 99.0 4.3277819162098865 1
gene  1 6 8 -1.6422647786896256 0 103.0 -1.6422647786896256 1
gene  1 8 8 0.6104908093320789 1 105.0 0.6104908093320789 1
gene  1 9 8 -2.5154184131108623 1 106.0 -2.5154184131108623 1
gene  1 10 8 -12.682805652126207 1 107.0 -12.682805652126207 1
gene  1 11 8 -1.352812270990975 1 108.0 -1.352812270990975 1
gene  1 13 8 -5.563759701746391 1 110.0 -5.563759701746391 1
gene  1 14 8 -4.180883788549174 1 111.0 -4.180883788549174 1
gene  1 1 9 0.42558141251932474 0 112.0 0.42558141251932474 1
gene  1 2 9 2.0575211466993024 0 113.0 2.0575211466993024 1
gene  1 3 9 0.232495135442857 0 114.0 0.232495135442857 1
gene  1 6 9 0.42033052261245296 0 117.0 0.42033052261245296 1
gene  1 7 9 2.7925345637701553 0 118.0 2.7925345637701553 1
gene  1 8 9 1.7935299533016282 0 119.0 1.7935299533016282 1
gene  1 9 9 0.5403475167746596 1 120.0 0.5403475167746596 1
gene  1 11 9 -6.614552658999269 1 122.0 -6.614552658999269 1
gene  1 13 9 -1.2339456634211594 1 124.0 -1.2339456634211594 1
gene  1 14 9 0.06158247030813174 1 125.0 0.06158247030813174 1
gene  1 1 10 -3.9755833574791724 0 126.0 -3.9755833574791724 1
gene  1 3 10 2.154466394064195 0 128.0 2.154466394064195 1
gene  1 4 10 -1.0006769957425719 0 129.0 -1.0006769957425719 1
gene  1 5 10 0.6652405978053251 0 130.0 0.6652405978053251 1
gene  1 6 10 -1.1112357898417762 0 131.0 -1.1112357898417762 1
gene  1 10 10 -4.816238159609421 1 135.0 -4.816238159609421 1
gene  1 11 10 -2.049006623250223 1 136.0 -2.049006623250223 1
gene  1 14 10 -6.554465225814088 1 139.0 -6.554465225814088 1
gene  1 1 11 -2.4485818949477665 0 140.0 -2.4485818949477665 1
gene  1 3 11 -0.7949965801467898 0 142.0 -0.7949965801467898 1
gene  1 5 11 -0.7488059055401128 0 144.0 -0.7488059055401128 1
gene  1 6 11 -7.858509355061349 0 145.0 -7.858509355061349 1
gene  1 7 11 -4.201566319906022 0 146.0 -4.201566319906022 1
gene  1 8 11 0.8857283456731779 0 147.0 0.8857283456731779 1
gene  1 9 11 -0.10174242078160867 0 148.0 -0.10174242078160867 1
gene  1 10 11 -11.424561869229233 0 149.0 -11.424561869229233 1
gene  1 11 11 -4.434499538404498 1 150.0 -4.434499538404498 1
gene  1 1 13 5.995565730516173 0 168.0 5.995565730516173 1
gene  1 2 13 -0.17498119106595345 0 169.0 -0.17498119106595345 1
gene  1 3 13 -0.7020962796801259 0 170.0 -0.7020962796801259 1
gene  1 7 13 4.471830272320847 0 174.0 4.471830272320847 1
gene  1 11 13 5.695112867657052 0 178.0 5.695112867657052 1
gene  1 13 13 -6.184458994634704 1 180.0 -6.184458994634704 1
gene  1 2 14 1.1594374229826285 0 183.0 1.1594374229826285 1
gene  1 3 14 -5.188937391005684 0 184.0 -5.188937391005684 1
gene  1 4 14 0.7507944420687558 0 185.0 0.7507944420687558 1
gene  1 7 14 5.022203125223611 0 188.0 5.022203125223611 1
gene  1 8 14 0.7091096042854315 0 189.0 0.7091096042854315 1
gene  1 10 14 1.2039626105674477 0 191.0 1.2039626105674477 1
gene  1 13 14 -0.4864040599029981 0 194.0 -0.4864040599029981 1
gene  1 5 13 -0.08273365430555069 0 198.0 -0.08273365430555069 1
gene  1 4 9 0.542622236288377 0 200.0 0.542622236288377 1
gene  1 8 13 0.6142482195966242 0 248.0 0.6142482195966242 1
gene  1 7 10 -2.7584310291318492 0 270.0 -2.7584310291318492 1
gene  1 9 10 2.584987552218292 0 274.0 2.584987552218292 1
gene  1 9 13 0.9950003340496533 0 288.0 0.9950003340496533 1
gene  1 5 14 3.3713746827073416 0 328.0 3.3713746827073416 1
genomeend 6
genomestart  7
trait 1 0.6325451774377668 0.0 0.0 0.0 1.363566452656893 0.20991346759087715 0.04208433817433466 0.03711240661335824 
node 1 1 1 1
node 2 1 1 1
node 3 1 1 1
node 4 1 1 1
node 5 1 1 1
node 6 1 1 1
node 7 1 1 3
node 8 1 0 0
node 13 1 0 2
node 14 1 0 2
node 16 1 0 0
node 20 1 0 0
gene  1 1 8 1.394138556660752 0 98.0 1.394138556660752 1
gene  1 2 8 -5.212303381504037 0 99.0 -5.212303381504037 1
gene  1 3 8 -0.2942045760663742 0 100.0 -0.2942045760663742 1
gene  1 4 8 -0.4113196109079955 0 101.0 -0.4113196109079955 1
gene  1 5 8 -0.49981002090290944 0 102.0 -0.49981002090290944 1
gene  1 6 8 -5.916124156464206 0 103.0 -5.916124156464206 1
gene  1 8 8 -6.707426009013319 1 105.0 -6.707426009013319 1
gene  1 13 8 -5.988765872575011 1 110.0 -5.988765872575011 1
gene  1 14 8 -3.292368961796715 1 111.0 -3.292368961796715 1
gene  1 3 13 -1.2814930702980103 0 170.0 -1.2814930702980103 1
gene  1 5 13 -6.922697638115891 0 172.0 -6.922697638115891 1
gene  1 7 13 -2.199462298647263 0 174.0 -2.199462298647263 1
gene  1 13 13 -2.0328879494322187 1 180.0 -2.0328879494322187 1
gene  1 2 14 -0.20923138465645552 0 183.0 -0.20923138465645552 1
gene  1 4 14 -0.2507026476499848 0 185.0 -0.2507026476499848 1
gene  1 6 14 -1.6560606878292279 0 187.0 -1.6560606878292279 1
gene  1 8 14 1.4664370243488136 0 189.0 1.4664370243488136 1
gene  1 13 14 -9.189299460989961 0 194.0 -9.189299460989961 1
gene  1 13 16 3.659470582704575 0 201.0 3.659470582704575 1
gene  1 16 14 1.6947375994710576 0 202.0 1.6947375994710576 1
gene  1 3 20 2.4616283846323825 0 215.0 2.4616283846323825 1
gene  1 20 8 -2.3781511478669914 0 216.0 -2.3781511478669914 1
gene  1 8 13 1.5230513442867182 0 233.0 1.5230513442867182 1
gene  1 2 16 -2.063557277200613 0 324.0 -2.063557277200613 1
gene  1 2 20 -1.8691659398308942 0 333.0 -1.8691659398308942 1
genomeend 7
genomestart  8
trait 1 0.6325451774377668 0.0 0.0 0.0 1.363566452656893 0.20991346759087715 0.04208433817433466 0.03711240661335824 
node 1 1 1 1
node 2 1 1 1
node 3 1 1 1
node 4 1 1 1
node 5 1 1 1
node 6 1 1 1
node 7 1 1 3
node 8 1 0 0
node 13 1 0 2
node 14 1 0 2
node 16 1 0 0
node 20 1 0 0
gene  1 1 8 2.428535867194027 0 98.0 2.428535867194027 1
gene  1 2 8 -2.990282412947913 0 99.0 -2.990282412947913 1
gene  1 3 8 -0.025722839472134273 0 100.0 -0.025722839472134273 1
gene  1 4 8 -1.6943223944962795 0 101.0 -1.6943223944962795 1
gene  1 5 8 -1.3202483373714702 0 102.0 -1.3202483373714702 1
gene  1 6 8 -7.618248971228228 0 103.0 -7.618248971228228 1
gene  1 8 8 -3.6788693327360833 1 105.0 -3.6788693327360833 1
gene  1 13 8 2.2293813899777737 1 110.0 2.2293813899777737 1
gene  1 14 8 1.5560533461802657 1 111.0 1.5560533461802657 1
gene  1 3 13 3.019408804201353 0 170.0 3.019408804201353 1
gene  1 5 13 -5.865087507284217 0 172.0 -5.865087507284217 1
gene  1 7 13 1.5626446514437133 0 174.0 1.5626446514437133 1
gene  1 13 13 -3.1378309125588295 1 180.0 -3.1378309125588295 1
gene  1 2 14 1.3658736774022078 0 183.0 1.3658736774022078 1
gene  1 4 14 -0.017905484531445692 0 185.0 -0.017905484531445692 1
gene  1 6 14 0.5047463238062913 0 187.0 0.5047463238062913 1
gene  1 8 14 4.0695865557692095 0 189.0 4.0695865557692095 1
gene  1 13 14 -2.254303505372234 0 194.0 -2.254303505372234 1
gene  1 13 16 0.05018569028008402 0 201.0 0.05018569028008402 1
gene  1 16 14 1.648421270753484 0 202.0 1.648421270753484 1
gene  1 3 20 2.0377487247502266 0 215.0 2.0377487247502266 1
gene  1 20 8 -0.4681338272845901 0 216.0 -0.4681338272845901 1
gene  1 8 13 1.196286936471461 0 233.0 1.196286936471461 1
gene  1 2 16 0.8968256218933472 0 324.0 0.8968256218933472 1
gene  1 2 20 -0.8490559244454889 0 333.0 -0.8490559244454889 1
genomeend 8
genomestart  9
trait 1 0.0 0.0 0.687885284225863 0.0 0.0 0.0 0.0 0.0 
node 1 1 1 1
node 2 1 1 1
node 3 1 1 1
node 4 1 1 1
node 5 1 1 1
node 6 1 1 1
node 7 1 1 3
node 8 1 0 0
node 9 1 0 0
node 10 1 0 0
node 13 1 0 2
node 14 1 0 2
node 21 1 0 0
node 29 1 0 0
gene  1 1 8 3.758940055345611 0 98.0 3.758940055345611 1
gene  1 3 8 -1.7375165642382628 0 100.0 -1.7375165642382628 1
gene  1 5 8 0.7518868550878115 0 102.0 0.7518868550878115 1
gene  1 6 8 -4.816145065433265 0 103.0 -4.816145065433265 1
gene  1 8 8 0.0762795654077717 1 105.0 0.0762795654077717 1
gene  1 1 9 0.8139796684429033 0 112.0 0.8139796684429033 1
gene  1 2 9 6.333681223499557 0 113.0 6.333681223499557 1
gene  1 3 9 1.4788385075275063 0 114.0 1.4788385075275063 1
gene  1 5 9 -0.1736190896812111 0 116.0 -0.1736190896812111 1
gene  1 7 9 3.2727171348547666 0 118.0 3.2727171348547666 1
gene  1 9 9 -2.2937143788935925 1 120.0 -2.2937143788935925 1
gene  1 10 9 -1.758819867235491 1 121.0 -1.758819867235491 1
gene  1 13 9 0.2494101482972808 1 124.0 0.2494101482972808 1
gene  1 2 10 2.9648701766861745 0 127.0 2.9648701766861745 1
gene  1 4 10 2.754463495116656 0 129.0 2.754463495116656 1
gene  1 5 10 3.708053079540127 0 130.0 3.708053079540127 1
gene  1 8 10 8.103415325752408 0 133.0 8.103415325752408 1
gene  1 9 10 -13.80291030273387 0 134.0 -13.80291030273387 1
gene  1 10 10 -3.651397141070378 1 135.0 -3.651397141070378 1
gene  1 13 10 -3.7912845156662884 1 138.0 -3.7912845156662884 1
gene  1 14 10 1.0625123422847087 1 139.0 1.0625123422847087 1
gene  1 2 13 2.3860684776537724 0 169.0 2.3860684776537724 1
gene  1 3 13 3.480107873114316 0 170.0 3.480107873114316 1
gene  1 6 13 -6.2702596946371125 0 173.0 -6.2702596946371125 1
gene  1 7 13 0.48950622377322284 0 174.0 0.48950622377322284 1
gene  1 9 13 4.817216863122983 0 176.0 4.817216863122983 1
gene  1 13 13 -1.2343040289298928 1 180.0 -1.2343040289298928 1
gene  1 14 13 0.47950942072197994 1 181.0 0.47950942072197994 1
gene  1 1 14 -1.7831365217407378 0 182.0 -1.7831365217407378 1
gene  1 3 14 -2.0464058157814 0 184.0 -2.0464058157814 1
gene  1 9 14 1.285184367591076 0 190.0 1.285184367591076 1
gene  1 10 14 -0.8680066973262512 0 191.0 -0.8680066973262512 1
gene  1 1 21 -2.270226274723975 0 218.0 -2.270226274723975 1
gene  1 21 8 -2.618013578860417 0 219.0 -2.618013578860417 1
gene  1 3 10 -1.9648890819948233 0 223.0 -1.9648890819948233 1
gene  1 6 29 0.9841377358477337 0 259.0 0.9841377358477337 1
gene  1 29 8 -1.826236475495525 0 260.0 -1.826236475495525 1
gene  1 29 21 -0.8826724559209698 0 271.0 -0.8826724559209698 1
gene  1 3 21 -1.0416709969269506 0 300.0 -1.0416709969269506 1
genomeend 9
genomestart  10
trait 1 0.0 0.0 0.687885284225863 0.0 0.0 0.0 0.0 0.0 
node 1 1 1 1
node 2 1 1 1
node 3 1 1 1
node 4 1 1 1
node 5 1 1 1
node 6 1 1 1
node 7 1 1 3
node 8 1 0 0
node 9 1 0 0
node 10 1 0 0
node 13 1 0 2
node 14 1 0 2
node 21 1 0 0
node 29 1 0 0
gene  1 1 8 2.4307412936160904 0 98.0 2.4307412936160904 1
gene  1 3 8 -4.907777936189008 0 100.0 -4.907777936189008 1
gene  1 5 8 -1.3838721185993683 0 102.0 -1.3838721185993683 1
gene  1 6 8 -0.18929050087548777 0 103.0 -0.18929050087548777 1
gene  1 8 8 -0.27815969424461895 1 105.0 -0.27815969424461895 1
gene  1 1 9 -3.1169808930007363 0 112.0 -3.1169808930007363 1
gene  1 2 9 6.660314087961931 0 113.0 6.660314087961931 1
gene  1 3 9 3.4960260029112584 0 114.0 3.4960260029112584 1
gene  1 5 9 -3.24150649334759 0 116.0 -3.24150649334759 1
gene  1 7 9 2.6583401334811434 0 118.0 2.6583401334811434 1
gene  1 9 9 2.3573362142817373 1 120.0 2.3573362142817373 1
gene  1 10 9 -1.7613609531366055 1 121.0 -1.7613609531366055 1
gene  1 13 9 2.2884317464882153 1 124.0 2.2884317464882153 1
gene  1 2 10 1.8645477516505693 0 127.0 1.8645477516505693 1
gene  1 4 10 -1.2745373983376753 0 129.0 -1.2745373983376753 1
gene  1 5 10 -1.156570206360123 0 130.0 -1.156570206360123 1
gene  1 8 10 8.034624964283429 0 133.0 8.034624964283429 1
gene  1 9 10 -13.773028298918419 0 134.0 -13.773028298918419 1
gene  1 10 10 -3.612273165059719 1 135.0 -3.612273165059719 1
gene  1 13 10 2.0782020780627377 1 138.0 2.0782020780627377 1
gene  1 14 10 1.3642232952291078 1 139.0 1.3642232952291078 1
gene  1 2 13 3.3325085285926335 0 169.0 3.3325085285926335 1
gene  1 3 13 3.669417147290322 0 170.0 3.669417147290322 1
gene  1 6 13 -5.424582186174932 0 173.0 -5.424582186174932 1
gene  1 7 13 0.7830615843223088 0 174.0 0.7830615843223088 1
gene  1 9 13 5.552764098615169 0 176.0 5.552764098615169 1
gene  1 13 13 -0.9886348111129615 1 180.0 -0.9886348111129615 1
gene  1 14 13 1.9523740844845308 1 181.0 1.9523740844845308 1
gene  1 1 14 -0.8363194978831041 0 182.0 -0.8363194978831041 1
gene  1 3 14 0.03844142586210486 0 184.0 0.03844142586210486 1
gene  1 9 14 -0.5740937667726302 0 190.0 -0.5740937667726302 1
gene  1 10 14 -4.6178150200430625 0 191.0 -4.6178150200430625 1
gene  1 1 21 2.2938624997633634 0 218.0 2.2938624997633634 1
gene  1 21 8 -1.963254849413807 0 219.0 -1.963254849413807 1
gene  1 3 10 0.6768845264709535 0 223.0 0.6768845264709535 1
gene  1 6 29 -1.4625016740734338 0 259.0 -1.4625016740734338 1
gene  1 29 8 -1.2364244743981585 0 260.0 -1.2364244743981585 1
gene  1 29 21 -5.460086339316097 0 271.0 -5.460086339316097 1
gene  1 3 21 -0.5226377540249594 0 300.0 -0.5226377540249594 1
genomeend 10
genomestart  11
trait 1 0.0 0.0 0.687885284225863 0.0 0.0 0.0 0.0 0.0 
node 1 1 1 1
node 2 1 1 1
node 3 1 1 1
node 4 1 1 1
node 5 1 1 1
node 6 1 1 1
node 7 1 1 3
node 8 1 0 0
node 9 1 0 0
node 10 1 0 0
node 13 1 0 2
node 14 1 0 2
node 21 1 0 0
node 29 1 0 0
gene  1 1 8 4.417126796744567 0 98.0 4.417126796744567 1
gene  1 3 8 -4.558494990412159 0 100.0 -4.558494990412159 1
gene  1 5 8 -1.1686183209687426 0 102.0 -1.1686183209687426 1
gene  1 6 8 -2.828305799116869 0 103.0 -2.828305799116869 1
gene  1 8 8 -4.294353771385565 1 105.0 -4.294353771385565 1
gene  1 1 9 0.6698662122563488 0 112.0 0.6698662122563488 1
gene  1 2 9 2.0899703141716266 0 113.0 2.0899703141716266 1
gene  1 3 9 3.087011644380358 0 114.0 3.087011644380358 1
gene  1 5 9 -3.184916273594085 0 116.0 -3.184916273594085 1
gene  1 7 9 5.132466941342838 0 118.0 5.132466941342838 1
gene  1 9 9 0.9788584263346216 1 120.0 0.9788584263346216 1
gene  1 10 9 -1.7613609531366055 1 121.0 -1.7613609531366055 1
gene  1 13 9 1.4537658634348465 1 124.0 1.4537658634348465 1
gene  1 2 10 4.231090061036954 0 127.0 4.231090061036954 1
gene  1 4 10 0.9204713348858367 0 129.0 0.9204713348858367 1
gene  1 5 10 4.743802887083119 0 130.0 4.743802887083119 1
gene  1 8 10 1.42198186000038 0 133.0 1.42198186000038 1
gene  1 9 10 -12.27442569298342 0 134.0 -12.27442569298342 1
gene  1 10 10 -4.214119382384901 1 135.0 -4.214119382384901 1
gene  1 13 10 2.473308867160105 1 138.0 2.473308867160105 1
gene  1 14 10 1.036043304324447 1 139.0 1.036043304324447 1
gene  1 2 13 1.0805003417970296 0 169.0 1.0805003417970296 1
gene  1 3 13 -2.2167919967812706 0 170.0 -2.2167919967812706 1
gene  1 6 13 -5.2567510293814985 0 173.0 -5.2567510293814985 1
gene  1 7 13 -0.43597489813257617 0 174.0 -0.43597489813257617 1
gene  1 9 13 9.00226599258006 0 176.0 9.00226599258006 1
gene  1 13 13 -2.834218641354525 1 180.0 -2.834218641354525 1
gene  1 14 13 -1.0969764293476727 1 181.0 -1.0969764293476727 1
gene  1 1 14 -2.531564678159159 0 182.0 -2.531564678159159 1
gene  1 3 14 -3.666887438165741 0 184.0 -3.666887438165741 1
gene  1 9 14 1.2515921330240012 0 190.0 1.2515921330240012 1
gene  1 10 14 -2.326106621970835 0 191.0 -2.326106621970835 1
gene  1 1 21 -1.8974030555645298 0 218.0 -1.8974030555645298 1
gene  1 21 8 -2.7850414003546566 0 219.0 -2.7850414003546566 1
gene  1 3 10 1.1504189596851444 0 223.0 1.1504189596851444 1
gene  1 6 29 -0.4478750479760283 0 259.0 -0.4478750479760283 1
gene  1 29 8 -2.2782286952400113 0 260.0 -2.2782286952400113 1
gene  1 29 21 1.4604439840915406 0 271.0 1.4604439840915406 1
gene  1 3 21 -5.345154602382708 0 300.0 -5.345154602382708 1
genomeend 11
genomestart  12
trait 1 1.080830066389972 0.0 1.563145969794439 0.0 0.0 0.9629060889116104 0.2518745141043184 0.0 
node 1 1 1 1
node 2 1 1 1
node 3 1 1 1
node 4 1 1 1
node 5 1 1 1
node 6 1 1 1
node 7 1 1 3
node 13 1 0 2
node 14 1 0 2
node 42 1 0 0
gene  1 1 13 -2.4886836953966665 0 168.0 -2.4886836953966665 1
gene  1 2 13 5.262741768434767 0 169.0 5.262741768434767 0
gene  1 3 13 -1.5454783630400768 0 170.0 -1.5454783630400768 1
gene  1 4 13 -1.1884978801431965 0 171.0 -1.1884978801431965 1
gene  1 5 13 1.3194439206002597 0 172.0 1.3194439206002597 1
gene  1 6 13 7.620641942834949 0 173.0 7.620641942834949 1
gene  1 7 13 -2.582005399527608 0 174.0 -2.582005399527608 1
gene  1 14 13 4.470219824862763 1 181.0 4.470219824862763 1
gene  1 1 14 -1.4640361038921506 0 182.0 -1.4640361038921506 1
gene  1 2 14 14.066215667912353 0 183.0 14.066215667912353 1
gene  1 3 14 3.9026575316749312 0 184.0 3.9026575316749312 1
gene  1 13 14 -0.7753098876640663 0 194.0 -0.7753098876640663 1
gene  1 14 14 -5.448961093518466 1 195.0 -5.448961093518466 1
gene  1 6 14 7.654714992566696 0 230.0 7.654714992566696 1
gene  1 4 14 -0.6972134399714947 0 312.0 -0.6972134399714947 1
gene  1 2 42 1.2954814659983471 0 320.0 1.2954814659983471 1
gene  1 42 13 1.3764884164785438 0 321.0 1.3764884164785438 1
genomeend 12
genomestart  13
trait 1 1.080830066389972 0.0 1.563145969794439 0.0 0.0 0.9629060889116104 0.2518745141043184 0.0 
node 1 1 1 1
node 2 1 1 1
node 3 1 1 1
node 4 1 1 1
node 5 1 1 1
node 6 1 1 1
node 7 1 1 3
node 13 1 0 2
node 14 1 0 2
node 42 1 0 0
gene  1 1 13 0.012670926860658183 0 168.0 0.012670926860658183 1
gene  1 2 13 1.348525312800121 0 169.0 1.348525312800121 0
gene  1 3 13 -2.11053455489173 0 170.0 -2.11053455489173 1
gene  1 4 13 0.42161634719452734 0 171.0 0.42161634719452734 1
gene  1 5 13 3.44827782809287 0 172.0 3.44827782809287 1
gene  1 6 13 6.941962579795069 0 173.0 6.941962579795069 1
gene  1 7 13 1.3175464406527722 0 174.0 1.3175464406527722 1
gene  1 14 13 4.840250573909586 1 181.0 4.840250573909586 1
gene  1 1 14 -2.1818058493112114 0 182.0 -2.1818058493112114 1
gene  1 2 14 13.443497441767885 0 183.0 13.443497441767885 1
gene  1 3 14 4.578339383437179 0 184.0 4.578339383437179 1
gene  1 13 14 -0.36188751358815885 0 194.0 -0.36188751358815885 1
gene  1 14 14 2.0248637741869233 1 195.0 2.0248637741869233 1
gene  1 6 14 7.547287692991228 0 230.0 7.547287692991228 1
gene  1 4 14 -0.5627216994600275 0 312.0 -0.5627216994600275 1
gene  1 2 42 4.369215270855655 0 320.0 4.369215270855655 1
gene  1 42 13 0.6459578310022336 0 321.0 0.6459578310022336 1
genomeend 13
genomestart  14
trait 1 0.7543954501876767 0.0 0.0 0.0 0.0 0.7506659743992431 0.6528869165846171 0.760618498603839 
node 1 1 1 1
node 2 1 1 1
node 3 1 1 1
node 4 1 1 1
node 5 1 1 1
node 6 1 1 1
node 7 1 1 3
node 8 1 0 0
node 13 1 0 2
node 14 1 0 2
gene  1 4 8 -1.4561428278630075 0 101.0 -1.4561428278630075 1
gene  1 5 8 -0.7323032188868674 0 102.0 -0.7323032188868674 1
gene  1 6 8 -7.205561221585809 0 103.0 -7.205561221585809 1
gene  1 14 8 0.7785914756174731 1 111.0 0.7785914756174731 1
gene  1 1 13 1.9279132940930253 0 168.0 1.9279132940930253 1
gene  1 2 13 -1.013730931952067 0 169.0 -1.013730931952067 1
gene  1 3 13 -5.0640443926474035 0 170.0 -5.0640443926474035 1
gene  1 5 13 2.175338666031545 0 172.0 2.175338666031545 1
gene  1 7 13 -5.417946376171898 0 174.0 -5.417946376171898 1
gene  1 14 13 0.06334585091455613 1 181.0 0.06334585091455613 1
gene  1 1 14 1.996265350288986 0 182.0 1.996265350288986 1
gene  1 2 14 1.311255658795432 0 183.0 1.311255658795432 1
gene  1 3 14 -4.269612128006066 0 184.0 -4.269612128006066 1
gene  1 4 14 -0.8572627675152997 0 185.0 -0.8572627675152997 1
gene  1 8 14 0.37285892225256884 0 189.0 0.37285892225256884 1
gene  1 14 14 2.3816135890540373 1 195.0 2.3816135890540373 1
gene  1 6 14 0.1823460960229602 0 240.0 0.1823460960229602 1
gene  1 8 13 -0.8235968119534269 0 311.0 -0.8235968119534269 1
gene  1 14 13 7.12400991486766 0 322.0 7.12400991486766 1
genomeend 14
genomestart  15
trait 1 0.7543954501876767 0.0 0.0 0.0 0.0 0.7506659743992431 0.6528869165846171 0.760618498603839 
node 1 1 1 1
node 2 1 1 1
node 3 1 1 1
node 4 1 1 1
node 5 1 1 1
node 6 1 1 1
node 7 1 1 3
node 8 1 0 0
node 13 1 0 2
node 14 1 0 2
gene  1 4 8 -1.4561428278630075 0 101.0 -1.4561428278630075 1
gene  1 5 8 -5.095499357099092 0 102.0 -5.095499357099092 1
gene  1 6 8 -6.42903219617134 0 103.0 -6.42903219617134 1
gene  1 14 8 -1.3212622075382483 1 111.0 -1.3212622075382483 1
gene  1 1 13 2.147359566955396 0 168.0 2.147359566955396 1
gene  1 2 13 -0.8793245204187115 0 169.0 -0.8793245204187115 1
gene  1 3 13 -3.409670942099404 0 170.0 -3.409670942099404 1
gene  1 5 13 0.6892155197387446 0 172.0 0.6892155197387446 1
gene  1 7 13 -6.376492135699428 0 174.0 -6.376492135699428 1
gene  1 14 13 -0.2192302521125491 1 181.0 -0.2192302521125491 1
gene  1 1 14 1.8358778094138897 0 182.0 1.8358778094138897 1
gene  1 2 14 -1.5601120807362368 0 183.0 -1.5601120807362368 1
gene  1 3 14 -0.4543399180510166 0 184.0 -0.4543399180510166 1
gene  1 4 14 2.936685207317953 0 185.0 2.936685207317953 1
gene  1 8 14 -1.3175060891744956 0 189.0 -1.3175060891744956 1
gene  1 14 14 3.2754254521837307 1 195.0 3.2754254521837307 1
gene  1 6 14 2.1655023043050545 0 240.0 2.1655023043050545 1
gene  1 8 13 1.5514955525634966 0 311.0 1.5514955525634966 1
gene  1 14 13 7.071430863514494 0 322.0 7.071430863514494 1
genomeend 15
genomestart  16
trait 1 0.7543954501876767 0.0 0.0 0.0 0.0 0.7506659743992431 0.6528869165846171 0.760618498603839 
node 1 1 1 1
node 2 1 1 1
node 3 1 1 1
node 4 1 1 1
node 5 1 1 1
node 6 1 1 1
node 7 1 1 3
node 8 1 0 0
node 13 1 0 2
node 14 1 0 2
gene  1 4 8 0.2170211598895826 0 101.0 0.2170211598895826 1
gene  1 5 8 -6.331689555660167 0 102.0 -6.331689555660167 1
gene  1 6 8 -5.667372919147212 0 103.0 -5.667372919147212 1
gene  1 14 8 -2.4111374361168276 1 111.0 -2.4111374361168276 1
gene  1 1 13 2.245385990776946 0 168.0 2.245385990776946 1
gene  1 2 13 -2.3140432318049218 0 169.0 -2.3140432318049218 1
gene  1 3 13 -3.7945695222360594 0 170.0 -3.7945695222360594 1
gene  1 5 13 2.7783438304261763 0 172.0 2.7783438304261763 1
gene  1 7 13 -5.342272101531854 0 174.0 -5.342272101531854 1
gene  1 14 13 1.596781658977936 1 181.0 1.596781658977936 1
gene  1 1 14 -0.0394068844681249 0 182.0 -0.0394068844681249 1
gene  1 2 14 -1.753060110884223 0 183.0 -1.753060110884223 1
gene  1 3 14 -1.7806993529913218 0 184.0 -1.7806993529913218 1
gene  1 4 14 0.010269773441528685 0 185.0 0.010269773441528685 1
gene  1 8 14 -12.070596268679518 0 189.0 -12.070596268679518 1
gene  1 14 14 -0.41056651381157905 1 195.0 -0.41056651381157905 1
gene  1 6 14 1.0790567447930972 0 240.0 1.0790567447930972 1
gene  1 8 13 -1.5286252281699968 0 311.0 -1.5286252281699968 1
gene  1 14 13 7.411391076210532 0 322.0 7.411391076210532 1
genomeend 16
genomestart  17
trait 1 0.8225567813410785 1.2140246672840036 0.7816155317589891 0.49951333318806035 0.760472394127403 0.9742749841765682 0.16709809669901776 0.20144182840303793 
node 1 1 1 1
node 2 1 1 1
node 3 1 1 1
node 4 1 1 1
node 5 1 1 1
node 6 1 1 1
node 7 1 1 3
node 8 1 0 0
node 9 1 0 0
node 10 1 0 0
node 11 1 0 0
node 12 1 0 0
node 13 1 0 2
node 14 1 0 2
node 27 1 0 0
node 34 1 0 0
node 40 1 0 0
gene  1 1 8 0.48542496263971646 0 98.0 0.48542496263971646 1
gene  1 3 8 1.5285053757830322 0 100.0 1.5285053757830322 1
gene  1 4 8 2.4216486756466913 0 101.0 2.4216486756466913 1
gene  1 6 8 -0.9235941962811081 0 103.0 -0.9235941962811081 1
gene  1 8 8 1.7085470492584487 1 105.0 1.7085470492584487 1
gene  1 10 8 -1.9805184492329786 1 107.0 -1.9805184492329786 1
gene  1 3 9 1.4341729703250374 0 114.0 1.4341729703250374 1
gene  1 6 9 3.8761113149241413 0 117.0 3.8761113149241413 1
gene  1 8 9 0.49137672664053295 0 119.0 0.49137672664053295 1
gene  1 10 9 1.1744231889174035 1 121.0 1.1744231889174035 1
gene  1 11 9 -1.6891424734862346 1 122.0 -1.6891424734862346 1
gene  1 13 9 0.45989963363601144 1 124.0 0.45989963363601144 1
gene  1 14 9 -4.095497412761392 1 125.0 -4.095497412761392 1
gene  1 1 10 -2.1567736991652713 0 126.0 -2.1567736991652713 1
gene  1 3 10 6.240781598290395 0 128.0 6.240781598290395 1
gene  1 4 10 -1.5975032205003286 0 129.0 -1.5975032205003286 1
gene  1 5 10 -0.8852771485680893 0 130.0 -0.8852771485680893 1
gene  1 9 10 5.407613899753597 0 134.0 5.407613899753597 1
gene  1 13 10 6.322015202585945 1 138.0 6.322015202585945 1
gene  1 1 11 1.0455048127618392 0 140.0 1.0455048127618392 1
gene  1 3 11 0.8587567384385382 0 142.0 0.8587567384385382 1
gene  1 5 11 0.1366926006310244 0 144.0 0.1366926006310244 1
gene  1 9 11 -1.0249285721575396 0 148.0 -1.0249285721575396 1
gene  1 10 11 -6.261401739059672 0 149.0 -6.261401739059672 1
gene  1 12 11 -6.733919871009151 1 151.0 -6.733919871009151 1
gene  1 14 11 -0.4956940599445654 1 153.0 -0.4956940599445654 1
gene  1 2 12 -0.20783924022274625 0 155.0 -0.20783924022274625 1
gene  1 4 12 -0.26471111261124103 0 157.0 -0.26471111261124103 1
gene  1 6 12 2.54975846924325 0 159.0 2.54975846924325 1
gene  1 7 12 1.8715482155195744 0 160.0 1.8715482155195744 1
gene  1 9 12 1.9429585990212614 0 162.0 1.9429585990212614 1
gene  1 10 12 2.7902692466705847 0 163.0 2.7902692466705847 1
gene  1 12 12 -0.6681363215792175 1 165.0 -0.6681363215792175 1
gene  1 14 12 2.650620626783887 1 167.0 2.650620626783887 1
gene  1 1 13 -0.7405441845598538 0 168.0 -0.7405441845598538 1
gene  1 3 13 -8.992698284069652 0 170.0 -8.992698284069652 1
gene  1 4 13 -1.077414001287774 0 171.0 -1.077414001287774 1
gene  1 6 13 4.791169125013419 0 173.0 4.791169125013419 1
gene  1 8 13 -0.10953699163417896 0 175.0 -0.10953699163417896 1
gene  1 9 13 0.7599258740400061 0 176.0 0.7599258740400061 1
gene  1 8 14 0.18886122962591356 0 189.0 0.18886122962591356 1
gene  1 11 14 0.7999785184843822 0 192.0 0.7999785184843822 1
gene  1 5 8 1.3534139303767048 0 235.0 1.3534139303767048 1
gene  1 1 27 -2.449563703183098 0 241.0 -2.449563703183098 1
gene  1 27 8 -0.0261279756413893 0 242.0 -0.0261279756413893 1
gene  1 9 34 0.7600540315403064 0 272.0 0.7600540315403064 1
gene  1 34 11 -1.2259353503002266 0 273.0 -1.2259353503002266 1
gene  1 5 13 1.6466724191660111 0 277.0 1.6466724191660111 1
gene  1 12 14 1.9618082712868605 0 296.0 1.9618082712868605 1
gene  1 8 40 0.41441642836876846 1 308.0 0.41441642836876846 1
gene  1 40 8 -0.29236835080177853 0 309.0 -0.29236835080177853 1
genomeend 17
genomestart  18
trait 1 0.8225567813410785 1.2140246672840036 0.017847300436599545 0.49951333318806035 0.21540318275722303 0.9742749841765682 0.16709809669901776 0.20144182840303793 
node 1 1 1 1
node 2 1 1 1
node 3 1 1 1
node 4 1 1 1
node 5 1 1 1
node 6 1 1 1
node 7 1 1 3
node 8 1 0 0
node 9 1 0 0
node 10 1 0 0
node 11 1 0 0
node 12 1 0 0
node 13 1 0 2
node 14 1 0 2
node 27 1 0 0
node 34 1 0 0
node 40 1 0 0
gene  1 1 8 0.7054368975205972 0 98.0 0.7054368975205972 1
gene  1 3 8 -0.2481901348243789 0 100.0 -0.2481901348243789 1
gene  1 4 8 3.083162833892069 0 101.0 3.083162833892069 1
gene  1 6 8 1.9630692867161976 0 103.0 1.9630692867161976 1
gene  1 8 8 2.071105214592725 1 105.0 2.071105214592725 1
gene  1 10 8 -2.3816799496080474 1 107.0 -2.3816799496080474 1
gene  1 3 9 0.25367777878169934 0 114.0 0.25367777878169934 1
gene  1 6 9 2.695032849527355 0 117.0 2.695032849527355 1
gene  1 8 9 -1.2213561421448889 0 119.0 -1.2213561421448889 1
gene  1 10 9 5.783403999182264 1 121.0 5.783403999182264 1
gene  1 11 9 -3.6815127104620493 1 122.0 -3.6815127104620493 1
gene  1 13 9 0.7513301354659749 1 124.0 0.7513301354659749 1
gene  1 14 9 -2.2541651286580575 1 125.0 -2.2541651286580575 1
gene  1 1 10 0.16098519803077105 0 126.0 0.16098519803077105 1
gene  1 3 10 2.876712282856909 0 128.0 2.876712282856909 1
gene  1 4 10 0.115340380642591 0 129.0 0.115340380642591 1
gene  1 5 10 2.0210216695198495 0 130.0 2.0210216695198495 1
gene  1 9 10 6.224871706987878 0 134.0 6.224871706987878 1
gene  1 13 10 1.9746206902155714 1 138.0 1.9746206902155714 1
gene  1 1 11 -0.12907825077755775 0 140.0 -0.12907825077755775 1
gene  1 3 11 3.8004069857381997 0 142.0 3.8004069857381997 1
gene  1 5 11 -0.18283758203662598 0 144.0 -0.18283758203662598 1
gene  1 9 11 0.8607362561641272 0 148.0 0.8607362561641272 1
gene  1 10 11 -7.808059732196495 0 149.0 -7.808059732196495 1
gene  1 12 11 -4.307858095380489 1 151.0 -4.307858095380489 1
gene  1 14 11 1.7844104144474429 1 153.0 1.7844104144474429 1
gene  1 2 12 -3.7893010473538213 0 155.0 -3.7893010473538213 1
gene  1 4 12 -0.6042843702602858 0 157.0 -0.6042843702602858 1
gene  1 6 12 1.6852062432599446 0 159.0 1.6852062432599446 1
gene  1 7 12 -0.5720789983700656 0 160.0 -0.5720789983700656 1
gene  1 9 12 -0.4020900655969859 0 162.0 -0.4020900655969859 1
gene  1 10 12 0.47690578212288337 0 163.0 0.47690578212288337 1
gene  1 12 12 -1.453632440366648 1 165.0 -1.453632440366648 1
gene  1 14 12 -0.3125301391752125 1 167.0 -0.3125301391752125 1
gene  1 1 13 -2.665081904789334 0 168.0 -2.665081904789334 1
gene  1 3 13 -5.938303764061452 0 170.0 -5.938303764061452 1
gene  1 4 13 -0.6145437752760489 0 171.0 -0.6145437752760489 1
gene  1 6 13 3.6277026120607494 0 173.0 3.6277026120607494 1
gene  1 8 13 -1.8631442057447034 0 175.0 -1.8631442057447034 1
gene  1 9 13 1.3997554635102154 0 176.0 1.3997554635102154 1
gene  1 8 14 -3.344540499106569 0 189.0 -3.344540499106569 1
gene  1 11 14 -0.1617347866563279 0 192.0 -0.1617347866563279 1
gene  1 5 8 -1.7906413461595103 0 235.0 -1.7906413461595103 1
gene  1 1 27 1.1468899715660212 0 241.0 1.1468899715660212 1
gene  1 27 8 -5.110321779646802 0 242.0 -5.110321779646802 1
gene  1 9 34 2.007547066292548 0 272.0 2.007547066292548 1
gene  1 34 11 -1.8558618088953045 0 273.0 -1.8558618088953045 1
gene  1 5 13 0.5983153744082257 0 277.0 0.5983153744082257 1
gene  1 12 14 -0.8006104488860899 0 296.0 -0.8006104488860899 1
gene  1 8 40 -0.06578585735797143 1 308.0 -0.06578585735797143 1
gene  1 40 8 -9.685213298326573 0 309.0 -9.685213298326573 1
genomeend 18
genomestart  19
trait 1 0.8225567813410785 1.2140246672840036 0.7816155317589891 0.49951333318806035 0.760472394127403 0.9742749841765682 0.16709809669901776 0.20144182840303793 
node 1 1 1 1
node 2 1 1 1
node 3 1 1 1
node 4 1 1 1
node 5 1 1 1
node 6 1 1 1
node 7 1 1 3
node 8 1 0 0
node 9 1 0 0
node 10 1 0 0
node 11 1 0 0
node 12 1 0 0
node 13 1 0 2
node 14 1 0 2
node 27 1 0 0
node 34 1 0 0
node 40 1 0 0
gene  1 1 8 1.4166454582065109 0 98.0 1.4166454582065109 1
gene  1 3 8 -0.2481901348243789 0 100.0 -0.2481901348243789 1
gene  1 4 8 2.6711941219900592 0 101.0 2.6711941219900592 1
gene  1 6 8 -0.03546244294876266 0 103.0 -0.03546244294876266 1
gene  1 8 8 1.2850262272218937 1 105.0 1.2850262272218937 1
gene  1 10 8 -1.8577757739055647 1 107.0 -1.8577757739055647 1
gene  1 3 9 0.5484728491749813 0 114.0 0.5484728491749813 1
gene  1 6 9 2.695032849527355 0 117.0 2.695032849527355 1
gene  1 8 9 0.062391742701160435 0 119.0 0.062391742701160435 1
gene  1 10 9 3.5956290408645653 1 121.0 3.5956290408645653 1
gene  1 11 9 -4.0881916028160115 1 122.0 -4.0881916028160115 1
gene  1 13 9 0.10419861268490122 1 124.0 0.10419861268490122 1
gene  1 14 9 -3.1685643907144256 1 125.0 -3.1685643907144256 1
gene  1 1 10 0.16098519803077105 0 126.0 0.16098519803077105 1
gene  1 3 10 3.9596948515451986 0 128.0 3.9596948515451986 1
gene  1 4 10 -1.7975564981028884 0 129.0 -1.7975564981028884 1
gene  1 5 10 0.8231438517479304 0 130.0 0.8231438517479304 1
gene  1 9 10 7.494935896232477 0 134.0 7.494935896232477 1
gene  1 13 10 4.802574258775766 1 138.0 4.802574258775766 1
gene  1 1 11 -0.20103488269045666 0 140.0 -0.20103488269045666 1
gene  1 3 11 1.8033208669836136 0 142.0 1.8033208669836136 1
gene  1 5 11 -0.22961753364474635 0 144.0 -0.22961753364474635 1
gene  1 9 11 0.5147157430617638 0 148.0 0.5147157430617638 1
gene  1 10 11 -7.758187047358935 0 149.0 -7.758187047358935 1
gene  1 12 11 -4.893289313206636 1 151.0 -4.893289313206636 1
gene  1 14 11 1.7385794222427744 1 153.0 1.7385794222427744 1
gene  1 2 12 -1.7595699037696038 0 155.0 -1.7595699037696038 1
gene  1 4 12 -0.15387390130679623 0 157.0 -0.15387390130679623 1
gene  1 6 12 1.1075359027633747 0 159.0 1.1075359027633747 1
gene  1 7 12 0.14146509702319315 0 160.0 0.14146509702319315 1
gene  1 9 12 1.0179972328129618 0 162.0 1.0179972328129618 1
gene  1 10 12 0.47690578212288337 0 163.0 0.47690578212288337 1
gene  1 12 12 -2.4478879230665687 1 165.0 -2.4478879230665687 1
gene  1 14 12 1.5915781539850442 1 167.0 1.5915781539850442 1
gene  1 1 13 -0.18652780760796894 0 168.0 -0.18652780760796894 1
gene  1 3 13 -7.478607197837672 0 170.0 -7.478607197837672 1
gene  1 4 13 -0.4699447138694677 0 171.0 -0.4699447138694677 1
gene  1 6 13 3.832747624456546 0 173.0 3.832747624456546 1
gene  1 8 13 0.5552199537677402 0 175.0 0.5552199537677402 1
gene  1 9 13 -1.5746639138701695 0 176.0 -1.5746639138701695 1
gene  1 8 14 -1.7587559484310122 0 189.0 -1.7587559484310122 1
gene  1 11 14 -1.53985646814976 0 192.0 -1.53985646814976 1
gene  1 5 8 -0.7719174033417336 0 235.0 -0.7719174033417336 1
gene  1 1 27 -1.4756438417350126 0 241.0 -1.4756438417350126 1
gene  1 27 8 -4.659008908810073 0 242.0 -4.659008908810073 1
gene  1 9 34 2.007547066292548 0 272.0 2.007547066292548 1
gene  1 34 11 -1.2259353503002266 0 273.0 -1.2259353503002266 1
gene  1 5 13 1.900507185271544 0 277.0 1.900507185271544 1
gene  1 12 14 0.8672723316226003 0 296.0 0.8672723316226003 1
gene  1 8 40 0.32218438797675886 1 308.0 0.32218438797675886 1
gene  1 40 8 -8.191505864095946 0 309.0 -8.191505864095946 1
gene  1 4 40 -7.058845083914785 0 340.0 -7.058845083914785 1
genomeend 19
