genomestart  0
trait 1 0.41748325347628956 0.0 2.208214576245032 0.9356795554063843 2.683628095808866 1.1900007576846718 0.9033628802953145 2.2893903709600805 
node 1 1 1 1
node 2 1 1 1
node 3 1 1 1
node 4 1 1 1
node 5 1 1 1
node 6 1 1 1
node 7 1 1 3
node 13 1 0 2
node 14 1 0 2
node 24 1 0 0
node 36 1 0 0
node 65 1 0 0
gene  1 2 13 2.453340471263034 0 169.0 2.453340471263034 1
gene  1 3 13 0.6483551896299828 0 170.0 0.6483551896299828 1
gene  1 4 13 -1.1244876863144557 0 171.0 -1.1244876863144557 1
gene  1 6 13 -4.422381001605732 0 173.0 -4.422381001605732 1
gene  1 7 13 -1.7776157349446013 0 174.0 -1.7776157349446013 1
gene  1 13 13 14.477499887417459 1 180.0 14.477499887417459 1
gene  1 1 14 6.875946076217526 0 182.0 6.875946076217526 1
gene  1 2 14 3.8191472521645107 0 183.0 3.8191472521645107 1
gene  1 5 14 3.1260541116039318 0 186.0 3.1260541116039318 1
gene  1 6 14 -2.029615288021194 0 187.0 -2.029615288021194 1
gene  1 7 14 9.720475336091923 0 188.0 9.720475336091923 1
gene  1 13 14 2.2255429990158393 0 194.0 2.2255429990158393 1
gene  1 14 14 -0.541809724326733 1 195.0 -0.541809724326733 1
gene  1 2 24 0.9633804813965123 0 226.0 0.9633804813965123 1
gene  1 24 13 -1.9525513290110776 0 227.0 -1.9525513290110776 1
gene  1 7 24 -2.9185340474049313 0 245.0 -2.9185340474049313 1
gene  1 1 24 -0.8544532978733874 0 249.0 -0.8544532978733874 1
gene  1 4 14 -0.5033082762884264 0 280.0 -0.5033082762884264 1
gene  1 4 36 2.5922658055783616 0 293.0 2.5922658055783616 1
gene  1 36 14 0.9819696482600637 0 294.0 0.9819696482600637 1
gene  1 7 36 -5.613671543965694 0 301.0 -5.613671543965694 1
gene  1 3 36 0.42583422017573347 0 313.0 0.42583422017573347 1
gene  1 24 36 -5.046209808542271 0 345.0 -5.046209808542271 1
gene  1 5 13 -1.0098850595195126 0 374.0 -1.0098850595195126 1
gene  1 2 65 -1.7259074992967194 0 446.0 -1.7259074992967194 1
gene  1 65 13 0.954578350336849 0 447.0 0.954578350336849 1
gene  1 13 36 4.75368122784254 0 451.0 4.75368122784254 1
gene  1 65 36 -0.7417181615485897 0 457.0 -0.7417181615485897 1
gene  1 1 13 1.7649879534364568 0 480.0 1.7649879534364568 1
genomeend 0
genomestart  1
trait 1 0.41748325347628956 0.0 2.208214576245032 0.9356795554063843 2.683628095808866 1.1900007576846718 0.9033628802953145 2.2893903709600805 
node 1 1 1 1
node 2 1 1 1
node 3 1 1 1
node 4 1 1 1
node 5 1 1 1
node 6 1 1 1
node 7 1 1 3
node 13 1 0 2
node 14 1 0 2
node 24 1 0 0
node 36 1 0 0
node 65 1 0 0
gene  1 2 13 3.628127145467998 0 169.0 3.628127145467998 1
gene  1 3 13 1.7631365146935352 0 170.0 1.7631365146935352 1
gene  1 4 13 0.48366180698187566 0 171.0 0.48366180698187566 1
gene  1 6 13 -3.7514070495050635 0 173.0 -3.7514070495050635 1
gene  1 7 13 -2.2762331961504874 0 174.0 -2.2762331961504874 1
gene  1 13 13 12.495645394012092 1 180.0 12.495645394012092 1
gene  1 1 14 7.358025881158202 0 182.0 7.358025881158202 1
gene  1 2 14 1.6159494210354985 0 183.0 1.6159494210354985 1
gene  1 5 14 3.3161729948761978 0 186.0 3.3161729948761978 1
gene  1 6 14 -1.6706072592011743 0 187.0 -1.6706072592011743 1
gene  1 7 14 8.141174946336523 0 188.0 8.141174946336523 1
gene  1 13 14 -2.2001326942788237 0 194.0 -2.2001326942788237 1
gene  1 14 14 -11.35889276879333 1 195.0 -11.35889276879333 1
gene  1 2 24 2.4352897816255847 0 226.0 2.4352897816255847 1
gene  1 24 13 -4.291173729644941 0 227.0 -4.291173729644941 1
gene  1 7 24 -4.650013832390021 0 245.0 -4.650013832390021 1
gene  1 1 24 0.2428832997186816 0 249.0 0.2428832997186816 1
gene  1 4 14 -0.32592069820574004 0 280.0 -0.32592069820574004 1
gene  1 4 36 0.7220686480504696 0 293.0 0.7220686480504696 1
gene  1 36 14 2.7402490289175043 0 294.0 2.7402490289175043 1
gene  1 7 36 -4.761892497820421 0 301.0 -4.761892497820421 1
gene  1 3 36 1.161560244220778 0 313.0 1.161560244220778 1
gene  1 24 36 -2.896396437111499 0 345.0 -2.896396437111499 1
gene  1 5 13 -0.2363078446501703 0 374.0 -0.2363078446501703 1
gene  1 2 65 -0.6694960434703914 0 446.0 -0.6694960434703914 1
gene  1 65 13 0.7710070917702236 0 447.0 0.7710070917702236 1
gene  1 13 36 4.446029589908466 0 451.0 4.446029589908466 1
gene  1 65 36 -0.7465408472137689 0 457.0 -0.7465408472137689 1
gene  1 1 13 -0.3173655611322712 0 480.0 -0.3173655611322712 1
genomeend 1
genomestart  2
trait 1 0.6976195114279153 1.0183974033860637 1.525841438364794 0.8745625712070293 0.6913884351968694 0.0 0.8394976201725546 0.0 
node 1 1 1 1
node 2 1 1 1
node 3 1 1 1
node 4 1 1 1
node 5 1 1 1
node 6 1 1 1
node 7 1 1 3
node 8 1 0 0
node 9 1 0 0
node 10 1 0 0
node 11 1 0 0
node 13 1 0 2
node 14 1 0 2
node 62 1 0 0
node 81 1 0 0
gene  1 2 8 1.1739982562401539 0 99.0 1.1739982562401539 1
gene  1 6 8 -4.477980485069568 0 103.0 -4.477980485069568 1
gene  1 8 8 -2.198532183798418 1 105.0 -2.198532183798418 1
gene  1 9 8 1.3516176514298122 1 106.0 1.3516176514298122 1
gene  1 10 8 -3.1143018890343104 1 107.0 -3.1143018890343104 1
gene  1 11 8 3.047421635390965 1 108.0 3.047421635390965 1
gene  1 13 8 2.7051756826538207 1 110.0 2.7051756826538207 1
gene  1 14 8 -4.710823405604459 1 111.0 -4.710823405604459 1
gene  1 1 9 -3.1814097392191094 0 112.0 -3.1814097392191094 1
gene  1 2 9 1.603135990524204 0 113.0 1.603135990524204 1
gene  1 3 9 3.6853292375366418 0 114.0 3.6853292375366418 1
gene  1 6 9 1.8014599596338146 0 117.0 1.8014599596338146 1
gene  1 7 9 -0.13796663589212588 0 118.0 -0.13796663589212588 1
gene  1 8 9 -0.25102637262187066 0 119.0 -0.25102637262187066 1
gene  1 9 9 1.3626862024062099 1 120.0 1.3626862024062099 1
gene  1 11 9 -2.466003843248647 1 122.0 -2.466003843248647 1
gene  1 13 9 1.8566713981473022 1 124.0 1.8566713981473022 1
gene  1 14 9 0.9855986408385631 1 125.0 0.9855986408385631 1
gene  1 1 10 0.010823309800444547 0 126.0 0.010823309800444547 1
gene  1 3 10 3.932927338746746 0 128.0 3.932927338746746 1
gene  1 4 10 0.42501560885620415 0 129.0 0.42501560885620415 1
gene  1 5 10 0.42021152367383996 0 130.0 0.42021152367383996 1
gene  1 6 10 1.1977761606554496 0 131.0 1.1977761606554496 1
gene  1 10 10 3.312248946364581 1 135.0 3.312248946364581 1
gene  1 11 10 -0.22551007551108976 1 136.0 -0.22551007551108976 1
gene  1 14 10 -1.1161026910369396 1 139.0 -1.1161026910369396 1
gene  1 1 11 0.4671918396963546 0 140.0 0.4671918396963546 1
gene  1 3 11 0.1958683526062608 0 142.0 0.1958683526062608 1
gene  1 5 11 -5.117874048030441 0 144.0 -5.117874048030441 1
gene  1 6 11 -0.03359463310956545 0 145.0 -0.03359463310956545 1
gene  1 7 11 -1.241149403851781 0 146.0 -1.241149403851781 1
gene  1 8 11 -3.620131873180116 0 147.0 -3.620131873180116 1
gene  1 9 11 -5.979447546338606 0 148.0 -5.979447546338606 1
gene  1 10 11 1.028639774213904 0 149.0 1.028639774213904 1
gene  1 11 11 0.3390915736642419 1 150.0 0.3390915736642419 1
gene  1 1 13 -0.021471038918792484 0 168.0 -0.021471038918792484 1
gene  1 2 13 -0.808865786553346 0 169.0 -0.808865786553346 1
gene  1 3 13 -1.4325044041565904 0 170.0 -1.4325044041565904 1
gene  1 7 13 2.710199655659862 0 174.0 2.710199655659862 1
gene  1 11 13 1.7203453289157769 0 178.0 1.7203453289157769 1
gene  1 13 13 1.233035304380041 1 180.0 1.233035304380041 1
gene  1 2 14 -2.2753680778249947 0 183.0 -2.2753680778249947 1
gene  1 3 14 5.334612907569149 0 184.0 5.334612907569149 1
gene  1 4 14 -0.11523793842571878 0 185.0 -0.11523793842571878 1
gene  1 7 14 -0.14044551727041277 0 188.0 -0.14044551727041277 1
gene  1 8 14 -0.06421949296387952 0 189.0 -0.06421949296387952 1
gene  1 10 14 -3.608952357801018 0 191.0 -3.608952357801018 1
gene  1 13 14 9.922763202164766 0 194.0 9.922763202164766 1
gene  1 5 13 5.112594688337692 0 198.0 5.112594688337692 1
gene  1 4 9 0.7600715372387781 0 200.0 0.7600715372387781 1
gene  1 8 13 2.3374629994801484 0 248.0 2.3374629994801484 1
gene  1 7 10 1.7531679765275006 0 270.0 1.7531679765275006 1
gene  1 9 10 3.978480887409929 0 274.0 3.978480887409929 1
gene  1 9 13 -2.407036088846163 0 288.0 -2.407036088846163 1
gene  1 5 14 -4.0282800411169175 0 328.0 -4.0282800411169175 1
gene  1 2 10 -0.9613421988417228 0 357.0 -0.9613421988417228 1
gene  1 6 14 1.3573262117635663 0 388.0 1.3573262117635663 1
gene  1 3 62 0.3951729489991279 0 411.0 0.3951729489991279 1
gene  1 62 9 -1.498071025690347 0 412.0 -1.498071025690347 1
gene  1 5 8 2.0975497486666854 0 414.0 2.0975497486666854 1
gene  1 7 8 1.6151769403578058 0 436.0 1.6151769403578058 1
gene  1 11 81 2.3803363899870766 1 496.0 2.3803363899870766 1
gene  1 81 11 0.14979664465481046 0 497.0 0.14979664465481046 1
genomeend 2
genomestart  3
trait 1 0.6976195114279153 1.0183974033860637 1.525841438364794 0.8745625712070293 0.6913884351968694 0.0 0.8394976201725546 0.0 
node 1 1 1 1
node 2 1 1 1
node 3 1 1 1
node 4 1 1 1
node 5 1 1 1
node 6 1 1 1
node 7 1 1 3
node 8 1 0 0
node 9 1 0 0
node 10 1 0 0
node 11 1 0 0
node 13 1 0 2
node 14 1 0 2
node 62 1 0 0
node 81 1 0 0
gene  1 2 8 -0.9355345019138857 0 99.0 -0.9355345019138857 1
gene  1 6 8 -3.389688519677752 0 103.0 -3.389688519677752 1
gene  1 8 8 -3.9566032734058734 1 105.0 -3.9566032734058734 1
gene  1 9 8 1.5347707666956243 1 106.0 1.5347707666956243 1
gene  1 10 8 1.1890543838608636 1 107.0 1.1890543838608636 1
gene  1 11 8 1.0387092651627223 1 108.0 1.0387092651627223 1
gene  1 13 8 3.0595212156917957 1 110.0 3.0595212156917957 1
gene  1 14 8 -3.9849748786070474 1 111.0 -3.9849748786070474 1
gene  1 1 9 -0.855558863157949 0 112.0 -0.855558863157949 1
gene  1 2 9 1.0777227378044971 0 113.0 1.0777227378044971 1
gene  1 3 9 3.829683176331307 0 114.0 3.829683176331307 1
gene  1 6 9 0.9227834662394874 0 117.0 0.9227834662394874 1
gene  1 7 9 0.5672284905806768 0 118.0 0.5672284905806768 1
gene  1 8 9 0.5631861953614581 0 119.0 0.5631861953614581 1
gene  1 9 9 1.2038082443124252 1 120.0 1.2038082443124252 1
gene  1 11 9 2.3469851569683677 1 122.0 2.3469851569683677 1
gene  1 13 9 1.1038474318408018 1 124.0 1.1038474318408018 1
gene  1 14 9 1.8045926325441706 1 125.0 1.8045926325441706 1
gene  1 1 10 -1.5525563245433265 0 126.0 -1.5525563245433265 1
gene  1 3 10 3.3232979703257035 0 128.0 3.3232979703257035 1
gene  1 4 10 1.494462796301983 0 129.0 1.494462796301983 1
gene  1 5 10 -1.3663290169030466 0 130.0 -1.3663290169030466 1
gene  1 6 10 0.5936375562312499 0 131.0 0.5936375562312499 1
gene  1 10 10 6.020807120258846 1 135.0 6.020807120258846 1
gene  1 11 10 -3.638073932329477 1 136.0 -3.638073932329477 1
gene  1 14 10 0.5026696834538371 1 139.0 0.5026696834538371 1
gene  1 1 11 -3.2608823575363184 0 140.0 -3.2608823575363184 1
gene  1 3 11 0.8928681755880841 0 142.0 0.8928681755880841 1
gene  1 5 11 -4.910913929499921 0 144.0 -4.910913929499921 1
gene  1 6 11 7.0964760082204705 0 145.0 7.0964760082204705 1
gene  1 7 11 -1.6308822881323404 0 146.0 -1.6308822881323404 1
gene  1 8 11 -3.620131873180116 0 147.0 -3.620131873180116 1
gene  1 9 11 -1.0412294053572337 0 148.0 -1.0412294053572337 1
gene  1 10 11 -0.7726878930815875 0 149.0 -0.7726878930815875 1
gene  1 11 11 -1.4653944484615848 1 150.0 -1.4653944484615848 1
gene  1 1 13 -2.1941838263693603 0 168.0 -2.1941838263693603 1
gene  1 2 13 -1.5161571547349637 0 169.0 -1.5161571547349637 1
gene  1 3 13 1.775782765125214 0 170.0 1.775782765125214 1
gene  1 7 13 2.710199655659862 0 174.0 2.710199655659862 1
gene  1 11 13 -0.6018220126425672 0 178.0 -0.6018220126425672 1
gene  1 13 13 2.021132432765679 1 180.0 2.021132432765679 1
gene  1 2 14 0.16885575987946017 0 183.0 0.16885575987946017 1
gene  1 3 14 2.194845366047649 0 184.0 2.194845366047649 1
gene  1 4 14 -0.6441267256325105 0 185.0 -0.6441267256325105 1
gene  1 7 14 0.5273563650709707 0 188.0 0.5273563650709707 1
gene  1 8 14 0.13895562815291918 0 189.0 0.13895562815291918 1
gene  1 10 14 -3.7232117720687565 0 191.0 -3.7232117720687565 1
gene  1 13 14 -0.7116779993259428 0 194.0 -0.7116779993259428 1
gene  1 5 13 0.773670731811831 0 198.0 0.773670731811831 1
gene  1 4 9 0.09618194600503255 0 200.0 0.09618194600503255 1
gene  1 8 13 -2.438520723960906 0 248.0 -2.438520723960906 1
gene  1 7 10 -2.171862930953793 0 270.0 -2.171862930953793 1
gene  1 9 10 4.505461765205672 0 274.0 4.505461765205672 1
gene  1 9 13 1.373182991396185 0 288.0 1.373182991396185 1
gene  1 5 14 -4.0282800411169175 0 328.0 -4.0282800411169175 1
gene  1 2 10 -2.1206753682997492 0 357.0 -2.1206753682997492 1
gene  1 6 14 0.7744419347225253 0 388.0 0.7744419347225253 1
gene  1 3 62 2.309754415531042 0 411.0 2.309754415531042 1
gene  1 62 9 -2.1309549563305876 0 412.0 -2.1309549563305876 1
gene  1 5 8 0.05868027742902404 0 414.0 0.05868027742902404 1
gene  1 7 8 0.8056401539981952 0 436.0 0.8056401539981952 1
gene  1 11 81 -1.5595886095787106 1 496.0 -1.5595886095787106 1
gene  1 81 11 -3.12322230922852 0 497.0 -3.12322230922852 1
genomeend 3
genomestart  4
trait 1 1.7878230492365366 0.9365906229773271 0.0 0.0 1.7799059348361965 1.2636555841906816 0.0 0.48682907384645435 
node 1 1 1 1
node 2 1 1 1
node 3 1 1 1
node 4 1 1 1
node 5 1 1 1
node 6 1 1 1
node 7 1 1 3
node 8 1 0 0
node 13 1 0 2
node 14 1 0 2
node 16 1 0 0
node 20 1 0 0
node 50 1 0 0
node 55 1 0 0
node 70 1 0 0
gene  1 1 8 4.161456081225784 0 98.0 4.161456081225784 1
gene  1 2 8 -0.7268961785279016 0 99.0 -0.7268961785279016 1
gene  1 3 8 -7.48752674565076 0 100.0 -7.48752674565076 1
gene  1 4 8 -0.8527295987840132 0 101.0 -0.8527295987840132 1
gene  1 5 8 11.063162641811498 0 102.0 11.063162641811498 1
gene  1 6 8 3.763383444450085 0 103.0 3.763383444450085 1
gene  1 8 8 4.974542008860353 1 105.0 4.974542008860353 1
gene  1 13 8 1.1834027968487555 1 110.0 1.1834027968487555 1
gene  1 14 8 -5.5080788126667635 1 111.0 -5.5080788126667635 1
gene  1 3 13 -11.823129256146238 0 170.0 -11.823129256146238 1
gene  1 5 13 0.23275062427110194 0 172.0 0.23275062427110194 1
gene  1 7 13 3.080622827922628 0 174.0 3.080622827922628 1
gene  1 13 13 2.1783301132838853 1 180.0 2.1783301132838853 1
gene  1 2 14 -3.389428907727291 0 183.0 -3.389428907727291 1
gene  1 4 14 -8.76344135038221 0 185.0 -8.76344135038221 1
gene  1 6 14 -1.8323978602281348 0 187.0 -1.8323978602281348 1
gene  1 8 14 1.2092491501911933 0 189.0 1.2092491501911933 1
gene  1 13 14 -2.4400331197659737 0 194.0 -2.4400331197659737 1
gene  1 13 16 -0.9622605147238527 0 201.0 -0.9622605147238527 1
gene  1 16 14 -2.834845860831736 0 202.0 -2.834845860831736 1
gene  1 3 20 0.6552986580482416 0 215.0 0.6552986580482416 1
gene  1 20 8 -6.9268622874817085 0 216.0 -6.9268622874817085 1
gene  1 8 13 0.6079352026491701 0 233.0 0.6079352026491701 1
gene  1 2 16 7.504762338354961 0 324.0 7.504762338354961 1
gene  1 2 20 10.581343048675897 0 333.0 10.581343048675897 1
gene  1 7 8 -0.7301437348432158 0 352.0 -0.7301437348432158 1
gene  1 16 50 -3.618770534144116 0 364.0 -3.618770534144116 1
gene  1 50 14 -4.298464791949989 0 365.0 -4.298464791949989 1
gene  1 3 55 1.2338827065495153 0 379.0 1.2338827065495153 1
gene  1 55 20 6.100563125030925 0 380.0 6.100563125030925 1
gene  1 3 70 -0.9950454768598813 0 461.0 -0.9950454768598813 1
gene  1 70 13 -9.383944240311653 0 462.0 -9.383944240311653 1
gene  1 6 16 -10.640279777423725 0 484.0 -10.640279777423725 1
gene  1 70 20 8.04260431043317 0 498.0 8.04260431043317 1
gene  1 5 20 -8.860029669812784 0 505.0 -8.860029669812784 1
genomeend 4
genomestart  5
trait 1 1.7878230492365366 0.9365906229773271 0.0 0.0 1.7799059348361965 1.2636555841906816 0.0 0.48682907384645435 
node 1 1 1 1
node 2 1 1 1
node 3 1 1 1
node 4 1 1 1
node 5 1 1 1
node 6 1 1 1
node 7 1 1 3
node 8 1 0 0
node 13 1 0 2
node 14 1 0 2
node 16 1 0 0
node 20 1 0 0
node 50 1 0 0
node 55 1 0 0
node 70 1 0 0
gene  1 1 8 4.161456081225784 0 98.0 4.161456081225784 1
gene  1 2 8 -0.7268961785279016 0 99.0 -0.7268961785279016 1
gene  1 3 8 -7.48752674565076 0 100.0 -7.48752674565076 1
gene  1 4 8 -0.8527295987840132 0 101.0 -0.8527295987840132 1
gene  1 5 8 11.063162641811498 0 102.0 11.063162641811498 1
gene  1 6 8 3.763383444450085 0 103.0 3.763383444450085 1
gene  1 8 8 4.974542008860353 1 105.0 4.974542008860353 1
gene  1 13 8 1.1834027968487555 1 110.0 1.1834027968487555 1
gene  1 14 8 -5.5080788126667635 1 111.0 -5.5080788126667635 1
gene  1 3 13 -11.823129256146238 0 170.0 -11.823129256146238 1
gene  1 5 13 0.23275062427110194 0 172.0 0.23275062427110194 1
gene  1 7 13 3.080622827922628 0 174.0 3.080622827922628 1
gene  1 13 13 2.1783301132838853 1 180.0 2.1783301132838853 1
gene  1 2 14 -3.389428907727291 0 183.0 -3.389428907727291 1
gene  1 4 14 -8.76344135038221 0 185.0 -8.76344135038221 1
gene  1 6 14 -1.8323978602281348 0 187.0 -1.8323978602281348 1
gene  1 8 14 1.2092491501911933 0 189.0 1.2092491501911933 1
gene  1 13 14 -2.4400331197659737 0 194.0 -2.4400331197659737 1
gene  1 13 16 -0.9622605147238527 0 201.0 -0.9622605147238527 1
gene  1 16 14 -2.834845860831736 0 202.0 -2.834845860831736 1
gene  1 3 20 0.6552986580482416 0 215.0 0.6552986580482416 1
gene  1 20 8 -6.9268622874817085 0 216.0 -6.9268622874817085 1
gene  1 8 13 0.6079352026491701 0 233.0 0.6079352026491701 1
gene  1 2 16 7.504762338354961 0 324.0 7.504762338354961 1
gene  1 2 20 10.581343048675897 0 333.0 10.581343048675897 1
gene  1 7 8 -0.7301437348432158 0 352.0 -0.7301437348432158 1
gene  1 16 50 -3.618770534144116 0 364.0 -3.618770534144116 1
gene  1 50 14 -4.298464791949989 0 365.0 -4.298464791949989 1
gene  1 3 55 1.2338827065495153 0 379.0 1.2338827065495153 1
gene  1 55 20 6.100563125030925 0 380.0 6.100563125030925 1
gene  1 3 70 -0.9950454768598813 0 461.0 -0.9950454768598813 1
gene  1 70 13 -9.383944240311653 0 462.0 -9.383944240311653 1
gene  1 6 16 -10.640279777423725 0 484.0 -10.640279777423725 1
gene  1 70 20 8.04260431043317 0 498.0 8.04260431043317 1
genomeend 5
genomestart  6
trait 1 0.0 0.2763675853393155 0.875982788337901 0.7948206016704883 0.358711806223011 0.9714201015196656 0.0 0.6764016660929384 
node 1 1 1 1
node 2 1 1 1
node 3 1 1 1
node 4 1 1 1
node 5 1 1 1
node 6 1 1 1
node 7 1 1 3
node 8 1 0 0
node 9 1 0 0
node 10 1 0 0
node 13 1 0 2
node 14 1 0 2
node 21 1 0 0
node 29 1 0 0
node 52 1 0 0
node 53 1 0 0
node 64 1 0 0
gene  1 1 8 -15.113242814063804 0 98.0 -15.113242814063804 1
gene  1 3 8 -2.297010284136152 0 100.0 -2.297010284136152 1
gene  1 5 8 1.5528993564091718 0 102.0 1.5528993564091718 1
gene  1 6 8 3.5386050286798207 0 103.0 3.5386050286798207 1
gene  1 8 8 0.7154074283504386 1 105.0 0.7154074283504386 1
gene  1 1 9 -0.07370668987130546 0 112.0 -0.07370668987130546 1
gene  1 2 9 -1.0128022152390193 0 113.0 -1.0128022152390193 1
gene  1 3 9 3.095653785210945 0 114.0 3.095653785210945 1
gene  1 5 9 0.7575819070018754 0 116.0 0.7575819070018754 1
gene  1 7 9 -5.690557654853689 0 118.0 -5.690557654853689 1
gene  1 9 9 0.6555763317734677 1 120.0 0.6555763317734677 1
gene  1 10 9 2.2326427349733615 1 121.0 2.2326427349733615 1
gene  1 13 9 3.341496259301411 1 124.0 3.341496259301411 1
gene  1 2 10 -0.822111465695279 0 127.0 -0.822111465695279 1
gene  1 4 10 -4.5221367700662025 0 129.0 -4.5221367700662025 1
gene  1 5 10 2.6943170434727075 0 130.0 2.6943170434727075 1
gene  1 8 10 0.21482421289263892 0 133.0 0.21482421289263892 1
gene  1 9 10 2.0053047431673403 0 134.0 2.0053047431673403 1
gene  1 10 10 -0.6165627832203555 1 135.0 -0.6165627832203555 1
gene  1 13 10 -1.6732211732287716 1 138.0 -1.6732211732287716 1
gene  1 14 10 -0.8600441135063033 1 139.0 -0.8600441135063033 1
gene  1 2 13 -5.726046063087971 0 169.0 -5.726046063087971 1
gene  1 3 13 3.5736168856751744 0 170.0 3.5736168856751744 1
gene  1 6 13 -0.28411283046909785 0 173.0 -0.28411283046909785 1
gene  1 7 13 -10.935661316206028 0 174.0 -10.935661316206028 1
gene  1 9 13 6.002314547312852 0 176.0 6.002314547312852 1
gene  1 13 13 0.15530957944318968 1 180.0 0.15530957944318968 1
gene  1 14 13 0.7500612747899913 1 181.0 0.7500612747899913 1
gene  1 1 14 5.866188136390847 0 182.0 5.866188136390847 1
gene  1 3 14 -4.169528924900541 0 184.0 -4.169528924900541 1
gene  1 9 14 0.4808892687869896 0 190.0 0.4808892687869896 1
gene  1 10 14 -0.1376320858639185 0 191.0 -0.1376320858639185 1
gene  1 1 21 -10.03724417136423 0 218.0 -10.03724417136423 1
gene  1 21 8 1.7896962849290432 0 219.0 1.7896962849290432 1
gene  1 3 10 3.2426892545114416 0 223.0 3.2426892545114416 1
gene  1 6 29 -1.437608846026704 0 259.0 -1.437608846026704 1
gene  1 29 8 -3.1015537442084793 0 260.0 -3.1015537442084793 1
gene  1 29 21 4.418683039900628 0 271.0 4.418683039900628 1
gene  1 3 21 1.4783786120879667 0 300.0 1.4783786120879667 1
gene  1 9 52 0.6854081102240314 0 368.0 0.6854081102240314 1
gene  1 52 14 1.435667016345118 0 369.0 1.435667016345118 1
gene  1 1 53 0.5155292136127595 0 372.0 0.5155292136127595 1
gene  1 53 21 -1.968261285839728 0 373.0 -1.968261285839728 0
gene  1 2 52 -1.6319813809385693 0 425.0 -1.6319813809385693 1
gene  1 53 64 4.9755315583523 0 443.0 4.9755315583523 1
gene  1 64 21 -0.35521285718289725 0 444.0 -0.35521285718289725 1
genomeend 6
genomestart  7
trait 1 0.0 0.2763675853393155 0.875982788337901 0.7948206016704883 0.358711806223011 0.9714201015196656 0.0 0.6764016660929384 
node 1 1 1 1
node 2 1 1 1
node 3 1 1 1
node 4 1 1 1
node 5 1 1 1
node 6 1 1 1
node 7 1 1 3
node 8 1 0 0
node 9 1 0 0
node 10 1 0 0
node 13 1 0 2
node 14 1 0 2
node 21 1 0 0
node 29 1 0 0
node 52 1 0 0
node 53 1 0 0
node 64 1 0 0
gene  1 1 8 -14.204250312820667 0 98.0 -14.204250312820667 1
gene  1 3 8 -0.5560387130559217 0 100.0 -0.5560387130559217 1
gene  1 5 8 5.53557960564135 0 102.0 5.53557960564135 1
gene  1 6 8 1.2461721630233449 0 103.0 1.2461721630233449 1
gene  1 8 8 2.771113795719058 1 105.0 2.771113795719058 1
gene  1 1 9 1.6710609202964797 0 112.0 1.6710609202964797 1
gene  1 2 9 -0.7204551935687433 0 113.0 -0.7204551935687433 1
gene  1 3 9 4.941083944296686 0 114.0 4.941083944296686 1
gene  1 5 9 1.701578118403602 0 116.0 1.701578118403602 1
gene  1 7 9 -7.236598296419098 0 118.0 -7.236598296419098 1
gene  1 9 9 2.3759855752168546 1 120.0 2.3759855752168546 1
gene  1 10 9 1.6501354319360322 1 121.0 1.6501354319360322 1
gene  1 13 9 4.0438549029882696 1 124.0 4.0438549029882696 1
gene  1 2 10 -0.8116141862572253 0 127.0 -0.8116141862572253 1
gene  1 4 10 0.4063295684627169 0 129.0 0.4063295684627169 1
gene  1 5 10 3.846936204740983 0 130.0 3.846936204740983 1
gene  1 8 10 2.104694949076505 0 133.0 2.104694949076505 1
gene  1 9 10 2.297076780220057 0 134.0 2.297076780220057 1
gene  1 10 10 -1.8710676262792811 1 135.0 -1.8710676262792811 1
gene  1 13 10 -6.151673351370661 1 138.0 -6.151673351370661 1
gene  1 14 10 1.6713359350647485 1 139.0 1.6713359350647485 1
gene  1 2 13 -1.633984240484522 0 169.0 -1.633984240484522 1
gene  1 3 13 1.9110426445997752 0 170.0 1.9110426445997752 1
gene  1 6 13 -0.33634936491555534 0 173.0 -0.33634936491555534 1
gene  1 7 13 -11.91442595357055 0 174.0 -11.91442595357055 1
gene  1 9 13 3.54675274506131 0 176.0 3.54675274506131 1
gene  1 13 13 -5.564473262468926 1 180.0 -5.564473262468926 1
gene  1 14 13 2.6132659196501455 1 181.0 2.6132659196501455 1
gene  1 1 14 3.7101383785724016 0 182.0 3.7101383785724016 1
gene  1 3 14 -5.510231306671338 0 184.0 -5.510231306671338 1
gene  1 9 14 1.2157555343783908 0 190.0 1.2157555343783908 1
gene  1 10 14 0.7053892169782308 0 191.0 0.7053892169782308 1
gene  1 1 21 -10.951266573453871 0 218.0 -10.951266573453871 1
gene  1 21 8 -1.814654212928614 0 219.0 -1.814654212928614 1
gene  1 3 10 1.8876979578357342 0 223.0 1.8876979578357342 1
gene  1 6 29 -0.7450404870424729 0 259.0 -0.7450404870424729 1
gene  1 29 8 -1.5660764083305034 0 260.0 -1.5660764083305034 1
gene  1 29 21 -0.34073426602658774 0 271.0 -0.34073426602658774 1
gene  1 3 21 1.641396412715421 0 300.0 1.641396412715421 1
gene  1 9 52 1.0321887270169683 0 368.0 1.0321887270169683 1
gene  1 52 14 0.03568196360001186 0 369.0 0.03568196360001186 1
gene  1 1 53 1.237594368421472 0 372.0 1.237594368421472 1
gene  1 53 21 -0.12741481811022332 0 373.0 -0.12741481811022332 0
gene  1 2 52 -5.478356662283577 0 425.0 -5.478356662283577 1
gene  1 53 64 3.289151459133169 0 443.0 3.289151459133169 1
gene  1 64 21 -0.5680722865312013 0 444.0 -0.5680722865312013 1
genomeend 7
genomestart  8
trait 1 0.0 0.2763675853393155 0.875982788337901 0.7948206016704883 0.358711806223011 0.9714201015196656 0.0 0.6764016660929384 
node 1 1 1 1
node 2 1 1 1
node 3 1 1 1
node 4 1 1 1
node 5 1 1 1
node 6 1 1 1
node 7 1 1 3
node 8 1 0 0
node 9 1 0 0
node 10 1 0 0
node 13 1 0 2
node 14 1 0 2
node 21 1 0 0
node 29 1 0 0
node 52 1 0 0
node 53 1 0 0
node 64 1 0 0
gene  1 1 8 -14.791333809909759 0 98.0 -14.791333809909759 1
gene  1 3 8 -2.339920894010108 0 100.0 -2.339920894010108 1
gene  1 5 8 5.410748276482062 0 102.0 5.410748276482062 1
gene  1 6 8 0.11718151097620266 0 103.0 0.11718151097620266 1
gene  1 8 8 4.262194235672576 1 105.0 4.262194235672576 1
gene  1 1 9 2.9054193194731535 0 112.0 2.9054193194731535 1
gene  1 2 9 -0.45078752549449064 0 113.0 -0.45078752549449064 1
gene  1 3 9 2.287268619437165 0 114.0 2.287268619437165 1
gene  1 5 9 3.8570726147910697 0 116.0 3.8570726147910697 1
gene  1 7 9 -5.598436179157018 0 118.0 -5.598436179157018 1
gene  1 9 9 3.925865055781635 1 120.0 3.925865055781635 1
gene  1 10 9 2.3740796799719472 1 121.0 2.3740796799719472 1
gene  1 13 9 5.553043266405158 1 124.0 5.553043266405158 1
gene  1 2 10 -2.158989125455962 0 127.0 -2.158989125455962 1
gene  1 4 10 -4.611979464029368 0 129.0 -4.611979464029368 1
gene  1 5 10 2.698152768511408 0 130.0 2.698152768511408 1
gene  1 8 10 2.566852528474198 0 133.0 2.566852528474198 1
gene  1 9 10 1.0389614825915392 0 134.0 1.0389614825915392 1
gene  1 10 10 -3.557868570148348 1 135.0 -3.557868570148348 1
gene  1 13 10 -2.1346180430699 1 138.0 -2.1346180430699 1
gene  1 14 10 -5.3488615831720185 1 139.0 -5.3488615831720185 1
gene  1 2 13 -6.3662463894137025 0 169.0 -6.3662463894137025 1
gene  1 3 13 4.0480994764299965 0 170.0 4.0480994764299965 1
gene  1 6 13 -3.0041435276592194 0 173.0 -3.0041435276592194 1
gene  1 7 13 -11.702334111239992 0 174.0 -11.702334111239992 1
gene  1 9 13 2.813853243264994 0 176.0 2.813853243264994 1
gene  1 13 13 -2.3065664172967146 1 180.0 -2.3065664172967146 1
gene  1 14 13 0.8288450052524425 1 181.0 0.8288450052524425 1
gene  1 1 14 3.563316304352726 0 182.0 3.563316304352726 1
gene  1 3 14 -5.241197537138348 0 184.0 -5.241197537138348 1
gene  1 9 14 -1.515252775296744 0 190.0 -1.515252775296744 1
gene  1 10 14 0.4610435158031686 0 191.0 0.4610435158031686 1
gene  1 1 21 -10.338439983422784 0 218.0 -10.338439983422784 1
gene  1 21 8 1.0333487202655767 0 219.0 1.0333487202655767 1
gene  1 3 10 0.4648183752972177 0 223.0 0.4648183752972177 1
gene  1 6 29 -3.783919685421212 0 259.0 -3.783919685421212 1
gene  1 29 8 -1.8426507216488504 0 260.0 -1.8426507216488504 1
gene  1 29 21 2.3046758697159166 0 271.0 2.3046758697159166 1
gene  1 3 21 2.9878792891682684 0 300.0 2.9878792891682684 1
gene  1 9 52 -1.4689972278752348 0 368.0 -1.4689972278752348 1
gene  1 52 14 0.16712119043542661 0 369.0 0.16712119043542661 1
gene  1 1 53 1.3206291318242316 0 372.0 1.3206291318242316 1
gene  1 53 21 -1.9012890421992616 0 373.0 -1.9012890421992616 0
gene  1 2 52 -5.478356662283577 0 425.0 -5.478356662283577 1
gene  1 53 64 3.829188741213123 0 443.0 3.829188741213123 1
gene  1 64 21 -2.4848485771185707 0 444.0 -2.4848485771185707 1
genomeend 8
genomestart  9
trait 1 0.39340002544161434 0.4638621482816303 0.4185672944766822 1.064591410541687 0.18796189784306305 1.4619974594472236 1.314330803229924 0.36223095093968216 
node 1 1 1 1
node 2 1 1 1
node 3 1 1 1
node 4 1 1 1
node 5 1 1 1
node 6 1 1 1
node 7 1 1 3
node 13 1 0 2
node 14 1 0 2
node 42 1 0 0
node 61 1 0 0
node 74 1 0 0
node 76 1 0 0
gene  1 1 13 -5.345130956241837 0 168.0 -5.345130956241837 1
gene  1 2 13 -3.4541241216949152 0 169.0 -3.4541241216949152 1
gene  1 3 13 0.36428541864397634 0 170.0 0.36428541864397634 1
gene  1 4 13 -2.29798754934939 0 171.0 -2.29798754934939 1
gene  1 5 13 6.244112350223291 0 172.0 6.244112350223291 1
gene  1 6 13 -7.613953438103731 0 173.0 -7.613953438103731 1
gene  1 7 13 -0.7427397029744465 0 174.0 -0.7427397029744465 1
gene  1 14 13 -4.0830757960409025 1 181.0 -4.0830757960409025 1
gene  1 1 14 -3.225023603442663 0 182.0 -3.225023603442663 1
gene  1 2 14 2.7967532871124092 0 183.0 2.7967532871124092 1
gene  1 3 14 -1.855581101212107 0 184.0 -1.855581101212107 1
gene  1 13 14 0.4689604447796411 0 194.0 0.4689604447796411 1
gene  1 14 14 2.1102027642878065 1 195.0 2.1102027642878065 1
gene  1 6 14 -1.3623348096955592 0 230.0 -1.3623348096955592 1
gene  1 4 14 -0.7107665212699035 0 312.0 -0.7107665212699035 1
gene  1 2 42 0.13140529406305745 0 320.0 0.13140529406305745 1
gene  1 42 13 4.793348262052442 0 321.0 4.793348262052442 1
gene  1 6 42 1.6313455710236442 0 349.0 1.6313455710236442 1
gene  1 7 14 -2.117988807562827 0 353.0 -2.117988807562827 1
gene  1 7 42 0.5711447880612347 0 395.0 0.5711447880612347 1
gene  1 5 61 1.5271225385185845 0 408.0 1.5271225385185845 1
gene  1 61 13 2.6668405760142404 0 409.0 2.6668405760142404 1
gene  1 5 42 -1.8183978992620529 0 426.0 -1.8183978992620529 1
gene  1 2 74 -0.4159015848025277 0 471.0 -0.4159015848025277 1
gene  1 74 13 -3.865209944527781 0 472.0 -3.865209944527781 1
gene  1 5 76 4.467973688484499 0 476.0 4.467973688484499 1
gene  1 76 42 -0.7081707753507027 0 477.0 -0.7081707753507027 1
gene  1 3 74 -2.283377143176965 0 491.0 -2.283377143176965 1
genomeend 9
genomestart  10
trait 1 0.39340002544161434 0.4638621482816303 0.4185672944766822 1.064591410541687 0.18796189784306305 1.4619974594472236 1.314330803229924 0.36223095093968216 
node 1 1 1 1
node 2 1 1 1
node 3 1 1 1
node 4 1 1 1
node 5 1 1 1
node 6 1 1 1
node 7 1 1 3
node 13 1 0 2
node 14 1 0 2
node 42 1 0 0
node 61 1 0 0
node 74 1 0 0
node 76 1 0 0
gene  1 1 13 -6.62502832430614 0 168.0 -6.62502832430614 1
gene  1 2 13 -1.8154946753348042 0 169.0 -1.8154946753348042 1
gene  1 3 13 -0.9347950958320217 0 170.0 -0.9347950958320217 1
gene  1 4 13 -0.30859402628676924 0 171.0 -0.30859402628676924 1
gene  1 5 13 4.824286600110847 0 172.0 4.824286600110847 1
gene  1 6 13 -4.488944690615263 0 173.0 -4.488944690615263 1
gene  1 7 13 -2.0593102944769566 0 174.0 -2.0593102944769566 1
gene  1 14 13 -5.644780715749608 1 181.0 -5.644780715749608 1
gene  1 1 14 -0.6347339950837461 0 182.0 -0.6347339950837461 1
gene  1 2 14 0.8911651379626342 0 183.0 0.8911651379626342 1
gene  1 3 14 7.237003631977952 0 184.0 7.237003631977952 1
gene  1 13 14 3.5470864368860218 0 194.0 3.5470864368860218 1
gene  1 14 14 -1.8657112029637908 1 195.0 -1.8657112029637908 1
gene  1 6 14 -0.9726620831576107 0 230.0 -0.9726620831576107 1
gene  1 4 14 0.6585144288303548 0 312.0 0.6585144288303548 1
gene  1 2 42 1.2955463152571058 0 320.0 1.2955463152571058 1
gene  1 42 13 7.477667143776541 0 321.0 7.477667143776541 1
gene  1 6 42 -0.2022452210678587 0 349.0 -0.2022452210678587 1
gene  1 7 14 -3.8186357545303005 0 353.0 -3.8186357545303005 1
gene  1 7 42 -2.5718825882781577 0 395.0 -2.5718825882781577 1
gene  1 5 61 3.5387043595849286 0 408.0 3.5387043595849286 1
gene  1 61 13 1.158803375997149 0 409.0 1.158803375997149 1
gene  1 5 42 1.5417314162064195 0 426.0 1.5417314162064195 0
gene  1 2 74 -3.554580823350969 0 471.0 -3.554580823350969 1
gene  1 74 13 -5.775536147513147 0 472.0 -5.775536147513147 1
gene  1 5 76 0.7805160493264287 0 476.0 0.7805160493264287 1
gene  1 76 42 1.1267630955289423 0 477.0 1.1267630955289423 1
gene  1 3 74 -1.94535140390419 0 491.0 -1.94535140390419 1
genomeend 10
genomestart  11
trait 1 0.39340002544161434 0.4638621482816303 0.4185672944766822 1.064591410541687 0.18796189784306305 1.4619974594472236 1.314330803229924 0.36223095093968216 
node 1 1 1 1
node 2 1 1 1
node 3 1 1 1
node 4 1 1 1
node 5 1 1 1
node 6 1 1 1
node 7 1 1 3
node 13 1 0 2
node 14 1 0 2
node 42 1 0 0
node 61 1 0 0
node 74 1 0 0
node 76 1 0 0
gene  1 1 13 -3.5955154345581684 0 168.0 -3.5955154345581684 1
gene  1 2 13 -2.930355281598285 0 169.0 -2.930355281598285 1
gene  1 3 13 0.18085941405600314 0 170.0 0.18085941405600314 1
gene  1 4 13 -2.974692025396979 0 171.0 -2.974692025396979 1
gene  1 5 13 3.1504384829386103 0 172.0 3.1504384829386103 1
gene  1 6 13 -6.396123778814259 0 173.0 -6.396123778814259 1
gene  1 7 13 0.9990861716027613 0 174.0 0.9990861716027613 1
gene  1 14 13 -2.3041392821259548 1 181.0 -2.3041392821259548 1
gene  1 1 14 -2.9661003737044513 0 182.0 -2.9661003737044513 1
gene  1 2 14 2.8702121817706483 0 183.0 2.8702121817706483 1
gene  1 3 14 9.242260056004014 0 184.0 9.242260056004014 1
gene  1 13 14 4.179212303220268 0 194.0 4.179212303220268 1
gene  1 14 14 2.727351891877973 1 195.0 2.727351891877973 1
gene  1 6 14 0.3695416838373722 0 230.0 0.3695416838373722 1
gene  1 4 14 -1.7608423756332765 0 312.0 -1.7608423756332765 1
gene  1 2 42 2.5336608329231534 0 320.0 2.5336608329231534 1
gene  1 42 13 4.47437751465864 0 321.0 4.47437751465864 1
gene  1 6 42 3.1006946940042326 0 349.0 3.1006946940042326 1
gene  1 7 14 -1.5815656173670263 0 353.0 -1.5815656173670263 1
gene  1 7 42 -0.6884123719627897 0 395.0 -0.6884123719627897 1
gene  1 5 61 5.346055080280764 0 408.0 5.346055080280764 1
gene  1 61 13 2.6376966161808477 0 409.0 2.6376966161808477 1
gene  1 5 42 -1.1303684227896786 0 426.0 -1.1303684227896786 0
gene  1 2 74 -3.556195646010826 0 471.0 -3.556195646010826 1
gene  1 74 13 -7.874022267361725 0 472.0 -7.874022267361725 1
gene  1 5 76 -1.469648452085667 0 476.0 -1.469648452085667 1
gene  1 76 42 2.040122373092662 0 477.0 2.040122373092662 1
gene  1 3 74 -1.7965373878706892 0 491.0 -1.7965373878706892 1
genomeend 11
genomestart  12
trait 1 0.0 1.0928829975406382 0.03145355857324372 0.5098453143214142 0.4939563997667481 0.28305199411763293 0.9402005617249138 0.7626488466698699 
node 1 1 1 1
node 2 1 1 1
node 3 1 1 1
node 4 1 1 1
node 5 1 1 1
node 6 1 1 1
node 7 1 1 3
node 8 1 0 0
node 13 1 0 2
node 14 1 0 2
node 49 1 0 0
node 59 1 0 0
node 63 1 0 0
gene  1 4 8 -0.6593089564756036 0 101.0 -0.6593089564756036 1
gene  1 5 8 1.6766972342624968 0 102.0 1.6766972342624968 1
gene  1 6 8 -0.1928574103263817 0 103.0 -0.1928574103263817 1
gene  1 14 8 0.1955417389006972 1 111.0 0.1955417389006972 1
gene  1 1 13 5.469211145872468 0 168.0 5.469211145872468 1
gene  1 2 13 -1.7002715015216743 0 169.0 -1.7002715015216743 1
gene  1 3 13 -1.398827825549894 0 170.0 -1.398827825549894 1
gene  1 5 13 0.41815403712293836 0 172.0 0.41815403712293836 1
gene  1 7 13 2.336159441367892 0 174.0 2.336159441367892 1
gene  1 14 13 1.0883786068229222 1 181.0 1.0883786068229222 1
gene  1 1 14 3.1389225464934807 0 182.0 3.1389225464934807 1
gene  1 2 14 -3.499067198034112 0 183.0 -3.499067198034112 1
gene  1 3 14 -0.347358753933925 0 184.0 -0.347358753933925 1
gene  1 4 14 2.836204672295954 0 185.0 2.836204672295954 1
gene  1 8 14 2.3214379184903415 0 189.0 2.3214379184903415 1
gene  1 14 14 2.21519730528191 1 195.0 2.21519730528191 1
gene  1 6 14 13.899193227161847 0 240.0 13.899193227161847 1
gene  1 8 13 2.0058013863061204 0 311.0 2.0058013863061204 1
gene  1 14 13 9.745734299591959 0 322.0 9.745734299591959 1
gene  1 2 49 -1.492428733092409 0 362.0 -1.492428733092409 1
gene  1 49 14 -0.07531225629016453 0 363.0 -0.07531225629016453 0
gene  1 3 8 1.9319897109548057 0 393.0 1.9319897109548057 1
gene  1 49 59 1.0962980597503167 0 401.0 1.0962980597503167 1
gene  1 59 14 9.97341434519987 0 402.0 9.97341434519987 1
gene  1 2 59 3.2685390285667895 0 403.0 3.2685390285667895 1
gene  1 7 14 1.352630893999207 0 424.0 1.352630893999207 1
gene  1 59 13 -5.8587766504181955 0 427.0 -5.8587766504181955 1
gene  1 3 63 0.919186903810574 0 440.0 0.919186903810574 1
gene  1 63 8 -4.238119221037581 0 441.0 -4.238119221037581 1
genomeend 12
genomestart  13
trait 1 0.0 1.0928829975406382 0.03145355857324372 0.5098453143214142 0.4939563997667481 0.28305199411763293 0.9402005617249138 0.7626488466698699 
node 1 1 1 1
node 2 1 1 1
node 3 1 1 1
node 4 1 1 1
node 5 1 1 1
node 6 1 1 1
node 7 1 1 3
node 8 1 0 0
node 13 1 0 2
node 14 1 0 2
node 49 1 0 0
node 59 1 0 0
node 63 1 0 0
gene  1 4 8 -2.4635346203523993 0 101.0 -2.4635346203523993 1
gene  1 5 8 -2.577121188805566 0 102.0 -2.577121188805566 1
gene  1 6 8 -1.0228794079797374 0 103.0 -1.0228794079797374 1
gene  1 14 8 3.641970509851526 1 111.0 3.641970509851526 1
gene  1 1 13 7.867667288673258 0 168.0 7.867667288673258 1
gene  1 2 13 -3.994392026594971 0 169.0 -3.994392026594971 1
gene  1 3 13 0.8779812439224117 0 170.0 0.8779812439224117 1
gene  1 5 13 3.208519456783388 0 172.0 3.208519456783388 1
gene  1 7 13 -6.717496960682868 0 174.0 -6.717496960682868 1
gene  1 14 13 -1.1023807483052486 1 181.0 -1.1023807483052486 1
gene  1 1 14 3.295516131686204 0 182.0 3.295516131686204 1
gene  1 2 14 -1.6764113688042714 0 183.0 -1.6764113688042714 1
gene  1 3 14 -2.6187621113451356 0 184.0 -2.6187621113451356 1
gene  1 4 14 2.381576070516905 0 185.0 2.381576070516905 1
gene  1 8 14 -0.254781346146595 0 189.0 -0.254781346146595 1
gene  1 14 14 -0.704657668863804 1 195.0 -0.704657668863804 1
gene  1 6 14 11.671126723661546 0 240.0 11.671126723661546 1
gene  1 8 13 -1.414129238095488 0 311.0 -1.414129238095488 1
gene  1 14 13 9.143423737046746 0 322.0 9.143423737046746 1
gene  1 2 49 -0.01486249783928617 0 362.0 -0.01486249783928617 1
gene  1 49 14 -2.4366811625597995 0 363.0 -2.4366811625597995 0
gene  1 3 8 0.5045220758298932 0 393.0 0.5045220758298932 1
gene  1 49 59 4.523462756820438 0 401.0 4.523462756820438 1
gene  1 59 14 9.983380240076155 0 402.0 9.983380240076155 1
gene  1 2 59 2.100854497640557 0 403.0 2.100854497640557 1
gene  1 7 14 -0.052416213838638315 0 424.0 -0.052416213838638315 1
gene  1 59 13 -2.1837810641308097 0 427.0 -2.1837810641308097 1
gene  1 3 63 0.23138033277150383 0 440.0 0.23138033277150383 1
gene  1 63 8 1.9545498009277593 0 441.0 1.9545498009277593 1
genomeend 13
genomestart  14
trait 1 0.0 1.0928829975406382 0.03145355857324372 0.5098453143214142 0.4939563997667481 0.28305199411763293 0.9402005617249138 0.7626488466698699 
node 1 1 1 1
node 2 1 1 1
node 3 1 1 1
node 4 1 1 1
node 5 1 1 1
node 6 1 1 1
node 7 1 1 3
node 8 1 0 0
node 13 1 0 2
node 14 1 0 2
node 49 1 0 0
node 59 1 0 0
node 63 1 0 0
gene  1 4 8 -1.5580992251464703 0 101.0 -1.5580992251464703 1
gene  1 5 8 -3.638164381298295 0 102.0 -3.638164381298295 1
gene  1 6 8 -2.999037969859472 0 103.0 -2.999037969859472 1
gene  1 14 8 3.9469681051664978 1 111.0 3.9469681051664978 1
gene  1 1 13 8.891531714785078 0 168.0 8.891531714785078 1
gene  1 2 13 -1.9251566045897224 0 169.0 -1.9251566045897224 1
gene  1 3 13 -1.7205833256544034 0 170.0 -1.7205833256544034 1
gene  1 5 13 4.797209073111571 0 172.0 4.797209073111571 1
gene  1 7 13 -5.375287848109346 0 174.0 -5.375287848109346 1
gene  1 14 13 1.1167654402114064 1 181.0 1.1167654402114064 1
gene  1 1 14 -0.69512325585413 0 182.0 -0.69512325585413 1
gene  1 2 14 1.7197824931906265 0 183.0 1.7197824931906265 1
gene  1 3 14 1.6706376606950757 0 184.0 1.6706376606950757 1
gene  1 4 14 3.5259006399382766 0 185.0 3.5259006399382766 1
gene  1 8 14 1.4147500206888595 0 189.0 1.4147500206888595 1
gene  1 14 14 2.1510694794244687 1 195.0 2.1510694794244687 1
gene  1 6 14 1.355665078650733 0 240.0 1.355665078650733 1
gene  1 8 13 0.6398201870667243 0 311.0 0.6398201870667243 1
gene  1 14 13 7.620711010529046 0 322.0 7.620711010529046 1
gene  1 2 49 -1.8275782413021178 0 362.0 -1.8275782413021178 1
gene  1 49 14 0.6017266139543851 0 363.0 0.6017266139543851 0
gene  1 3 8 1.8453151871912095 0 393.0 1.8453151871912095 1
gene  1 49 59 2.040808914389521 0 401.0 2.040808914389521 1
gene  1 59 14 9.85328484956134 0 402.0 9.85328484956134 1
gene  1 2 59 2.9966419441905834 0 403.0 2.9966419441905834 1
gene  1 7 14 -2.949602908722314 0 424.0 -2.949602908722314 1
gene  1 59 13 -3.4832049034808654 0 427.0 -3.4832049034808654 1
gene  1 3 63 0.23138033277150383 0 440.0 0.23138033277150383 1
gene  1 63 8 -4.354638297553214 0 441.0 -4.354638297553214 1
genomeend 14
genomestart  15
trait 1 0.6191963994983718 1.8437409326683576 0.7816155317589891 0.49951333318806035 0.760472394127403 2.2133304098674773 0.0 0.0 
node 1 1 1 1
node 2 1 1 1
node 3 1 1 1
node 4 1 1 1
node 5 1 1 1
node 6 1 1 1
node 7 1 1 3
node 8 1 0 0
node 9 1 0 0
node 10 1 0 0
node 11 1 0 0
node 12 1 0 0
node 13 1 0 2
node 14 1 0 2
node 27 1 0 0
node 34 1 0 0
node 40 1 0 0
node 48 1 0 0
node 71 1 0 0
gene  1 1 8 -2.3279839447076207 0 98.0 -2.3279839447076207 1
gene  1 3 8 -1.649191737947334 0 100.0 -1.649191737947334 1
gene  1 4 8 0.4388651016096712 0 101.0 0.4388651016096712 1
gene  1 6 8 9.623042990600007 0 103.0 9.623042990600007 1
gene  1 8 8 7.820413594822319 1 105.0 7.820413594822319 1
gene  1 10 8 2.216758630311961 1 107.0 2.216758630311961 1
gene  1 3 9 0.08171573513327868 0 114.0 0.08171573513327868 1
gene  1 6 9 -1.8309904538042607 0 117.0 -1.8309904538042607 1
gene  1 8 9 -5.880458115491612 0 119.0 -5.880458115491612 1
gene  1 10 9 5.369696106394893 1 121.0 5.369696106394893 1
gene  1 11 9 12.859526616588454 1 122.0 12.859526616588454 1
gene  1 13 9 1.2258114920696601 1 124.0 1.2258114920696601 1
gene  1 14 9 -1.6746505423402949 1 125.0 -1.6746505423402949 1
gene  1 1 10 1.4820664872200549 0 126.0 1.4820664872200549 1
gene  1 3 10 1.519022476203856 0 128.0 1.519022476203856 1
gene  1 4 10 1.1812718381816136 0 129.0 1.1812718381816136 1
gene  1 5 10 -0.9840112443315858 0 130.0 -0.9840112443315858 1
gene  1 9 10 5.6904789529255915 0 134.0 5.6904789529255915 1
gene  1 13 10 1.4055781075340485 1 138.0 1.4055781075340485 1
gene  1 1 11 0.4245087088483481 0 140.0 0.4245087088483481 1
gene  1 3 11 0.5920808673809121 0 142.0 0.5920808673809121 1
gene  1 5 11 -1.086641749826782 0 144.0 -1.086641749826782 1
gene  1 9 11 0.8861853584836639 0 148.0 0.8861853584836639 1
gene  1 10 11 1.1025335169645467 0 149.0 1.1025335169645467 1
gene  1 12 11 -2.3738216092820656 1 151.0 -2.3738216092820656 1
gene  1 14 11 -5.63893666820543 1 153.0 -5.63893666820543 1
gene  1 2 12 -1.3930289962836202 0 155.0 -1.3930289962836202 1
gene  1 4 12 -2.260979914361934 0 157.0 -2.260979914361934 1
gene  1 6 12 0.9664705009168797 0 159.0 0.9664705009168797 1
gene  1 7 12 0.2875004664978742 0 160.0 0.2875004664978742 1
gene  1 9 12 0.4452272254196865 0 162.0 0.4452272254196865 1
gene  1 10 12 -1.5056833247032269 0 163.0 -1.5056833247032269 1
gene  1 12 12 4.47898656708114 1 165.0 4.47898656708114 1
gene  1 14 12 -6.453648592847318 1 167.0 -6.453648592847318 1
gene  1 1 13 1.3190047490086427 0 168.0 1.3190047490086427 1
gene  1 3 13 3.6550114198177956 0 170.0 3.6550114198177956 1
gene  1 4 13 0.19173374785535557 0 171.0 0.19173374785535557 1
gene  1 6 13 0.12162737659757256 0 173.0 0.12162737659757256 1
gene  1 8 13 -3.0772147895604096 0 175.0 -3.0772147895604096 1
gene  1 9 13 2.193326458862175 0 176.0 2.193326458862175 1
gene  1 8 14 -13.182261614204371 0 189.0 -13.182261614204371 1
gene  1 11 14 5.333170415796372 0 192.0 5.333170415796372 1
gene  1 5 8 2.327960544460357 0 235.0 2.327960544460357 1
gene  1 1 27 4.8319230328092555 0 241.0 4.8319230328092555 1
gene  1 27 8 0.1518728505642415 0 242.0 0.1518728505642415 1
gene  1 9 34 -1.0126783545110334 0 272.0 -1.0126783545110334 1
gene  1 34 11 7.253926258660221 0 273.0 7.253926258660221 1
gene  1 5 13 -0.2617997285553522 0 277.0 -0.2617997285553522 1
gene  1 12 14 -1.1341786176205428 0 296.0 -1.1341786176205428 1
gene  1 8 40 -3.2989257578169404 1 308.0 -3.2989257578169404 1
gene  1 40 8 0.5928094500637665 0 309.0 0.5928094500637665 1
gene  1 10 14 -3.193179536665204 0 341.0 -3.193179536665204 1
gene  1 3 48 2.0457630593518648 0 360.0 2.0457630593518648 1
gene  1 48 8 1.1267581339902002 0 361.0 1.1267581339902002 1
gene  1 10 13 2.0250219547444748 0 404.0 2.0250219547444748 1
gene  1 48 71 0.13104589559980534 0 463.0 0.13104589559980534 1
gene  1 71 8 11.62348732713325 0 464.0 11.62348732713325 1
gene  1 11 12 -5.274657380168756 0 478.0 -5.274657380168756 1
gene  1 34 14 2.454825777008965 0 481.0 2.454825777008965 1
genomeend 15
genomestart  16
trait 1 0.9720298865211378 1.914671433459255 1.451312924521552 0.029079337389963156 1.1863563206759917 2.3378537072740517 0.9887714715735565 0.0 
node 1 1 1 1
node 2 1 1 1
node 3 1 1 1
node 4 1 1 1
node 5 1 1 1
node 6 1 1 1
node 7 1 1 3
node 8 1 0 0
node 9 1 0 0
node 10 1 0 0
node 11 1 0 0
node 12 1 0 0
node 13 1 0 2
node 14 1 0 2
node 27 1 0 0
node 34 1 0 0
node 40 1 0 0
node 48 1 0 0
node 71 1 0 0
gene  1 1 8 -1.910147257998989 0 98.0 -1.910147257998989 1
gene  1 3 8 -1.2335287104987285 0 100.0 -1.2335287104987285 1
gene  1 4 8 -1.4922057809215608 0 101.0 -1.4922057809215608 1
gene  1 6 8 10.822627297704333 0 103.0 10.822627297704333 1
gene  1 8 8 7.820413594822319 1 105.0 7.820413594822319 1
gene  1 10 8 1.724251122308322 1 107.0 1.724251122308322 1
gene  1 3 9 1.7630219021779276 0 114.0 1.7630219021779276 1
gene  1 6 9 -2.65441725671018 0 117.0 -2.65441725671018 1
gene  1 8 9 -8.013522827502952 0 119.0 -8.013522827502952 1
gene  1 10 9 3.7673597121522873 1 121.0 3.7673597121522873 1
gene  1 11 9 14.68609911396843 1 122.0 14.68609911396843 1
gene  1 13 9 2.8228018514192597 1 124.0 2.8228018514192597 1
gene  1 14 9 2.328510190529402 1 125.0 2.328510190529402 1
gene  1 1 10 1.0204566000175777 0 126.0 1.0204566000175777 1
gene  1 3 10 -0.7468498342037226 0 128.0 -0.7468498342037226 1
gene  1 4 10 0.5066297618001536 0 129.0 0.5066297618001536 1
gene  1 5 10 -2.844335195809507 0 130.0 -2.844335195809507 1
gene  1 9 10 7.946969586265914 0 134.0 7.946969586265914 1
gene  1 13 10 0.7815628564976068 1 138.0 0.7815628564976068 1
gene  1 1 11 -0.7535052706506815 0 140.0 -0.7535052706506815 1
gene  1 3 11 0.5920808673809121 0 142.0 0.5920808673809121 1
gene  1 5 11 -3.447739179340883 0 144.0 -3.447739179340883 1
gene  1 9 11 0.053765438774422525 0 148.0 0.053765438774422525 1
gene  1 10 11 1.2798910227161837 0 149.0 1.2798910227161837 1
gene  1 12 11 -3.373658643723864 1 151.0 -3.373658643723864 1
gene  1 14 11 -3.93413414057526 1 153.0 -3.93413414057526 1
gene  1 2 12 -3.6160063544469097 0 155.0 -3.6160063544469097 1
gene  1 4 12 -1.2225542237811706 0 157.0 -1.2225542237811706 1
gene  1 6 12 -1.313424229939383 0 159.0 -1.313424229939383 1
gene  1 7 12 0.2875004664978742 0 160.0 0.2875004664978742 1
gene  1 9 12 -2.012676913280273 0 162.0 -2.012676913280273 1
gene  1 10 12 -1.4175733113949107 0 163.0 -1.4175733113949107 1
gene  1 12 12 3.6461853561708484 1 165.0 3.6461853561708484 1
gene  1 14 12 -7.5742160714996185 1 167.0 -7.5742160714996185 1
gene  1 1 13 0.43514348038185835 0 168.0 0.43514348038185835 1
gene  1 3 13 2.6313051420488014 0 170.0 2.6313051420488014 1
gene  1 4 13 1.5165012617026226 0 171.0 1.5165012617026226 1
gene  1 6 13 0.4855910989883086 0 173.0 0.4855910989883086 1
gene  1 8 13 -5.4774941021186665 0 175.0 -5.4774941021186665 1
gene  1 9 13 -1.3404739169730946 0 176.0 -1.3404739169730946 1
gene  1 8 14 -13.182261614204371 0 189.0 -13.182261614204371 1
gene  1 11 14 7.512923293708745 0 192.0 7.512923293708745 1
gene  1 5 8 0.13292487229634664 0 235.0 0.13292487229634664 1
gene  1 1 27 5.3472185313589575 0 241.0 5.3472185313589575 1
gene  1 27 8 0.1518728505642415 0 242.0 0.1518728505642415 1
gene  1 9 34 -0.25712979783983414 0 272.0 -0.25712979783983414 1
gene  1 34 11 7.514715274936371 0 273.0 7.514715274936371 1
gene  1 5 13 1.8415849098934827 0 277.0 1.8415849098934827 1
gene  1 12 14 -0.3259570664777286 0 296.0 -0.3259570664777286 1
gene  1 8 40 -2.197255413489244 1 308.0 -2.197255413489244 1
gene  1 40 8 0.3659998704905251 0 309.0 0.3659998704905251 1
gene  1 10 14 -1.2061561020899207 0 341.0 -1.2061561020899207 1
gene  1 3 48 4.409757843349647 0 360.0 4.409757843349647 1
gene  1 48 8 1.7868120113064112 0 361.0 1.7868120113064112 1
gene  1 10 13 -2.2568809289941254 0 404.0 -2.2568809289941254 1
gene  1 48 71 -1.4334255384346515 0 463.0 -1.4334255384346515 1
gene  1 71 8 11.888985694845143 0 464.0 11.888985694845143 1
gene  1 11 12 -2.9690508231308987 0 478.0 -2.9690508231308987 1
gene  1 34 14 4.301539318285853 0 481.0 4.301539318285853 1
genomeend 16
genomestart  17
trait 1 0.5833993738668071 0.8342404913282493 1.7343962538721782 0.38263542198384 0.8537262940864137 0.9586270994970227 0.0 0.3567570363531483 
node 1 1 1 1
node 2 1 1 1
node 3 1 1 1
node 4 1 1 1
node 5 1 1 1
node 6 1 1 1
node 7 1 1 3
node 8 1 0 0
node 9 1 0 0
node 10 1 0 0
node 13 1 0 2
node 14 1 0 2
node 16 1 0 0
node 21 1 0 0
node 29 1 0 0
node 52 1 0 0
node 53 1 0 0
node 79 1 0 0
gene  1 1 8 -0.5566849199822623 0 98.0 -0.5566849199822623 1
gene  1 2 8 0.14176817618687554 0 99.0 0.14176817618687554 1
gene  1 3 8 3.285190151942089 0 100.0 3.285190151942089 1
gene  1 4 8 -0.7648108723479259 0 101.0 -0.7648108723479259 1
gene  1 5 8 2.0241941433884274 0 102.0 2.0241941433884274 1
gene  1 6 8 -1.1741891399701283 0 103.0 -1.1741891399701283 1
gene  1 8 8 -3.783419316722491 1 105.0 -3.783419316722491 1
gene  1 13 8 -1.804654175731877 1 110.0 -1.804654175731877 1
gene  1 14 8 1.4361581613955603 1 111.0 1.4361581613955603 1
gene  1 3 13 2.913849768706249 0 170.0 2.913849768706249 1
gene  1 5 13 -3.8573677023125312 0 172.0 -3.8573677023125312 1
gene  1 7 13 -0.38227275564383456 0 174.0 -0.38227275564383456 1
gene  1 13 13 -0.6243559206398466 1 180.0 -0.6243559206398466 1
gene  1 2 14 -4.233156166739911 0 183.0 -4.233156166739911 1
gene  1 4 14 -1.292236446535632 0 185.0 -1.292236446535632 1
gene  1 6 14 -2.4700116772543836 0 187.0 -2.4700116772543836 1
gene  1 8 14 3.0067281791590403 0 189.0 3.0067281791590403 1
gene  1 13 14 -0.9564198114713904 0 194.0 -0.9564198114713904 1
gene  1 13 16 -5.982047797990729 0 201.0 -5.982047797990729 1
gene  1 16 14 3.214264150516124 0 202.0 3.214264150516124 1
gene  1 1 21 12.01735923399766 0 218.0 12.01735923399766 1
gene  1 21 8 0.9354257515921329 0 219.0 0.9354257515921329 0
gene  1 3 10 4.68083792408375 0 223.0 4.68083792408375 1
gene  1 6 29 -1.0398860629135969 0 259.0 -1.0398860629135969 1
gene  1 29 8 -0.5758652766340979 0 260.0 -0.5758652766340979 1
gene  1 29 21 -2.2750886560771013 0 271.0 -2.2750886560771013 1
gene  1 3 21 2.5088132912428955 0 300.0 2.5088132912428955 1
gene  1 9 52 4.578665003865485 0 368.0 4.578665003865485 1
gene  1 52 14 0.9055706390237631 0 369.0 0.9055706390237631 1
gene  1 1 53 3.3739678640190136 0 372.0 3.3739678640190136 1
gene  1 53 21 0.4665500980786531 0 373.0 0.4665500980786531 1
gene  1 2 16 0.5692607453473917 0 439.0 0.5692607453473917 1
gene  1 21 79 1.5592055732369987 0 489.0 1.5592055732369987 1
gene  1 79 8 -4.2021899526595625 0 490.0 -4.2021899526595625 1
genomeend 17
genomestart  18
trait 1 0.33971452717739675 0.8342404913282493 1.7343962538721782 0.38263542198384 0.8537262940864137 0.8372542455634346 0.22941570557167207 0.3567570363531483 
node 1 1 1 1
node 2 1 1 1
node 3 1 1 1
node 4 1 1 1
node 5 1 1 1
node 6 1 1 1
node 7 1 1 3
node 8 1 0 0
node 9 1 0 0
node 10 1 0 0
node 13 1 0 2
node 14 1 0 2
node 16 1 0 0
node 21 1 0 0
node 29 1 0 0
node 52 1 0 0
node 53 1 0 0
node 79 1 0 0
gene  1 1 8 1.6753139239019663 0 98.0 1.6753139239019663 1
gene  1 2 8 0.34086735396727186 0 99.0 0.34086735396727186 1
gene  1 3 8 1.9683149210335422 0 100.0 1.9683149210335422 1
gene  1 4 8 -0.45406149779002347 0 101.0 -0.45406149779002347 1
gene  1 5 8 1.4281529537113369 0 102.0 1.4281529537113369 1
gene  1 6 8 -3.062130293990089 0 103.0 -3.062130293990089 1
gene  1 8 8 -1.4027779927567419 1 105.0 -1.4027779927567419 1
gene  1 13 8 -1.0877361617816594 1 110.0 -1.0877361617816594 1
gene  1 14 8 2.507624318228785 1 111.0 2.507624318228785 1
gene  1 3 13 3.642993457485649 0 170.0 3.642993457485649 1
gene  1 5 13 -1.7845097714787528 0 172.0 -1.7845097714787528 1
gene  1 7 13 1.3391956659737096 0 174.0 1.3391956659737096 1
gene  1 13 13 1.2165288971201735 1 180.0 1.2165288971201735 1
gene  1 2 14 -2.526079256512994 0 183.0 -2.526079256512994 1
gene  1 4 14 -0.03650665780089113 0 185.0 -0.03650665780089113 1
gene  1 6 14 -0.8282735440936424 0 187.0 -0.8282735440936424 1
gene  1 8 14 4.847458150779206 0 189.0 4.847458150779206 1
gene  1 13 14 0.20022464530204065 0 194.0 0.20022464530204065 1
gene  1 13 16 -6.1149740395255705 0 201.0 -6.1149740395255705 1
gene  1 16 14 3.1197747768797206 0 202.0 3.1197747768797206 1
gene  1 1 21 9.988008513922733 0 218.0 9.988008513922733 1
gene  1 21 8 1.6468054129509502 0 219.0 1.6468054129509502 0
gene  1 3 10 3.6656311441886693 0 223.0 3.6656311441886693 1
gene  1 6 29 -2.0263529978426904 0 259.0 -2.0263529978426904 1
gene  1 29 8 1.2674670831698585 0 260.0 1.2674670831698585 1
gene  1 29 21 -1.676440421240152 0 271.0 -1.676440421240152 1
gene  1 3 21 2.469340854880408 0 300.0 2.469340854880408 1
gene  1 9 52 2.9021684837025368 0 368.0 2.9021684837025368 1
gene  1 52 14 0.27069007937890055 0 369.0 0.27069007937890055 1
gene  1 1 53 0.8769059873775967 0 372.0 0.8769059873775967 1
gene  1 53 21 -0.8065069251229432 0 373.0 -0.8065069251229432 1
gene  1 2 16 4.710744487814622 0 439.0 4.710744487814622 1
gene  1 21 79 1.9977579471853968 0 489.0 1.9977579471853968 1
gene  1 79 8 -2.682446937002282 0 490.0 -2.682446937002282 1
gene  1 5 79 -9.1730235144159 0 504.0 -9.1730235144159 1
genomeend 18
genomestart  19
trait 1 0.33971452717739675 0.8342404913282493 1.7343962538721782 0.38263542198384 0.8537262940864137 0.8372542455634346 0.22941570557167207 0.3567570363531483 
node 1 1 1 1
node 2 1 1 1
node 3 1 1 1
node 4 1 1 1
node 5 1 1 1
node 6 1 1 1
node 7 1 1 3
node 8 1 0 0
node 9 1 0 0
node 10 1 0 0
node 13 1 0 2
node 14 1 0 2
node 16 1 0 0
node 21 1 0 0
node 29 1 0 0
node 52 1 0 0
node 53 1 0 0
node 79 1 0 0
gene  1 1 8 0.08690198077591171 0 98.0 0.08690198077591171 1
gene  1 2 8 2.171676639661733 0 99.0 2.171676639661733 1
gene  1 3 8 1.3556612194911748 0 100.0 1.3556612194911748 1
gene  1 4 8 -2.8311891543089125 0 101.0 -2.8311891543089125 1
gene  1 5 8 -1.0147881916825527 0 102.0 -1.0147881916825527 1
gene  1 6 8 -2.4106704966520733 0 103.0 -2.4106704966520733 1
gene  1 8 8 -0.07177414130771687 1 105.0 -0.07177414130771687 1
gene  1 13 8 -0.35019512908277595 1 110.0 -0.35019512908277595 1
gene  1 14 8 0.040258916336246564 1 111.0 0.040258916336246564 1
gene  1 3 13 3.6365540991845484 0 170.0 3.6365540991845484 1
gene  1 5 13 0.21564335791062383 0 172.0 0.21564335791062383 1
gene  1 7 13 0.05864681488344581 0 174.0 0.05864681488344581 1
gene  1 13 13 3.5452043037982266 1 180.0 3.5452043037982266 1
gene  1 2 14 -3.678499808045593 0 183.0 -3.678499808045593 1
gene  1 4 14 1.8353801499964182 0 185.0 1.8353801499964182 1
gene  1 6 14 -0.5685114836609999 0 187.0 -0.5685114836609999 1
gene  1 8 14 3.931935958467397 0 189.0 3.931935958467397 1
gene  1 13 14 -2.1787551786497645 0 194.0 -2.1787551786497645 1
gene  1 13 16 -6.924444379543987 0 201.0 -6.924444379543987 1
gene  1 16 14 5.090873553123496 0 202.0 5.090873553123496 1
gene  1 1 21 7.708023676445392 0 218.0 7.708023676445392 1
gene  1 21 8 3.845182888312074 0 219.0 3.845182888312074 0
gene  1 3 10 2.9465284259258686 0 223.0 2.9465284259258686 1
gene  1 6 29 -3.5899817664300087 0 259.0 -3.5899817664300087 1
gene  1 29 8 0.34590346789168835 0 260.0 0.34590346789168835 1
gene  1 29 21 -2.1892979395313206 0 271.0 -2.1892979395313206 1
gene  1 3 21 0.40854244989162236 0 300.0 0.40854244989162236 1
gene  1 9 52 2.521134076416378 0 368.0 2.521134076416378 1
gene  1 52 14 0.27069007937890055 0 369.0 0.27069007937890055 1
gene  1 1 53 1.2405619196220339 0 372.0 1.2405619196220339 1
gene  1 53 21 1.152487822748216 0 373.0 1.152487822748216 1
gene  1 2 16 4.710744487814622 0 439.0 4.710744487814622 1
gene  1 21 79 -1.9628339254774403 0 489.0 -1.9628339254774403 1
gene  1 79 8 -2.682446937002282 0 490.0 -2.682446937002282 1
genomeend 19
