genomestart  0
trait 1 0.09063773393878893 0.0 2.208214576245032 0.0 1.7637939116372001 1.1900007576846718 0.6887198692276033 1.3630786462034674 
node 1 1 1 1
node 2 1 1 1
node 3 1 1 1
node 4 1 1 1
node 5 1 1 1
node 6 1 1 1
node 7 1 1 3
node 13 1 0 2
node 14 1 0 2
node 24 1 0 0
node 36 1 0 0
node 65 1 0 0
gene  1 2 13 3.7174531726018794 0 169.0 3.7174531726018794 1
gene  1 3 13 -0.029411241444926794 0 170.0 -0.029411241444926794 1
gene  1 4 13 2.6737920717587427 0 171.0 2.6737920717587427 1
gene  1 6 13 -1.9323823214639821 0 173.0 -1.9323823214639821 1
gene  1 7 13 -0.43640080139654397 0 174.0 -0.43640080139654397 1
gene  1 13 13 12.149336193986748 1 180.0 12.149336193986748 1
gene  1 1 14 6.894758005610811 0 182.0 6.894758005610811 1
gene  1 2 14 -0.6402721646986239 0 183.0 -0.6402721646986239 1
gene  1 5 14 2.2074069580090185 0 186.0 2.2074069580090185 1
gene  1 6 14 -0.9628893886860013 0 187.0 -0.9628893886860013 1
gene  1 7 14 8.7925547114904 0 188.0 8.7925547114904 1
gene  1 13 14 0.07614544210770013 0 194.0 0.07614544210770013 1
gene  1 14 14 -12.650593634015557 1 195.0 -12.650593634015557 1
gene  1 2 24 0.781446632103143 0 226.0 0.781446632103143 1
gene  1 24 13 -1.9334436116672575 0 227.0 -1.9334436116672575 1
gene  1 7 24 -8.501959083601998 0 245.0 -8.501959083601998 1
gene  1 1 24 -0.6033982096937552 0 249.0 -0.6033982096937552 1
gene  1 4 14 0.5167537416103696 0 280.0 0.5167537416103696 1
gene  1 4 36 1.0432793983974504 0 293.0 1.0432793983974504 1
gene  1 36 14 3.178223969763066 0 294.0 3.178223969763066 1
gene  1 7 36 -3.425617481935674 0 301.0 -3.425617481935674 1
gene  1 3 36 3.3099911842370755 0 313.0 3.3099911842370755 1
gene  1 24 36 -3.587181777367805 0 345.0 -3.587181777367805 1
gene  1 5 13 -0.2173356702237954 0 374.0 -0.2173356702237954 1
gene  1 2 65 -6.813103061450373 0 446.0 -6.813103061450373 1
gene  1 65 13 4.5847457205755955 0 447.0 4.5847457205755955 1
gene  1 13 36 2.3777890748453006 0 451.0 2.3777890748453006 1
gene  1 65 36 1.130116150684596 0 457.0 1.130116150684596 1
gene  1 1 13 0.4525628757926975 0 480.0 0.4525628757926975 1
genomeend 0
genomestart  1
trait 1 0.09063773393878893 0.0 2.208214576245032 0.0 1.7637939116372001 1.1900007576846718 0.6887198692276033 1.3630786462034674 
node 1 1 1 1
node 2 1 1 1
node 3 1 1 1
node 4 1 1 1
node 5 1 1 1
node 6 1 1 1
node 7 1 1 3
node 13 1 0 2
node 14 1 0 2
node 24 1 0 0
node 36 1 0 0
node 65 1 0 0
gene  1 2 13 3.628127145467998 0 169.0 3.628127145467998 1
gene  1 3 13 1.7631365146935352 0 170.0 1.7631365146935352 1
gene  1 4 13 0.48366180698187566 0 171.0 0.48366180698187566 1
gene  1 6 13 -3.7514070495050635 0 173.0 -3.7514070495050635 1
gene  1 7 13 -2.2762331961504874 0 174.0 -2.2762331961504874 1
gene  1 13 13 12.495645394012092 1 180.0 12.495645394012092 1
gene  1 1 14 7.358025881158202 0 182.0 7.358025881158202 1
gene  1 2 14 1.6159494210354985 0 183.0 1.6159494210354985 1
gene  1 5 14 3.3161729948761978 0 186.0 3.3161729948761978 1
gene  1 6 14 -1.6706072592011743 0 187.0 -1.6706072592011743 1
gene  1 7 14 8.141174946336523 0 188.0 8.141174946336523 1
gene  1 13 14 -2.2001326942788237 0 194.0 -2.2001326942788237 1
gene  1 14 14 -11.35889276879333 1 195.0 -11.35889276879333 1
gene  1 2 24 2.4352897816255847 0 226.0 2.4352897816255847 1
gene  1 24 13 -4.291173729644941 0 227.0 -4.291173729644941 1
gene  1 7 24 -4.650013832390021 0 245.0 -4.650013832390021 1
gene  1 1 24 0.2428832997186816 0 249.0 0.2428832997186816 1
gene  1 4 14 -0.32592069820574004 0 280.0 -0.32592069820574004 1
gene  1 4 36 0.7220686480504696 0 293.0 0.7220686480504696 1
gene  1 36 14 2.7402490289175043 0 294.0 2.7402490289175043 1
gene  1 7 36 -4.761892497820421 0 301.0 -4.761892497820421 1
gene  1 3 36 1.161560244220778 0 313.0 1.161560244220778 1
gene  1 24 36 -2.896396437111499 0 345.0 -2.896396437111499 1
gene  1 5 13 -0.2363078446501703 0 374.0 -0.2363078446501703 1
gene  1 2 65 -0.6694960434703914 0 446.0 -0.6694960434703914 1
gene  1 65 13 0.7710070917702236 0 447.0 0.7710070917702236 1
gene  1 13 36 4.446029589908466 0 451.0 4.446029589908466 1
gene  1 65 36 -0.7465408472137689 0 457.0 -0.7465408472137689 1
gene  1 1 13 -0.3173655611322712 0 480.0 -0.3173655611322712 1
genomeend 1
genomestart  2
trait 1 0.6976195114279153 1.0183974033860637 1.525841438364794 0.8745625712070293 0.6913884351968694 0.0 0.8394976201725546 0.0 
node 1 1 1 1
node 2 1 1 1
node 3 1 1 1
node 4 1 1 1
node 5 1 1 1
node 6 1 1 1
node 7 1 1 3
node 8 1 0 0
node 9 1 0 0
node 10 1 0 0
node 11 1 0 0
node 13 1 0 2
node 14 1 0 2
node 62 1 0 0
node 80 1 0 0
gene  1 2 8 1.1063865333463072 0 99.0 1.1063865333463072 1
gene  1 6 8 -5.088613169830426 0 103.0 -5.088613169830426 1
gene  1 8 8 -2.1371790877650794 1 105.0 -2.1371790877650794 1
gene  1 9 8 1.9809203692011514 1 106.0 1.9809203692011514 1
gene  1 10 8 -2.105810570307905 1 107.0 -2.105810570307905 1
gene  1 11 8 4.260574946499088 1 108.0 4.260574946499088 1
gene  1 13 8 0.4485424422424683 1 110.0 0.4485424422424683 1
gene  1 14 8 -2.243318957629998 1 111.0 -2.243318957629998 1
gene  1 1 9 0.42634023010625494 0 112.0 0.42634023010625494 1
gene  1 2 9 -0.2054643018677696 0 113.0 -0.2054643018677696 1
gene  1 3 9 4.661938758694333 0 114.0 4.661938758694333 1
gene  1 6 9 1.2697576869625185 0 117.0 1.2697576869625185 1
gene  1 7 9 0.7611066145418208 0 118.0 0.7611066145418208 1
gene  1 8 9 1.7175810610904536 0 119.0 1.7175810610904536 1
gene  1 9 9 4.515673504927449 1 120.0 4.515673504927449 1
gene  1 11 9 -2.106382181272179 1 122.0 -2.106382181272179 1
gene  1 13 9 1.8553314946508435 1 124.0 1.8553314946508435 1
gene  1 14 9 2.2432816556745987 1 125.0 2.2432816556745987 1
gene  1 1 10 -1.8855616151071122 0 126.0 -1.8855616151071122 1
gene  1 3 10 1.18972576442112 0 128.0 1.18972576442112 1
gene  1 4 10 0.3646852744877699 0 129.0 0.3646852744877699 1
gene  1 5 10 -2.2719538803460684 0 130.0 -2.2719538803460684 1
gene  1 6 10 -1.6078638474667772 0 131.0 -1.6078638474667772 1
gene  1 10 10 1.4820246997430042 1 135.0 1.4820246997430042 0
gene  1 11 10 -4.312219276448809 1 136.0 -4.312219276448809 1
gene  1 14 10 1.09087581820363 1 139.0 1.09087581820363 1
gene  1 1 11 -2.529689505019128 0 140.0 -2.529689505019128 1
gene  1 3 11 -1.1384398803396962 0 142.0 -1.1384398803396962 1
gene  1 5 11 -3.540545769544627 0 144.0 -3.540545769544627 1
gene  1 6 11 5.048713747658856 0 145.0 5.048713747658856 1
gene  1 7 11 -2.1153645673501185 0 146.0 -2.1153645673501185 1
gene  1 8 11 -2.603907174258027 0 147.0 -2.603907174258027 1
gene  1 9 11 -3.508054580369815 0 148.0 -3.508054580369815 1
gene  1 10 11 1.3609473444477869 0 149.0 1.3609473444477869 1
gene  1 11 11 -0.7605616763994569 1 150.0 -0.7605616763994569 1
gene  1 1 13 -1.3849477882171246 0 168.0 -1.3849477882171246 1
gene  1 2 13 1.467553265280277 0 169.0 1.467553265280277 1
gene  1 3 13 0.13838425700260037 0 170.0 0.13838425700260037 1
gene  1 7 13 1.3812215308796851 0 174.0 1.3812215308796851 1
gene  1 11 13 -2.583831547512331 0 178.0 -2.583831547512331 1
gene  1 13 13 4.760093656161487 1 180.0 4.760093656161487 1
gene  1 2 14 -1.9189820171066332 0 183.0 -1.9189820171066332 1
gene  1 3 14 1.9735672986441144 0 184.0 1.9735672986441144 1
gene  1 4 14 -1.5997955221559925 0 185.0 -1.5997955221559925 1
gene  1 7 14 0.7154260435288651 0 188.0 0.7154260435288651 1
gene  1 8 14 -1.710752995102235 0 189.0 -1.710752995102235 1
gene  1 10 14 -2.512349304644235 0 191.0 -2.512349304644235 1
gene  1 13 14 8.318812973917211 0 194.0 8.318812973917211 1
gene  1 5 13 2.7031973565609806 0 198.0 2.7031973565609806 1
gene  1 4 9 4.213096862562505 0 200.0 4.213096862562505 1
gene  1 8 13 -1.5249365240127224 0 248.0 -1.5249365240127224 1
gene  1 7 10 -0.6497189445086677 0 270.0 -0.6497189445086677 1
gene  1 9 10 -5.647862897050885 0 274.0 -5.647862897050885 1
gene  1 9 13 -1.6540808670961735 0 288.0 -1.6540808670961735 1
gene  1 5 14 -1.5676639862967414 0 328.0 -1.5676639862967414 1
gene  1 2 10 -0.6483273650794712 0 357.0 -0.6483273650794712 1
gene  1 6 14 -2.268693880103471 0 388.0 -2.268693880103471 1
gene  1 3 62 0.3951729489991279 0 411.0 0.3951729489991279 1
gene  1 62 9 1.3265954963265731 0 412.0 1.3265954963265731 1
gene  1 5 8 -8.232397981520068 0 414.0 -8.232397981520068 1
gene  1 7 8 1.1917349458981357 0 436.0 1.1917349458981357 1
gene  1 10 80 1.0 1 493.0 0.0 1
gene  1 80 10 1.4820246997430042 0 494.0 0.0 1
genomeend 2
genomestart  3
trait 1 0.6976195114279153 1.0183974033860637 1.525841438364794 0.8745625712070293 0.6913884351968694 0.0 0.8394976201725546 0.0 
node 1 1 1 1
node 2 1 1 1
node 3 1 1 1
node 4 1 1 1
node 5 1 1 1
node 6 1 1 1
node 7 1 1 3
node 8 1 0 0
node 9 1 0 0
node 10 1 0 0
node 11 1 0 0
node 13 1 0 2
node 14 1 0 2
node 62 1 0 0
gene  1 2 8 1.1063865333463072 0 99.0 1.1063865333463072 1
gene  1 6 8 -5.088613169830426 0 103.0 -5.088613169830426 1
gene  1 8 8 -2.1371790877650794 1 105.0 -2.1371790877650794 1
gene  1 9 8 1.9809203692011514 1 106.0 1.9809203692011514 1
gene  1 10 8 -2.105810570307905 1 107.0 -2.105810570307905 1
gene  1 11 8 4.260574946499088 1 108.0 4.260574946499088 1
gene  1 13 8 0.4485424422424683 1 110.0 0.4485424422424683 1
gene  1 14 8 -2.243318957629998 1 111.0 -2.243318957629998 1
gene  1 1 9 0.42634023010625494 0 112.0 0.42634023010625494 1
gene  1 2 9 -0.2054643018677696 0 113.0 -0.2054643018677696 1
gene  1 3 9 4.661938758694333 0 114.0 4.661938758694333 1
gene  1 6 9 1.2697576869625185 0 117.0 1.2697576869625185 1
gene  1 7 9 0.7611066145418208 0 118.0 0.7611066145418208 1
gene  1 8 9 1.7175810610904536 0 119.0 1.7175810610904536 1
gene  1 9 9 4.515673504927449 1 120.0 4.515673504927449 1
gene  1 11 9 -2.106382181272179 1 122.0 -2.106382181272179 1
gene  1 13 9 1.8553314946508435 1 124.0 1.8553314946508435 1
gene  1 14 9 2.2432816556745987 1 125.0 2.2432816556745987 1
gene  1 1 10 -1.8855616151071122 0 126.0 -1.8855616151071122 1
gene  1 3 10 1.18972576442112 0 128.0 1.18972576442112 1
gene  1 4 10 0.3646852744877699 0 129.0 0.3646852744877699 1
gene  1 5 10 -2.2719538803460684 0 130.0 -2.2719538803460684 1
gene  1 6 10 -1.6078638474667772 0 131.0 -1.6078638474667772 1
gene  1 10 10 1.4820246997430042 1 135.0 1.4820246997430042 1
gene  1 11 10 -4.312219276448809 1 136.0 -4.312219276448809 1
gene  1 14 10 1.09087581820363 1 139.0 1.09087581820363 1
gene  1 1 11 -2.529689505019128 0 140.0 -2.529689505019128 1
gene  1 3 11 -1.1384398803396962 0 142.0 -1.1384398803396962 1
gene  1 5 11 -3.540545769544627 0 144.0 -3.540545769544627 1
gene  1 6 11 5.048713747658856 0 145.0 5.048713747658856 1
gene  1 7 11 -2.1153645673501185 0 146.0 -2.1153645673501185 1
gene  1 8 11 -2.603907174258027 0 147.0 -2.603907174258027 1
gene  1 9 11 -3.508054580369815 0 148.0 -3.508054580369815 1
gene  1 10 11 1.3609473444477869 0 149.0 1.3609473444477869 1
gene  1 11 11 -0.7605616763994569 1 150.0 -0.7605616763994569 1
gene  1 1 13 -1.3849477882171246 0 168.0 -1.3849477882171246 1
gene  1 2 13 1.467553265280277 0 169.0 1.467553265280277 1
gene  1 3 13 0.13838425700260037 0 170.0 0.13838425700260037 1
gene  1 7 13 1.3812215308796851 0 174.0 1.3812215308796851 1
gene  1 11 13 -2.583831547512331 0 178.0 -2.583831547512331 1
gene  1 13 13 4.760093656161487 1 180.0 4.760093656161487 1
gene  1 2 14 -1.9189820171066332 0 183.0 -1.9189820171066332 1
gene  1 3 14 1.9735672986441144 0 184.0 1.9735672986441144 1
gene  1 4 14 -1.5997955221559925 0 185.0 -1.5997955221559925 1
gene  1 7 14 0.7154260435288651 0 188.0 0.7154260435288651 1
gene  1 8 14 -1.710752995102235 0 189.0 -1.710752995102235 1
gene  1 10 14 -2.512349304644235 0 191.0 -2.512349304644235 1
gene  1 13 14 8.318812973917211 0 194.0 8.318812973917211 1
gene  1 5 13 2.7031973565609806 0 198.0 2.7031973565609806 1
gene  1 4 9 4.213096862562505 0 200.0 4.213096862562505 1
gene  1 8 13 -1.5249365240127224 0 248.0 -1.5249365240127224 1
gene  1 7 10 -0.6497189445086677 0 270.0 -0.6497189445086677 1
gene  1 9 10 -5.647862897050885 0 274.0 -5.647862897050885 1
gene  1 9 13 -1.6540808670961735 0 288.0 -1.6540808670961735 1
gene  1 5 14 -1.5676639862967414 0 328.0 -1.5676639862967414 1
gene  1 2 10 -0.6483273650794712 0 357.0 -0.6483273650794712 1
gene  1 6 14 -2.268693880103471 0 388.0 -2.268693880103471 1
gene  1 3 62 0.3951729489991279 0 411.0 0.3951729489991279 1
gene  1 62 9 1.3265954963265731 0 412.0 1.3265954963265731 1
gene  1 5 8 -8.232397981520068 0 414.0 -8.232397981520068 1
gene  1 7 8 1.1917349458981357 0 436.0 1.1917349458981357 1
gene  1 5 9 0.0691190034425071 0 495.0 0.0691190034425071 1
genomeend 3
genomestart  4
trait 1 0.6976195114279153 1.0183974033860637 1.525841438364794 0.8745625712070293 0.6913884351968694 0.0 0.8394976201725546 0.0 
node 1 1 1 1
node 2 1 1 1
node 3 1 1 1
node 4 1 1 1
node 5 1 1 1
node 6 1 1 1
node 7 1 1 3
node 8 1 0 0
node 9 1 0 0
node 10 1 0 0
node 11 1 0 0
node 13 1 0 2
node 14 1 0 2
node 62 1 0 0
node 81 1 0 0
gene  1 2 8 1.1063865333463072 0 99.0 1.1063865333463072 1
gene  1 6 8 -5.088613169830426 0 103.0 -5.088613169830426 1
gene  1 8 8 -2.1371790877650794 1 105.0 -2.1371790877650794 1
gene  1 9 8 1.9809203692011514 1 106.0 1.9809203692011514 1
gene  1 10 8 -2.105810570307905 1 107.0 -2.105810570307905 1
gene  1 11 8 4.260574946499088 1 108.0 4.260574946499088 1
gene  1 13 8 0.4485424422424683 1 110.0 0.4485424422424683 1
gene  1 14 8 -2.243318957629998 1 111.0 -2.243318957629998 1
gene  1 1 9 0.42634023010625494 0 112.0 0.42634023010625494 1
gene  1 2 9 -0.2054643018677696 0 113.0 -0.2054643018677696 1
gene  1 3 9 4.661938758694333 0 114.0 4.661938758694333 1
gene  1 6 9 1.2697576869625185 0 117.0 1.2697576869625185 1
gene  1 7 9 0.7611066145418208 0 118.0 0.7611066145418208 1
gene  1 8 9 1.7175810610904536 0 119.0 1.7175810610904536 1
gene  1 9 9 4.515673504927449 1 120.0 4.515673504927449 1
gene  1 11 9 -2.106382181272179 1 122.0 -2.106382181272179 1
gene  1 13 9 1.8553314946508435 1 124.0 1.8553314946508435 1
gene  1 14 9 2.2432816556745987 1 125.0 2.2432816556745987 1
gene  1 1 10 -1.8855616151071122 0 126.0 -1.8855616151071122 1
gene  1 3 10 1.18972576442112 0 128.0 1.18972576442112 1
gene  1 4 10 0.3646852744877699 0 129.0 0.3646852744877699 1
gene  1 5 10 -2.2719538803460684 0 130.0 -2.2719538803460684 1
gene  1 6 10 -1.6078638474667772 0 131.0 -1.6078638474667772 1
gene  1 10 10 1.4820246997430042 1 135.0 1.4820246997430042 1
gene  1 11 10 -4.312219276448809 1 136.0 -4.312219276448809 1
gene  1 14 10 1.09087581820363 1 139.0 1.09087581820363 1
gene  1 1 11 -2.529689505019128 0 140.0 -2.529689505019128 1
gene  1 3 11 -1.1384398803396962 0 142.0 -1.1384398803396962 1
gene  1 5 11 -3.540545769544627 0 144.0 -3.540545769544627 1
gene  1 6 11 5.048713747658856 0 145.0 5.048713747658856 1
gene  1 7 11 -2.1153645673501185 0 146.0 -2.1153645673501185 1
gene  1 8 11 -2.603907174258027 0 147.0 -2.603907174258027 1
gene  1 9 11 -3.508054580369815 0 148.0 -3.508054580369815 1
gene  1 10 11 1.3609473444477869 0 149.0 1.3609473444477869 1
gene  1 11 11 -0.7605616763994569 1 150.0 -0.7605616763994569 0
gene  1 1 13 -1.3849477882171246 0 168.0 -1.3849477882171246 1
gene  1 2 13 1.467553265280277 0 169.0 1.467553265280277 1
gene  1 3 13 0.13838425700260037 0 170.0 0.13838425700260037 1
gene  1 7 13 1.3812215308796851 0 174.0 1.3812215308796851 1
gene  1 11 13 -2.583831547512331 0 178.0 -2.583831547512331 1
gene  1 13 13 4.760093656161487 1 180.0 4.760093656161487 1
gene  1 2 14 -1.9189820171066332 0 183.0 -1.9189820171066332 1
gene  1 3 14 1.9735672986441144 0 184.0 1.9735672986441144 1
gene  1 4 14 -1.5997955221559925 0 185.0 -1.5997955221559925 1
gene  1 7 14 0.7154260435288651 0 188.0 0.7154260435288651 1
gene  1 8 14 -1.710752995102235 0 189.0 -1.710752995102235 1
gene  1 10 14 -2.512349304644235 0 191.0 -2.512349304644235 1
gene  1 13 14 8.318812973917211 0 194.0 8.318812973917211 1
gene  1 5 13 2.7031973565609806 0 198.0 2.7031973565609806 1
gene  1 4 9 4.213096862562505 0 200.0 4.213096862562505 1
gene  1 8 13 -1.5249365240127224 0 248.0 -1.5249365240127224 1
gene  1 7 10 -0.6497189445086677 0 270.0 -0.6497189445086677 1
gene  1 9 10 -5.647862897050885 0 274.0 -5.647862897050885 1
gene  1 9 13 -1.6540808670961735 0 288.0 -1.6540808670961735 1
gene  1 5 14 -1.5676639862967414 0 328.0 -1.5676639862967414 1
gene  1 2 10 -0.6483273650794712 0 357.0 -0.6483273650794712 1
gene  1 6 14 -2.268693880103471 0 388.0 -2.268693880103471 1
gene  1 3 62 0.3951729489991279 0 411.0 0.3951729489991279 1
gene  1 62 9 1.3265954963265731 0 412.0 1.3265954963265731 1
gene  1 5 8 -8.232397981520068 0 414.0 -8.232397981520068 1
gene  1 7 8 1.1917349458981357 0 436.0 1.1917349458981357 1
gene  1 11 81 1.0 1 496.0 0.0 1
gene  1 81 11 -0.7605616763994569 0 497.0 0.0 1
genomeend 4
genomestart  5
trait 1 1.7878230492365366 0.9365906229773271 0.0 0.0 1.7799059348361965 1.2636555841906816 0.0 0.48682907384645435 
node 1 1 1 1
node 2 1 1 1
node 3 1 1 1
node 4 1 1 1
node 5 1 1 1
node 6 1 1 1
node 7 1 1 3
node 8 1 0 0
node 13 1 0 2
node 14 1 0 2
node 16 1 0 0
node 20 1 0 0
node 50 1 0 0
node 55 1 0 0
node 70 1 0 0
gene  1 1 8 5.404655973665342 0 98.0 5.404655973665342 1
gene  1 2 8 -0.4105586694263491 0 99.0 -0.4105586694263491 1
gene  1 3 8 -6.553566615907239 0 100.0 -6.553566615907239 1
gene  1 4 8 -1.28376528959739 0 101.0 -1.28376528959739 1
gene  1 5 8 9.158021782785996 0 102.0 9.158021782785996 1
gene  1 6 8 3.5365557462760364 0 103.0 3.5365557462760364 1
gene  1 8 8 4.592345627891282 1 105.0 4.592345627891282 1
gene  1 13 8 3.421649687294031 1 110.0 3.421649687294031 1
gene  1 14 8 -6.960290035623366 1 111.0 -6.960290035623366 1
gene  1 3 13 -9.698025525797442 0 170.0 -9.698025525797442 1
gene  1 5 13 -1.6227929265097536 0 172.0 -1.6227929265097536 1
gene  1 7 13 3.257626988589144 0 174.0 3.257626988589144 1
gene  1 13 13 2.7118545383621457 1 180.0 2.7118545383621457 1
gene  1 2 14 -1.4342692527020289 0 183.0 -1.4342692527020289 1
gene  1 4 14 -8.992988848584778 0 185.0 -8.992988848584778 1
gene  1 6 14 0.42339811836897745 0 187.0 0.42339811836897745 1
gene  1 8 14 2.3332808971984638 0 189.0 2.3332808971984638 1
gene  1 13 14 -4.839153857194077 0 194.0 -4.839153857194077 1
gene  1 13 16 -0.13176875056900006 0 201.0 -0.13176875056900006 1
gene  1 16 14 -4.678893461784073 0 202.0 -4.678893461784073 1
gene  1 3 20 1.5040185483900954 0 215.0 1.5040185483900954 1
gene  1 20 8 -4.765769054296392 0 216.0 -4.765769054296392 1
gene  1 8 13 -0.6934368763097475 0 233.0 -0.6934368763097475 1
gene  1 2 16 7.099248972042954 0 324.0 7.099248972042954 1
gene  1 2 20 8.525656765711375 0 333.0 8.525656765711375 1
gene  1 7 8 -0.22912806207578718 0 352.0 -0.22912806207578718 1
gene  1 16 50 -5.398406935738658 0 364.0 -5.398406935738658 1
gene  1 50 14 -2.65572221321773 0 365.0 -2.65572221321773 1
gene  1 3 55 -1.1959510661826989 0 379.0 -1.1959510661826989 1
gene  1 55 20 6.100563125030925 0 380.0 6.100563125030925 1
gene  1 3 70 -0.393984717455091 0 461.0 -0.393984717455091 1
gene  1 70 13 -9.383944240311653 0 462.0 -9.383944240311653 1
gene  1 6 16 -10.807658729829967 0 484.0 -10.807658729829967 1
gene  1 70 20 8.04260431043317 0 498.0 8.04260431043317 1
genomeend 5
genomestart  6
trait 1 1.7878230492365366 0.9365906229773271 0.0 0.0 1.7799059348361965 1.2636555841906816 0.0 0.48682907384645435 
node 1 1 1 1
node 2 1 1 1
node 3 1 1 1
node 4 1 1 1
node 5 1 1 1
node 6 1 1 1
node 7 1 1 3
node 8 1 0 0
node 13 1 0 2
node 14 1 0 2
node 16 1 0 0
node 20 1 0 0
node 50 1 0 0
node 55 1 0 0
node 70 1 0 0
gene  1 1 8 5.404655973665342 0 98.0 5.404655973665342 1
gene  1 2 8 -0.4105586694263491 0 99.0 -0.4105586694263491 1
gene  1 3 8 -6.553566615907239 0 100.0 -6.553566615907239 1
gene  1 4 8 -1.28376528959739 0 101.0 -1.28376528959739 1
gene  1 5 8 9.158021782785996 0 102.0 9.158021782785996 1
gene  1 6 8 3.5365557462760364 0 103.0 3.5365557462760364 1
gene  1 8 8 4.592345627891282 1 105.0 4.592345627891282 1
gene  1 13 8 3.421649687294031 1 110.0 3.421649687294031 1
gene  1 14 8 -6.960290035623366 1 111.0 -6.960290035623366 1
gene  1 3 13 -9.698025525797442 0 170.0 -9.698025525797442 0
gene  1 5 13 -1.6227929265097536 0 172.0 -1.6227929265097536 1
gene  1 7 13 3.257626988589144 0 174.0 3.257626988589144 1
gene  1 13 13 2.7118545383621457 1 180.0 2.7118545383621457 1
gene  1 2 14 -1.4342692527020289 0 183.0 -1.4342692527020289 1
gene  1 4 14 -8.992988848584778 0 185.0 -8.992988848584778 1
gene  1 6 14 0.42339811836897745 0 187.0 0.42339811836897745 1
gene  1 8 14 2.3332808971984638 0 189.0 2.3332808971984638 1
gene  1 13 14 -4.839153857194077 0 194.0 -4.839153857194077 1
gene  1 13 16 -0.13176875056900006 0 201.0 -0.13176875056900006 1
gene  1 16 14 -4.678893461784073 0 202.0 -4.678893461784073 1
gene  1 3 20 1.5040185483900954 0 215.0 1.5040185483900954 1
gene  1 20 8 -4.765769054296392 0 216.0 -4.765769054296392 1
gene  1 8 13 -0.6934368763097475 0 233.0 -0.6934368763097475 1
gene  1 2 16 7.099248972042954 0 324.0 7.099248972042954 1
gene  1 2 20 8.525656765711375 0 333.0 8.525656765711375 1
gene  1 7 8 -0.22912806207578718 0 352.0 -0.22912806207578718 1
gene  1 16 50 -5.398406935738658 0 364.0 -5.398406935738658 1
gene  1 50 14 -2.65572221321773 0 365.0 -2.65572221321773 1
gene  1 3 55 -1.1959510661826989 0 379.0 -1.1959510661826989 1
gene  1 55 20 6.100563125030925 0 380.0 6.100563125030925 1
gene  1 3 70 -0.393984717455091 0 461.0 -0.393984717455091 1
gene  1 70 13 -9.383944240311653 0 462.0 -9.383944240311653 1
gene  1 6 16 -10.807658729829967 0 484.0 -10.807658729829967 1
genomeend 6
genomestart  7
trait 1 0.0 0.2763675853393155 0.875982788337901 0.7948206016704883 0.358711806223011 0.9714201015196656 0.0 0.6764016660929384 
node 1 1 1 1
node 2 1 1 1
node 3 1 1 1
node 4 1 1 1
node 5 1 1 1
node 6 1 1 1
node 7 1 1 3
node 8 1 0 0
node 9 1 0 0
node 10 1 0 0
node 13 1 0 2
node 14 1 0 2
node 21 1 0 0
node 29 1 0 0
node 52 1 0 0
node 53 1 0 0
node 64 1 0 0
gene  1 1 8 -13.983876260736094 0 98.0 -13.983876260736094 1
gene  1 3 8 -0.7859752535612063 0 100.0 -0.7859752535612063 1
gene  1 5 8 5.2638791436255605 0 102.0 5.2638791436255605 1
gene  1 6 8 -0.18134232974106435 0 103.0 -0.18134232974106435 1
gene  1 8 8 -1.5358553247582547 1 105.0 -1.5358553247582547 1
gene  1 1 9 2.2674607412133017 0 112.0 2.2674607412133017 1
gene  1 2 9 6.136576370025626 0 113.0 6.136576370025626 1
gene  1 3 9 0.9263038880892072 0 114.0 0.9263038880892072 1
gene  1 5 9 2.602513837970875 0 116.0 2.602513837970875 1
gene  1 7 9 -7.366701598069666 0 118.0 -7.366701598069666 1
gene  1 9 9 0.6538020664533757 1 120.0 0.6538020664533757 1
gene  1 10 9 -0.36759219612961336 1 121.0 -0.36759219612961336 1
gene  1 13 9 3.0002906114369154 1 124.0 3.0002906114369154 1
gene  1 2 10 -2.398211551105975 0 127.0 -2.398211551105975 1
gene  1 4 10 -4.2139789697103005 0 129.0 -4.2139789697103005 1
gene  1 5 10 0.8415165292633342 0 130.0 0.8415165292633342 1
gene  1 8 10 1.8847968762732372 0 133.0 1.8847968762732372 1
gene  1 9 10 2.0053047431673403 0 134.0 2.0053047431673403 1
gene  1 10 10 -1.9983251880955306 1 135.0 -1.9983251880955306 1
gene  1 13 10 -4.240471614992593 1 138.0 -4.240471614992593 1
gene  1 14 10 -3.0343464288279995 1 139.0 -3.0343464288279995 1
gene  1 2 13 -1.6560920713012162 0 169.0 -1.6560920713012162 1
gene  1 3 13 2.710609023735673 0 170.0 2.710609023735673 1
gene  1 6 13 -0.007193080577642341 0 173.0 -0.007193080577642341 1
gene  1 7 13 -9.244133653315398 0 174.0 -9.244133653315398 1
gene  1 9 13 2.9448568267906046 0 176.0 2.9448568267906046 1
gene  1 13 13 -1.3985741952346216 1 180.0 -1.3985741952346216 1
gene  1 14 13 0.9534798251232108 1 181.0 0.9534798251232108 1
gene  1 1 14 3.8778602874855643 0 182.0 3.8778602874855643 1
gene  1 3 14 -4.988332731989349 0 184.0 -4.988332731989349 1
gene  1 9 14 2.3390987104820216 0 190.0 2.3390987104820216 1
gene  1 10 14 -0.7084046713016904 0 191.0 -0.7084046713016904 1
gene  1 1 21 -12.093061027283555 0 218.0 -12.093061027283555 1
gene  1 21 8 -0.9478360769129262 0 219.0 -0.9478360769129262 1
gene  1 3 10 1.8818062249763012 0 223.0 1.8818062249763012 1
gene  1 6 29 -0.21843995857066556 0 259.0 -0.21843995857066556 1
gene  1 29 8 5.1904106980245475 0 260.0 5.1904106980245475 1
gene  1 29 21 3.6797854321616787 0 271.0 3.6797854321616787 1
gene  1 3 21 1.0292423927065435 0 300.0 1.0292423927065435 1
gene  1 9 52 -0.4958313402549139 0 368.0 -0.4958313402549139 1
gene  1 52 14 0.8506627632866153 0 369.0 0.8506627632866153 1
gene  1 1 53 2.6458132510701153 0 372.0 2.6458132510701153 1
gene  1 53 21 -1.8572203553716204 0 373.0 -1.8572203553716204 0
gene  1 2 52 -3.4393634888459585 0 425.0 -3.4393634888459585 1
gene  1 53 64 5.191818101210502 0 443.0 5.191818101210502 1
gene  1 64 21 1.6289818683637267 0 444.0 1.6289818683637267 1
genomeend 7
genomestart  8
trait 1 0.0 0.2763675853393155 0.875982788337901 0.7948206016704883 0.358711806223011 0.9714201015196656 0.0 0.6764016660929384 
node 1 1 1 1
node 2 1 1 1
node 3 1 1 1
node 4 1 1 1
node 5 1 1 1
node 6 1 1 1
node 7 1 1 3
node 8 1 0 0
node 9 1 0 0
node 10 1 0 0
node 13 1 0 2
node 14 1 0 2
node 21 1 0 0
node 29 1 0 0
node 52 1 0 0
node 53 1 0 0
node 64 1 0 0
gene  1 1 8 -14.672005323373941 0 98.0 -14.672005323373941 1
gene  1 3 8 -2.7604444544012257 0 100.0 -2.7604444544012257 1
gene  1 5 8 2.8853579500812643 0 102.0 2.8853579500812643 1
gene  1 6 8 -1.6642733935241616 0 103.0 -1.6642733935241616 1
gene  1 8 8 -0.707154258538603 1 105.0 -0.707154258538603 1
gene  1 1 9 2.4238763522435853 0 112.0 2.4238763522435853 1
gene  1 2 9 4.271950137625918 0 113.0 4.271950137625918 1
gene  1 3 9 1.1363788705746847 0 114.0 1.1363788705746847 1
gene  1 5 9 0.5431241742701598 0 116.0 0.5431241742701598 1
gene  1 7 9 -6.884833009371417 0 118.0 -6.884833009371417 1
gene  1 9 9 -0.1481342885442385 1 120.0 -0.1481342885442385 1
gene  1 10 9 -0.2783925395520285 1 121.0 -0.2783925395520285 1
gene  1 13 9 1.5747542888253672 1 124.0 1.5747542888253672 1
gene  1 2 10 -2.1619711291737658 0 127.0 -2.1619711291737658 1
gene  1 4 10 -2.3230590281575476 0 129.0 -2.3230590281575476 1
gene  1 5 10 0.5376056014400723 0 130.0 0.5376056014400723 1
gene  1 8 10 0.9645972925312676 0 133.0 0.9645972925312676 1
gene  1 9 10 3.213834331624238 0 134.0 3.213834331624238 1
gene  1 10 10 -0.44945232846336125 1 135.0 -0.44945232846336125 1
gene  1 13 10 -3.68473419859316 1 138.0 -3.68473419859316 1
gene  1 14 10 -2.568737467731144 1 139.0 -2.568737467731144 1
gene  1 2 13 -2.0362344909183694 0 169.0 -2.0362344909183694 1
gene  1 3 13 0.4758235994262391 0 170.0 0.4758235994262391 1
gene  1 6 13 1.5203369851279693 0 173.0 1.5203369851279693 1
gene  1 7 13 -7.290715641272436 0 174.0 -7.290715641272436 1
gene  1 9 13 2.304983476313063 0 176.0 2.304983476313063 1
gene  1 13 13 0.47045420055904774 1 180.0 0.47045420055904774 1
gene  1 14 13 2.48568131083994 1 181.0 2.48568131083994 1
gene  1 1 14 2.2794313934413784 0 182.0 2.2794313934413784 1
gene  1 3 14 -3.9604083945840034 0 184.0 -3.9604083945840034 1
gene  1 9 14 2.118288275198813 0 190.0 2.118288275198813 1
gene  1 10 14 0.8505982296076714 0 191.0 0.8505982296076714 1
gene  1 1 21 -13.270485393823325 0 218.0 -13.270485393823325 1
gene  1 21 8 -1.7354223391700478 0 219.0 -1.7354223391700478 1
gene  1 3 10 1.7871420135904699 0 223.0 1.7871420135904699 1
gene  1 6 29 1.525581030066881 0 259.0 1.525581030066881 1
gene  1 29 8 6.22732871131461 0 260.0 6.22732871131461 1
gene  1 29 21 3.714344485562544 0 271.0 3.714344485562544 1
gene  1 3 21 -1.4132849728592058 0 300.0 -1.4132849728592058 1
gene  1 9 52 -0.4958313402549139 0 368.0 -0.4958313402549139 1
gene  1 52 14 -1.1343943815950692 0 369.0 -1.1343943815950692 1
gene  1 1 53 0.2801110477731428 0 372.0 0.2801110477731428 1
gene  1 53 21 4.22886096703609 0 373.0 4.22886096703609 0
gene  1 2 52 -3.4393634888459585 0 425.0 -3.4393634888459585 1
gene  1 53 64 4.134187558955881 0 443.0 4.134187558955881 1
gene  1 64 21 -1.7909366834006795 0 444.0 -1.7909366834006795 1
gene  1 4 9 -2.5649163384506624 0 499.0 -2.5649163384506624 1
genomeend 8
genomestart  9
trait 1 0.0 0.2763675853393155 0.875982788337901 0.7948206016704883 0.358711806223011 0.9714201015196656 0.0 0.6764016660929384 
node 1 1 1 1
node 2 1 1 1
node 3 1 1 1
node 4 1 1 1
node 5 1 1 1
node 6 1 1 1
node 7 1 1 3
node 8 1 0 0
node 9 1 0 0
node 10 1 0 0
node 13 1 0 2
node 14 1 0 2
node 21 1 0 0
node 29 1 0 0
node 52 1 0 0
node 53 1 0 0
node 64 1 0 0
gene  1 1 8 -12.416619682308626 0 98.0 -12.416619682308626 1
gene  1 3 8 -1.1436808008595327 0 100.0 -1.1436808008595327 1
gene  1 5 8 2.488907429779381 0 102.0 2.488907429779381 1
gene  1 6 8 -4.048312020114776 0 103.0 -4.048312020114776 1
gene  1 8 8 1.1296549760270953 1 105.0 1.1296549760270953 1
gene  1 1 9 1.366501374169769 0 112.0 1.366501374169769 1
gene  1 2 9 4.101728497737527 0 113.0 4.101728497737527 1
gene  1 3 9 2.8656123640605475 0 114.0 2.8656123640605475 1
gene  1 5 9 0.5849749826182529 0 116.0 0.5849749826182529 1
gene  1 7 9 -4.3963224958202956 0 118.0 -4.3963224958202956 1
gene  1 9 9 -1.9633481286745527 1 120.0 -1.9633481286745527 1
gene  1 10 9 1.6836915687317413 1 121.0 1.6836915687317413 1
gene  1 13 9 2.0335875318268064 1 124.0 2.0335875318268064 1
gene  1 2 10 -3.78551704082157 0 127.0 -3.78551704082157 1
gene  1 4 10 -4.6627021640143 0 129.0 -4.6627021640143 1
gene  1 5 10 -0.6108359843899831 0 130.0 -0.6108359843899831 1
gene  1 8 10 1.677681470364231 0 133.0 1.677681470364231 1
gene  1 9 10 5.32693483158689 0 134.0 5.32693483158689 1
gene  1 10 10 -0.5638858112137192 1 135.0 -0.5638858112137192 1
gene  1 13 10 -1.2280439940714882 1 138.0 -1.2280439940714882 1
gene  1 14 10 -0.37547398794781595 1 139.0 -0.37547398794781595 1
gene  1 2 13 -3.232252300707635 0 169.0 -3.232252300707635 1
gene  1 3 13 1.4501429885255588 0 170.0 1.4501429885255588 1
gene  1 6 13 0.7146022173113761 0 173.0 0.7146022173113761 1
gene  1 7 13 -5.409390202202227 0 174.0 -5.409390202202227 1
gene  1 9 13 2.0158486749749307 0 176.0 2.0158486749749307 1
gene  1 13 13 1.7939387018892248 1 180.0 1.7939387018892248 1
gene  1 14 13 0.9844616392525123 1 181.0 0.9844616392525123 1
gene  1 1 14 1.8900489709835075 0 182.0 1.8900489709835075 1
gene  1 3 14 -5.965634805387278 0 184.0 -5.965634805387278 1
gene  1 9 14 2.0681694395951915 0 190.0 2.0681694395951915 1
gene  1 10 14 2.4806878558719134 0 191.0 2.4806878558719134 1
gene  1 1 21 -14.37019301277842 0 218.0 -14.37019301277842 1
gene  1 21 8 0.5967503388151822 0 219.0 0.5967503388151822 1
gene  1 3 10 -0.0044863171416849035 0 223.0 -0.0044863171416849035 1
gene  1 6 29 3.4161601693068984 0 259.0 3.4161601693068984 1
gene  1 29 8 4.662257260977199 0 260.0 4.662257260977199 1
gene  1 29 21 3.133113102740362 0 271.0 3.133113102740362 1
gene  1 3 21 -1.1037736977647261 0 300.0 -1.1037736977647261 1
gene  1 9 52 0.5644856913195018 0 368.0 0.5644856913195018 1
gene  1 52 14 -2.6990493157370796 0 369.0 -2.6990493157370796 1
gene  1 1 53 -1.5971620787810448 0 372.0 -1.5971620787810448 1
gene  1 53 21 3.2832131183414868 0 373.0 3.2832131183414868 1
gene  1 2 52 -3.4393634888459585 0 425.0 -3.4393634888459585 1
gene  1 53 64 0.9368403221738943 0 443.0 0.9368403221738943 1
gene  1 64 21 -1.459547003257843 0 444.0 -1.459547003257843 1
genomeend 9
genomestart  10
trait 1 0.39340002544161434 0.4638621482816303 0.4185672944766822 1.064591410541687 0.18796189784306305 1.4619974594472236 1.314330803229924 0.36223095093968216 
node 1 1 1 1
node 2 1 1 1
node 3 1 1 1
node 4 1 1 1
node 5 1 1 1
node 6 1 1 1
node 7 1 1 3
node 13 1 0 2
node 14 1 0 2
node 42 1 0 0
node 61 1 0 0
node 74 1 0 0
node 76 1 0 0
gene  1 1 13 -6.201199379367512 0 168.0 -6.201199379367512 1
gene  1 2 13 11.168563456932356 0 169.0 11.168563456932356 1
gene  1 3 13 1.2695981626478379 0 170.0 1.2695981626478379 1
gene  1 4 13 -4.455660737747343 0 171.0 -4.455660737747343 1
gene  1 5 13 9.146307714881013 0 172.0 9.146307714881013 1
gene  1 6 13 -6.901513553599921 0 173.0 -6.901513553599921 1
gene  1 7 13 2.17066529757542 0 174.0 2.17066529757542 1
gene  1 14 13 -4.525875664810985 1 181.0 -4.525875664810985 1
gene  1 1 14 2.4436883887825447 0 182.0 2.4436883887825447 1
gene  1 2 14 0.18792564272287438 0 183.0 0.18792564272287438 1
gene  1 3 14 3.1309387821537706 0 184.0 3.1309387821537706 1
gene  1 13 14 2.3486644436626483 0 194.0 2.3486644436626483 1
gene  1 14 14 -3.867651974132637 1 195.0 -3.867651974132637 1
gene  1 6 14 -2.480626030314262 0 230.0 -2.480626030314262 1
gene  1 4 14 2.187478720254028 0 312.0 2.187478720254028 1
gene  1 2 42 1.3303024389114098 0 320.0 1.3303024389114098 1
gene  1 42 13 4.010645545319205 0 321.0 4.010645545319205 1
gene  1 6 42 -0.045726880888949495 0 349.0 -0.045726880888949495 1
gene  1 7 14 5.466972142403188 0 353.0 5.466972142403188 1
gene  1 7 42 2.2386092086054874 0 395.0 2.2386092086054874 1
gene  1 5 61 2.1364339978166185 0 408.0 2.1364339978166185 1
gene  1 61 13 4.450913625611594 0 409.0 4.450913625611594 1
gene  1 5 42 1.6067933214073593 0 426.0 1.6067933214073593 0
gene  1 2 74 3.2118999206163563 0 471.0 3.2118999206163563 1
gene  1 74 13 -2.1088647818847894 0 472.0 -2.1088647818847894 1
gene  1 5 76 3.481737585990752 0 476.0 3.481737585990752 1
gene  1 76 42 1.0455651592339963 0 477.0 1.0455651592339963 1
gene  1 3 74 -0.32484872038145207 0 491.0 -0.32484872038145207 1
genomeend 10
genomestart  11
trait 1 0.39340002544161434 0.4638621482816303 0.4185672944766822 1.064591410541687 0.18796189784306305 1.4619974594472236 1.314330803229924 0.36223095093968216 
node 1 1 1 1
node 2 1 1 1
node 3 1 1 1
node 4 1 1 1
node 5 1 1 1
node 6 1 1 1
node 7 1 1 3
node 13 1 0 2
node 14 1 0 2
node 42 1 0 0
node 61 1 0 0
node 74 1 0 0
node 76 1 0 0
gene  1 1 13 -5.467412928158592 0 168.0 -5.467412928158592 1
gene  1 2 13 8.74962917261564 0 169.0 8.74962917261564 1
gene  1 3 13 -1.7165648066506596 0 170.0 -1.7165648066506596 1
gene  1 4 13 -6.8596146257000665 0 171.0 -6.8596146257000665 1
gene  1 5 13 4.935438616688413 0 172.0 4.935438616688413 1
gene  1 6 13 -5.495038953306104 0 173.0 -5.495038953306104 1
gene  1 7 13 -0.2736462597294578 0 174.0 -0.2736462597294578 1
gene  1 14 13 -2.6333723763331376 1 181.0 -2.6333723763331376 1
gene  1 1 14 1.381917914320753 0 182.0 1.381917914320753 1
gene  1 2 14 0.9674728896765294 0 183.0 0.9674728896765294 1
gene  1 3 14 6.173325067275142 0 184.0 6.173325067275142 1
gene  1 13 14 3.376403756213888 0 194.0 3.376403756213888 1
gene  1 14 14 -3.768569519852515 1 195.0 -3.768569519852515 1
gene  1 6 14 -3.550039453515115 0 230.0 -3.550039453515115 1
gene  1 4 14 0.6959876784930759 0 312.0 0.6959876784930759 1
gene  1 2 42 2.3372532735370015 0 320.0 2.3372532735370015 1
gene  1 42 13 5.438683421670248 0 321.0 5.438683421670248 1
gene  1 6 42 3.3772948041131485 0 349.0 3.3772948041131485 1
gene  1 7 14 4.995685092097873 0 353.0 4.995685092097873 1
gene  1 7 42 -1.0828640165295487 0 395.0 -1.0828640165295487 1
gene  1 5 61 0.7436826100321388 0 408.0 0.7436826100321388 1
gene  1 61 13 3.1096837465510174 0 409.0 3.1096837465510174 1
gene  1 5 42 1.560368433328386 0 426.0 1.560368433328386 0
gene  1 2 74 -2.4526350403629587 0 471.0 -2.4526350403629587 1
gene  1 74 13 -5.068933556921426 0 472.0 -5.068933556921426 1
gene  1 5 76 1.8466956820578448 0 476.0 1.8466956820578448 1
gene  1 76 42 1.0324106999373608 0 477.0 1.0324106999373608 1
gene  1 3 74 -1.2982837450045648 0 491.0 -1.2982837450045648 1
genomeend 11
genomestart  12
trait 1 0.39340002544161434 0.4638621482816303 0.4185672944766822 1.064591410541687 0.18796189784306305 1.4619974594472236 1.314330803229924 0.36223095093968216 
node 1 1 1 1
node 2 1 1 1
node 3 1 1 1
node 4 1 1 1
node 5 1 1 1
node 6 1 1 1
node 7 1 1 3
node 13 1 0 2
node 14 1 0 2
node 42 1 0 0
node 61 1 0 0
node 74 1 0 0
node 76 1 0 0
gene  1 1 13 -3.816315292351751 0 168.0 -3.816315292351751 1
gene  1 2 13 8.082796566038317 0 169.0 8.082796566038317 1
gene  1 3 13 -3.89853713841565 0 170.0 -3.89853713841565 1
gene  1 4 13 -6.106165502951697 0 171.0 -6.106165502951697 1
gene  1 5 13 -2.3500149036325033 0 172.0 -2.3500149036325033 1
gene  1 6 13 -5.535805084709583 0 173.0 -5.535805084709583 1
gene  1 7 13 -0.0810802091578573 0 174.0 -0.0810802091578573 1
gene  1 14 13 -2.1122415626887965 1 181.0 -2.1122415626887965 1
gene  1 1 14 3.283232215604203 0 182.0 3.283232215604203 1
gene  1 2 14 -0.9308130509094377 0 183.0 -0.9308130509094377 1
gene  1 3 14 3.2248212862900387 0 184.0 3.2248212862900387 1
gene  1 13 14 0.015003191162680451 0 194.0 0.015003191162680451 1
gene  1 14 14 -3.875610193690002 1 195.0 -3.875610193690002 1
gene  1 6 14 -3.108707566772763 0 230.0 -3.108707566772763 1
gene  1 4 14 -3.7000487411974294 0 312.0 -3.7000487411974294 1
gene  1 2 42 5.1020947660317075 0 320.0 5.1020947660317075 1
gene  1 42 13 0.3946928095747676 0 321.0 0.3946928095747676 1
gene  1 6 42 0.9298356421650373 0 349.0 0.9298356421650373 1
gene  1 7 14 5.504539465192308 0 353.0 5.504539465192308 1
gene  1 7 42 1.2127067856473994 0 395.0 1.2127067856473994 1
gene  1 5 61 1.305348347197259 0 408.0 1.305348347197259 1
gene  1 61 13 3.6174755701739016 0 409.0 3.6174755701739016 1
gene  1 5 42 -0.49511485143904843 0 426.0 -0.49511485143904843 0
gene  1 2 74 1.3054143397355675 0 471.0 1.3054143397355675 1
gene  1 74 13 -3.6385220393088744 0 472.0 -3.6385220393088744 1
gene  1 5 76 -1.825706082154765 0 476.0 -1.825706082154765 1
gene  1 76 42 0.9613787316802711 0 477.0 0.9613787316802711 1
gene  1 3 74 -0.9961344390009397 0 491.0 -0.9961344390009397 1
genomeend 12
genomestart  13
trait 1 0.0 1.0928829975406382 0.03145355857324372 0.5098453143214142 0.4939563997667481 0.28305199411763293 0.9402005617249138 0.7626488466698699 
node 1 1 1 1
node 2 1 1 1
node 3 1 1 1
node 4 1 1 1
node 5 1 1 1
node 6 1 1 1
node 7 1 1 3
node 8 1 0 0
node 13 1 0 2
node 14 1 0 2
node 49 1 0 0
node 59 1 0 0
node 63 1 0 0
gene  1 4 8 -1.5655687296576426 0 101.0 -1.5655687296576426 1
gene  1 5 8 -2.6800873590841876 0 102.0 -2.6800873590841876 1
gene  1 6 8 -0.862252409142546 0 103.0 -0.862252409142546 1
gene  1 14 8 -0.05074894968323446 1 111.0 -0.05074894968323446 1
gene  1 1 13 7.2554318471536225 0 168.0 7.2554318471536225 1
gene  1 2 13 -3.5550950436648163 0 169.0 -3.5550950436648163 1
gene  1 3 13 1.1527197944942897 0 170.0 1.1527197944942897 1
gene  1 5 13 5.374704613706163 0 172.0 5.374704613706163 1
gene  1 7 13 -8.398526343649078 0 174.0 -8.398526343649078 1
gene  1 14 13 -2.518626877251923 1 181.0 -2.518626877251923 1
gene  1 1 14 6.602559147568006 0 182.0 6.602559147568006 1
gene  1 2 14 -3.338126100007024 0 183.0 -3.338126100007024 1
gene  1 3 14 -2.6751190231544397 0 184.0 -2.6751190231544397 1
gene  1 4 14 3.17360441722661 0 185.0 3.17360441722661 1
gene  1 8 14 3.15052991952177 0 189.0 3.15052991952177 1
gene  1 14 14 1.9522548293315505 1 195.0 1.9522548293315505 1
gene  1 6 14 11.297894239721426 0 240.0 11.297894239721426 1
gene  1 8 13 -0.2730212606081388 0 311.0 -0.2730212606081388 1
gene  1 14 13 5.890002556785602 0 322.0 5.890002556785602 1
gene  1 2 49 0.02282630520341944 0 362.0 0.02282630520341944 1
gene  1 49 14 1.5558783799879687 0 363.0 1.5558783799879687 0
gene  1 3 8 -0.3604086643304147 0 393.0 -0.3604086643304147 1
gene  1 49 59 3.2375381736544417 0 401.0 3.2375381736544417 1
gene  1 59 14 7.834565736933157 0 402.0 7.834565736933157 1
gene  1 2 59 2.100854497640557 0 403.0 2.100854497640557 1
gene  1 7 14 5.4481976637327625 0 424.0 5.4481976637327625 1
gene  1 59 13 -2.261125936123093 0 427.0 -2.261125936123093 1
gene  1 3 63 2.3321988046657642 0 440.0 2.3321988046657642 1
gene  1 63 8 -0.25598278518914364 0 441.0 -0.25598278518914364 1
genomeend 13
genomestart  14
trait 1 0.6191963994983718 1.8437409326683576 0.7816155317589891 0.49951333318806035 0.760472394127403 2.2133304098674773 0.0 0.0 
node 1 1 1 1
node 2 1 1 1
node 3 1 1 1
node 4 1 1 1
node 5 1 1 1
node 6 1 1 1
node 7 1 1 3
node 8 1 0 0
node 9 1 0 0
node 10 1 0 0
node 11 1 0 0
node 12 1 0 0
node 13 1 0 2
node 14 1 0 2
node 27 1 0 0
node 34 1 0 0
node 40 1 0 0
node 48 1 0 0
node 71 1 0 0
gene  1 1 8 1.9041303441971031 0 98.0 1.9041303441971031 1
gene  1 3 8 -3.610567931802927 0 100.0 -3.610567931802927 1
gene  1 4 8 0.4388651016096712 0 101.0 0.4388651016096712 1
gene  1 6 8 8.563398706873876 0 103.0 8.563398706873876 1
gene  1 8 8 6.599410287696562 1 105.0 6.599410287696562 1
gene  1 10 8 -2.4409481564700197 1 107.0 -2.4409481564700197 1
gene  1 3 9 1.6759643389295045 0 114.0 1.6759643389295045 1
gene  1 6 9 0.5392645754503254 0 117.0 0.5392645754503254 1
gene  1 8 9 -7.232511498159902 0 119.0 -7.232511498159902 1
gene  1 10 9 4.40753029213953 1 121.0 4.40753029213953 1
gene  1 11 9 12.695755478918667 1 122.0 12.695755478918667 1
gene  1 13 9 -0.7321173683180242 1 124.0 -0.7321173683180242 1
gene  1 14 9 -8.212665467484237 1 125.0 -8.212665467484237 1
gene  1 1 10 0.6712477455996035 0 126.0 0.6712477455996035 1
gene  1 3 10 2.4813070491321176 0 128.0 2.4813070491321176 1
gene  1 4 10 2.6536320513729983 0 129.0 2.6536320513729983 1
gene  1 5 10 1.2059639264294528 0 130.0 1.2059639264294528 1
gene  1 9 10 3.582912782568178 0 134.0 3.582912782568178 1
gene  1 13 10 2.0909779961769406 1 138.0 2.0909779961769406 1
gene  1 1 11 -1.6540262016353193 0 140.0 -1.6540262016353193 1
gene  1 3 11 -1.5229900874278517 0 142.0 -1.5229900874278517 1
gene  1 5 11 -0.25849335085509717 0 144.0 -0.25849335085509717 1
gene  1 9 11 1.0702416563023274 0 148.0 1.0702416563023274 1
gene  1 10 11 -4.227513465990079 0 149.0 -4.227513465990079 1
gene  1 12 11 -2.4449402764104815 1 151.0 -2.4449402764104815 1
gene  1 14 11 -6.27851357716799 1 153.0 -6.27851357716799 1
gene  1 2 12 -0.5040949526634422 0 155.0 -0.5040949526634422 1
gene  1 4 12 0.7779376322116041 0 157.0 0.7779376322116041 1
gene  1 6 12 3.427324646541533 0 159.0 3.427324646541533 1
gene  1 7 12 0.2875004664978742 0 160.0 0.2875004664978742 1
gene  1 9 12 -1.0308691884598078 0 162.0 -1.0308691884598078 1
gene  1 10 12 -3.8613169586477674 0 163.0 -3.8613169586477674 1
gene  1 12 12 5.822660413572317 1 165.0 5.822660413572317 1
gene  1 14 12 -8.384791636489066 1 167.0 -8.384791636489066 1
gene  1 1 13 -2.6135937177461064 0 168.0 -2.6135937177461064 1
gene  1 3 13 6.146075903762104 0 170.0 6.146075903762104 1
gene  1 4 13 2.0402534381530235 0 171.0 2.0402534381530235 1
gene  1 6 13 -3.5079585743879655 0 173.0 -3.5079585743879655 1
gene  1 8 13 -3.0772147895604096 0 175.0 -3.0772147895604096 1
gene  1 9 13 0.6548612884214784 0 176.0 0.6548612884214784 1
gene  1 8 14 -11.476725310797596 0 189.0 -11.476725310797596 1
gene  1 11 14 3.8391279643230387 0 192.0 3.8391279643230387 1
gene  1 5 8 -3.6367111684495006 0 235.0 -3.6367111684495006 1
gene  1 1 27 4.007420202146995 0 241.0 4.007420202146995 1
gene  1 27 8 0.20472509909571512 0 242.0 0.20472509909571512 1
gene  1 9 34 -1.0126783545110334 0 272.0 -1.0126783545110334 1
gene  1 34 11 8.140785431298553 0 273.0 8.140785431298553 1
gene  1 5 13 -0.26361980789829165 0 277.0 -0.26361980789829165 1
gene  1 12 14 -2.2767365746336434 0 296.0 -2.2767365746336434 1
gene  1 8 40 -3.2647346165908995 1 308.0 -3.2647346165908995 1
gene  1 40 8 2.808710693354304 0 309.0 2.808710693354304 1
gene  1 10 14 -3.193179536665204 0 341.0 -3.193179536665204 1
gene  1 3 48 -1.1333610056965129 0 360.0 -1.1333610056965129 1
gene  1 48 8 -4.280344909099574 0 361.0 -4.280344909099574 1
gene  1 10 13 0.06372522477693404 0 404.0 0.06372522477693404 1
gene  1 48 71 1.4130934931912118 0 463.0 1.4130934931912118 1
gene  1 71 8 11.62348732713325 0 464.0 11.62348732713325 1
gene  1 11 12 -4.024586080796279 0 478.0 -4.024586080796279 1
gene  1 34 14 -2.28954106706002 0 481.0 -2.28954106706002 1
genomeend 14
genomestart  15
trait 1 0.6191963994983718 1.1317436682863857 0.7816155317589891 0.49951333318806035 1.2008885776632003 1.8192249839144807 0.18756585323010955 0.0 
node 1 1 1 1
node 2 1 1 1
node 3 1 1 1
node 4 1 1 1
node 5 1 1 1
node 6 1 1 1
node 7 1 1 3
node 8 1 0 0
node 9 1 0 0
node 10 1 0 0
node 11 1 0 0
node 12 1 0 0
node 13 1 0 2
node 14 1 0 2
node 27 1 0 0
node 34 1 0 0
node 40 1 0 0
node 48 1 0 0
node 71 1 0 0
gene  1 1 8 -0.29138238699238594 0 98.0 -0.29138238699238594 1
gene  1 3 8 -2.684820631052092 0 100.0 -2.684820631052092 1
gene  1 4 8 2.121241312925663 0 101.0 2.121241312925663 1
gene  1 6 8 6.532092299062613 0 103.0 6.532092299062613 1
gene  1 8 8 5.079178662676402 1 105.0 5.079178662676402 1
gene  1 10 8 0.32022882401123565 1 107.0 0.32022882401123565 1
gene  1 3 9 0.0867841697835467 0 114.0 0.0867841697835467 1
gene  1 6 9 2.175542661213586 0 117.0 2.175542661213586 1
gene  1 8 9 -6.367139132372013 0 119.0 -6.367139132372013 1
gene  1 10 9 4.00858314582125 1 121.0 4.00858314582125 1
gene  1 11 9 -2.270081599188791 1 122.0 -2.270081599188791 1
gene  1 13 9 -2.727472401429324 1 124.0 -2.727472401429324 1
gene  1 14 9 -1.8701213957547338 1 125.0 -1.8701213957547338 1
gene  1 1 10 -2.9059451884598384 0 126.0 -2.9059451884598384 1
gene  1 3 10 1.6857656903011027 0 128.0 1.6857656903011027 1
gene  1 4 10 2.224088025443099 0 129.0 2.224088025443099 1
gene  1 5 10 -0.9855605562215348 0 130.0 -0.9855605562215348 1
gene  1 9 10 3.7212742084842096 0 134.0 3.7212742084842096 1
gene  1 13 10 0.5877546582020182 1 138.0 0.5877546582020182 1
gene  1 1 11 2.0973301478699446 0 140.0 2.0973301478699446 1
gene  1 3 11 1.0000640298022838 0 142.0 1.0000640298022838 1
gene  1 5 11 -2.1457647940907325 0 144.0 -2.1457647940907325 1
gene  1 9 11 -0.7529093072721584 0 148.0 -0.7529093072721584 1
gene  1 10 11 1.459781247516153 0 149.0 1.459781247516153 1
gene  1 12 11 -3.462870226438089 1 151.0 -3.462870226438089 1
gene  1 14 11 -5.413761844069393 1 153.0 -5.413761844069393 1
gene  1 2 12 0.47773207068571666 0 155.0 0.47773207068571666 1
gene  1 4 12 -0.1453959984026283 0 157.0 -0.1453959984026283 1
gene  1 6 12 -0.1973818979229966 0 159.0 -0.1973818979229966 1
gene  1 7 12 2.2251610165439333 0 160.0 2.2251610165439333 1
gene  1 9 12 2.3188055786627415 0 162.0 2.3188055786627415 1
gene  1 10 12 -5.45064739005117 0 163.0 -5.45064739005117 1
gene  1 12 12 -0.017791499144929335 1 165.0 -0.017791499144929335 1
gene  1 14 12 -6.366981128515261 1 167.0 -6.366981128515261 1
gene  1 1 13 -2.7009137343369165 0 168.0 -2.7009137343369165 1
gene  1 3 13 4.653899851957514 0 170.0 4.653899851957514 1
gene  1 4 13 1.4382273627263755 0 171.0 1.4382273627263755 1
gene  1 6 13 -2.4573240992629097 0 173.0 -2.4573240992629097 1
gene  1 8 13 -2.2525173599430883 0 175.0 -2.2525173599430883 1
gene  1 9 13 1.287772541809528 0 176.0 1.287772541809528 1
gene  1 8 14 -11.219606655344322 0 189.0 -11.219606655344322 1
gene  1 11 14 1.0205838200110127 0 192.0 1.0205838200110127 1
gene  1 5 8 1.974369385790524 0 235.0 1.974369385790524 1
gene  1 1 27 4.265823797584847 0 241.0 4.265823797584847 1
gene  1 27 8 -0.2951450566674356 0 242.0 -0.2951450566674356 1
gene  1 9 34 -1.90169110212011 0 272.0 -1.90169110212011 1
gene  1 34 11 8.659596721326349 0 273.0 8.659596721326349 1
gene  1 5 13 -1.0792958665400512 0 277.0 -1.0792958665400512 1
gene  1 12 14 -0.29477363273362545 0 296.0 -0.29477363273362545 1
gene  1 8 40 -6.133991749101238 1 308.0 -6.133991749101238 1
gene  1 40 8 1.679498391895234 0 309.0 1.679498391895234 1
gene  1 10 14 -3.594055037524301 0 341.0 -3.594055037524301 1
gene  1 3 48 0.28211924876895367 0 360.0 0.28211924876895367 1
gene  1 48 8 -1.9227958673705048 0 361.0 -1.9227958673705048 1
gene  1 10 13 0.010950462479263068 0 404.0 0.010950462479263068 1
gene  1 48 71 4.8087466912219465 0 463.0 4.8087466912219465 1
gene  1 71 8 8.033820480142358 0 464.0 8.033820480142358 1
gene  1 11 12 -1.7581257697018207 0 478.0 -1.7581257697018207 1
gene  1 34 14 -4.496321350507571 0 481.0 -4.496321350507571 1
genomeend 15
genomestart  16
trait 1 0.6191963994983718 1.8437409326683576 0.7816155317589891 0.49951333318806035 0.760472394127403 2.2133304098674773 0.0 0.0 
node 1 1 1 1
node 2 1 1 1
node 3 1 1 1
node 4 1 1 1
node 5 1 1 1
node 6 1 1 1
node 7 1 1 3
node 8 1 0 0
node 9 1 0 0
node 10 1 0 0
node 11 1 0 0
node 12 1 0 0
node 13 1 0 2
node 14 1 0 2
node 27 1 0 0
node 34 1 0 0
node 40 1 0 0
node 48 1 0 0
node 71 1 0 0
gene  1 1 8 1.3468223754749287 0 98.0 1.3468223754749287 1
gene  1 3 8 -2.3443627467031414 0 100.0 -2.3443627467031414 1
gene  1 4 8 1.5477680382169563 0 101.0 1.5477680382169563 1
gene  1 6 8 7.647386378171911 0 103.0 7.647386378171911 1
gene  1 8 8 4.37815780821302 1 105.0 4.37815780821302 1
gene  1 10 8 -1.1160422428005006 1 107.0 -1.1160422428005006 1
gene  1 3 9 -0.04004051592501057 0 114.0 -0.04004051592501057 1
gene  1 6 9 0.44726598410745694 0 117.0 0.44726598410745694 1
gene  1 8 9 -6.367139132372013 0 119.0 -6.367139132372013 1
gene  1 10 9 3.1728117573439296 1 121.0 3.1728117573439296 1
gene  1 11 9 10.340004716234311 1 122.0 10.340004716234311 1
gene  1 13 9 -2.727472401429324 1 124.0 -2.727472401429324 1
gene  1 14 9 -8.456527033913064 1 125.0 -8.456527033913064 1
gene  1 1 10 -0.49324730984053033 0 126.0 -0.49324730984053033 1
gene  1 3 10 3.6834620612986484 0 128.0 3.6834620612986484 1
gene  1 4 10 2.262156336055739 0 129.0 2.262156336055739 1
gene  1 5 10 0.9715631985143087 0 130.0 0.9715631985143087 1
gene  1 9 10 2.663598008742727 0 134.0 2.663598008742727 1
gene  1 13 10 4.163454295815694 1 138.0 4.163454295815694 1
gene  1 1 11 -2.6350925608479074 0 140.0 -2.6350925608479074 1
gene  1 3 11 0.4707834209599735 0 142.0 0.4707834209599735 1
gene  1 5 11 -0.06373059245527646 0 144.0 -0.06373059245527646 1
gene  1 9 11 0.08858727877302552 0 148.0 0.08858727877302552 1
gene  1 10 11 -3.7780586009633166 0 149.0 -3.7780586009633166 1
gene  1 12 11 -3.1023522739058937 1 151.0 -3.1023522739058937 1
gene  1 14 11 -5.313077275410157 1 153.0 -5.313077275410157 1
gene  1 2 12 1.609090355637913 0 155.0 1.609090355637913 1
gene  1 4 12 2.3393422455795743 0 157.0 2.3393422455795743 1
gene  1 6 12 2.2852474634103634 0 159.0 2.2852474634103634 1
gene  1 7 12 2.2251610165439333 0 160.0 2.2251610165439333 1
gene  1 9 12 -3.1116038250768496 0 162.0 -3.1116038250768496 1
gene  1 10 12 -3.929657767643353 0 163.0 -3.929657767643353 1
gene  1 12 12 4.092160931222872 1 165.0 4.092160931222872 1
gene  1 14 12 -6.366981128515261 1 167.0 -6.366981128515261 1
gene  1 1 13 -0.9100191932315274 0 168.0 -0.9100191932315274 1
gene  1 3 13 5.873741890061927 0 170.0 5.873741890061927 1
gene  1 4 13 1.7438079940684854 0 171.0 1.7438079940684854 1
gene  1 6 13 -3.274699351130721 0 173.0 -3.274699351130721 1
gene  1 8 13 -2.568169409736975 0 175.0 -2.568169409736975 1
gene  1 9 13 2.6316748756691006 0 176.0 2.6316748756691006 1
gene  1 8 14 -11.219606655344322 0 189.0 -11.219606655344322 1
gene  1 11 14 3.527486678391707 0 192.0 3.527486678391707 1
gene  1 5 8 -1.8607895760914288 0 235.0 -1.8607895760914288 1
gene  1 1 27 2.538417515747733 0 241.0 2.538417515747733 1
gene  1 27 8 -0.3932749461293277 0 242.0 -0.3932749461293277 1
gene  1 9 34 -1.9683069456670395 0 272.0 -1.9683069456670395 1
gene  1 34 11 9.058517610871318 0 273.0 9.058517610871318 1
gene  1 5 13 1.1044813199629224 0 277.0 1.1044813199629224 1
gene  1 12 14 -1.9697189199896368 0 296.0 -1.9697189199896368 1
gene  1 8 40 -4.670165693250295 1 308.0 -4.670165693250295 1
gene  1 40 8 2.9479928056555664 0 309.0 2.9479928056555664 1
gene  1 10 14 -1.1664639812005775 0 341.0 -1.1664639812005775 1
gene  1 3 48 -1.1367873382115792 0 360.0 -1.1367873382115792 1
gene  1 48 8 -1.9322528000767938 0 361.0 -1.9322528000767938 1
gene  1 10 13 -3.0365925301705716 0 404.0 -3.0365925301705716 1
gene  1 48 71 3.321156820030177 0 463.0 3.321156820030177 1
gene  1 71 8 9.53800030302162 0 464.0 9.53800030302162 1
gene  1 11 12 -3.7822877801160733 0 478.0 -3.7822877801160733 1
gene  1 34 14 -2.28954106706002 0 481.0 -2.28954106706002 1
gene  1 48 12 1.3947586205872875 0 500.0 1.3947586205872875 1
genomeend 16
genomestart  17
trait 1 0.33971452717739675 0.8342404913282493 1.7343962538721782 0.38263542198384 0.8537262940864137 0.8372542455634346 0.22941570557167207 0.3567570363531483 
node 1 1 1 1
node 2 1 1 1
node 3 1 1 1
node 4 1 1 1
node 5 1 1 1
node 6 1 1 1
node 7 1 1 3
node 8 1 0 0
node 9 1 0 0
node 10 1 0 0
node 13 1 0 2
node 14 1 0 2
node 16 1 0 0
node 21 1 0 0
node 29 1 0 0
node 52 1 0 0
node 53 1 0 0
node 79 1 0 0
gene  1 1 8 1.6753139239019663 0 98.0 1.6753139239019663 1
gene  1 2 8 -1.5604104715135678 0 99.0 -1.5604104715135678 1
gene  1 3 8 6.951517183820352 0 100.0 6.951517183820352 1
gene  1 4 8 0.6206638604258765 0 101.0 0.6206638604258765 1
gene  1 5 8 1.3650553526239972 0 102.0 1.3650553526239972 1
gene  1 6 8 -2.013045135400491 0 103.0 -2.013045135400491 1
gene  1 8 8 -1.6639212164437935 1 105.0 -1.6639212164437935 1
gene  1 13 8 -4.96178760894339 1 110.0 -4.96178760894339 1
gene  1 14 8 3.0567159679675133 1 111.0 3.0567159679675133 1
gene  1 3 13 2.8489057981096173 0 170.0 2.8489057981096173 1
gene  1 5 13 4.431961217327426 0 172.0 4.431961217327426 1
gene  1 7 13 1.1808156806366805 0 174.0 1.1808156806366805 1
gene  1 13 13 1.2316663697662493 1 180.0 1.2316663697662493 1
gene  1 2 14 -6.211587387282165 0 183.0 -6.211587387282165 1
gene  1 4 14 1.5072389542759346 0 185.0 1.5072389542759346 1
gene  1 6 14 -2.8853083899187846 0 187.0 -2.8853083899187846 1
gene  1 8 14 7.306532560145885 0 189.0 7.306532560145885 1
gene  1 13 14 1.212961328955215 0 194.0 1.212961328955215 1
gene  1 13 16 -4.717233870554573 0 201.0 -4.717233870554573 1
gene  1 16 14 1.1564031917438193 0 202.0 1.1564031917438193 1
gene  1 1 21 8.765787366250311 0 218.0 8.765787366250311 1
gene  1 21 8 2.107336170308206 0 219.0 2.107336170308206 0
gene  1 3 10 1.8761563427235632 0 223.0 1.8761563427235632 1
gene  1 6 29 4.582216369167817 0 259.0 4.582216369167817 1
gene  1 29 8 0.3944537401717507 0 260.0 0.3944537401717507 1
gene  1 29 21 -2.4084734775101344 0 271.0 -2.4084734775101344 1
gene  1 3 21 1.4095494340911832 0 300.0 1.4095494340911832 1
gene  1 9 52 1.5745221751469458 0 368.0 1.5745221751469458 1
gene  1 52 14 -0.7607755448168567 0 369.0 -0.7607755448168567 1
gene  1 1 53 2.171242644018412 0 372.0 2.171242644018412 1
gene  1 53 21 1.0788593059144564 0 373.0 1.0788593059144564 1
gene  1 2 16 1.1226538988160426 0 439.0 1.1226538988160426 1
gene  1 21 79 0.5104446799250136 0 489.0 0.5104446799250136 1
gene  1 79 8 -0.5078086814715097 0 490.0 -0.5078086814715097 1
genomeend 17
genomestart  18
trait 1 0.33971452717739675 0.8342404913282493 1.7343962538721782 0.38263542198384 0.8537262940864137 0.8372542455634346 0.22941570557167207 0.3567570363531483 
node 1 1 1 1
node 2 1 1 1
node 3 1 1 1
node 4 1 1 1
node 5 1 1 1
node 6 1 1 1
node 7 1 1 3
node 8 1 0 0
node 9 1 0 0
node 10 1 0 0
node 13 1 0 2
node 14 1 0 2
node 16 1 0 0
node 21 1 0 0
node 29 1 0 0
node 52 1 0 0
node 53 1 0 0
node 79 1 0 0
gene  1 1 8 1.6753139239019663 0 98.0 1.6753139239019663 1
gene  1 2 8 -1.4810175776917236 0 99.0 -1.4810175776917236 1
gene  1 3 8 6.018989924572096 0 100.0 6.018989924572096 1
gene  1 4 8 0.7940249273277822 0 101.0 0.7940249273277822 1
gene  1 5 8 0.35037490267017835 0 102.0 0.35037490267017835 1
gene  1 6 8 -1.9611217824157465 0 103.0 -1.9611217824157465 1
gene  1 8 8 -0.39422369307671823 1 105.0 -0.39422369307671823 1
gene  1 13 8 1.3377820482349778 1 110.0 1.3377820482349778 1
gene  1 14 8 3.429633268402752 1 111.0 3.429633268402752 1
gene  1 3 13 3.736153171802002 0 170.0 3.736153171802002 1
gene  1 5 13 5.102231552215791 0 172.0 5.102231552215791 1
gene  1 7 13 0.5852822350746035 0 174.0 0.5852822350746035 1
gene  1 13 13 0.2472021964516009 1 180.0 0.2472021964516009 1
gene  1 2 14 -0.4116760555550508 0 183.0 -0.4116760555550508 1
gene  1 4 14 -0.19483650127062613 0 185.0 -0.19483650127062613 1
gene  1 6 14 -0.9262670040904162 0 187.0 -0.9262670040904162 1
gene  1 8 14 5.66327042069456 0 189.0 5.66327042069456 1
gene  1 13 14 0.7624079940279549 0 194.0 0.7624079940279549 1
gene  1 13 16 -4.717233870554573 0 201.0 -4.717233870554573 1
gene  1 16 14 3.1197747768797206 0 202.0 3.1197747768797206 1
gene  1 1 21 8.589519936736833 0 218.0 8.589519936736833 1
gene  1 21 8 3.2279388662909687 0 219.0 3.2279388662909687 0
gene  1 3 10 3.165180459014543 0 223.0 3.165180459014543 1
gene  1 6 29 -0.7554929601541122 0 259.0 -0.7554929601541122 1
gene  1 29 8 2.7502991999274524 0 260.0 2.7502991999274524 1
gene  1 29 21 2.4982252165386214 0 271.0 2.4982252165386214 1
gene  1 3 21 2.2711534056839424 0 300.0 2.2711534056839424 1
gene  1 9 52 0.4093505882341746 0 368.0 0.4093505882341746 1
gene  1 52 14 -0.6552300799753465 0 369.0 -0.6552300799753465 1
gene  1 1 53 1.671427274537801 0 372.0 1.671427274537801 1
gene  1 53 21 0.01287560404798549 0 373.0 0.01287560404798549 1
gene  1 2 16 2.881654918957315 0 439.0 2.881654918957315 1
gene  1 21 79 -0.03968693489547148 0 489.0 -0.03968693489547148 1
gene  1 79 8 -2.369857451155048 0 490.0 -2.369857451155048 1
genomeend 18
genomestart  19
trait 1 0.33971452717739675 0.8342404913282493 1.7343962538721782 0.38263542198384 0.8537262940864137 0.8372542455634346 0.22941570557167207 0.3567570363531483 
node 1 1 1 1
node 2 1 1 1
node 3 1 1 1
node 4 1 1 1
node 5 1 1 1
node 6 1 1 1
node 7 1 1 3
node 8 1 0 0
node 9 1 0 0
node 10 1 0 0
node 13 1 0 2
node 14 1 0 2
node 16 1 0 0
node 21 1 0 0
node 29 1 0 0
node 52 1 0 0
node 53 1 0 0
node 79 1 0 0
gene  1 1 8 1.6753139239019663 0 98.0 1.6753139239019663 1
gene  1 2 8 -1.5604104715135678 0 99.0 -1.5604104715135678 1
gene  1 3 8 6.951517183820352 0 100.0 6.951517183820352 1
gene  1 4 8 0.6206638604258765 0 101.0 0.6206638604258765 1
gene  1 5 8 1.3650553526239972 0 102.0 1.3650553526239972 1
gene  1 6 8 -2.013045135400491 0 103.0 -2.013045135400491 1
gene  1 8 8 -1.6639212164437935 1 105.0 -1.6639212164437935 1
gene  1 13 8 -4.96178760894339 1 110.0 -4.96178760894339 1
gene  1 14 8 3.0567159679675133 1 111.0 3.0567159679675133 1
gene  1 3 13 2.8489057981096173 0 170.0 2.8489057981096173 1
gene  1 5 13 4.431961217327426 0 172.0 4.431961217327426 1
gene  1 7 13 1.1808156806366805 0 174.0 1.1808156806366805 1
gene  1 13 13 1.2316663697662493 1 180.0 1.2316663697662493 1
gene  1 2 14 -6.211587387282165 0 183.0 -6.211587387282165 1
gene  1 4 14 1.5072389542759346 0 185.0 1.5072389542759346 1
gene  1 6 14 -2.8853083899187846 0 187.0 -2.8853083899187846 1
gene  1 8 14 7.306532560145885 0 189.0 7.306532560145885 1
gene  1 13 14 1.212961328955215 0 194.0 1.212961328955215 1
gene  1 13 16 -4.717233870554573 0 201.0 -4.717233870554573 1
gene  1 16 14 1.1564031917438193 0 202.0 1.1564031917438193 1
gene  1 1 21 8.765787366250311 0 218.0 8.765787366250311 1
gene  1 21 8 2.107336170308206 0 219.0 2.107336170308206 0
gene  1 3 10 1.8761563427235632 0 223.0 1.8761563427235632 1
gene  1 6 29 4.582216369167817 0 259.0 4.582216369167817 1
gene  1 29 8 0.3944537401717507 0 260.0 0.3944537401717507 1
gene  1 29 21 -2.4084734775101344 0 271.0 -2.4084734775101344 1
gene  1 3 21 1.4095494340911832 0 300.0 1.4095494340911832 1
gene  1 9 52 1.5745221751469458 0 368.0 1.5745221751469458 1
gene  1 52 14 -0.7607755448168567 0 369.0 -0.7607755448168567 1
gene  1 1 53 2.171242644018412 0 372.0 2.171242644018412 1
gene  1 53 21 1.0788593059144564 0 373.0 1.0788593059144564 1
gene  1 2 16 1.1226538988160426 0 439.0 1.1226538988160426 1
gene  1 21 79 0.5104446799250136 0 489.0 0.5104446799250136 1
gene  1 79 8 -0.5078086814715097 0 490.0 -0.5078086814715097 1
gene  1 7 16 -4.290428126367569 0 501.0 -4.290428126367569 1
genomeend 19
