genomestart  0
trait 1 0.0 0.29964541126798605 0.0 0.0 0.0 0.0 0.08354904834950888 0.0 
node 1 1 1 1
node 2 1 1 1
node 3 1 1 1
node 4 1 1 1
node 5 1 1 1
node 6 1 1 1
node 7 1 1 3
node 13 1 0 2
node 14 1 0 2
node 19 1 0 0
gene  1 1 13 1.3858350362192289 0 168.0 1.3858350362192289 1
gene  1 3 13 2.7643559512115434 0 170.0 2.7643559512115434 1
gene  1 5 13 -2.0290568782399583 0 172.0 -2.0290568782399583 0
gene  1 6 13 -0.9138150994476499 0 173.0 -0.9138150994476499 1
gene  1 14 13 -4.2768443476792735 1 181.0 -4.2768443476792735 1
gene  1 1 14 1.586504190654542 0 182.0 1.586504190654542 1
gene  1 2 14 -4.043848888252547 0 183.0 -4.043848888252547 1
gene  1 4 14 0.09102128336089743 0 185.0 0.09102128336089743 1
gene  1 5 14 3.4657794387904337 0 186.0 3.4657794387904337 1
gene  1 6 14 -3.2522643405687663 0 187.0 -3.2522643405687663 1
gene  1 7 14 -2.5041980588211294 0 188.0 -2.5041980588211294 1
gene  1 13 14 -5.847881746979408 0 194.0 -5.847881746979408 1
gene  1 14 14 -0.2470110174567805 1 195.0 -0.2470110174567805 1
gene  1 5 19 -0.9898113500032366 0 213.0 -0.9898113500032366 1
gene  1 19 13 -0.4012053803388764 0 214.0 -0.4012053803388764 1
genomeend 0
genomestart  1
trait 1 0.0 0.29964541126798605 0.0 0.0 0.0 0.0 0.0 0.0 
node 1 1 1 1
node 2 1 1 1
node 3 1 1 1
node 4 1 1 1
node 5 1 1 1
node 6 1 1 1
node 7 1 1 3
node 13 1 0 2
node 14 1 0 2
node 19 1 0 0
gene  1 1 13 -0.25593353057392926 0 168.0 -0.25593353057392926 1
gene  1 3 13 0.9594810737756729 0 170.0 0.9594810737756729 1
gene  1 5 13 -4.720141982703821 0 172.0 -4.720141982703821 0
gene  1 6 13 -2.8849158042137137 0 173.0 -2.8849158042137137 1
gene  1 14 13 -3.588848278333206 1 181.0 -3.588848278333206 1
gene  1 1 14 0.17069572800533173 0 182.0 0.17069572800533173 1
gene  1 2 14 -2.979628938022274 0 183.0 -2.979628938022274 1
gene  1 4 14 1.0997524444143965 0 185.0 1.0997524444143965 1
gene  1 5 14 2.7572493596544128 0 186.0 2.7572493596544128 1
gene  1 6 14 -6.80601945065921 0 187.0 -6.80601945065921 1
gene  1 7 14 -0.997473622032437 0 188.0 -0.997473622032437 1
gene  1 13 14 -3.821021698529817 0 194.0 -3.821021698529817 1
gene  1 14 14 0.6183699621219235 1 195.0 0.6183699621219235 1
gene  1 5 19 0.42785067854236214 0 213.0 0.42785067854236214 1
gene  1 19 13 -2.012751908949931 0 214.0 -2.012751908949931 1
genomeend 1
genomestart  2
trait 1 0.38509797114028876 1.1306295992632984 0.0 0.17101181944213528 0.0 0.0 0.0 1.0208282639679993 
node 1 1 1 1
node 2 1 1 1
node 3 1 1 1
node 4 1 1 1
node 5 1 1 1
node 6 1 1 1
node 7 1 1 3
node 13 1 0 2
node 14 1 0 2
node 24 1 0 0
gene  1 2 13 1.0594305709077338 0 169.0 1.0594305709077338 1
gene  1 3 13 6.136642226007661 0 170.0 6.136642226007661 1
gene  1 4 13 -4.187130906150298 0 171.0 -4.187130906150298 1
gene  1 6 13 1.6443904256825481 0 173.0 1.6443904256825481 1
gene  1 7 13 -9.837552737186122 0 174.0 -9.837552737186122 1
gene  1 13 13 0.5663748197170384 1 180.0 0.5663748197170384 1
gene  1 1 14 0.013447604917215417 0 182.0 0.013447604917215417 1
gene  1 2 14 -0.5215045599134319 0 183.0 -0.5215045599134319 1
gene  1 5 14 -2.414040277165384 0 186.0 -2.414040277165384 1
gene  1 6 14 -2.2616643709217867 0 187.0 -2.2616643709217867 1
gene  1 7 14 0.7579425828144903 0 188.0 0.7579425828144903 1
gene  1 13 14 -1.5657595125702386 0 194.0 -1.5657595125702386 1
gene  1 14 14 -1.9692596790349475 1 195.0 -1.9692596790349475 1
gene  1 2 24 1.0 0 226.0 1.0 1
gene  1 24 13 0.35045644162959855 0 227.0 0.35045644162959855 1
genomeend 2
genomestart  3
trait 1 0.38509797114028876 1.1306295992632984 0.0 0.17101181944213528 0.0 0.0 0.0 1.0208282639679993 
node 1 1 1 1
node 2 1 1 1
node 3 1 1 1
node 4 1 1 1
node 5 1 1 1
node 6 1 1 1
node 7 1 1 3
node 13 1 0 2
node 14 1 0 2
node 24 1 0 0
gene  1 2 13 0.49585093872411123 0 169.0 0.49585093872411123 0
gene  1 3 13 3.887192530972213 0 170.0 3.887192530972213 1
gene  1 4 13 -0.6017552503609358 0 171.0 -0.6017552503609358 1
gene  1 6 13 2.27004739137625 0 173.0 2.27004739137625 1
gene  1 7 13 -9.0691913104319 0 174.0 -9.0691913104319 1
gene  1 13 13 0.3634500997805308 1 180.0 0.3634500997805308 1
gene  1 1 14 -3.198798137408123 0 182.0 -3.198798137408123 1
gene  1 2 14 2.676455620240568 0 183.0 2.676455620240568 1
gene  1 5 14 4.896648932192741 0 186.0 4.896648932192741 1
gene  1 6 14 -2.004506411055583 0 187.0 -2.004506411055583 1
gene  1 7 14 -1.454873338347425 0 188.0 -1.454873338347425 1
gene  1 13 14 -1.4788233606030166 0 194.0 -1.4788233606030166 1
gene  1 14 14 -0.3026106665765753 1 195.0 -0.3026106665765753 1
gene  1 2 24 1.3086290481905225 0 226.0 1.3086290481905225 1
gene  1 24 13 2.0935266679739404 0 227.0 2.0935266679739404 1
genomeend 3
genomestart  4
trait 1 0.38509797114028876 1.1306295992632984 0.0 0.17101181944213528 0.0 0.0 0.0 1.0208282639679993 
node 1 1 1 1
node 2 1 1 1
node 3 1 1 1
node 4 1 1 1
node 5 1 1 1
node 6 1 1 1
node 7 1 1 3
node 13 1 0 2
node 14 1 0 2
node 24 1 0 0
gene  1 2 13 2.5981078440839194 0 169.0 2.5981078440839194 0
gene  1 3 13 4.569329349514182 0 170.0 4.569329349514182 1
gene  1 4 13 -3.0016671166280657 0 171.0 -3.0016671166280657 1
gene  1 6 13 2.186503284381209 0 173.0 2.186503284381209 1
gene  1 7 13 -7.481785012875557 0 174.0 -7.481785012875557 1
gene  1 13 13 1.8762316332208782 1 180.0 1.8762316332208782 1
gene  1 1 14 -1.1434323408094842 0 182.0 -1.1434323408094842 1
gene  1 2 14 0.5969897140421313 0 183.0 0.5969897140421313 1
gene  1 5 14 2.9638151827826684 0 186.0 2.9638151827826684 1
gene  1 6 14 -2.2310473983676404 0 187.0 -2.2310473983676404 1
gene  1 7 14 -0.9685702460865273 0 188.0 -0.9685702460865273 1
gene  1 13 14 -1.5657595125702386 0 194.0 -1.5657595125702386 1
gene  1 14 14 0.8345845446367042 1 195.0 0.8345845446367042 1
gene  1 2 24 1.0 0 226.0 0.0 1
gene  1 24 13 2.5981078440839194 0 227.0 0.0 1
gene  1 7 24 1.5500569351816618 0 231.0 1.5500569351816618 1
genomeend 4
genomestart  5
trait 1 0.0 0.37193661584753135 1.7535517816909252 0.0 0.15611599772645457 1.5188178498138516 0.0 0.0 
node 1 1 1 1
node 2 1 1 1
node 3 1 1 1
node 4 1 1 1
node 5 1 1 1
node 6 1 1 1
node 7 1 1 3
node 8 1 0 0
node 9 1 0 0
node 10 1 0 0
node 11 1 0 0
node 13 1 0 2
node 14 1 0 2
gene  1 2 8 5.575480754497576 0 99.0 5.575480754497576 1
gene  1 6 8 -0.8746991039653367 0 103.0 -0.8746991039653367 1
gene  1 8 8 0.43393803400707887 1 105.0 0.43393803400707887 1
gene  1 9 8 -1.2241332760207042 1 106.0 -1.2241332760207042 1
gene  1 10 8 0.6404844814646857 1 107.0 0.6404844814646857 1
gene  1 11 8 3.6410693150348425 1 108.0 3.6410693150348425 1
gene  1 13 8 0.7488782442361003 1 110.0 0.7488782442361003 1
gene  1 14 8 4.07560616279034 1 111.0 4.07560616279034 1
gene  1 1 9 0.9032463657182697 0 112.0 0.9032463657182697 1
gene  1 2 9 1.0356993785306265 0 113.0 1.0356993785306265 1
gene  1 3 9 -1.491463794579579 0 114.0 -1.491463794579579 1
gene  1 6 9 -3.5713874095356264 0 117.0 -3.5713874095356264 1
gene  1 7 9 -0.08158282961338159 0 118.0 -0.08158282961338159 1
gene  1 8 9 -1.372076329143326 0 119.0 -1.372076329143326 1
gene  1 9 9 0.7540220481678792 1 120.0 0.7540220481678792 1
gene  1 11 9 -2.870331978255776 1 122.0 -2.870331978255776 1
gene  1 13 9 6.082757792728259 1 124.0 6.082757792728259 1
gene  1 14 9 -2.9057534844697095 1 125.0 -2.9057534844697095 1
gene  1 1 10 3.042014959681586 0 126.0 3.042014959681586 1
gene  1 3 10 -1.8052931107595185 0 128.0 -1.8052931107595185 1
gene  1 4 10 -0.9568617669173662 0 129.0 -0.9568617669173662 1
gene  1 5 10 2.1094870972763133 0 130.0 2.1094870972763133 1
gene  1 6 10 -2.045656849478067 0 131.0 -2.045656849478067 1
gene  1 10 10 1.620360524946792 1 135.0 1.620360524946792 1
gene  1 11 10 -1.201430979981093 1 136.0 -1.201430979981093 1
gene  1 14 10 -2.365666724018194 1 139.0 -2.365666724018194 1
gene  1 1 11 0.9712229112693443 0 140.0 0.9712229112693443 1
gene  1 3 11 3.878154872568759 0 142.0 3.878154872568759 1
gene  1 5 11 -1.3575798131529047 0 144.0 -1.3575798131529047 1
gene  1 6 11 1.6282057653920048 0 145.0 1.6282057653920048 1
gene  1 7 11 0.5569139191304435 0 146.0 0.5569139191304435 1
gene  1 8 11 -2.14906969055671 0 147.0 -2.14906969055671 1
gene  1 9 11 4.479951072867351 0 148.0 4.479951072867351 1
gene  1 10 11 3.049496672207603 0 149.0 3.049496672207603 1
gene  1 11 11 1.5486795335184564 1 150.0 1.5486795335184564 1
gene  1 1 13 -3.61375745779147 0 168.0 -3.61375745779147 1
gene  1 2 13 0.7725511770226441 0 169.0 0.7725511770226441 1
gene  1 3 13 -1.8075241240789726 0 170.0 -1.8075241240789726 1
gene  1 7 13 0.6248641880749939 0 174.0 0.6248641880749939 1
gene  1 11 13 2.321675998977775 0 178.0 2.321675998977775 1
gene  1 13 13 10.078080010391329 1 180.0 10.078080010391329 1
gene  1 2 14 5.519701941964987 0 183.0 5.519701941964987 1
gene  1 3 14 1.3558286599286067 0 184.0 1.3558286599286067 1
gene  1 4 14 -3.7825218616466807 0 185.0 -3.7825218616466807 1
gene  1 7 14 0.02032884000246371 0 188.0 0.02032884000246371 1
gene  1 8 14 -0.8624391295927147 0 189.0 -0.8624391295927147 1
gene  1 10 14 1.3611862129265968 0 191.0 1.3611862129265968 1
gene  1 13 14 2.0827322688669367 0 194.0 2.0827322688669367 1
gene  1 5 13 -4.856367532164831 0 198.0 -4.856367532164831 1
gene  1 4 9 -2.9966434849757606 0 200.0 -2.9966434849757606 1
genomeend 5
genomestart  6
trait 1 0.0 0.37193661584753135 1.7535517816909252 0.0 0.15611599772645457 1.5188178498138516 0.0 0.0 
node 1 1 1 1
node 2 1 1 1
node 3 1 1 1
node 4 1 1 1
node 5 1 1 1
node 6 1 1 1
node 7 1 1 3
node 8 1 0 0
node 9 1 0 0
node 10 1 0 0
node 11 1 0 0
node 13 1 0 2
node 14 1 0 2
gene  1 2 8 6.156386783744942 0 99.0 6.156386783744942 1
gene  1 6 8 -1.5314378567314526 0 103.0 -1.5314378567314526 1
gene  1 8 8 0.5479892822396006 1 105.0 0.5479892822396006 1
gene  1 9 8 0.6017003217885453 1 106.0 0.6017003217885453 1
gene  1 10 8 3.1296228299458484 1 107.0 3.1296228299458484 1
gene  1 11 8 2.7653559803275516 1 108.0 2.7653559803275516 1
gene  1 13 8 1.1034877845417823 1 110.0 1.1034877845417823 1
gene  1 14 8 1.7943157829832188 1 111.0 1.7943157829832188 1
gene  1 1 9 -0.46019740686538496 0 112.0 -0.46019740686538496 1
gene  1 2 9 3.322141840773347 0 113.0 3.322141840773347 1
gene  1 3 9 -1.1278827410624237 0 114.0 -1.1278827410624237 1
gene  1 6 9 -2.697441848168359 0 117.0 -2.697441848168359 1
gene  1 7 9 1.9975589840604764 0 118.0 1.9975589840604764 1
gene  1 8 9 -1.441475045021823 0 119.0 -1.441475045021823 1
gene  1 9 9 0.10906428132884782 1 120.0 0.10906428132884782 1
gene  1 11 9 -4.752281634425775 1 122.0 -4.752281634425775 1
gene  1 13 9 4.453543720454288 1 124.0 4.453543720454288 1
gene  1 14 9 -2.007465422456796 1 125.0 -2.007465422456796 1
gene  1 1 10 1.5564772442109596 0 126.0 1.5564772442109596 1
gene  1 3 10 -0.7747493050677312 0 128.0 -0.7747493050677312 1
gene  1 4 10 1.2736145265519958 0 129.0 1.2736145265519958 1
gene  1 5 10 1.9925631309991139 0 130.0 1.9925631309991139 1
gene  1 6 10 -2.4614256838851327 0 131.0 -2.4614256838851327 1
gene  1 10 10 0.10812123857696321 1 135.0 0.10812123857696321 1
gene  1 11 10 0.9785906623919233 1 136.0 0.9785906623919233 1
gene  1 14 10 -1.6486739420114502 1 139.0 -1.6486739420114502 1
gene  1 1 11 0.6105052679216594 0 140.0 0.6105052679216594 1
gene  1 3 11 4.82905061924985 0 142.0 4.82905061924985 1
gene  1 5 11 -2.4548294727763396 0 144.0 -2.4548294727763396 1
gene  1 6 11 1.180471419586209 0 145.0 1.180471419586209 1
gene  1 7 11 1.2701288612489074 0 146.0 1.2701288612489074 1
gene  1 8 11 0.22900444213534987 0 147.0 0.22900444213534987 1
gene  1 9 11 2.428849183123737 0 148.0 2.428849183123737 1
gene  1 10 11 3.9798000362390864 0 149.0 3.9798000362390864 1
gene  1 11 11 2.0446967861261407 1 150.0 2.0446967861261407 1
gene  1 1 13 -2.394418855943178 0 168.0 -2.394418855943178 1
gene  1 2 13 -1.3479295333104937 0 169.0 -1.3479295333104937 1
gene  1 3 13 -2.333164191142602 0 170.0 -2.333164191142602 1
gene  1 7 13 -0.3316570949729405 0 174.0 -0.3316570949729405 1
gene  1 11 13 3.100286637870263 0 178.0 3.100286637870263 1
gene  1 13 13 8.530447401795673 1 180.0 8.530447401795673 1
gene  1 2 14 3.7499078730356894 0 183.0 3.7499078730356894 1
gene  1 3 14 1.3558286599286067 0 184.0 1.3558286599286067 1
gene  1 4 14 -2.217171664971552 0 185.0 -2.217171664971552 1
gene  1 7 14 1.2396048630557996 0 188.0 1.2396048630557996 1
gene  1 8 14 -0.8624391295927147 0 189.0 -0.8624391295927147 1
gene  1 10 14 1.3611862129265968 0 191.0 1.3611862129265968 1
gene  1 13 14 0.9826115347701878 0 194.0 0.9826115347701878 1
gene  1 5 13 -4.856367532164831 0 198.0 -4.856367532164831 1
gene  1 4 9 -4.3023420687315745 0 200.0 -4.3023420687315745 1
gene  1 9 13 0.03484115033563828 0 232.0 0.03484115033563828 1
genomeend 6
genomestart  7
trait 1 0.9094479393069818 0.0 0.18125169842722821 0.0 0.5658812609091859 0.42041845515383636 0.6672100230779487 0.0 
node 1 1 1 1
node 2 1 1 1
node 3 1 1 1
node 4 1 1 1
node 5 1 1 1
node 6 1 1 1
node 7 1 1 3
node 8 1 0 0
node 13 1 0 2
node 14 1 0 2
node 16 1 0 0
node 20 1 0 0
gene  1 1 8 -1.7599094228116776 0 98.0 -1.7599094228116776 1
gene  1 2 8 1.2107255018117908 0 99.0 1.2107255018117908 1
gene  1 3 8 -3.544327602001207 0 100.0 -3.544327602001207 0
gene  1 4 8 -1.5756204125727342 0 101.0 -1.5756204125727342 1
gene  1 5 8 -0.48594091159062636 0 102.0 -0.48594091159062636 1
gene  1 6 8 2.189798983003911 0 103.0 2.189798983003911 1
gene  1 8 8 4.951424359533454 1 105.0 4.951424359533454 1
gene  1 13 8 9.030561247443122 1 110.0 9.030561247443122 1
gene  1 14 8 0.23843069465019084 1 111.0 0.23843069465019084 1
gene  1 3 13 -0.6655983548749222 0 170.0 -0.6655983548749222 1
gene  1 5 13 -1.7878964037079554 0 172.0 -1.7878964037079554 1
gene  1 7 13 0.7684889830451715 0 174.0 0.7684889830451715 1
gene  1 13 13 1.2481555222430671 1 180.0 1.2481555222430671 1
gene  1 2 14 1.196682378674602 0 183.0 1.196682378674602 1
gene  1 4 14 0.9113124721398908 0 185.0 0.9113124721398908 1
gene  1 6 14 3.2223462201608815 0 187.0 3.2223462201608815 1
gene  1 8 14 7.08599494812428 0 189.0 7.08599494812428 1
gene  1 13 14 -1.015751039336347 0 194.0 -1.015751039336347 0
gene  1 13 16 -3.7674615390630146 0 201.0 -3.7674615390630146 1
gene  1 16 14 1.6652837439743875 0 202.0 1.6652837439743875 1
gene  1 3 20 -1.6468106291985143 0 215.0 -1.6468106291985143 1
gene  1 20 8 0.5531580438848904 0 216.0 0.5531580438848904 1
gene  1 8 13 5.60736456670436 0 233.0 5.60736456670436 1
genomeend 7
genomestart  8
trait 1 0.9094479393069818 0.0 0.18125169842722821 0.0 0.5658812609091859 0.42041845515383636 0.6672100230779487 0.0 
node 1 1 1 1
node 2 1 1 1
node 3 1 1 1
node 4 1 1 1
node 5 1 1 1
node 6 1 1 1
node 7 1 1 3
node 8 1 0 0
node 13 1 0 2
node 14 1 0 2
node 16 1 0 0
node 20 1 0 0
gene  1 1 8 -1.6134281194215077 0 98.0 -1.6134281194215077 1
gene  1 2 8 3.5701627321803997 0 99.0 3.5701627321803997 1
gene  1 3 8 -4.192578122545951 0 100.0 -4.192578122545951 0
gene  1 4 8 -0.004377300124258854 0 101.0 -0.004377300124258854 1
gene  1 5 8 1.4995993985733207 0 102.0 1.4995993985733207 1
gene  1 6 8 2.2489868200942826 0 103.0 2.2489868200942826 1
gene  1 8 8 3.8550182130331976 1 105.0 3.8550182130331976 1
gene  1 13 8 8.934460530846529 1 110.0 8.934460530846529 1
gene  1 14 8 -1.8776392946826572 1 111.0 -1.8776392946826572 1
gene  1 3 13 1.0771826162007196 0 170.0 1.0771826162007196 1
gene  1 5 13 -2.6558601210654382 0 172.0 -2.6558601210654382 1
gene  1 7 13 2.7628081841525223 0 174.0 2.7628081841525223 1
gene  1 13 13 0.10456218508861914 1 180.0 0.10456218508861914 1
gene  1 2 14 -1.2797539227838928 0 183.0 -1.2797539227838928 1
gene  1 4 14 0.8156242595917795 0 185.0 0.8156242595917795 1
gene  1 6 14 5.498690704495031 0 187.0 5.498690704495031 1
gene  1 8 14 8.41093117005512 0 189.0 8.41093117005512 1
gene  1 13 14 -3.3642215887556506 0 194.0 -3.3642215887556506 0
gene  1 13 16 -4.005213522770932 0 201.0 -4.005213522770932 1
gene  1 16 14 2.158139389573139 0 202.0 2.158139389573139 1
gene  1 3 20 -1.6468106291985143 0 215.0 -1.6468106291985143 1
gene  1 20 8 1.1526627499909474 0 216.0 1.1526627499909474 1
genomeend 8
genomestart  9
trait 1 0.9094479393069818 0.0 0.18125169842722821 0.0 0.5658812609091859 0.42041845515383636 0.6672100230779487 0.0 
node 1 1 1 1
node 2 1 1 1
node 3 1 1 1
node 4 1 1 1
node 5 1 1 1
node 6 1 1 1
node 7 1 1 3
node 8 1 0 0
node 13 1 0 2
node 14 1 0 2
node 16 1 0 0
node 20 1 0 0
gene  1 1 8 -1.7599094228116776 0 98.0 -1.7599094228116776 1
gene  1 2 8 1.2107255018117908 0 99.0 1.2107255018117908 1
gene  1 3 8 -3.544327602001207 0 100.0 -3.544327602001207 0
gene  1 4 8 -1.5756204125727342 0 101.0 -1.5756204125727342 1
gene  1 5 8 -0.48594091159062636 0 102.0 -0.48594091159062636 1
gene  1 6 8 2.189798983003911 0 103.0 2.189798983003911 1
gene  1 8 8 4.951424359533454 1 105.0 4.951424359533454 1
gene  1 13 8 9.030561247443122 1 110.0 9.030561247443122 1
gene  1 14 8 0.23843069465019084 1 111.0 0.23843069465019084 1
gene  1 3 13 -0.6655983548749222 0 170.0 -0.6655983548749222 1
gene  1 5 13 -1.7878964037079554 0 172.0 -1.7878964037079554 1
gene  1 7 13 0.7684889830451715 0 174.0 0.7684889830451715 1
gene  1 13 13 1.2481555222430671 1 180.0 1.2481555222430671 1
gene  1 2 14 1.196682378674602 0 183.0 1.196682378674602 1
gene  1 4 14 0.9113124721398908 0 185.0 0.9113124721398908 1
gene  1 6 14 3.2223462201608815 0 187.0 3.2223462201608815 1
gene  1 8 14 7.08599494812428 0 189.0 7.08599494812428 1
gene  1 13 14 -1.015751039336347 0 194.0 -1.015751039336347 0
gene  1 13 16 -3.7674615390630146 0 201.0 -3.7674615390630146 1
gene  1 16 14 1.6652837439743875 0 202.0 1.6652837439743875 1
gene  1 3 20 -1.6468106291985143 0 215.0 -1.6468106291985143 1
gene  1 20 8 0.5531580438848904 0 216.0 0.5531580438848904 1
gene  1 20 16 9.50035123403348 0 234.0 9.50035123403348 1
genomeend 9
genomestart  10
trait 1 0.0 0.0 0.0 0.0 0.0 0.0 0.0 0.0 
node 1 1 1 1
node 2 1 1 1
node 3 1 1 1
node 4 1 1 1
node 5 1 1 1
node 6 1 1 1
node 7 1 1 3
node 8 1 0 0
node 9 1 0 0
node 10 1 0 0
node 13 1 0 2
node 14 1 0 2
node 21 1 0 0
gene  1 1 8 0.5517686967575979 0 98.0 0.5517686967575979 0
gene  1 3 8 0.5250649973347921 0 100.0 0.5250649973347921 1
gene  1 5 8 -3.8283998745337344 0 102.0 -3.8283998745337344 1
gene  1 6 8 -2.937045283222967 0 103.0 -2.937045283222967 1
gene  1 8 8 -3.7648503284086763 1 105.0 -3.7648503284086763 1
gene  1 1 9 3.069338518120522 0 112.0 3.069338518120522 1
gene  1 2 9 1.3766130946005577 0 113.0 1.3766130946005577 1
gene  1 3 9 5.1121205299791015 0 114.0 5.1121205299791015 1
gene  1 5 9 1.299609580956813 0 116.0 1.299609580956813 1
gene  1 7 9 -2.366248117333736 0 118.0 -2.366248117333736 1
gene  1 9 9 1.2694013280133172 1 120.0 1.2694013280133172 1
gene  1 10 9 6.2116383962125505 1 121.0 6.2116383962125505 1
gene  1 13 9 0.058049182659443366 1 124.0 0.058049182659443366 1
gene  1 2 10 -2.5369541816445627 0 127.0 -2.5369541816445627 1
gene  1 4 10 -0.21889514693403267 0 129.0 -0.21889514693403267 1
gene  1 5 10 -1.6028904792823426 0 130.0 -1.6028904792823426 1
gene  1 8 10 5.381312359657364 0 133.0 5.381312359657364 1
gene  1 9 10 2.873073192418714 0 134.0 2.873073192418714 1
gene  1 10 10 11.048075487039007 1 135.0 11.048075487039007 1
gene  1 13 10 1.785845827319092 1 138.0 1.785845827319092 1
gene  1 14 10 2.01208782941903 1 139.0 2.01208782941903 1
gene  1 2 13 1.782030165282246 0 169.0 1.782030165282246 1
gene  1 3 13 -2.201279402688927 0 170.0 -2.201279402688927 1
gene  1 6 13 3.6083050843812368 0 173.0 3.6083050843812368 1
gene  1 7 13 7.36040278159706 0 174.0 7.36040278159706 1
gene  1 9 13 2.270915447260892 0 176.0 2.270915447260892 1
gene  1 13 13 2.415705198954178 1 180.0 2.415705198954178 1
gene  1 14 13 -3.001354726396265 1 181.0 -3.001354726396265 1
gene  1 1 14 -2.8899710920066215 0 182.0 -2.8899710920066215 1
gene  1 3 14 -4.179674083546166 0 184.0 -4.179674083546166 1
gene  1 9 14 -2.735457815806048 0 190.0 -2.735457815806048 1
gene  1 10 14 -0.7704572743872409 0 191.0 -0.7704572743872409 1
gene  1 1 21 0.7584074028503104 0 218.0 0.7584074028503104 1
gene  1 21 8 -1.4856003656710695 0 219.0 -1.4856003656710695 1
gene  1 3 10 9.85398097718043 0 223.0 9.85398097718043 1
genomeend 10
genomestart  11
trait 1 0.0 0.0 0.0 0.0 0.0 0.0 0.0 0.0 
node 1 1 1 1
node 2 1 1 1
node 3 1 1 1
node 4 1 1 1
node 5 1 1 1
node 6 1 1 1
node 7 1 1 3
node 8 1 0 0
node 9 1 0 0
node 10 1 0 0
node 13 1 0 2
node 14 1 0 2
node 21 1 0 0
gene  1 1 8 0.381681128613529 0 98.0 0.381681128613529 0
gene  1 3 8 -0.5358748672992883 0 100.0 -0.5358748672992883 1
gene  1 5 8 -4.255611043059046 0 102.0 -4.255611043059046 1
gene  1 6 8 -2.8340064177874877 0 103.0 -2.8340064177874877 1
gene  1 8 8 -3.7648503284086763 1 105.0 -3.7648503284086763 1
gene  1 1 9 5.231895608029765 0 112.0 5.231895608029765 1
gene  1 2 9 -0.5893056207502696 0 113.0 -0.5893056207502696 1
gene  1 3 9 6.242428685427017 0 114.0 6.242428685427017 1
gene  1 5 9 -2.219193269959043 0 116.0 -2.219193269959043 1
gene  1 7 9 -0.006164311484795348 0 118.0 -0.006164311484795348 1
gene  1 9 9 3.0725611027088955 1 120.0 3.0725611027088955 1
gene  1 10 9 7.264051348119864 1 121.0 7.264051348119864 1
gene  1 13 9 -1.9409534208366517 1 124.0 -1.9409534208366517 1
gene  1 2 10 1.397995895032771 0 127.0 1.397995895032771 1
gene  1 4 10 -1.813959315086151 0 129.0 -1.813959315086151 1
gene  1 5 10 -0.38121826839281253 0 130.0 -0.38121826839281253 1
gene  1 8 10 6.692236457689587 0 133.0 6.692236457689587 1
gene  1 9 10 5.113164378692389 0 134.0 5.113164378692389 1
gene  1 10 10 9.179526545904487 1 135.0 9.179526545904487 1
gene  1 13 10 -1.0880165954783165 1 138.0 -1.0880165954783165 1
gene  1 14 10 2.01208782941903 1 139.0 2.01208782941903 1
gene  1 2 13 2.964453954022244 0 169.0 2.964453954022244 1
gene  1 3 13 -4.613757581734944 0 170.0 -4.613757581734944 1
gene  1 6 13 2.220960369523272 0 173.0 2.220960369523272 1
gene  1 7 13 9.460983566357216 0 174.0 9.460983566357216 1
gene  1 9 13 2.270915447260892 0 176.0 2.270915447260892 1
gene  1 13 13 3.1342518600056124 1 180.0 3.1342518600056124 1
gene  1 14 13 -3.0525225730343606 1 181.0 -3.0525225730343606 1
gene  1 1 14 -1.764316235176996 0 182.0 -1.764316235176996 1
gene  1 3 14 1.2849117621392638 0 184.0 1.2849117621392638 1
gene  1 9 14 -1.8916306987928126 0 190.0 -1.8916306987928126 1
gene  1 10 14 -1.2931940461431626 0 191.0 -1.2931940461431626 1
gene  1 1 21 0.07534831719903712 0 218.0 0.07534831719903712 1
gene  1 21 8 -3.781100855357523 0 219.0 -3.781100855357523 1
gene  1 3 10 11.275279897308332 0 223.0 11.275279897308332 1
genomeend 11
genomestart  12
trait 1 0.508121932065467 0.0 0.0 0.26183196038933176 0.0 0.0 0.0 0.0 
node 1 1 1 1
node 2 1 1 1
node 3 1 1 1
node 4 1 1 1
node 5 1 1 1
node 6 1 1 1
node 7 1 1 3
node 13 1 0 2
node 14 1 0 2
gene  1 1 13 7.093704653965248 0 168.0 7.093704653965248 1
gene  1 2 13 -1.3191958236944217 0 169.0 -1.3191958236944217 1
gene  1 3 13 -3.0718078736519594 0 170.0 -3.0718078736519594 1
gene  1 4 13 -0.4195616744252646 0 171.0 -0.4195616744252646 1
gene  1 5 13 -0.8591269328108693 0 172.0 -0.8591269328108693 1
gene  1 6 13 8.297952372213718 0 173.0 8.297952372213718 1
gene  1 7 13 2.7358803723256955 0 174.0 2.7358803723256955 1
gene  1 14 13 5.506271678880648 1 181.0 5.506271678880648 1
gene  1 1 14 1.8259221201898779 0 182.0 1.8259221201898779 1
gene  1 2 14 -3.503290611213831 0 183.0 -3.503290611213831 1
gene  1 3 14 0.32735909312606726 0 184.0 0.32735909312606726 1
gene  1 13 14 0.7391929980400617 0 194.0 0.7391929980400617 1
gene  1 14 14 0.6623859912843716 1 195.0 0.6623859912843716 1
gene  1 6 14 8.267701442252585 0 230.0 8.267701442252585 1
genomeend 12
genomestart  13
trait 1 0.0 0.0 0.0 0.0 0.0 0.0 0.0 0.0 
node 1 1 1 1
node 2 1 1 1
node 3 1 1 1
node 4 1 1 1
node 5 1 1 1
node 6 1 1 1
node 7 1 1 3
node 13 1 0 2
node 14 1 0 2
gene  1 1 13 6.678716918666549 0 168.0 6.678716918666549 1
gene  1 2 13 -1.1564557471276191 0 169.0 -1.1564557471276191 1
gene  1 3 13 -1.6349797024384547 0 170.0 -1.6349797024384547 1
gene  1 4 13 -1.9926289169298708 0 171.0 -1.9926289169298708 1
gene  1 5 13 0.6870366722046537 0 172.0 0.6870366722046537 1
gene  1 6 13 6.182375934443982 0 173.0 6.182375934443982 1
gene  1 7 13 2.0207373662472263 0 174.0 2.0207373662472263 1
gene  1 14 13 4.313222047820355 1 181.0 4.313222047820355 1
gene  1 1 14 2.6287478432165345 0 182.0 2.6287478432165345 1
gene  1 2 14 -5.877206056662764 0 183.0 -5.877206056662764 1
gene  1 3 14 1.8572617268498681 0 184.0 1.8572617268498681 1
gene  1 13 14 -0.17492803506129417 0 194.0 -0.17492803506129417 1
gene  1 14 14 0.6623859912843716 1 195.0 0.6623859912843716 1
gene  1 6 14 -2.400794474318906 0 230.0 -2.400794474318906 1
genomeend 13
genomestart  14
trait 1 0.0 0.0 0.0 0.0 0.0 0.0 0.0 0.0 
node 1 1 1 1
node 2 1 1 1
node 3 1 1 1
node 4 1 1 1
node 5 1 1 1
node 6 1 1 1
node 7 1 1 3
node 13 1 0 2
node 14 1 0 2
gene  1 1 13 5.801219293394897 0 168.0 5.801219293394897 1
gene  1 2 13 -3.6641420191767926 0 169.0 -3.6641420191767926 1
gene  1 3 13 -3.67561630311162 0 170.0 -3.67561630311162 1
gene  1 4 13 -0.2798640378681248 0 171.0 -0.2798640378681248 1
gene  1 5 13 -0.21939604585457717 0 172.0 -0.21939604585457717 1
gene  1 6 13 9.061471551335421 0 173.0 9.061471551335421 1
gene  1 7 13 4.401895344797913 0 174.0 4.401895344797913 1
gene  1 14 13 7.914994991308602 1 181.0 7.914994991308602 1
gene  1 1 14 0.7138786565608621 0 182.0 0.7138786565608621 1
gene  1 2 14 -1.7268268445698727 0 183.0 -1.7268268445698727 1
gene  1 3 14 2.173901947453465 0 184.0 2.173901947453465 1
gene  1 13 14 1.0447240367112973 0 194.0 1.0447240367112973 1
gene  1 14 14 -0.33580162252108725 1 195.0 -0.33580162252108725 1
gene  1 6 14 0.7985370414933013 0 230.0 0.7985370414933013 1
genomeend 14
genomestart  15
trait 1 0.0 0.0 0.0 0.0 0.0 0.0 0.0 0.0 
node 1 1 1 1
node 2 1 1 1
node 3 1 1 1
node 4 1 1 1
node 5 1 1 1
node 6 1 1 1
node 7 1 1 3
node 8 1 0 0
node 13 1 0 2
node 14 1 0 2
gene  1 4 8 -3.409325861699519 0 101.0 -3.409325861699519 1
gene  1 5 8 0.12520076941396896 0 102.0 0.12520076941396896 1
gene  1 6 8 4.945484121488024 0 103.0 4.945484121488024 1
gene  1 14 8 2.4292190961879285 1 111.0 2.4292190961879285 1
gene  1 1 13 3.474433384415112 0 168.0 3.474433384415112 1
gene  1 2 13 -2.9509033710694275 0 169.0 -2.9509033710694275 1
gene  1 3 13 0.7026138467222254 0 170.0 0.7026138467222254 1
gene  1 5 13 -4.9164446359128045 0 172.0 -4.9164446359128045 1
gene  1 7 13 0.5196020358413989 0 174.0 0.5196020358413989 1
gene  1 14 13 -3.8802442500984986 1 181.0 -3.8802442500984986 1
gene  1 1 14 2.525978556318135 0 182.0 2.525978556318135 1
gene  1 2 14 0.42777609257569293 0 183.0 0.42777609257569293 1
gene  1 3 14 -5.830326428276077 0 184.0 -5.830326428276077 1
gene  1 4 14 1.9394205092004613 0 185.0 1.9394205092004613 1
gene  1 8 14 2.2229777133781052 0 189.0 2.2229777133781052 1
gene  1 14 14 2.92448589371004 1 195.0 2.92448589371004 1
genomeend 15
genomestart  16
trait 1 0.0 0.0 0.0 0.0 0.0 0.0 0.0 0.0 
node 1 1 1 1
node 2 1 1 1
node 3 1 1 1
node 4 1 1 1
node 5 1 1 1
node 6 1 1 1
node 7 1 1 3
node 8 1 0 0
node 13 1 0 2
node 14 1 0 2
gene  1 4 8 -1.5083970955418313 0 101.0 -1.5083970955418313 1
gene  1 5 8 -1.1953762004656818 0 102.0 -1.1953762004656818 1
gene  1 6 8 7.190586615204305 0 103.0 7.190586615204305 1
gene  1 14 8 4.424255990628961 1 111.0 4.424255990628961 1
gene  1 1 13 1.9196088116370522 0 168.0 1.9196088116370522 1
gene  1 2 13 -0.051635455698134214 0 169.0 -0.051635455698134214 1
gene  1 3 13 -1.8063261852662957 0 170.0 -1.8063261852662957 1
gene  1 5 13 -3.1762638823964493 0 172.0 -3.1762638823964493 1
gene  1 7 13 0.3103213772863761 0 174.0 0.3103213772863761 1
gene  1 14 13 -1.3033449679956277 1 181.0 -1.3033449679956277 1
gene  1 1 14 5.435188174263829 0 182.0 5.435188174263829 1
gene  1 2 14 3.4711454325626203 0 183.0 3.4711454325626203 1
gene  1 3 14 -4.493155653014589 0 184.0 -4.493155653014589 1
gene  1 4 14 1.4958056555871775 0 185.0 1.4958056555871775 1
gene  1 8 14 3.321842177051102 0 189.0 3.321842177051102 1
gene  1 14 14 2.456471140813234 1 195.0 2.456471140813234 1
genomeend 16
genomestart  17
trait 1 0.0 0.5992908225359721 0.0 0.0 0.0 0.0 0.16709809669901776 0.0 
node 1 1 1 1
node 2 1 1 1
node 3 1 1 1
node 4 1 1 1
node 5 1 1 1
node 6 1 1 1
node 7 1 1 3
node 8 1 0 0
node 9 1 0 0
node 10 1 0 0
node 11 1 0 0
node 12 1 0 0
node 13 1 0 2
node 14 1 0 2
gene  1 1 8 0.6110765982082175 0 98.0 0.6110765982082175 1
gene  1 3 8 1.4559228453092934 0 100.0 1.4559228453092934 1
gene  1 4 8 -1.9570161223634415 0 101.0 -1.9570161223634415 1
gene  1 6 8 2.785984838978041 0 103.0 2.785984838978041 1
gene  1 8 8 -1.9920414622445133 1 105.0 -1.9920414622445133 1
gene  1 10 8 1.6934760839236258 1 107.0 1.6934760839236258 1
gene  1 3 9 -3.4965318048216867 0 114.0 -3.4965318048216867 1
gene  1 6 9 -3.434800963746537 0 117.0 -3.434800963746537 1
gene  1 8 9 -1.0338788436665702 0 119.0 -1.0338788436665702 1
gene  1 10 9 3.082801765183076 1 121.0 3.082801765183076 1
gene  1 11 9 5.481176826922611 1 122.0 5.481176826922611 1
gene  1 13 9 0.40510971710352256 1 124.0 0.40510971710352256 1
gene  1 14 9 -1.9390385934327024 1 125.0 -1.9390385934327024 1
gene  1 1 10 -0.75974447851586 0 126.0 -0.75974447851586 1
gene  1 3 10 1.6360272450471476 0 128.0 1.6360272450471476 1
gene  1 4 10 -3.6355348404349246 0 129.0 -3.6355348404349246 1
gene  1 5 10 -0.5333055691257643 0 130.0 -0.5333055691257643 1
gene  1 9 10 -0.39915058031493533 0 134.0 -0.39915058031493533 1
gene  1 13 10 0.4507705043427115 1 138.0 0.4507705043427115 1
gene  1 1 11 3.678043995539822 0 140.0 3.678043995539822 1
gene  1 3 11 -4.3353475261217795 0 142.0 -4.3353475261217795 1
gene  1 5 11 3.704243970941155 0 144.0 3.704243970941155 1
gene  1 9 11 -4.276553132460038 0 148.0 -4.276553132460038 1
gene  1 10 11 -1.9491253844374656 0 149.0 -1.9491253844374656 1
gene  1 12 11 1.4920258932847372 1 151.0 1.4920258932847372 1
gene  1 14 11 -4.876042742130604 1 153.0 -4.876042742130604 1
gene  1 2 12 -0.10642884089944932 0 155.0 -0.10642884089944932 1
gene  1 4 12 -3.3062605394204327 0 157.0 -3.3062605394204327 1
gene  1 6 12 -2.433254344796485 0 159.0 -2.433254344796485 1
gene  1 7 12 -0.7870279712419626 0 160.0 -0.7870279712419626 1
gene  1 9 12 5.867540259926013 0 162.0 5.867540259926013 1
gene  1 10 12 1.0153748137334209 0 163.0 1.0153748137334209 1
gene  1 12 12 3.384110721594304 1 165.0 3.384110721594304 1
gene  1 14 12 6.255113271277381 1 167.0 6.255113271277381 1
gene  1 1 13 7.634901407075325 0 168.0 7.634901407075325 1
gene  1 3 13 1.1274504544932769 0 170.0 1.1274504544932769 1
gene  1 4 13 1.0163049827518222 0 171.0 1.0163049827518222 1
gene  1 6 13 -1.5674691908046074 0 173.0 -1.5674691908046074 1
gene  1 8 13 -1.6050289752969886 0 175.0 -1.6050289752969886 1
gene  1 9 13 0.24318315321343936 0 176.0 0.24318315321343936 1
gene  1 8 14 -2.2693231702050727 0 189.0 -2.2693231702050727 1
gene  1 11 14 -1.569200273035688 0 192.0 -1.569200273035688 1
genomeend 17
genomestart  18
trait 1 0.0 0.5992908225359721 0.0 0.0 0.0 0.0 0.16709809669901776 0.0 
node 1 1 1 1
node 2 1 1 1
node 3 1 1 1
node 4 1 1 1
node 5 1 1 1
node 6 1 1 1
node 7 1 1 3
node 8 1 0 0
node 9 1 0 0
node 10 1 0 0
node 11 1 0 0
node 12 1 0 0
node 13 1 0 2
node 14 1 0 2
gene  1 1 8 1.8875661287151835 0 98.0 1.8875661287151835 1
gene  1 3 8 -0.9446056999872052 0 100.0 -0.9446056999872052 1
gene  1 4 8 -3.7283472762905956 0 101.0 -3.7283472762905956 1
gene  1 6 8 1.876860077789747 0 103.0 1.876860077789747 1
gene  1 8 8 -4.2324299623479895 1 105.0 -4.2324299623479895 1
gene  1 10 8 1.5214314340654127 1 107.0 1.5214314340654127 1
gene  1 3 9 -0.24538368306306485 0 114.0 -0.24538368306306485 1
gene  1 6 9 -5.756433156844842 0 117.0 -5.756433156844842 1
gene  1 8 9 -2.8852741706803844 0 119.0 -2.8852741706803844 1
gene  1 10 9 4.263612617482723 1 121.0 4.263612617482723 1
gene  1 11 9 6.730345751896144 1 122.0 6.730345751896144 1
gene  1 13 9 0.9475406414958012 1 124.0 0.9475406414958012 1
gene  1 14 9 -0.5757063174605199 1 125.0 -0.5757063174605199 1
gene  1 1 10 -2.8739533523629186 0 126.0 -2.8739533523629186 1
gene  1 3 10 -0.21684149846216116 0 128.0 -0.21684149846216116 1
gene  1 4 10 0.7112425945031784 0 129.0 0.7112425945031784 1
gene  1 5 10 -0.6067478475099499 0 130.0 -0.6067478475099499 1
gene  1 9 10 -1.335048322036962 0 134.0 -1.335048322036962 1
gene  1 13 10 -0.5787303702445246 1 138.0 -0.5787303702445246 1
gene  1 1 11 -0.5697945148093233 0 140.0 -0.5697945148093233 1
gene  1 3 11 -6.538449922989944 0 142.0 -6.538449922989944 1
gene  1 5 11 1.9192750456778611 0 144.0 1.9192750456778611 1
gene  1 9 11 -6.268224774530667 0 148.0 -6.268224774530667 1
gene  1 10 11 -2.413657642070431 0 149.0 -2.413657642070431 1
gene  1 12 11 2.2214860737056292 1 151.0 2.2214860737056292 1
gene  1 14 11 -4.644221472938089 1 153.0 -4.644221472938089 1
gene  1 2 12 -2.21532616372687 0 155.0 -2.21532616372687 1
gene  1 4 12 -3.0721766683246656 0 157.0 -3.0721766683246656 1
gene  1 6 12 -2.433254344796485 0 159.0 -2.433254344796485 1
gene  1 7 12 1.1819469876066777 0 160.0 1.1819469876066777 1
gene  1 9 12 3.5569231386509896 0 162.0 3.5569231386509896 1
gene  1 10 12 -0.4498046019317623 0 163.0 -0.4498046019317623 1
gene  1 12 12 0.2710762247240453 1 165.0 0.2710762247240453 1
gene  1 14 12 6.6363496873913945 1 167.0 6.6363496873913945 1
gene  1 1 13 7.634901407075325 0 168.0 7.634901407075325 1
gene  1 3 13 1.4154354309199897 0 170.0 1.4154354309199897 1
gene  1 4 13 1.893421902061043 0 171.0 1.893421902061043 1
gene  1 6 13 -1.337064955563494 0 173.0 -1.337064955563494 1
gene  1 8 13 -2.5508953467405027 0 175.0 -2.5508953467405027 1
gene  1 9 13 1.0563706524090128 0 176.0 1.0563706524090128 1
gene  1 8 14 -3.3586681530985585 0 189.0 -3.3586681530985585 1
gene  1 11 14 -0.720272159182709 0 192.0 -0.720272159182709 1
genomeend 18
genomestart  19
trait 1 0.0 0.5992908225359721 0.0 0.0 0.0 0.0 0.16709809669901776 0.0 
node 1 1 1 1
node 2 1 1 1
node 3 1 1 1
node 4 1 1 1
node 5 1 1 1
node 6 1 1 1
node 7 1 1 3
node 8 1 0 0
node 9 1 0 0
node 10 1 0 0
node 11 1 0 0
node 12 1 0 0
node 13 1 0 2
node 14 1 0 2
gene  1 1 8 0.6110765982082175 0 98.0 0.6110765982082175 1
gene  1 3 8 1.4559228453092934 0 100.0 1.4559228453092934 1
gene  1 4 8 -1.9570161223634415 0 101.0 -1.9570161223634415 1
gene  1 6 8 2.785984838978041 0 103.0 2.785984838978041 1
gene  1 8 8 -1.9920414622445133 1 105.0 -1.9920414622445133 1
gene  1 10 8 1.6934760839236258 1 107.0 1.6934760839236258 1
gene  1 3 9 -3.4965318048216867 0 114.0 -3.4965318048216867 1
gene  1 6 9 -3.434800963746537 0 117.0 -3.434800963746537 1
gene  1 8 9 -1.0338788436665702 0 119.0 -1.0338788436665702 1
gene  1 10 9 3.082801765183076 1 121.0 3.082801765183076 1
gene  1 11 9 5.481176826922611 1 122.0 5.481176826922611 1
gene  1 13 9 0.40510971710352256 1 124.0 0.40510971710352256 1
gene  1 14 9 -1.9390385934327024 1 125.0 -1.9390385934327024 1
gene  1 1 10 -0.75974447851586 0 126.0 -0.75974447851586 1
gene  1 3 10 1.6360272450471476 0 128.0 1.6360272450471476 1
gene  1 4 10 -3.6355348404349246 0 129.0 -3.6355348404349246 1
gene  1 5 10 -0.5333055691257643 0 130.0 -0.5333055691257643 1
gene  1 9 10 -0.39915058031493533 0 134.0 -0.39915058031493533 1
gene  1 13 10 0.4507705043427115 1 138.0 0.4507705043427115 1
gene  1 1 11 3.678043995539822 0 140.0 3.678043995539822 1
gene  1 3 11 -4.3353475261217795 0 142.0 -4.3353475261217795 1
gene  1 5 11 3.704243970941155 0 144.0 3.704243970941155 1
gene  1 9 11 -4.276553132460038 0 148.0 -4.276553132460038 1
gene  1 10 11 -1.9491253844374656 0 149.0 -1.9491253844374656 1
gene  1 12 11 1.4920258932847372 1 151.0 1.4920258932847372 1
gene  1 14 11 -4.876042742130604 1 153.0 -4.876042742130604 1
gene  1 2 12 -0.10642884089944932 0 155.0 -0.10642884089944932 1
gene  1 4 12 -3.3062605394204327 0 157.0 -3.3062605394204327 1
gene  1 6 12 -2.433254344796485 0 159.0 -2.433254344796485 1
gene  1 7 12 -0.7870279712419626 0 160.0 -0.7870279712419626 1
gene  1 9 12 5.867540259926013 0 162.0 5.867540259926013 1
gene  1 10 12 1.0153748137334209 0 163.0 1.0153748137334209 1
gene  1 12 12 3.384110721594304 1 165.0 3.384110721594304 1
gene  1 14 12 6.255113271277381 1 167.0 6.255113271277381 1
gene  1 1 13 7.634901407075325 0 168.0 7.634901407075325 1
gene  1 3 13 1.1274504544932769 0 170.0 1.1274504544932769 1
gene  1 4 13 1.0163049827518222 0 171.0 1.0163049827518222 1
gene  1 6 13 -1.5674691908046074 0 173.0 -1.5674691908046074 1
gene  1 8 13 -1.6050289752969886 0 175.0 -1.6050289752969886 1
gene  1 9 13 0.24318315321343936 0 176.0 0.24318315321343936 1
gene  1 8 14 -2.2693231702050727 0 189.0 -2.2693231702050727 1
gene  1 11 14 -1.569200273035688 0 192.0 -1.569200273035688 1
gene  1 5 8 -1.8073537402110929 0 235.0 -1.8073537402110929 1
genomeend 19
