genomestart  0
trait 1 0.0 0.29964541126798605 0.0 0.5917793035862625 0.0 0.5239379551513967 0.8464040429162474 0.9121227953336634 
node 1 1 1 1
node 2 1 1 1
node 3 1 1 1
node 4 1 1 1
node 5 1 1 1
node 6 1 1 1
node 7 1 1 3
node 13 1 0 2
node 14 1 0 2
node 19 1 0 0
node 33 1 0 0
node 41 1 0 0
node 45 1 0 0
gene  1 1 13 0.1169458444632332 0 168.0 0.1169458444632332 1
gene  1 3 13 2.065932050233628 0 170.0 2.065932050233628 1
gene  1 5 13 -0.26878489431781527 0 172.0 -0.26878489431781527 1
gene  1 6 13 1.492652981266612 0 173.0 1.492652981266612 1
gene  1 14 13 8.896063789616889 1 181.0 8.896063789616889 1
gene  1 1 14 -1.5482044181687669 0 182.0 -1.5482044181687669 1
gene  1 2 14 -2.317888349677852 0 183.0 -2.317888349677852 1
gene  1 4 14 1.6755481350275316 0 185.0 1.6755481350275316 1
gene  1 5 14 -3.229005372661749 0 186.0 -3.229005372661749 1
gene  1 6 14 -0.9703378857099423 0 187.0 -0.9703378857099423 1
gene  1 7 14 -0.19533482662613944 0 188.0 -0.19533482662613944 1
gene  1 13 14 -8.02518128659327 0 194.0 -8.02518128659327 1
gene  1 14 14 -9.560606230530045 1 195.0 -9.560606230530045 1
gene  1 5 19 0.6860564563801821 0 213.0 0.6860564563801821 1
gene  1 19 13 2.200613697823899 0 214.0 2.200613697823899 1
gene  1 2 13 10.909510327152173 0 243.0 10.909510327152173 1
gene  1 6 19 -2.8395704464410683 0 257.0 -2.8395704464410683 1
gene  1 19 14 -5.43687321960239 0 267.0 -5.43687321960239 1
gene  1 14 33 1.69569260464508 1 268.0 1.69569260464508 1
gene  1 33 14 -3.64630076979494 0 269.0 -3.64630076979494 1
gene  1 4 13 -9.512179520693413 0 292.0 -9.512179520693413 1
gene  1 14 41 0.6067210049284661 1 315.0 0.6067210049284661 1
gene  1 41 13 3.9558774172623843 0 316.0 3.9558774172623843 1
gene  1 5 45 4.8037096652180695 0 338.0 4.8037096652180695 1
gene  1 45 14 1.2711262640035768 0 339.0 1.2711262640035768 1
genomeend 0
genomestart  1
trait 1 0.0 0.29964541126798605 0.0 0.5917793035862625 0.0 0.5239379551513967 0.8464040429162474 0.9121227953336634 
node 1 1 1 1
node 2 1 1 1
node 3 1 1 1
node 4 1 1 1
node 5 1 1 1
node 6 1 1 1
node 7 1 1 3
node 13 1 0 2
node 14 1 0 2
node 19 1 0 0
node 33 1 0 0
node 41 1 0 0
node 45 1 0 0
gene  1 1 13 -0.3609236061518345 0 168.0 -0.3609236061518345 1
gene  1 3 13 2.1211684924512513 0 170.0 2.1211684924512513 1
gene  1 5 13 0.1817911467967151 0 172.0 0.1817911467967151 1
gene  1 6 13 3.721471512847672 0 173.0 3.721471512847672 1
gene  1 14 13 -0.21046333553999902 1 181.0 -0.21046333553999902 1
gene  1 1 14 -1.5347740940472647 0 182.0 -1.5347740940472647 1
gene  1 2 14 -1.0319576387713556 0 183.0 -1.0319576387713556 1
gene  1 4 14 0.9150761241921346 0 185.0 0.9150761241921346 1
gene  1 5 14 -4.1577993332554515 0 186.0 -4.1577993332554515 1
gene  1 6 14 -0.35063510557191413 0 187.0 -0.35063510557191413 1
gene  1 7 14 -3.7062877847050446 0 188.0 -3.7062877847050446 1
gene  1 13 14 -5.894168906452042 0 194.0 -5.894168906452042 1
gene  1 14 14 -8.446577160604962 1 195.0 -8.446577160604962 1
gene  1 5 19 3.377134710643757 0 213.0 3.377134710643757 1
gene  1 19 13 2.200613697823899 0 214.0 2.200613697823899 1
gene  1 2 13 9.894572165523714 0 243.0 9.894572165523714 1
gene  1 6 19 -2.360297645236334 0 257.0 -2.360297645236334 1
gene  1 19 14 -4.666046395446151 0 267.0 -4.666046395446151 1
gene  1 14 33 1.0602364865216622 1 268.0 1.0602364865216622 1
gene  1 33 14 -2.2410972715112427 0 269.0 -2.2410972715112427 1
gene  1 4 13 -9.647189096119885 0 292.0 -9.647189096119885 1
gene  1 14 41 0.6067210049284661 1 315.0 0.6067210049284661 1
gene  1 41 13 3.2329956732785763 0 316.0 3.2329956732785763 1
gene  1 5 45 5.319486807515135 0 338.0 5.319486807515135 1
gene  1 45 14 2.187953458823739 0 339.0 2.187953458823739 1
genomeend 1
genomestart  2
trait 1 1.0912366156451037 1.559738843652866 0.35392091268841774 0.0 0.455352653858774 1.0290111265680415 0.6793983389774335 1.3382223835423157 
node 1 1 1 1
node 2 1 1 1
node 3 1 1 1
node 4 1 1 1
node 5 1 1 1
node 6 1 1 1
node 7 1 1 3
node 13 1 0 2
node 14 1 0 2
node 24 1 0 0
node 36 1 0 0
gene  1 2 13 -1.8728010903502565 0 169.0 -1.8728010903502565 1
gene  1 3 13 5.189824288452721 0 170.0 5.189824288452721 1
gene  1 4 13 8.810919396232933 0 171.0 8.810919396232933 1
gene  1 6 13 -0.5343937726158305 0 173.0 -0.5343937726158305 1
gene  1 7 13 -0.7700840127842214 0 174.0 -0.7700840127842214 1
gene  1 13 13 2.702146810647543 1 180.0 2.702146810647543 1
gene  1 1 14 -2.725481719016977 0 182.0 -2.725481719016977 1
gene  1 2 14 5.496218722830031 0 183.0 5.496218722830031 1
gene  1 5 14 3.8857014685491578 0 186.0 3.8857014685491578 1
gene  1 6 14 3.8670185799120103 0 187.0 3.8670185799120103 1
gene  1 7 14 2.359811319861176 0 188.0 2.359811319861176 1
gene  1 13 14 -3.6550790615650435 0 194.0 -3.6550790615650435 1
gene  1 14 14 4.616108871723872 1 195.0 4.616108871723872 1
gene  1 2 24 2.4199720808996865 0 226.0 2.4199720808996865 1
gene  1 24 13 0.007382470175049449 0 227.0 0.007382470175049449 1
gene  1 7 24 7.549817183489255 0 245.0 7.549817183489255 1
gene  1 1 24 -1.8622778017960777 0 249.0 -1.8622778017960777 1
gene  1 4 14 -0.7525758779854275 0 280.0 -0.7525758779854275 1
gene  1 4 36 -6.520752857671212 0 293.0 -6.520752857671212 1
gene  1 36 14 -0.6743947080804704 0 294.0 -0.6743947080804704 1
gene  1 7 36 0.8631405716295948 0 301.0 0.8631405716295948 1
gene  1 3 36 1.3286590338273967 0 313.0 1.3286590338273967 1
gene  1 24 36 2.3663774648142315 0 345.0 2.3663774648142315 1
gene  1 5 13 -1.2321052506770935 0 374.0 -1.2321052506770935 1
genomeend 2
genomestart  3
trait 1 1.0912366156451037 1.559738843652866 0.35392091268841774 0.0 0.455352653858774 1.0290111265680415 0.6793983389774335 1.3382223835423157 
node 1 1 1 1
node 2 1 1 1
node 3 1 1 1
node 4 1 1 1
node 5 1 1 1
node 6 1 1 1
node 7 1 1 3
node 13 1 0 2
node 14 1 0 2
node 24 1 0 0
node 36 1 0 0
gene  1 2 13 -1.0603788456342476 0 169.0 -1.0603788456342476 1
gene  1 3 13 3.3767884940648476 0 170.0 3.3767884940648476 1
gene  1 4 13 5.737156369184575 0 171.0 5.737156369184575 1
gene  1 6 13 -0.3750971410097492 0 173.0 -0.3750971410097492 1
gene  1 7 13 -1.4762725466781712 0 174.0 -1.4762725466781712 1
gene  1 13 13 -1.3925869667836184 1 180.0 -1.3925869667836184 1
gene  1 1 14 -6.414166458526191 0 182.0 -6.414166458526191 1
gene  1 2 14 -1.5985074595713742 0 183.0 -1.5985074595713742 1
gene  1 5 14 4.330705606225976 0 186.0 4.330705606225976 1
gene  1 6 14 4.3296223679642605 0 187.0 4.3296223679642605 1
gene  1 7 14 0.2583876990881282 0 188.0 0.2583876990881282 1
gene  1 13 14 -1.5049573571209454 0 194.0 -1.5049573571209454 1
gene  1 14 14 2.610018345551986 1 195.0 2.610018345551986 1
gene  1 2 24 -0.21467706169024825 0 226.0 -0.21467706169024825 1
gene  1 24 13 -1.7622142866209654 0 227.0 -1.7622142866209654 1
gene  1 7 24 5.761002132796113 0 245.0 5.761002132796113 1
gene  1 1 24 2.1620498318390347 0 249.0 2.1620498318390347 1
gene  1 4 14 1.4193042435076064 0 280.0 1.4193042435076064 1
gene  1 4 36 2.3271288817024676 0 293.0 2.3271288817024676 1
gene  1 36 14 -0.9127016201812064 0 294.0 -0.9127016201812064 1
gene  1 7 36 3.4535400382110617 0 301.0 3.4535400382110617 1
gene  1 3 36 0.1639275523943251 0 313.0 0.1639275523943251 1
gene  1 24 36 0.7106825680017614 0 345.0 0.7106825680017614 1
gene  1 5 13 4.908870655684477 0 374.0 4.908870655684477 1
genomeend 3
genomestart  4
trait 1 1.0912366156451037 1.559738843652866 0.35392091268841774 0.0 0.455352653858774 1.0290111265680415 0.6793983389774335 1.3382223835423157 
node 1 1 1 1
node 2 1 1 1
node 3 1 1 1
node 4 1 1 1
node 5 1 1 1
node 6 1 1 1
node 7 1 1 3
node 13 1 0 2
node 14 1 0 2
node 24 1 0 0
node 36 1 0 0
gene  1 2 13 -0.9996345732331826 0 169.0 -0.9996345732331826 1
gene  1 3 13 3.034693220758701 0 170.0 3.034693220758701 1
gene  1 4 13 7.976696558135896 0 171.0 7.976696558135896 1
gene  1 6 13 0.14948832401336398 0 173.0 0.14948832401336398 1
gene  1 7 13 -1.4762725466781712 0 174.0 -1.4762725466781712 1
gene  1 13 13 0.6216134782044447 1 180.0 0.6216134782044447 1
gene  1 1 14 -4.629934136556113 0 182.0 -4.629934136556113 1
gene  1 2 14 4.2693496187840605 0 183.0 4.2693496187840605 1
gene  1 5 14 5.357701591325483 0 186.0 5.357701591325483 1
gene  1 6 14 3.312620499511353 0 187.0 3.312620499511353 1
gene  1 7 14 1.5306035572565073 0 188.0 1.5306035572565073 1
gene  1 13 14 -3.8463630633799575 0 194.0 -3.8463630633799575 1
gene  1 14 14 2.1481584737794206 1 195.0 2.1481584737794206 1
gene  1 2 24 2.89899695157648 0 226.0 2.89899695157648 1
gene  1 24 13 -0.6932897706643284 0 227.0 -0.6932897706643284 1
gene  1 7 24 6.937849319484822 0 245.0 6.937849319484822 1
gene  1 1 24 -3.161878004407388 0 249.0 -3.161878004407388 1
gene  1 4 14 -0.2101685511793272 0 280.0 -0.2101685511793272 1
gene  1 4 36 -9.013428320341422 0 293.0 -9.013428320341422 1
gene  1 36 14 0.30774331906074326 0 294.0 0.30774331906074326 1
gene  1 7 36 1.4246532323309222 0 301.0 1.4246532323309222 1
gene  1 3 36 1.863835510409795 0 313.0 1.863835510409795 1
gene  1 24 36 2.3663774648142315 0 345.0 2.3663774648142315 1
gene  1 5 13 2.744491160648076 0 374.0 2.744491160648076 1
gene  1 24 14 -2.8534581893916213 0 386.0 -2.8534581893916213 1
genomeend 4
genomestart  5
trait 1 0.5881716647646825 0.21357948226159307 1.8564835101802153 0.8861824623786819 0.0 1.3132693424315245 1.6423806715703035 0.004307252023895924 
node 1 1 1 1
node 2 1 1 1
node 3 1 1 1
node 4 1 1 1
node 5 1 1 1
node 6 1 1 1
node 7 1 1 3
node 8 1 0 0
node 9 1 0 0
node 10 1 0 0
node 11 1 0 0
node 13 1 0 2
node 14 1 0 2
gene  1 2 8 3.480649590174799 0 99.0 3.480649590174799 1
gene  1 6 8 2.3872705915133925 0 103.0 2.3872705915133925 1
gene  1 8 8 -1.2733504174070278 1 105.0 -1.2733504174070278 1
gene  1 9 8 8.307015949018773 1 106.0 8.307015949018773 1
gene  1 10 8 3.9754979072871763 1 107.0 3.9754979072871763 1
gene  1 11 8 -0.8122722544707064 1 108.0 -0.8122722544707064 1
gene  1 13 8 0.8437979306865935 1 110.0 0.8437979306865935 1
gene  1 14 8 2.255497836339738 1 111.0 2.255497836339738 1
gene  1 1 9 3.0405764001736317 0 112.0 3.0405764001736317 1
gene  1 2 9 0.5561338077473565 0 113.0 0.5561338077473565 1
gene  1 3 9 1.6864512425990377 0 114.0 1.6864512425990377 1
gene  1 6 9 -3.5681471315837783 0 117.0 -3.5681471315837783 1
gene  1 7 9 2.134574582054329 0 118.0 2.134574582054329 1
gene  1 8 9 5.351096696753593 0 119.0 5.351096696753593 1
gene  1 9 9 -2.8440655211001733 1 120.0 -2.8440655211001733 1
gene  1 11 9 -10.459649390251725 1 122.0 -10.459649390251725 1
gene  1 13 9 -1.7110796838783593 1 124.0 -1.7110796838783593 1
gene  1 14 9 -3.0556120628307872 1 125.0 -3.0556120628307872 1
gene  1 1 10 -3.866108875585836 0 126.0 -3.866108875585836 1
gene  1 3 10 -0.873272199150138 0 128.0 -0.873272199150138 1
gene  1 4 10 0.14632073757100938 0 129.0 0.14632073757100938 1
gene  1 5 10 1.6532208282485028 0 130.0 1.6532208282485028 1
gene  1 6 10 -8.034244124275936 0 131.0 -8.034244124275936 1
gene  1 10 10 0.8556927684042812 1 135.0 0.8556927684042812 1
gene  1 11 10 2.858477517848371 1 136.0 2.858477517848371 1
gene  1 14 10 -0.8976008585258708 1 139.0 -0.8976008585258708 1
gene  1 1 11 -0.9671553853921382 0 140.0 -0.9671553853921382 1
gene  1 3 11 1.103079404513966 0 142.0 1.103079404513966 1
gene  1 5 11 -7.432946455538952 0 144.0 -7.432946455538952 1
gene  1 6 11 -1.4208918167530573 0 145.0 -1.4208918167530573 1
gene  1 7 11 4.520596940130399 0 146.0 4.520596940130399 1
gene  1 8 11 1.3189869530688554 0 147.0 1.3189869530688554 1
gene  1 9 11 1.10605920188877 0 148.0 1.10605920188877 1
gene  1 10 11 3.7044052107823444 0 149.0 3.7044052107823444 1
gene  1 11 11 -0.43371692583425797 1 150.0 -0.43371692583425797 1
gene  1 1 13 -1.8854016213194458 0 168.0 -1.8854016213194458 1
gene  1 2 13 0.7537372089574337 0 169.0 0.7537372089574337 1
gene  1 3 13 1.235665729657914 0 170.0 1.235665729657914 1
gene  1 7 13 0.2026014666233239 0 174.0 0.2026014666233239 1
gene  1 11 13 -3.8929996006167205 0 178.0 -3.8929996006167205 1
gene  1 13 13 1.3268522541968866 1 180.0 1.3268522541968866 1
gene  1 2 14 -0.4404305752006248 0 183.0 -0.4404305752006248 1
gene  1 3 14 -5.578672531392712 0 184.0 -5.578672531392712 1
gene  1 4 14 2.48988597308315 0 185.0 2.48988597308315 1
gene  1 7 14 1.7285119902478023 0 188.0 1.7285119902478023 1
gene  1 8 14 0.03424428008201841 0 189.0 0.03424428008201841 1
gene  1 10 14 0.5629652169828789 0 191.0 0.5629652169828789 1
gene  1 13 14 2.974390496522303 0 194.0 2.974390496522303 1
gene  1 5 13 1.0084175460282325 0 198.0 1.0084175460282325 1
gene  1 4 9 0.49182742346741404 0 200.0 0.49182742346741404 1
gene  1 8 13 -1.2005521676218307 0 248.0 -1.2005521676218307 1
gene  1 7 10 0.7880158057176083 0 270.0 0.7880158057176083 1
gene  1 9 10 0.0080512478783204 0 274.0 0.0080512478783204 1
gene  1 9 13 1.4756227280994159 0 288.0 1.4756227280994159 1
gene  1 5 14 1.3840512633609192 0 328.0 1.3840512633609192 1
gene  1 2 10 4.271555453727296 0 357.0 4.271555453727296 1
genomeend 5
genomestart  6
trait 1 0.5881716647646825 0.21357948226159307 1.8564835101802153 0.8861824623786819 0.0 1.3132693424315245 1.6423806715703035 0.004307252023895924 
node 1 1 1 1
node 2 1 1 1
node 3 1 1 1
node 4 1 1 1
node 5 1 1 1
node 6 1 1 1
node 7 1 1 3
node 8 1 0 0
node 9 1 0 0
node 10 1 0 0
node 11 1 0 0
node 13 1 0 2
node 14 1 0 2
gene  1 2 8 3.454541574961632 0 99.0 3.454541574961632 1
gene  1 6 8 2.3872705915133925 0 103.0 2.3872705915133925 1
gene  1 8 8 -1.7076583098484246 1 105.0 -1.7076583098484246 1
gene  1 9 8 6.922078485351938 1 106.0 6.922078485351938 1
gene  1 10 8 2.4458053080350304 1 107.0 2.4458053080350304 1
gene  1 11 8 0.3768035204533806 1 108.0 0.3768035204533806 1
gene  1 13 8 -0.12340133525238262 1 110.0 -0.12340133525238262 1
gene  1 14 8 -0.09096056165262034 1 111.0 -0.09096056165262034 1
gene  1 1 9 1.5599944612711216 0 112.0 1.5599944612711216 1
gene  1 2 9 -1.1165172934354963 0 113.0 -1.1165172934354963 1
gene  1 3 9 3.700172551640219 0 114.0 3.700172551640219 1
gene  1 6 9 -2.0855913875418914 0 117.0 -2.0855913875418914 1
gene  1 7 9 0.06401002081216522 0 118.0 0.06401002081216522 1
gene  1 8 9 4.621582849534901 0 119.0 4.621582849534901 1
gene  1 9 9 -4.141701319850052 1 120.0 -4.141701319850052 1
gene  1 11 9 -8.956721386783167 1 122.0 -8.956721386783167 1
gene  1 13 9 -3.0279642257120543 1 124.0 -3.0279642257120543 1
gene  1 14 9 -1.2529983993322018 1 125.0 -1.2529983993322018 1
gene  1 1 10 -6.334098082045763 0 126.0 -6.334098082045763 1
gene  1 3 10 0.21159547807458012 0 128.0 0.21159547807458012 1
gene  1 4 10 -1.8786998335969494 0 129.0 -1.8786998335969494 1
gene  1 5 10 1.2502847236318744 0 130.0 1.2502847236318744 1
gene  1 6 10 -6.042764902603152 0 131.0 -6.042764902603152 1
gene  1 10 10 -1.5250923213418373 1 135.0 -1.5250923213418373 1
gene  1 11 10 1.0222383969616682 1 136.0 1.0222383969616682 1
gene  1 14 10 -0.8976008585258708 1 139.0 -0.8976008585258708 1
gene  1 1 11 -0.9671553853921382 0 140.0 -0.9671553853921382 1
gene  1 3 11 1.7255914231726353 0 142.0 1.7255914231726353 1
gene  1 5 11 -8.462090701896894 0 144.0 -8.462090701896894 1
gene  1 6 11 -1.4208918167530573 0 145.0 -1.4208918167530573 1
gene  1 7 11 3.7848315765515035 0 146.0 3.7848315765515035 1
gene  1 8 11 1.3189869530688554 0 147.0 1.3189869530688554 1
gene  1 9 11 0.23077209194024428 0 148.0 0.23077209194024428 1
gene  1 10 11 1.7982634953826167 0 149.0 1.7982634953826167 1
gene  1 11 11 -0.07926867085141454 1 150.0 -0.07926867085141454 1
gene  1 1 13 -0.6116412163005289 0 168.0 -0.6116412163005289 1
gene  1 2 13 0.7537372089574337 0 169.0 0.7537372089574337 1
gene  1 3 13 1.878108015388848 0 170.0 1.878108015388848 1
gene  1 7 13 0.3750179801155887 0 174.0 0.3750179801155887 1
gene  1 11 13 -2.711304868097189 0 178.0 -2.711304868097189 1
gene  1 13 13 1.6606487325047392 1 180.0 1.6606487325047392 1
gene  1 2 14 -1.9102936399123436 0 183.0 -1.9102936399123436 1
gene  1 3 14 -5.578672531392712 0 184.0 -5.578672531392712 1
gene  1 4 14 3.6605975348399946 0 185.0 3.6605975348399946 1
gene  1 7 14 1.293444958537118 0 188.0 1.293444958537118 1
gene  1 8 14 0.03424428008201841 0 189.0 0.03424428008201841 1
gene  1 10 14 -1.1111627892147529 0 191.0 -1.1111627892147529 1
gene  1 13 14 2.974390496522303 0 194.0 2.974390496522303 1
gene  1 5 13 1.7709960756299994 0 198.0 1.7709960756299994 1
gene  1 4 9 -1.5499701121450913 0 200.0 -1.5499701121450913 1
gene  1 8 13 -2.3220517376539647 0 248.0 -2.3220517376539647 1
gene  1 7 10 -0.696727375064468 0 270.0 -0.696727375064468 1
gene  1 9 10 2.2321688315675265 0 274.0 2.2321688315675265 1
gene  1 9 13 1.4756227280994159 0 288.0 1.4756227280994159 1
gene  1 5 14 0.8839071372373266 0 328.0 0.8839071372373266 1
gene  1 2 10 3.3435086420520834 0 357.0 3.3435086420520834 1
gene  1 6 14 -0.5616100153371595 0 388.0 -0.5616100153371595 1
genomeend 6
genomestart  7
trait 1 0.7748407867188624 0.0 0.0 0.0 1.7799059348361965 1.021634367088284 0.7227535952013976 0.03711240661335824 
node 1 1 1 1
node 2 1 1 1
node 3 1 1 1
node 4 1 1 1
node 5 1 1 1
node 6 1 1 1
node 7 1 1 3
node 8 1 0 0
node 13 1 0 2
node 14 1 0 2
node 16 1 0 0
node 20 1 0 0
node 50 1 0 0
node 55 1 0 0
gene  1 1 8 0.41178302421225665 0 98.0 0.41178302421225665 1
gene  1 2 8 1.321472681149685 0 99.0 1.321472681149685 1
gene  1 3 8 1.9650408658775655 0 100.0 1.9650408658775655 1
gene  1 4 8 -3.049266922294802 0 101.0 -3.049266922294802 1
gene  1 5 8 -5.120829894732118 0 102.0 -5.120829894732118 1
gene  1 6 8 -5.599052805837658 0 103.0 -5.599052805837658 1
gene  1 8 8 -1.5921872760719402 1 105.0 -1.5921872760719402 1
gene  1 13 8 -11.162792720037526 1 110.0 -11.162792720037526 1
gene  1 14 8 -6.61178331883654 1 111.0 -6.61178331883654 1
gene  1 3 13 -0.3444423875156575 0 170.0 -0.3444423875156575 1
gene  1 5 13 2.4830672531715994 0 172.0 2.4830672531715994 1
gene  1 7 13 -1.1630960370116767 0 174.0 -1.1630960370116767 1
gene  1 13 13 2.205979146657783 1 180.0 2.205979146657783 1
gene  1 2 14 -3.78995813948322 0 183.0 -3.78995813948322 1
gene  1 4 14 1.3733706405348212 0 185.0 1.3733706405348212 1
gene  1 6 14 0.11993675439651064 0 187.0 0.11993675439651064 1
gene  1 8 14 0.939892607925612 0 189.0 0.939892607925612 1
gene  1 13 14 -13.111752871711648 0 194.0 -13.111752871711648 1
gene  1 13 16 -3.470653257859022 0 201.0 -3.470653257859022 1
gene  1 16 14 5.651742255648041 0 202.0 5.651742255648041 0
gene  1 3 20 -2.69029991948754 0 215.0 -2.69029991948754 0
gene  1 20 8 -2.6147368213015483 0 216.0 -2.6147368213015483 1
gene  1 8 13 -2.6847374370413313 0 233.0 -2.6847374370413313 1
gene  1 2 16 -1.4284030635357428 0 324.0 -1.4284030635357428 1
gene  1 2 20 -2.9206704465482582 0 333.0 -2.9206704465482582 1
gene  1 7 8 -1.7824039113225585 0 352.0 -1.7824039113225585 1
gene  1 16 50 -3.3969020061769126 0 364.0 -3.3969020061769126 1
gene  1 50 14 -4.100024639574268 0 365.0 -4.100024639574268 1
gene  1 3 55 0.746780522766427 0 379.0 0.746780522766427 1
gene  1 55 20 0.7911014223116728 0 380.0 0.7911014223116728 1
genomeend 7
genomestart  8
trait 1 0.7748407867188624 0.0 0.0 0.0 1.7799059348361965 1.021634367088284 0.7227535952013976 0.03711240661335824 
node 1 1 1 1
node 2 1 1 1
node 3 1 1 1
node 4 1 1 1
node 5 1 1 1
node 6 1 1 1
node 7 1 1 3
node 8 1 0 0
node 13 1 0 2
node 14 1 0 2
node 16 1 0 0
node 20 1 0 0
node 50 1 0 0
node 55 1 0 0
gene  1 1 8 0.3359288822571771 0 98.0 0.3359288822571771 1
gene  1 2 8 -0.13618943762822244 0 99.0 -0.13618943762822244 1
gene  1 3 8 1.6775655079218552 0 100.0 1.6775655079218552 1
gene  1 4 8 -3.735732380093207 0 101.0 -3.735732380093207 1
gene  1 5 8 -4.437016648267912 0 102.0 -4.437016648267912 1
gene  1 6 8 -5.599052805837658 0 103.0 -5.599052805837658 1
gene  1 8 8 2.168186246894171 1 105.0 2.168186246894171 1
gene  1 13 8 -11.162792720037526 1 110.0 -11.162792720037526 1
gene  1 14 8 -5.908309034607903 1 111.0 -5.908309034607903 1
gene  1 3 13 -0.3444423875156575 0 170.0 -0.3444423875156575 1
gene  1 5 13 -4.44462045080397 0 172.0 -4.44462045080397 1
gene  1 7 13 1.1780295482559775 0 174.0 1.1780295482559775 1
gene  1 13 13 -0.9824105926820269 1 180.0 -0.9824105926820269 1
gene  1 2 14 -1.8345573901429144 0 183.0 -1.8345573901429144 1
gene  1 4 14 -0.026909756478080582 0 185.0 -0.026909756478080582 1
gene  1 6 14 2.286617103435773 0 187.0 2.286617103435773 1
gene  1 8 14 0.7062090731294004 0 189.0 0.7062090731294004 1
gene  1 13 14 -14.890017483431725 0 194.0 -14.890017483431725 1
gene  1 13 16 -2.4077528165277147 0 201.0 -2.4077528165277147 1
gene  1 16 14 6.537736848654493 0 202.0 6.537736848654493 0
gene  1 3 20 -3.040577637105088 0 215.0 -3.040577637105088 0
gene  1 20 8 -3.653704399336716 0 216.0 -3.653704399336716 1
gene  1 8 13 -1.1946041497463054 0 233.0 -1.1946041497463054 1
gene  1 2 16 -1.4284030635357428 0 324.0 -1.4284030635357428 1
gene  1 2 20 -0.9729223096062696 0 333.0 -0.9729223096062696 1
gene  1 7 8 0.5206018293584254 0 352.0 0.5206018293584254 1
gene  1 16 50 -2.168945239744372 0 364.0 -2.168945239744372 1
gene  1 50 14 -2.1601255110260986 0 365.0 -2.1601255110260986 1
gene  1 3 55 0.746780522766427 0 379.0 0.746780522766427 1
gene  1 55 20 0.1477792443244963 0 380.0 0.1477792443244963 1
genomeend 8
genomestart  9
trait 1 0.0 1.1997531629665354 0.2647539208127345 0.7948206016704883 1.065005070163005 0.9714201015196656 0.0 0.6764016660929384 
node 1 1 1 1
node 2 1 1 1
node 3 1 1 1
node 4 1 1 1
node 5 1 1 1
node 6 1 1 1
node 7 1 1 3
node 8 1 0 0
node 9 1 0 0
node 10 1 0 0
node 13 1 0 2
node 14 1 0 2
node 21 1 0 0
node 29 1 0 0
node 52 1 0 0
node 53 1 0 0
gene  1 1 8 0.5450659210226558 0 98.0 0.5450659210226558 1
gene  1 3 8 -5.631200128526225 0 100.0 -5.631200128526225 1
gene  1 5 8 4.961261499090718 0 102.0 4.961261499090718 1
gene  1 6 8 0.14554134336680846 0 103.0 0.14554134336680846 1
gene  1 8 8 2.0485192323335033 1 105.0 2.0485192323335033 1
gene  1 1 9 -2.6095983397401166 0 112.0 -2.6095983397401166 1
gene  1 2 9 19.215255470488835 0 113.0 19.215255470488835 1
gene  1 3 9 1.353100171690984 0 114.0 1.353100171690984 1
gene  1 5 9 3.2833484394519408 0 116.0 3.2833484394519408 1
gene  1 7 9 0.21068079197597123 0 118.0 0.21068079197597123 1
gene  1 9 9 0.7070240110886086 1 120.0 0.7070240110886086 1
gene  1 10 9 -2.235208245288819 1 121.0 -2.235208245288819 1
gene  1 13 9 2.41699899684324 1 124.0 2.41699899684324 1
gene  1 2 10 5.798778625612117 0 127.0 5.798778625612117 1
gene  1 4 10 -4.435518682616541 0 129.0 -4.435518682616541 1
gene  1 5 10 -5.624186268946497 0 130.0 -5.624186268946497 1
gene  1 8 10 -7.4907276266371055 0 133.0 -7.4907276266371055 1
gene  1 9 10 -3.590728341245138 0 134.0 -3.590728341245138 1
gene  1 10 10 -2.9091011607195756 1 135.0 -2.9091011607195756 1
gene  1 13 10 6.940296702628446 1 138.0 6.940296702628446 1
gene  1 14 10 -0.13988899181841802 1 139.0 -0.13988899181841802 1
gene  1 2 13 4.49111972949066 0 169.0 4.49111972949066 1
gene  1 3 13 -2.4845508804606027 0 170.0 -2.4845508804606027 1
gene  1 6 13 -6.489401813117772 0 173.0 -6.489401813117772 1
gene  1 7 13 -0.1757573130000969 0 174.0 -0.1757573130000969 1
gene  1 9 13 1.5684315037903045 0 176.0 1.5684315037903045 1
gene  1 13 13 -6.287780112437191 1 180.0 -6.287780112437191 1
gene  1 14 13 -1.2611791536128507 1 181.0 -1.2611791536128507 1
gene  1 1 14 8.483545531810964 0 182.0 8.483545531810964 1
gene  1 3 14 -2.874877046412318 0 184.0 -2.874877046412318 1
gene  1 9 14 -5.234861690640546 0 190.0 -5.234861690640546 0
gene  1 10 14 -10.841782603891051 0 191.0 -10.841782603891051 1
gene  1 1 21 6.980331119474073 0 218.0 6.980331119474073 1
gene  1 21 8 6.447902861962918 0 219.0 6.447902861962918 1
gene  1 3 10 4.905917646405657 0 223.0 4.905917646405657 1
gene  1 6 29 -3.0194850994966944 0 259.0 -3.0194850994966944 1
gene  1 29 8 1.0537765446870493 0 260.0 1.0537765446870493 1
gene  1 29 21 1.575265534698895 0 271.0 1.575265534698895 1
gene  1 3 21 -2.628572064279301 0 300.0 -2.628572064279301 1
gene  1 9 52 0.15556528155104082 0 368.0 0.15556528155104082 1
gene  1 52 14 -2.3467654030264384 0 369.0 -2.3467654030264384 1
gene  1 1 53 1.5452853924953802 0 372.0 1.5452853924953802 1
gene  1 53 21 2.1539531060309764 0 373.0 2.1539531060309764 1
genomeend 9
genomestart  10
trait 1 0.0 1.1997531629665354 0.2647539208127345 0.76527084396768 0.9131520184272529 0.6751107911330217 0.0 0.6764016660929384 
node 1 1 1 1
node 2 1 1 1
node 3 1 1 1
node 4 1 1 1
node 5 1 1 1
node 6 1 1 1
node 7 1 1 3
node 8 1 0 0
node 9 1 0 0
node 10 1 0 0
node 13 1 0 2
node 14 1 0 2
node 21 1 0 0
node 29 1 0 0
node 52 1 0 0
node 53 1 0 0
gene  1 1 8 0.18176178418137795 0 98.0 0.18176178418137795 1
gene  1 3 8 -7.417811167042681 0 100.0 -7.417811167042681 1
gene  1 5 8 5.473425351504323 0 102.0 5.473425351504323 1
gene  1 6 8 0.5491222295479814 0 103.0 0.5491222295479814 1
gene  1 8 8 1.8745034659634654 1 105.0 1.8745034659634654 1
gene  1 1 9 -3.721603066412813 0 112.0 -3.721603066412813 1
gene  1 2 9 17.359991334643592 0 113.0 17.359991334643592 1
gene  1 3 9 1.2880218509679606 0 114.0 1.2880218509679606 1
gene  1 5 9 3.2421523743666336 0 116.0 3.2421523743666336 1
gene  1 7 9 2.3213762708077796 0 118.0 2.3213762708077796 1
gene  1 9 9 1.103427212259975 1 120.0 1.103427212259975 1
gene  1 10 9 2.046278188908963 1 121.0 2.046278188908963 1
gene  1 13 9 1.5769736953831444 1 124.0 1.5769736953831444 1
gene  1 2 10 4.916960995285343 0 127.0 4.916960995285343 1
gene  1 4 10 -4.487483240784293 0 129.0 -4.487483240784293 1
gene  1 5 10 -8.243189176826366 0 130.0 -8.243189176826366 1
gene  1 8 10 -8.845219407469674 0 133.0 -8.845219407469674 1
gene  1 9 10 0.6529318755589162 0 134.0 0.6529318755589162 1
gene  1 10 10 -1.7623332480394551 1 135.0 -1.7623332480394551 1
gene  1 13 10 5.731839122160783 1 138.0 5.731839122160783 1
gene  1 14 10 -0.7964529272315247 1 139.0 -0.7964529272315247 1
gene  1 2 13 3.92325037643064 0 169.0 3.92325037643064 1
gene  1 3 13 -1.5370921040518566 0 170.0 -1.5370921040518566 1
gene  1 6 13 -8.953102718780913 0 173.0 -8.953102718780913 1
gene  1 7 13 2.445561101528801 0 174.0 2.445561101528801 1
gene  1 9 13 2.553777049097455 0 176.0 2.553777049097455 1
gene  1 13 13 -4.792976246144175 1 180.0 -4.792976246144175 1
gene  1 14 13 1.8600835277600807 1 181.0 1.8600835277600807 1
gene  1 1 14 5.991251390300975 0 182.0 5.991251390300975 1
gene  1 3 14 -2.947719548525814 0 184.0 -2.947719548525814 1
gene  1 9 14 -4.000536252127262 0 190.0 -4.000536252127262 0
gene  1 10 14 -9.859718523558517 0 191.0 -9.859718523558517 1
gene  1 1 21 4.635545036824117 0 218.0 4.635545036824117 1
gene  1 21 8 3.4014697292246487 0 219.0 3.4014697292246487 1
gene  1 3 10 6.682482245034871 0 223.0 6.682482245034871 1
gene  1 6 29 -1.5432257219713588 0 259.0 -1.5432257219713588 1
gene  1 29 8 -0.020958247762868865 0 260.0 -0.020958247762868865 1
gene  1 29 21 1.575265534698895 0 271.0 1.575265534698895 1
gene  1 3 21 -3.7993579875472623 0 300.0 -3.7993579875472623 1
gene  1 9 52 1.3801916260443161 0 368.0 1.3801916260443161 1
gene  1 52 14 -2.075415946504362 0 369.0 -2.075415946504362 1
gene  1 1 53 0.862968748372972 0 372.0 0.862968748372972 1
gene  1 53 21 0.16728556058748179 0 373.0 0.16728556058748179 1
genomeend 10
genomestart  11
trait 1 0.0 1.1997531629665354 0.2647539208127345 0.76527084396768 0.9131520184272529 0.6751107911330217 0.0 0.6764016660929384 
node 1 1 1 1
node 2 1 1 1
node 3 1 1 1
node 4 1 1 1
node 5 1 1 1
node 6 1 1 1
node 7 1 1 3
node 8 1 0 0
node 9 1 0 0
node 10 1 0 0
node 13 1 0 2
node 14 1 0 2
node 21 1 0 0
node 29 1 0 0
node 52 1 0 0
node 53 1 0 0
gene  1 1 8 -0.6235158133288659 0 98.0 -0.6235158133288659 1
gene  1 3 8 -7.449137398718533 0 100.0 -7.449137398718533 1
gene  1 5 8 2.631661560280277 0 102.0 2.631661560280277 1
gene  1 6 8 3.600372636197137 0 103.0 3.600372636197137 1
gene  1 8 8 2.2327596610245215 1 105.0 2.2327596610245215 1
gene  1 1 9 -0.4655644331216151 0 112.0 -0.4655644331216151 1
gene  1 2 9 16.373644769696522 0 113.0 16.373644769696522 1
gene  1 3 9 4.637783925792123 0 114.0 4.637783925792123 1
gene  1 5 9 0.1474341684617273 0 116.0 0.1474341684617273 1
gene  1 7 9 2.720903330278921 0 118.0 2.720903330278921 1
gene  1 9 9 -1.0141168855356366 1 120.0 -1.0141168855356366 1
gene  1 10 9 2.2422643663173836 1 121.0 2.2422643663173836 1
gene  1 13 9 -1.5827998981626101 1 124.0 -1.5827998981626101 1
gene  1 2 10 5.145606782381193 0 127.0 5.145606782381193 1
gene  1 4 10 -4.646209231533733 0 129.0 -4.646209231533733 1
gene  1 5 10 -5.50462299463172 0 130.0 -5.50462299463172 1
gene  1 8 10 -9.243062298847098 0 133.0 -9.243062298847098 1
gene  1 9 10 0.2971421769423568 0 134.0 0.2971421769423568 1
gene  1 10 10 -3.117318536287603 1 135.0 -3.117318536287603 1
gene  1 13 10 2.402096954094604 1 138.0 2.402096954094604 1
gene  1 14 10 -1.4141348274213261 1 139.0 -1.4141348274213261 1
gene  1 2 13 6.238845985260695 0 169.0 6.238845985260695 1
gene  1 3 13 0.13378800096886767 0 170.0 0.13378800096886767 1
gene  1 6 13 -8.041876222368042 0 173.0 -8.041876222368042 1
gene  1 7 13 0.5792980611623741 0 174.0 0.5792980611623741 1
gene  1 9 13 -0.733734069230886 0 176.0 -0.733734069230886 1
gene  1 13 13 -9.214279239845883 1 180.0 -9.214279239845883 1
gene  1 14 13 -0.9945104828541644 1 181.0 -0.9945104828541644 1
gene  1 1 14 8.326299241479516 0 182.0 8.326299241479516 1
gene  1 3 14 -3.541635198367558 0 184.0 -3.541635198367558 1
gene  1 9 14 -3.957337680344051 0 190.0 -3.957337680344051 0
gene  1 10 14 -11.179053507610961 0 191.0 -11.179053507610961 1
gene  1 1 21 5.1945564455201785 0 218.0 5.1945564455201785 1
gene  1 21 8 1.9213014399381532 0 219.0 1.9213014399381532 1
gene  1 3 10 6.859868564225007 0 223.0 6.859868564225007 1
gene  1 6 29 -1.5432257219713588 0 259.0 -1.5432257219713588 1
gene  1 29 8 -0.020958247762868865 0 260.0 -0.020958247762868865 1
gene  1 29 21 3.462769202897574 0 271.0 3.462769202897574 1
gene  1 3 21 -3.068449945292975 0 300.0 -3.068449945292975 1
gene  1 9 52 -1.0478934214224045 0 368.0 -1.0478934214224045 1
gene  1 52 14 -4.19073937723106 0 369.0 -4.19073937723106 1
gene  1 1 53 2.276883894988049 0 372.0 2.276883894988049 1
gene  1 53 21 -2.200739592839641 0 373.0 -2.200739592839641 1
genomeend 11
genomestart  12
trait 1 0.0 1.1997531629665354 0.2647539208127345 0.76527084396768 0.9131520184272529 0.6751107911330217 0.0 0.6764016660929384 
node 1 1 1 1
node 2 1 1 1
node 3 1 1 1
node 4 1 1 1
node 5 1 1 1
node 6 1 1 1
node 7 1 1 3
node 8 1 0 0
node 9 1 0 0
node 10 1 0 0
node 13 1 0 2
node 14 1 0 2
node 21 1 0 0
node 29 1 0 0
node 52 1 0 0
node 53 1 0 0
gene  1 1 8 -2.501477922475238 0 98.0 -2.501477922475238 1
gene  1 3 8 -4.4005123627606775 0 100.0 -4.4005123627606775 1
gene  1 5 8 6.520452826618179 0 102.0 6.520452826618179 1
gene  1 6 8 1.2024275016135348 0 103.0 1.2024275016135348 1
gene  1 8 8 3.2768945144647823 1 105.0 3.2768945144647823 1
gene  1 1 9 -2.976114340835041 0 112.0 -2.976114340835041 1
gene  1 2 9 20.53781759394645 0 113.0 20.53781759394645 1
gene  1 3 9 4.4255797402660635 0 114.0 4.4255797402660635 1
gene  1 5 9 -0.261158738935368 0 116.0 -0.261158738935368 1
gene  1 7 9 -1.3053572457907143 0 118.0 -1.3053572457907143 1
gene  1 9 9 -0.7137404349629071 1 120.0 -0.7137404349629071 1
gene  1 10 9 0.8534661634683673 1 121.0 0.8534661634683673 1
gene  1 13 9 -0.26893228149513715 1 124.0 -0.26893228149513715 1
gene  1 2 10 4.048921224341706 0 127.0 4.048921224341706 1
gene  1 4 10 -7.796875796505672 0 129.0 -7.796875796505672 1
gene  1 5 10 -7.179813540403707 0 130.0 -7.179813540403707 1
gene  1 8 10 -6.543267398534866 0 133.0 -6.543267398534866 1
gene  1 9 10 0.33170221985954584 0 134.0 0.33170221985954584 1
gene  1 10 10 -0.25646274244647893 1 135.0 -0.25646274244647893 1
gene  1 13 10 4.529583308456709 1 138.0 4.529583308456709 1
gene  1 14 10 -0.8038427686365386 1 139.0 -0.8038427686365386 1
gene  1 2 13 5.184227063229591 0 169.0 5.184227063229591 1
gene  1 3 13 -2.1918360202471088 0 170.0 -2.1918360202471088 1
gene  1 6 13 -6.702763111865648 0 173.0 -6.702763111865648 1
gene  1 7 13 1.1872997640095937 0 174.0 1.1872997640095937 1
gene  1 9 13 -0.4816541966336476 0 176.0 -0.4816541966336476 1
gene  1 13 13 -6.0927873059947535 1 180.0 -6.0927873059947535 1
gene  1 14 13 2.9211805665005928 1 181.0 2.9211805665005928 1
gene  1 1 14 8.09981883823978 0 182.0 8.09981883823978 1
gene  1 3 14 -3.045990052324582 0 184.0 -3.045990052324582 1
gene  1 9 14 -5.111855846897393 0 190.0 -5.111855846897393 0
gene  1 10 14 -8.169465859331018 0 191.0 -8.169465859331018 1
gene  1 1 21 4.237605695697326 0 218.0 4.237605695697326 1
gene  1 21 8 4.883456033051303 0 219.0 4.883456033051303 1
gene  1 3 10 5.88284475615112 0 223.0 5.88284475615112 1
gene  1 6 29 -1.1287883935482976 0 259.0 -1.1287883935482976 1
gene  1 29 8 -0.020958247762868865 0 260.0 -0.020958247762868865 1
gene  1 29 21 1.9271218027676715 0 271.0 1.9271218027676715 1
gene  1 3 21 -3.7993579875472623 0 300.0 -3.7993579875472623 1
gene  1 9 52 -0.5510379320989771 0 368.0 -0.5510379320989771 1
gene  1 52 14 -3.385824235938875 0 369.0 -3.385824235938875 1
gene  1 1 53 0.34983197239518304 0 372.0 0.34983197239518304 1
gene  1 53 21 2.285846166969959 0 373.0 2.285846166969959 1
genomeend 12
genomestart  13
trait 1 1.6794933164865213 0.8431431947056619 0.7304569130525695 0.24340368269336865 0.0 1.7239330509845825 0.0 0.202707552007791 
node 1 1 1 1
node 2 1 1 1
node 3 1 1 1
node 4 1 1 1
node 5 1 1 1
node 6 1 1 1
node 7 1 1 3
node 13 1 0 2
node 14 1 0 2
node 42 1 0 0
gene  1 1 13 -0.8631960732873609 0 168.0 -0.8631960732873609 1
gene  1 2 13 1.2358460592242118 0 169.0 1.2358460592242118 1
gene  1 3 13 -4.0312349082610535 0 170.0 -4.0312349082610535 1
gene  1 4 13 2.0747390415246265 0 171.0 2.0747390415246265 1
gene  1 5 13 -1.391868921354068 0 172.0 -1.391868921354068 1
gene  1 6 13 5.921520754992405 0 173.0 5.921520754992405 1
gene  1 7 13 0.9066719091363771 0 174.0 0.9066719091363771 1
gene  1 14 13 4.610274093958932 1 181.0 4.610274093958932 1
gene  1 1 14 2.282779098850483 0 182.0 2.282779098850483 1
gene  1 2 14 1.35995344114758 0 183.0 1.35995344114758 1
gene  1 3 14 0.15605486054251738 0 184.0 0.15605486054251738 1
gene  1 13 14 -1.2779718335168333 0 194.0 -1.2779718335168333 1
gene  1 14 14 -0.917576674796873 1 195.0 -0.917576674796873 1
gene  1 6 14 -1.976173883170215 0 230.0 -1.976173883170215 1
gene  1 4 14 -2.73094800679738 0 312.0 -2.73094800679738 1
gene  1 2 42 0.8545922344626207 0 320.0 0.8545922344626207 1
gene  1 42 13 -0.573974000977784 0 321.0 -0.573974000977784 1
gene  1 6 42 1.1293910543545684 0 349.0 1.1293910543545684 1
gene  1 7 14 2.1264897902562465 0 353.0 2.1264897902562465 1
gene  1 5 14 -3.396437363568591 0 387.0 -3.396437363568591 1
genomeend 13
genomestart  14
trait 1 1.2278199519511421 0.8431431947056619 0.0 0.24340368269336865 0.0 1.7239330509845825 0.9506980277045094 0.0 
node 1 1 1 1
node 2 1 1 1
node 3 1 1 1
node 4 1 1 1
node 5 1 1 1
node 6 1 1 1
node 7 1 1 3
node 13 1 0 2
node 14 1 0 2
node 42 1 0 0
gene  1 1 13 -0.3551068154897341 0 168.0 -0.3551068154897341 1
gene  1 2 13 1.9081800646558211 0 169.0 1.9081800646558211 1
gene  1 3 13 -4.215792161462235 0 170.0 -4.215792161462235 1
gene  1 4 13 2.3971585073544137 0 171.0 2.3971585073544137 1
gene  1 5 13 -3.113951409858611 0 172.0 -3.113951409858611 1
gene  1 6 13 6.344733288921585 0 173.0 6.344733288921585 1
gene  1 7 13 0.9757789036071729 0 174.0 0.9757789036071729 1
gene  1 14 13 5.694729330646297 1 181.0 5.694729330646297 1
gene  1 1 14 4.029193865411234 0 182.0 4.029193865411234 1
gene  1 2 14 3.4357861332743163 0 183.0 3.4357861332743163 1
gene  1 3 14 -0.6318764006305477 0 184.0 -0.6318764006305477 1
gene  1 13 14 1.2137308435324186 0 194.0 1.2137308435324186 1
gene  1 14 14 1.5040982483846639 1 195.0 1.5040982483846639 1
gene  1 6 14 -2.2602320482276466 0 230.0 -2.2602320482276466 1
gene  1 4 14 -4.6199332978499665 0 312.0 -4.6199332978499665 1
gene  1 2 42 -0.05529636757838419 0 320.0 -0.05529636757838419 1
gene  1 42 13 -2.518417612705903 0 321.0 -2.518417612705903 1
gene  1 6 42 1.682927636581869 0 349.0 1.682927636581869 1
gene  1 7 14 1.9652542663588837 0 353.0 1.9652542663588837 1
genomeend 14
genomestart  15
trait 1 0.5031937912988503 0.0 0.0 0.7829824703357012 0.0 0.34443587063922654 0.6332814071952078 0.0 
node 1 1 1 1
node 2 1 1 1
node 3 1 1 1
node 4 1 1 1
node 5 1 1 1
node 6 1 1 1
node 7 1 1 3
node 8 1 0 0
node 13 1 0 2
node 14 1 0 2
node 49 1 0 0
node 57 1 0 0
gene  1 4 8 -2.7474175722168708 0 101.0 -2.7474175722168708 1
gene  1 5 8 -11.266611504068146 0 102.0 -11.266611504068146 1
gene  1 6 8 -9.221761018087353 0 103.0 -9.221761018087353 1
gene  1 14 8 1.2061624491889225 1 111.0 1.2061624491889225 1
gene  1 1 13 2.5264081389366937 0 168.0 2.5264081389366937 1
gene  1 2 13 -3.879504709364869 0 169.0 -3.879504709364869 1
gene  1 3 13 1.45878518195744 0 170.0 1.45878518195744 1
gene  1 5 13 0.0032090716387693785 0 172.0 0.0032090716387693785 1
gene  1 7 13 -6.714098241074529 0 174.0 -6.714098241074529 1
gene  1 14 13 5.419920372733908 1 181.0 5.419920372733908 1
gene  1 1 14 3.860181265863355 0 182.0 3.860181265863355 1
gene  1 2 14 0.44005268343290926 0 183.0 0.44005268343290926 1
gene  1 3 14 6.785015895473783 0 184.0 6.785015895473783 1
gene  1 4 14 -0.5028355419362005 0 185.0 -0.5028355419362005 0
gene  1 8 14 -0.9020224981541376 0 189.0 -0.9020224981541376 1
gene  1 14 14 2.525060863658698 1 195.0 2.525060863658698 1
gene  1 6 14 -0.855595133204489 0 240.0 -0.855595133204489 1
gene  1 8 13 -0.3007625235534025 0 311.0 -0.3007625235534025 1
gene  1 14 13 0.49247614521733984 0 322.0 0.49247614521733984 1
gene  1 2 49 -3.132824439583002 0 362.0 -3.132824439583002 1
gene  1 49 14 0.8572535067189138 0 363.0 0.8572535067189138 1
gene  1 4 57 1.0 0 389.0 0.0 1
gene  1 57 14 -0.5028355419362005 0 390.0 0.0 1
genomeend 15
genomestart  16
trait 1 0.5031937912988503 0.0 0.0 0.7829824703357012 0.0 0.34443587063922654 0.6332814071952078 0.0 
node 1 1 1 1
node 2 1 1 1
node 3 1 1 1
node 4 1 1 1
node 5 1 1 1
node 6 1 1 1
node 7 1 1 3
node 8 1 0 0
node 13 1 0 2
node 14 1 0 2
node 49 1 0 0
gene  1 4 8 -2.1154832782812334 0 101.0 -2.1154832782812334 1
gene  1 5 8 -9.265753334851896 0 102.0 -9.265753334851896 1
gene  1 6 8 -7.723499923780116 0 103.0 -7.723499923780116 1
gene  1 14 8 1.3869370961705783 1 111.0 1.3869370961705783 1
gene  1 1 13 2.4327914112246694 0 168.0 2.4327914112246694 1
gene  1 2 13 -2.1086467768588957 0 169.0 -2.1086467768588957 1
gene  1 3 13 2.2961400567406343 0 170.0 2.2961400567406343 1
gene  1 5 13 1.7805848478650081 0 172.0 1.7805848478650081 1
gene  1 7 13 -7.1717996931128445 0 174.0 -7.1717996931128445 1
gene  1 14 13 7.400878180152415 1 181.0 7.400878180152415 1
gene  1 1 14 5.675638228549061 0 182.0 5.675638228549061 1
gene  1 2 14 1.6105435508885646 0 183.0 1.6105435508885646 1
gene  1 3 14 6.434714674590348 0 184.0 6.434714674590348 1
gene  1 4 14 -2.1081035040530782 0 185.0 -2.1081035040530782 1
gene  1 8 14 1.0471819695168707 0 189.0 1.0471819695168707 1
gene  1 14 14 3.741231333910619 1 195.0 3.741231333910619 1
gene  1 6 14 -3.135522887680124 0 240.0 -3.135522887680124 1
gene  1 8 13 -0.3007625235534025 0 311.0 -0.3007625235534025 1
gene  1 14 13 -1.638941394055045 0 322.0 -1.638941394055045 1
gene  1 2 49 -4.180425669110819 0 362.0 -4.180425669110819 1
gene  1 49 14 0.8572535067189138 0 363.0 0.8572535067189138 1
genomeend 16
genomestart  17
trait 1 0.8225567813410785 1.2140246672840036 0.7816155317589891 0.49951333318806035 0.760472394127403 0.9742749841765682 0.16709809669901776 0.20144182840303793 
node 1 1 1 1
node 2 1 1 1
node 3 1 1 1
node 4 1 1 1
node 5 1 1 1
node 6 1 1 1
node 7 1 1 3
node 8 1 0 0
node 9 1 0 0
node 10 1 0 0
node 11 1 0 0
node 12 1 0 0
node 13 1 0 2
node 14 1 0 2
node 27 1 0 0
node 34 1 0 0
node 40 1 0 0
node 48 1 0 0
gene  1 1 8 -0.33300146577543893 0 98.0 -0.33300146577543893 1
gene  1 3 8 -2.435036015357808 0 100.0 -2.435036015357808 0
gene  1 4 8 0.03913733098303884 0 101.0 0.03913733098303884 1
gene  1 6 8 -5.023428420615398 0 103.0 -5.023428420615398 1
gene  1 8 8 5.352945605893307 1 105.0 5.352945605893307 1
gene  1 10 8 -1.169720160111505 1 107.0 -1.169720160111505 1
gene  1 3 9 -1.216239307055428 0 114.0 -1.216239307055428 1
gene  1 6 9 1.1720534245251406 0 117.0 1.1720534245251406 1
gene  1 8 9 3.364097017272642 0 119.0 3.364097017272642 1
gene  1 10 9 0.06977648895361144 1 121.0 0.06977648895361144 1
gene  1 11 9 -0.9264099167682031 1 122.0 -0.9264099167682031 1
gene  1 13 9 4.172441133359818 1 124.0 4.172441133359818 1
gene  1 14 9 0.13669144224351532 1 125.0 0.13669144224351532 1
gene  1 1 10 1.3989566035044194 0 126.0 1.3989566035044194 1
gene  1 3 10 1.5042182275302214 0 128.0 1.5042182275302214 1
gene  1 4 10 -6.177469471313135 0 129.0 -6.177469471313135 1
gene  1 5 10 5.566751618674926 0 130.0 5.566751618674926 1
gene  1 9 10 9.241179962036929 0 134.0 9.241179962036929 1
gene  1 13 10 -4.262376029657955 1 138.0 -4.262376029657955 1
gene  1 1 11 1.5669823971068964 0 140.0 1.5669823971068964 1
gene  1 3 11 -3.3307769186160927 0 142.0 -3.3307769186160927 1
gene  1 5 11 8.7579634337539 0 144.0 8.7579634337539 1
gene  1 9 11 1.045316295284641 0 148.0 1.045316295284641 1
gene  1 10 11 4.427291193397659 0 149.0 4.427291193397659 1
gene  1 12 11 -0.57151363823357 1 151.0 -0.57151363823357 1
gene  1 14 11 2.793501778894071 1 153.0 2.793501778894071 1
gene  1 2 12 -6.179195001095776 0 155.0 -6.179195001095776 1
gene  1 4 12 6.214469552610677 0 157.0 6.214469552610677 1
gene  1 6 12 4.9223970459387685 0 159.0 4.9223970459387685 1
gene  1 7 12 -2.7204825624124256 0 160.0 -2.7204825624124256 1
gene  1 9 12 -1.227833096628617 0 162.0 -1.227833096628617 1
gene  1 10 12 1.6313549620677292 0 163.0 1.6313549620677292 1
gene  1 12 12 -1.0494040940631257 1 165.0 -1.0494040940631257 1
gene  1 14 12 0.3664246275074048 1 167.0 0.3664246275074048 1
gene  1 1 13 3.7861217010050696 0 168.0 3.7861217010050696 1
gene  1 3 13 1.7419532176410075 0 170.0 1.7419532176410075 1
gene  1 4 13 -5.759994967886299 0 171.0 -5.759994967886299 1
gene  1 6 13 7.104312187300472 0 173.0 7.104312187300472 1
gene  1 8 13 5.715177044181381 0 175.0 5.715177044181381 1
gene  1 9 13 4.920736710855289 0 176.0 4.920736710855289 1
gene  1 8 14 -0.5571833761388387 0 189.0 -0.5571833761388387 1
gene  1 11 14 13.210765143865713 0 192.0 13.210765143865713 1
gene  1 5 8 -4.651655856785425 0 235.0 -4.651655856785425 1
gene  1 1 27 -1.5664610333142313 0 241.0 -1.5664610333142313 1
gene  1 27 8 -4.664721540402638 0 242.0 -4.664721540402638 1
gene  1 9 34 -0.6183071257233146 0 272.0 -0.6183071257233146 1
gene  1 34 11 3.11027655191885 0 273.0 3.11027655191885 1
gene  1 5 13 -5.788112630153815 0 277.0 -5.788112630153815 1
gene  1 12 14 0.33150924920782643 0 296.0 0.33150924920782643 1
gene  1 8 40 -2.078924074971362 1 308.0 -2.078924074971362 1
gene  1 40 8 -2.8300301204218825 0 309.0 -2.8300301204218825 1
gene  1 10 14 2.387007416461912 0 341.0 2.387007416461912 1
gene  1 3 48 0.9222142636944577 0 360.0 0.9222142636944577 1
gene  1 48 8 -2.1782916821558107 0 361.0 -2.1782916821558107 1
genomeend 17
genomestart  18
trait 1 0.8225567813410785 1.2140246672840036 0.7816155317589891 0.49951333318806035 0.760472394127403 0.9742749841765682 0.16709809669901776 0.20144182840303793 
node 1 1 1 1
node 2 1 1 1
node 3 1 1 1
node 4 1 1 1
node 5 1 1 1
node 6 1 1 1
node 7 1 1 3
node 8 1 0 0
node 9 1 0 0
node 10 1 0 0
node 11 1 0 0
node 12 1 0 0
node 13 1 0 2
node 14 1 0 2
node 27 1 0 0
node 34 1 0 0
node 40 1 0 0
node 48 1 0 0
gene  1 1 8 -2.4688871139760913 0 98.0 -2.4688871139760913 1
gene  1 3 8 -2.129421707507911 0 100.0 -2.129421707507911 0
gene  1 4 8 0.30285772126168553 0 101.0 0.30285772126168553 1
gene  1 6 8 -5.215818417947919 0 103.0 -5.215818417947919 1
gene  1 8 8 6.193868324276633 1 105.0 6.193868324276633 1
gene  1 10 8 -1.6984861500128055 1 107.0 -1.6984861500128055 1
gene  1 3 9 6.640302258309848 0 114.0 6.640302258309848 1
gene  1 6 9 1.4875649441957033 0 117.0 1.4875649441957033 1
gene  1 8 9 3.3110957307768993 0 119.0 3.3110957307768993 1
gene  1 10 9 2.2633738428650814 1 121.0 2.2633738428650814 1
gene  1 11 9 1.6788285591526382 1 122.0 1.6788285591526382 1
gene  1 13 9 2.754713926742561 1 124.0 2.754713926742561 1
gene  1 14 9 -0.5970931264863721 1 125.0 -0.5970931264863721 1
gene  1 1 10 -0.4878807981464753 0 126.0 -0.4878807981464753 1
gene  1 3 10 -1.0798638305639903 0 128.0 -1.0798638305639903 1
gene  1 4 10 -4.9580761631996 0 129.0 -4.9580761631996 1
gene  1 5 10 6.719270094420906 0 130.0 6.719270094420906 1
gene  1 9 10 1.233700916949232 0 134.0 1.233700916949232 1
gene  1 13 10 -5.550172792293683 1 138.0 -5.550172792293683 1
gene  1 1 11 2.3429854130558048 0 140.0 2.3429854130558048 1
gene  1 3 11 -6.8711512897752645 0 142.0 -6.8711512897752645 1
gene  1 5 11 1.4591088846049403 0 144.0 1.4591088846049403 1
gene  1 9 11 -0.5909865999099031 0 148.0 -0.5909865999099031 1
gene  1 10 11 -1.4181550844863562 0 149.0 -1.4181550844863562 1
gene  1 12 11 -0.3296384816506335 1 151.0 -0.3296384816506335 1
gene  1 14 11 1.161553960846177 1 153.0 1.161553960846177 1
gene  1 2 12 -5.024724635873156 0 155.0 -5.024724635873156 1
gene  1 4 12 4.774046492493026 0 157.0 4.774046492493026 1
gene  1 6 12 -2.0046936063856817 0 159.0 -2.0046936063856817 1
gene  1 7 12 -2.6612188948461526 0 160.0 -2.6612188948461526 1
gene  1 9 12 -3.0146091340503 0 162.0 -3.0146091340503 1
gene  1 10 12 -0.45477253387529926 0 163.0 -0.45477253387529926 1
gene  1 12 12 -3.6186327737920028 1 165.0 -3.6186327737920028 1
gene  1 14 12 1.7027859003924801 1 167.0 1.7027859003924801 1
gene  1 1 13 -0.24682156925644627 0 168.0 -0.24682156925644627 1
gene  1 3 13 0.2814887271283326 0 170.0 0.2814887271283326 1
gene  1 4 13 -4.58271475003815 0 171.0 -4.58271475003815 1
gene  1 6 13 -0.7042003688694787 0 173.0 -0.7042003688694787 1
gene  1 8 13 6.7016783226743835 0 175.0 6.7016783226743835 1
gene  1 9 13 1.3553400958104476 0 176.0 1.3553400958104476 1
gene  1 8 14 -0.7437549110412218 0 189.0 -0.7437549110412218 1
gene  1 11 14 13.220553019088298 0 192.0 13.220553019088298 1
gene  1 5 8 -7.53932113770538 0 235.0 -7.53932113770538 1
gene  1 1 27 -6.078501194003596 0 241.0 -6.078501194003596 1
gene  1 27 8 0.16520047377857894 0 242.0 0.16520047377857894 1
gene  1 9 34 -1.2060402100075445 0 272.0 -1.2060402100075445 1
gene  1 34 11 3.0956686738033357 0 273.0 3.0956686738033357 1
gene  1 5 13 -4.378838668357081 0 277.0 -4.378838668357081 1
gene  1 12 14 1.993270375039843 0 296.0 1.993270375039843 1
gene  1 8 40 -2.2551816881256883 1 308.0 -2.2551816881256883 1
gene  1 40 8 -4.2543572817088275 0 309.0 -4.2543572817088275 1
gene  1 10 14 -0.2631352195135164 0 341.0 -0.2631352195135164 1
gene  1 3 48 -0.8753095584338313 0 360.0 -0.8753095584338313 1
gene  1 48 8 0.09364963493525752 0 361.0 0.09364963493525752 1
genomeend 18
genomestart  19
trait 1 0.33971452717739675 0.27695848508415316 1.2324307960896477 0.38263542198384 1.7668704662528345 0.8372542455634346 0.3613767976006988 0.3567570363531483 
node 1 1 1 1
node 2 1 1 1
node 3 1 1 1
node 4 1 1 1
node 5 1 1 1
node 6 1 1 1
node 7 1 1 3
node 8 1 0 0
node 9 1 0 0
node 10 1 0 0
node 13 1 0 2
node 14 1 0 2
node 16 1 0 0
node 21 1 0 0
node 29 1 0 0
node 52 1 0 0
node 53 1 0 0
gene  1 1 8 -5.7217519485866015 0 98.0 -5.7217519485866015 1
gene  1 2 8 -0.6275802718981263 0 99.0 -0.6275802718981263 1
gene  1 3 8 -2.7956002299766336 0 100.0 -2.7956002299766336 1
gene  1 4 8 -1.2398815802312941 0 101.0 -1.2398815802312941 1
gene  1 5 8 -2.0319292218876255 0 102.0 -2.0319292218876255 1
gene  1 6 8 -0.7952435747412829 0 103.0 -0.7952435747412829 1
gene  1 8 8 -2.4334656475747343 1 105.0 -2.4334656475747343 1
gene  1 13 8 0.13586855873074422 1 110.0 0.13586855873074422 1
gene  1 14 8 -10.624310776501313 1 111.0 -10.624310776501313 1
gene  1 3 13 -0.16348432188311657 0 170.0 -0.16348432188311657 1
gene  1 5 13 -4.7196292127934925 0 172.0 -4.7196292127934925 1
gene  1 7 13 5.2074657723206865 0 174.0 5.2074657723206865 1
gene  1 13 13 4.591093191813142 1 180.0 4.591093191813142 1
gene  1 2 14 2.0064496793691964 0 183.0 2.0064496793691964 1
gene  1 4 14 0.14086412948755234 0 185.0 0.14086412948755234 1
gene  1 6 14 -5.738275009518328 0 187.0 -5.738275009518328 1
gene  1 8 14 -1.8663587087853613 0 189.0 -1.8663587087853613 1
gene  1 13 14 -1.8581489339987232 0 194.0 -1.8581489339987232 1
gene  1 13 16 7.011268852699185 0 201.0 7.011268852699185 1
gene  1 16 14 -1.5414228149860616 0 202.0 -1.5414228149860616 0
gene  1 1 21 -5.966533023112091 0 218.0 -5.966533023112091 1
gene  1 21 8 0.0758207788772034 0 219.0 0.0758207788772034 1
gene  1 3 10 2.399683077808521 0 223.0 2.399683077808521 1
gene  1 6 29 4.632815422353821 0 259.0 4.632815422353821 1
gene  1 29 8 -5.176136250827183 0 260.0 -5.176136250827183 1
gene  1 29 21 5.623135702492036 0 271.0 5.623135702492036 1
gene  1 3 21 2.4882274646802554 0 300.0 2.4882274646802554 1
gene  1 9 52 5.7545859480947374 0 368.0 5.7545859480947374 1
gene  1 52 14 -0.8951119180337277 0 369.0 -0.8951119180337277 1
gene  1 1 53 0.5954224139176536 0 372.0 0.5954224139176536 1
gene  1 53 21 -1.2581515121814546 0 373.0 -1.2581515121814546 1
genomeend 19
