genomestart  0
trait 1 0.09063773393878893 0.0 2.208214576245032 0.0 1.0577508098755246 1.0290111265680415 0.6887198692276033 1.9521139079965946 
node 1 1 1 1
node 2 1 1 1
node 3 1 1 1
node 4 1 1 1
node 5 1 1 1
node 6 1 1 1
node 7 1 1 3
node 13 1 0 2
node 14 1 0 2
node 24 1 0 0
node 36 1 0 0
node 65 1 0 0
gene  1 2 13 -0.9051272551166365 0 169.0 -0.9051272551166365 1
gene  1 3 13 -0.016162043093628786 0 170.0 -0.016162043093628786 1
gene  1 4 13 12.805411715264347 0 171.0 12.805411715264347 1
gene  1 6 13 -0.04078414340877734 0 173.0 -0.04078414340877734 1
gene  1 7 13 0.5400817138286385 0 174.0 0.5400817138286385 1
gene  1 13 13 8.327615045307818 1 180.0 8.327615045307818 1
gene  1 1 14 6.522044574339223 0 182.0 6.522044574339223 1
gene  1 2 14 1.412869237750459 0 183.0 1.412869237750459 1
gene  1 5 14 1.0993925707327001 0 186.0 1.0993925707327001 1
gene  1 6 14 -0.8604905961686581 0 187.0 -0.8604905961686581 1
gene  1 7 14 1.6228732235524377 0 188.0 1.6228732235524377 1
gene  1 13 14 2.212742822190157 0 194.0 2.212742822190157 1
gene  1 14 14 -6.069150619402054 1 195.0 -6.069150619402054 1
gene  1 2 24 2.41022102043857 0 226.0 2.41022102043857 1
gene  1 24 13 -1.258115470759763 0 227.0 -1.258115470759763 1
gene  1 7 24 -2.499387359694448 0 245.0 -2.499387359694448 1
gene  1 1 24 5.077417280225006 0 249.0 5.077417280225006 1
gene  1 4 14 -1.852298689479471 0 280.0 -1.852298689479471 1
gene  1 4 36 -13.950595158593597 0 293.0 -13.950595158593597 1
gene  1 36 14 1.0364562997416291 0 294.0 1.0364562997416291 1
gene  1 7 36 -3.8055800474655332 0 301.0 -3.8055800474655332 1
gene  1 3 36 1.6550969078739746 0 313.0 1.6550969078739746 1
gene  1 24 36 -1.260769533950255 0 345.0 -1.260769533950255 1
gene  1 5 13 -0.25435609739914544 0 374.0 -0.25435609739914544 1
gene  1 2 65 -0.2821757195273187 0 446.0 -0.2821757195273187 1
gene  1 65 13 1.1063956668576176 0 447.0 1.1063956668576176 1
gene  1 13 36 -1.3628314780780597 0 451.0 -1.3628314780780597 1
gene  1 65 36 3.7487991259872055 0 457.0 3.7487991259872055 1
genomeend 0
genomestart  1
trait 1 0.09063773393878893 0.0 2.208214576245032 0.0 1.0577508098755246 0.8224540988812139 0.676040477291196 1.9521139079965946 
node 1 1 1 1
node 2 1 1 1
node 3 1 1 1
node 4 1 1 1
node 5 1 1 1
node 6 1 1 1
node 7 1 1 3
node 13 1 0 2
node 14 1 0 2
node 24 1 0 0
node 36 1 0 0
node 65 1 0 0
gene  1 2 13 -0.9051272551166365 0 169.0 -0.9051272551166365 1
gene  1 3 13 -1.1087975462204913 0 170.0 -1.1087975462204913 1
gene  1 4 13 10.893675473793818 0 171.0 10.893675473793818 1
gene  1 6 13 0.44811262081348224 0 173.0 0.44811262081348224 1
gene  1 7 13 1.2433712943291417 0 174.0 1.2433712943291417 1
gene  1 13 13 7.351033805796925 1 180.0 7.351033805796925 1
gene  1 1 14 5.929542606884694 0 182.0 5.929542606884694 1
gene  1 2 14 1.412869237750459 0 183.0 1.412869237750459 1
gene  1 5 14 -0.1584207164222855 0 186.0 -0.1584207164222855 1
gene  1 6 14 -0.7414271701935148 0 187.0 -0.7414271701935148 1
gene  1 7 14 3.3166695376935387 0 188.0 3.3166695376935387 1
gene  1 13 14 2.357497070732452 0 194.0 2.357497070732452 1
gene  1 14 14 -8.509452572971654 1 195.0 -8.509452572971654 1
gene  1 2 24 4.036104876510694 0 226.0 4.036104876510694 1
gene  1 24 13 -2.442518798986831 0 227.0 -2.442518798986831 1
gene  1 7 24 -0.7870122907283839 0 245.0 -0.7870122907283839 1
gene  1 1 24 -1.36880680085484 0 249.0 -1.36880680085484 1
gene  1 4 14 0.37961687548581896 0 280.0 0.37961687548581896 1
gene  1 4 36 -13.950595158593597 0 293.0 -13.950595158593597 1
gene  1 36 14 -1.0547540490994574 0 294.0 -1.0547540490994574 1
gene  1 7 36 -4.763587677752411 0 301.0 -4.763587677752411 1
gene  1 3 36 1.6550969078739746 0 313.0 1.6550969078739746 1
gene  1 24 36 -2.6372349707950775 0 345.0 -2.6372349707950775 1
gene  1 5 13 -0.25435609739914544 0 374.0 -0.25435609739914544 1
gene  1 2 65 1.81927015063521 0 446.0 1.81927015063521 1
gene  1 65 13 1.3061516325940241 0 447.0 1.3061516325940241 1
gene  1 13 36 0.42816095234894735 0 451.0 0.42816095234894735 1
genomeend 1
genomestart  2
trait 1 0.6976195114279153 1.0183974033860637 1.525841438364794 0.8745625712070293 0.6913884351968694 0.0 0.8394976201725546 0.0 
node 1 1 1 1
node 2 1 1 1
node 3 1 1 1
node 4 1 1 1
node 5 1 1 1
node 6 1 1 1
node 7 1 1 3
node 8 1 0 0
node 9 1 0 0
node 10 1 0 0
node 11 1 0 0
node 13 1 0 2
node 14 1 0 2
node 62 1 0 0
gene  1 2 8 0.27465233535633216 0 99.0 0.27465233535633216 1
gene  1 6 8 -0.12707844404282564 0 103.0 -0.12707844404282564 1
gene  1 8 8 -0.596303948631759 1 105.0 -0.596303948631759 1
gene  1 9 8 -0.8858353938006389 1 106.0 -0.8858353938006389 1
gene  1 10 8 -1.0448120014959925 1 107.0 -1.0448120014959925 1
gene  1 11 8 5.5611570836237725 1 108.0 5.5611570836237725 1
gene  1 13 8 0.6112260337516506 1 110.0 0.6112260337516506 1
gene  1 14 8 1.4859421169683493 1 111.0 1.4859421169683493 1
gene  1 1 9 1.585292364129283 0 112.0 1.585292364129283 1
gene  1 2 9 -4.575677436909537 0 113.0 -4.575677436909537 1
gene  1 3 9 4.89205197116117 0 114.0 4.89205197116117 1
gene  1 6 9 -2.391040472359359 0 117.0 -2.391040472359359 1
gene  1 7 9 8.414148259609666 0 118.0 8.414148259609666 1
gene  1 8 9 -4.8207810762099115 0 119.0 -4.8207810762099115 1
gene  1 9 9 1.4372683295539046 1 120.0 1.4372683295539046 1
gene  1 11 9 1.368822395508552 1 122.0 1.368822395508552 1
gene  1 13 9 1.4794532100349298 1 124.0 1.4794532100349298 1
gene  1 14 9 -0.8880781786054643 1 125.0 -0.8880781786054643 1
gene  1 1 10 -7.387554954089932 0 126.0 -7.387554954089932 1
gene  1 3 10 -1.6891664026363753 0 128.0 -1.6891664026363753 1
gene  1 4 10 0.7851525288599148 0 129.0 0.7851525288599148 1
gene  1 5 10 -0.4095771568892856 0 130.0 -0.4095771568892856 1
gene  1 6 10 -1.385978636363829 0 131.0 -1.385978636363829 1
gene  1 10 10 0.8283686377875114 1 135.0 0.8283686377875114 1
gene  1 11 10 0.9407496397960211 1 136.0 0.9407496397960211 1
gene  1 14 10 0.49809462792641507 1 139.0 0.49809462792641507 1
gene  1 1 11 -0.3419331919512507 0 140.0 -0.3419331919512507 1
gene  1 3 11 0.4009999945491912 0 142.0 0.4009999945491912 1
gene  1 5 11 -1.6918835231447122 0 144.0 -1.6918835231447122 1
gene  1 6 11 0.9850106065260162 0 145.0 0.9850106065260162 1
gene  1 7 11 0.03934931284591103 0 146.0 0.03934931284591103 1
gene  1 8 11 -5.861595731838033 0 147.0 -5.861595731838033 1
gene  1 9 11 1.1099783576384357 0 148.0 1.1099783576384357 1
gene  1 10 11 -0.9136048327235438 0 149.0 -0.9136048327235438 1
gene  1 11 11 4.86336169669108 1 150.0 4.86336169669108 1
gene  1 1 13 -2.3678266329476205 0 168.0 -2.3678266329476205 1
gene  1 2 13 0.40580934415277303 0 169.0 0.40580934415277303 1
gene  1 3 13 -3.824355252048989 0 170.0 -3.824355252048989 1
gene  1 7 13 0.5027928757615654 0 174.0 0.5027928757615654 1
gene  1 11 13 2.781448226025611 0 178.0 2.781448226025611 1
gene  1 13 13 0.7459706583048828 1 180.0 0.7459706583048828 1
gene  1 2 14 -2.4024110168235153 0 183.0 -2.4024110168235153 1
gene  1 3 14 1.8129091979698542 0 184.0 1.8129091979698542 1
gene  1 4 14 -0.9702755904268195 0 185.0 -0.9702755904268195 1
gene  1 7 14 1.2200063216221222 0 188.0 1.2200063216221222 1
gene  1 8 14 -1.0678428065062788 0 189.0 -1.0678428065062788 1
gene  1 10 14 -2.6455668327099646 0 191.0 -2.6455668327099646 1
gene  1 13 14 4.695746000833544 0 194.0 4.695746000833544 1
gene  1 5 13 0.8727835258848158 0 198.0 0.8727835258848158 1
gene  1 4 9 -1.4579830856561942 0 200.0 -1.4579830856561942 1
gene  1 8 13 0.5784260860916439 0 248.0 0.5784260860916439 1
gene  1 7 10 0.267908310694255 0 270.0 0.267908310694255 1
gene  1 9 10 -1.1420956234109967 0 274.0 -1.1420956234109967 1
gene  1 9 13 -1.0851807187259246 0 288.0 -1.0851807187259246 1
gene  1 5 14 -0.9261158285317282 0 328.0 -0.9261158285317282 1
gene  1 2 10 -3.266774278966685 0 357.0 -3.266774278966685 1
gene  1 6 14 0.3360282517782798 0 388.0 0.3360282517782798 1
gene  1 3 62 -1.4579968163676793 0 411.0 -1.4579968163676793 1
gene  1 62 9 1.0997181776271476 0 412.0 1.0997181776271476 1
gene  1 5 8 -1.6911662508779575 0 414.0 -1.6911662508779575 1
gene  1 7 8 -1.1185931754214373 0 436.0 -1.1185931754214373 1
genomeend 2
genomestart  3
trait 1 0.28541651075104213 1.6835807686055373 1.525841438364794 0.00908753191703493 0.0 0.0 0.6708753063312455 0.0 
node 1 1 1 1
node 2 1 1 1
node 3 1 1 1
node 4 1 1 1
node 5 1 1 1
node 6 1 1 1
node 7 1 1 3
node 8 1 0 0
node 9 1 0 0
node 10 1 0 0
node 11 1 0 0
node 13 1 0 2
node 14 1 0 2
node 62 1 0 0
gene  1 2 8 -1.0099538753251471 0 99.0 -1.0099538753251471 1
gene  1 6 8 1.8146699739398284 0 103.0 1.8146699739398284 1
gene  1 8 8 -0.596303948631759 1 105.0 -0.596303948631759 1
gene  1 9 8 -2.7456000408890024 1 106.0 -2.7456000408890024 1
gene  1 10 8 -1.3479310876364303 1 107.0 -1.3479310876364303 1
gene  1 11 8 3.1390530493118587 1 108.0 3.1390530493118587 1
gene  1 13 8 -0.6943447661421256 1 110.0 -0.6943447661421256 1
gene  1 14 8 -9.626610589788475 1 111.0 -9.626610589788475 1
gene  1 1 9 -0.5035739954290454 0 112.0 -0.5035739954290454 1
gene  1 2 9 -3.2135607713245347 0 113.0 -3.2135607713245347 1
gene  1 3 9 4.89205197116117 0 114.0 4.89205197116117 1
gene  1 6 9 -0.36788733179519784 0 117.0 -0.36788733179519784 1
gene  1 7 9 9.812735742098203 0 118.0 9.812735742098203 1
gene  1 8 9 -3.2433607318454234 0 119.0 -3.2433607318454234 1
gene  1 9 9 -0.7776380862781989 1 120.0 -0.7776380862781989 1
gene  1 11 9 0.3321816880828732 1 122.0 0.3321816880828732 1
gene  1 13 9 5.766348938890173 1 124.0 5.766348938890173 1
gene  1 14 9 -1.6289945241113006 1 125.0 -1.6289945241113006 1
gene  1 1 10 -5.371793400324538 0 126.0 -5.371793400324538 1
gene  1 3 10 -3.3710716769202738 0 128.0 -3.3710716769202738 1
gene  1 4 10 7.328829220104671 0 129.0 7.328829220104671 1
gene  1 5 10 -0.3093092300881407 0 130.0 -0.3093092300881407 1
gene  1 6 10 1.329954576184642 0 131.0 1.329954576184642 1
gene  1 10 10 -0.5069580365759517 1 135.0 -0.5069580365759517 1
gene  1 11 10 -3.3960594565633757 1 136.0 -3.3960594565633757 1
gene  1 14 10 -2.112307980970554 1 139.0 -2.112307980970554 1
gene  1 1 11 -2.1972807609388503 0 140.0 -2.1972807609388503 1
gene  1 3 11 1.319321721343172 0 142.0 1.319321721343172 1
gene  1 5 11 -0.895853770887221 0 144.0 -0.895853770887221 1
gene  1 6 11 2.2710715674973256 0 145.0 2.2710715674973256 1
gene  1 7 11 -1.6068403630646073 0 146.0 -1.6068403630646073 1
gene  1 8 11 -3.499569305655238 0 147.0 -3.499569305655238 1
gene  1 9 11 1.930959823569248 0 148.0 1.930959823569248 1
gene  1 10 11 1.1774054282541537 0 149.0 1.1774054282541537 1
gene  1 11 11 5.150547991205136 1 150.0 5.150547991205136 1
gene  1 1 13 -7.387396605280864 0 168.0 -7.387396605280864 1
gene  1 2 13 -0.703009781611559 0 169.0 -0.703009781611559 1
gene  1 3 13 -1.9361288024425178 0 170.0 -1.9361288024425178 1
gene  1 7 13 1.748312210513768 0 174.0 1.748312210513768 1
gene  1 11 13 2.7711301464598255 0 178.0 2.7711301464598255 1
gene  1 13 13 1.8262834526325633 1 180.0 1.8262834526325633 1
gene  1 2 14 6.791853841082225 0 183.0 6.791853841082225 1
gene  1 3 14 -0.6865747559266745 0 184.0 -0.6865747559266745 1
gene  1 4 14 3.7189574773180913 0 185.0 3.7189574773180913 1
gene  1 7 14 3.7421782888273585 0 188.0 3.7421782888273585 1
gene  1 8 14 -1.5786035027751157 0 189.0 -1.5786035027751157 1
gene  1 10 14 -0.5604292634901176 0 191.0 -0.5604292634901176 1
gene  1 13 14 7.120047039999544 0 194.0 7.120047039999544 1
gene  1 5 13 -3.181879040146235 0 198.0 -3.181879040146235 1
gene  1 4 9 -1.9063329540678167 0 200.0 -1.9063329540678167 1
gene  1 8 13 -1.4338298008273886 0 248.0 -1.4338298008273886 1
gene  1 7 10 1.0029809261606797 0 270.0 1.0029809261606797 1
gene  1 9 10 0.9011496899173788 0 274.0 0.9011496899173788 1
gene  1 9 13 -1.0851807187259246 0 288.0 -1.0851807187259246 1
gene  1 5 14 -0.35610405978000104 0 328.0 -0.35610405978000104 1
gene  1 2 10 -0.9363613683242511 0 357.0 -0.9363613683242511 1
gene  1 6 14 -1.726665638669222 0 388.0 -1.726665638669222 1
gene  1 3 62 1.0907809805918942 0 411.0 1.0907809805918942 1
gene  1 62 9 -1.3452888436346233 0 412.0 -1.3452888436346233 1
gene  1 5 8 0.23513604158774282 0 414.0 0.23513604158774282 1
gene  1 7 8 0.9729030526891298 0 436.0 0.9729030526891298 1
gene  1 3 8 -7.237893435400446 0 460.0 -7.237893435400446 1
genomeend 3
genomestart  4
trait 1 1.0413842760921321 0.9365906229773271 0.0 0.0 1.7799059348361965 1.2636555841906816 0.0 0.21732163222648737 
node 1 1 1 1
node 2 1 1 1
node 3 1 1 1
node 4 1 1 1
node 5 1 1 1
node 6 1 1 1
node 7 1 1 3
node 8 1 0 0
node 13 1 0 2
node 14 1 0 2
node 16 1 0 0
node 20 1 0 0
node 50 1 0 0
node 55 1 0 0
node 69 1 0 0
gene  1 1 8 1.3571500357883612 0 98.0 1.3571500357883612 1
gene  1 2 8 -2.374033824341625 0 99.0 -2.374033824341625 1
gene  1 3 8 -3.751042312591978 0 100.0 -3.751042312591978 1
gene  1 4 8 -1.5024398484359207 0 101.0 -1.5024398484359207 1
gene  1 5 8 9.892881706526907 0 102.0 9.892881706526907 1
gene  1 6 8 3.2117017978715845 0 103.0 3.2117017978715845 1
gene  1 8 8 -0.543252410262257 1 105.0 -0.543252410262257 1
gene  1 13 8 6.0790270589359165 1 110.0 6.0790270589359165 1
gene  1 14 8 -1.175003479395825 1 111.0 -1.175003479395825 1
gene  1 3 13 -12.393837449980596 0 170.0 -12.393837449980596 1
gene  1 5 13 -1.692703485321885 0 172.0 -1.692703485321885 1
gene  1 7 13 0.16460102262087895 0 174.0 0.16460102262087895 1
gene  1 13 13 1.676100954964861 1 180.0 1.676100954964861 0
gene  1 2 14 -10.4340136141946 0 183.0 -10.4340136141946 1
gene  1 4 14 -9.524066364423271 0 185.0 -9.524066364423271 1
gene  1 6 14 -0.26331862651159965 0 187.0 -0.26331862651159965 1
gene  1 8 14 1.664382747387859 0 189.0 1.664382747387859 1
gene  1 13 14 -5.064831905550122 0 194.0 -5.064831905550122 1
gene  1 13 16 -2.458118422871231 0 201.0 -2.458118422871231 1
gene  1 16 14 -4.295006565666569 0 202.0 -4.295006565666569 1
gene  1 3 20 -0.5594636195486646 0 215.0 -0.5594636195486646 1
gene  1 20 8 -7.357981199781679 0 216.0 -7.357981199781679 1
gene  1 8 13 -0.38578960122882644 0 233.0 -0.38578960122882644 1
gene  1 2 16 6.316119446271113 0 324.0 6.316119446271113 1
gene  1 2 20 6.182070065117593 0 333.0 6.182070065117593 1
gene  1 7 8 2.978317213198144 0 352.0 2.978317213198144 1
gene  1 16 50 -2.304611745407132 0 364.0 -2.304611745407132 1
gene  1 50 14 3.631456939513672 0 365.0 3.631456939513672 1
gene  1 3 55 -2.126972115256248 0 379.0 -2.126972115256248 1
gene  1 55 20 4.182594934845555 0 380.0 4.182594934845555 1
gene  1 13 69 1.0 1 458.0 0.0 1
gene  1 69 13 1.676100954964861 0 459.0 0.0 1
genomeend 4
genomestart  5
trait 1 1.0413842760921321 0.9365906229773271 0.0 0.0 1.7799059348361965 1.2636555841906816 0.0 0.21732163222648737 
node 1 1 1 1
node 2 1 1 1
node 3 1 1 1
node 4 1 1 1
node 5 1 1 1
node 6 1 1 1
node 7 1 1 3
node 8 1 0 0
node 13 1 0 2
node 14 1 0 2
node 16 1 0 0
node 20 1 0 0
node 50 1 0 0
node 55 1 0 0
gene  1 1 8 3.0682551676757006 0 98.0 3.0682551676757006 1
gene  1 2 8 -0.7347092318423709 0 99.0 -0.7347092318423709 1
gene  1 3 8 -4.48518399723719 0 100.0 -4.48518399723719 1
gene  1 4 8 -1.2086397782469522 0 101.0 -1.2086397782469522 1
gene  1 5 8 11.69557437436748 0 102.0 11.69557437436748 1
gene  1 6 8 2.6303566910684237 0 103.0 2.6303566910684237 1
gene  1 8 8 1.7547674962660937 1 105.0 1.7547674962660937 1
gene  1 13 8 6.882533563581623 1 110.0 6.882533563581623 1
gene  1 14 8 -3.5313258790592017 1 111.0 -3.5313258790592017 1
gene  1 3 13 -12.393837449980596 0 170.0 -12.393837449980596 1
gene  1 5 13 -2.880347960386384 0 172.0 -2.880347960386384 1
gene  1 7 13 1.4615697571257087 0 174.0 1.4615697571257087 1
gene  1 13 13 3.9222296511614445 1 180.0 3.9222296511614445 1
gene  1 2 14 -0.8202635334054418 0 183.0 -0.8202635334054418 1
gene  1 4 14 -8.663028793221576 0 185.0 -8.663028793221576 1
gene  1 6 14 -0.26331862651159965 0 187.0 -0.26331862651159965 1
gene  1 8 14 1.5644770412814073 0 189.0 1.5644770412814073 1
gene  1 13 14 -4.407487687044827 0 194.0 -4.407487687044827 1
gene  1 13 16 -2.458118422871231 0 201.0 -2.458118422871231 1
gene  1 16 14 -1.8620742546868516 0 202.0 -1.8620742546868516 1
gene  1 3 20 -0.6556557983463007 0 215.0 -0.6556557983463007 1
gene  1 20 8 -6.828904886503197 0 216.0 -6.828904886503197 1
gene  1 8 13 -0.5994245111773483 0 233.0 -0.5994245111773483 1
gene  1 2 16 4.785326958152095 0 324.0 4.785326958152095 1
gene  1 2 20 7.476682643796885 0 333.0 7.476682643796885 1
gene  1 7 8 2.9704529595038247 0 352.0 2.9704529595038247 1
gene  1 16 50 -2.304611745407132 0 364.0 -2.304611745407132 1
gene  1 50 14 -0.3704726905296174 0 365.0 -0.3704726905296174 1
gene  1 3 55 -2.66938784988902 0 379.0 -2.66938784988902 1
gene  1 55 20 6.100563125030925 0 380.0 6.100563125030925 1
genomeend 5
genomestart  6
trait 1 1.0413842760921321 1.2160876128528342 0.7634470387848832 0.0 1.1761217770431975 1.2636555841906816 0.0 0.0 
node 1 1 1 1
node 2 1 1 1
node 3 1 1 1
node 4 1 1 1
node 5 1 1 1
node 6 1 1 1
node 7 1 1 3
node 8 1 0 0
node 13 1 0 2
node 14 1 0 2
node 16 1 0 0
node 20 1 0 0
node 50 1 0 0
node 55 1 0 0
gene  1 1 8 0.6328396222537206 0 98.0 0.6328396222537206 1
gene  1 2 8 -0.6169282888998133 0 99.0 -0.6169282888998133 1
gene  1 3 8 -5.958675401876421 0 100.0 -5.958675401876421 1
gene  1 4 8 -2.1989850939973743 0 101.0 -2.1989850939973743 1
gene  1 5 8 10.807406615820875 0 102.0 10.807406615820875 1
gene  1 6 8 1.7669499985423163 0 103.0 1.7669499985423163 1
gene  1 8 8 0.49608529307643445 1 105.0 0.49608529307643445 1
gene  1 13 8 4.672117481347028 1 110.0 4.672117481347028 1
gene  1 14 8 -2.7580960378976207 1 111.0 -2.7580960378976207 1
gene  1 3 13 -14.876145960121566 0 170.0 -14.876145960121566 1
gene  1 5 13 -3.09099284355615 0 172.0 -3.09099284355615 1
gene  1 7 13 2.49955272806989 0 174.0 2.49955272806989 1
gene  1 13 13 -0.6571552944832568 1 180.0 -0.6571552944832568 1
gene  1 2 14 -11.391417556406136 0 183.0 -11.391417556406136 1
gene  1 4 14 -11.616363722430762 0 185.0 -11.616363722430762 1
gene  1 6 14 0.7651791387951374 0 187.0 0.7651791387951374 1
gene  1 8 14 1.6534905043366268 0 189.0 1.6534905043366268 1
gene  1 13 14 -7.182658038378061 0 194.0 -7.182658038378061 1
gene  1 13 16 -0.39425174052761225 0 201.0 -0.39425174052761225 1
gene  1 16 14 -2.899058771732263 0 202.0 -2.899058771732263 1
gene  1 3 20 -0.5314431182242485 0 215.0 -0.5314431182242485 1
gene  1 20 8 -6.036805051428043 0 216.0 -6.036805051428043 1
gene  1 8 13 1.3715284302982351 0 233.0 1.3715284302982351 1
gene  1 2 16 8.064290320678511 0 324.0 8.064290320678511 1
gene  1 2 20 3.9165968135839355 0 333.0 3.9165968135839355 1
gene  1 7 8 0.28930670061619035 0 352.0 0.28930670061619035 1
gene  1 16 50 -2.304611745407132 0 364.0 -2.304611745407132 1
gene  1 50 14 1.4729955524378928 0 365.0 1.4729955524378928 1
gene  1 3 55 -4.567975450033478 0 379.0 -4.567975450033478 1
gene  1 55 20 6.441316258553951 0 380.0 6.441316258553951 1
genomeend 6
genomestart  7
trait 1 0.0 0.2763675853393155 0.875982788337901 0.7948206016704883 0.358711806223011 0.9714201015196656 0.0 0.6764016660929384 
node 1 1 1 1
node 2 1 1 1
node 3 1 1 1
node 4 1 1 1
node 5 1 1 1
node 6 1 1 1
node 7 1 1 3
node 8 1 0 0
node 9 1 0 0
node 10 1 0 0
node 13 1 0 2
node 14 1 0 2
node 21 1 0 0
node 29 1 0 0
node 52 1 0 0
node 53 1 0 0
node 64 1 0 0
gene  1 1 8 -9.02684344568543 0 98.0 -9.02684344568543 1
gene  1 3 8 -3.2964808482718597 0 100.0 -3.2964808482718597 1
gene  1 5 8 4.142144459575063 0 102.0 4.142144459575063 1
gene  1 6 8 3.1015062808334153 0 103.0 3.1015062808334153 1
gene  1 8 8 -4.429984411366454 1 105.0 -4.429984411366454 1
gene  1 1 9 0.7720642664811432 0 112.0 0.7720642664811432 1
gene  1 2 9 7.828372959484362 0 113.0 7.828372959484362 1
gene  1 3 9 2.4082347609817463 0 114.0 2.4082347609817463 1
gene  1 5 9 -1.5151938676090813 0 116.0 -1.5151938676090813 1
gene  1 7 9 -1.786441918124262 0 118.0 -1.786441918124262 1
gene  1 9 9 0.2626296719843213 1 120.0 0.2626296719843213 1
gene  1 10 9 1.2839898275622283 1 121.0 1.2839898275622283 1
gene  1 13 9 5.2375492844676215 1 124.0 5.2375492844676215 1
gene  1 2 10 -5.08082610959897 0 127.0 -5.08082610959897 1
gene  1 4 10 -11.508491022168068 0 129.0 -11.508491022168068 1
gene  1 5 10 -2.486088570293571 0 130.0 -2.486088570293571 1
gene  1 8 10 -1.4724287784762158 0 133.0 -1.4724287784762158 1
gene  1 9 10 -2.391330198284521 0 134.0 -2.391330198284521 1
gene  1 10 10 -1.639647487755302 1 135.0 -1.639647487755302 1
gene  1 13 10 0.8206446194385322 1 138.0 0.8206446194385322 1
gene  1 14 10 -6.089476493535262 1 139.0 -6.089476493535262 1
gene  1 2 13 -1.30702373290063 0 169.0 -1.30702373290063 1
gene  1 3 13 1.9431529247053536 0 170.0 1.9431529247053536 1
gene  1 6 13 -1.7477445385151067 0 173.0 -1.7477445385151067 1
gene  1 7 13 -6.1418009408384435 0 174.0 -6.1418009408384435 1
gene  1 9 13 -1.4545296886005852 0 176.0 -1.4545296886005852 1
gene  1 13 13 -0.29111678145515046 1 180.0 -0.29111678145515046 1
gene  1 14 13 -0.15666985905602426 1 181.0 -0.15666985905602426 1
gene  1 1 14 -1.7255293860492242 0 182.0 -1.7255293860492242 1
gene  1 3 14 13.300065111482446 0 184.0 13.300065111482446 1
gene  1 9 14 -0.20543698397134796 0 190.0 -0.20543698397134796 1
gene  1 10 14 1.196913801266857 0 191.0 1.196913801266857 1
gene  1 1 21 -9.679062660509583 0 218.0 -9.679062660509583 1
gene  1 21 8 2.316710481570989 0 219.0 2.316710481570989 1
gene  1 3 10 2.055466922727589 0 223.0 2.055466922727589 1
gene  1 6 29 -0.2471201078051618 0 259.0 -0.2471201078051618 1
gene  1 29 8 3.3230086234064187 0 260.0 3.3230086234064187 1
gene  1 29 21 1.4930090950108086 0 271.0 1.4930090950108086 1
gene  1 3 21 1.639292135753519 0 300.0 1.639292135753519 1
gene  1 9 52 2.427889138692832 0 368.0 2.427889138692832 1
gene  1 52 14 0.9579514698393474 0 369.0 0.9579514698393474 1
gene  1 1 53 -0.011195925898475512 0 372.0 -0.011195925898475512 1
gene  1 53 21 1.2100030065869474 0 373.0 1.2100030065869474 0
gene  1 2 52 1.0854436839028314 0 425.0 1.0854436839028314 1
gene  1 53 64 -0.5091766485837108 0 443.0 -0.5091766485837108 1
gene  1 64 21 -2.3413800006782357 0 444.0 -2.3413800006782357 1
genomeend 7
genomestart  8
trait 1 0.0 1.128629943384112 0.4018840140115879 0.0 0.8818778266509186 1.9397720135990324 0.4127289561588098 0.6764016660929384 
node 1 1 1 1
node 2 1 1 1
node 3 1 1 1
node 4 1 1 1
node 5 1 1 1
node 6 1 1 1
node 7 1 1 3
node 8 1 0 0
node 9 1 0 0
node 10 1 0 0
node 13 1 0 2
node 14 1 0 2
node 21 1 0 0
node 29 1 0 0
node 52 1 0 0
node 53 1 0 0
node 64 1 0 0
gene  1 1 8 0.12953156884494055 0 98.0 0.12953156884494055 1
gene  1 3 8 -1.7946093771763996 0 100.0 -1.7946093771763996 1
gene  1 5 8 2.8631924482884337 0 102.0 2.8631924482884337 1
gene  1 6 8 5.549154742912808 0 103.0 5.549154742912808 1
gene  1 8 8 -2.2395013858321113 1 105.0 -2.2395013858321113 1
gene  1 1 9 2.300143186301108 0 112.0 2.300143186301108 1
gene  1 2 9 7.054722659359777 0 113.0 7.054722659359777 1
gene  1 3 9 0.759138577724338 0 114.0 0.759138577724338 1
gene  1 5 9 -3.243870171008422 0 116.0 -3.243870171008422 1
gene  1 7 9 4.627357815179764 0 118.0 4.627357815179764 1
gene  1 9 9 0.2626296719843213 1 120.0 0.2626296719843213 1
gene  1 10 9 -8.165266662992801 1 121.0 -8.165266662992801 1
gene  1 13 9 -0.48765118105238675 1 124.0 -0.48765118105238675 1
gene  1 2 10 -5.778528393263572 0 127.0 -5.778528393263572 1
gene  1 4 10 -10.62669443835292 0 129.0 -10.62669443835292 1
gene  1 5 10 -0.9839504578316884 0 130.0 -0.9839504578316884 1
gene  1 8 10 0.8819394795295588 0 133.0 0.8819394795295588 1
gene  1 9 10 8.91706792891044 0 134.0 8.91706792891044 1
gene  1 10 10 -1.1779023257062897 1 135.0 -1.1779023257062897 1
gene  1 13 10 1.8565562997868768 1 138.0 1.8565562997868768 1
gene  1 14 10 -6.579950811951016 1 139.0 -6.579950811951016 1
gene  1 2 13 5.656127095770746 0 169.0 5.656127095770746 1
gene  1 3 13 0.38896178064986686 0 170.0 0.38896178064986686 1
gene  1 6 13 -0.8485184108857227 0 173.0 -0.8485184108857227 1
gene  1 7 13 -7.460743006587242 0 174.0 -7.460743006587242 1
gene  1 9 13 2.092288191206927 0 176.0 2.092288191206927 1
gene  1 13 13 -1.0122414267819182 1 180.0 -1.0122414267819182 1
gene  1 14 13 2.3430196240806755 1 181.0 2.3430196240806755 1
gene  1 1 14 -0.8554730928226175 0 182.0 -0.8554730928226175 1
gene  1 3 14 10.371807522225556 0 184.0 10.371807522225556 1
gene  1 9 14 -6.972073185652335 0 190.0 -6.972073185652335 1
gene  1 10 14 1.4449646827472464 0 191.0 1.4449646827472464 1
gene  1 1 21 -10.0260052090191 0 218.0 -10.0260052090191 1
gene  1 21 8 -0.6684688553768627 0 219.0 -0.6684688553768627 1
gene  1 3 10 -5.283426896583274 0 223.0 -5.283426896583274 1
gene  1 6 29 0.963454334659859 0 259.0 0.963454334659859 1
gene  1 29 8 1.2353114772565674 0 260.0 1.2353114772565674 1
gene  1 29 21 -1.7840315288000759 0 271.0 -1.7840315288000759 1
gene  1 3 21 -0.973620634899738 0 300.0 -0.973620634899738 1
gene  1 9 52 1.6992952063062297 0 368.0 1.6992952063062297 1
gene  1 52 14 3.237571724036763 0 369.0 3.237571724036763 1
gene  1 1 53 -0.970003641320672 0 372.0 -0.970003641320672 1
gene  1 53 21 0.24631162967667852 0 373.0 0.24631162967667852 0
gene  1 2 52 -1.147706793088694 0 425.0 -1.147706793088694 1
gene  1 53 64 3.663616157260281 0 443.0 3.663616157260281 1
gene  1 64 21 2.8508087404232287 0 444.0 2.8508087404232287 1
genomeend 8
genomestart  9
trait 1 0.39340002544161434 0.4638621482816303 0.4185672944766822 1.064591410541687 0.18796189784306305 1.4619974594472236 1.314330803229924 0.36223095093968216 
node 1 1 1 1
node 2 1 1 1
node 3 1 1 1
node 4 1 1 1
node 5 1 1 1
node 6 1 1 1
node 7 1 1 3
node 13 1 0 2
node 14 1 0 2
node 42 1 0 0
node 61 1 0 0
gene  1 1 13 -1.532378768654716 0 168.0 -1.532378768654716 1
gene  1 2 13 4.742160105847497 0 169.0 4.742160105847497 1
gene  1 3 13 -2.28534428122655 0 170.0 -2.28534428122655 1
gene  1 4 13 -4.010183372111049 0 171.0 -4.010183372111049 1
gene  1 5 13 6.2525022097041845 0 172.0 6.2525022097041845 0
gene  1 6 13 -2.801161969602898 0 173.0 -2.801161969602898 1
gene  1 7 13 1.2172162986826074 0 174.0 1.2172162986826074 1
gene  1 14 13 -0.2084514935045767 1 181.0 -0.2084514935045767 1
gene  1 1 14 -1.271315777680654 0 182.0 -1.271315777680654 1
gene  1 2 14 0.3034184581965085 0 183.0 0.3034184581965085 1
gene  1 3 14 1.3185688978386931 0 184.0 1.3185688978386931 1
gene  1 13 14 2.204581445786739 0 194.0 2.204581445786739 1
gene  1 14 14 -2.860632219482254 1 195.0 -2.860632219482254 1
gene  1 6 14 0.0163799856030733 0 230.0 0.0163799856030733 1
gene  1 4 14 -2.750989335115336 0 312.0 -2.750989335115336 1
gene  1 2 42 1.8658467294753547 0 320.0 1.8658467294753547 1
gene  1 42 13 1.9800212077404347 0 321.0 1.9800212077404347 1
gene  1 6 42 2.7642119373628735 0 349.0 2.7642119373628735 1
gene  1 7 14 0.1214407439237522 0 353.0 0.1214407439237522 1
gene  1 7 42 -2.029248287514249 0 395.0 -2.029248287514249 1
gene  1 5 61 0.9556919561987712 0 408.0 0.9556919561987712 1
gene  1 61 13 1.9645778487263457 0 409.0 1.9645778487263457 1
gene  1 5 42 -1.7242301762152115 0 426.0 -1.7242301762152115 1
genomeend 9
genomestart  10
trait 1 0.39340002544161434 0.4638621482816303 0.4185672944766822 1.064591410541687 0.18796189784306305 1.4619974594472236 1.314330803229924 0.36223095093968216 
node 1 1 1 1
node 2 1 1 1
node 3 1 1 1
node 4 1 1 1
node 5 1 1 1
node 6 1 1 1
node 7 1 1 3
node 13 1 0 2
node 14 1 0 2
node 42 1 0 0
node 61 1 0 0
gene  1 1 13 1.6294953751077084 0 168.0 1.6294953751077084 1
gene  1 2 13 3.651476110645536 0 169.0 3.651476110645536 1
gene  1 3 13 7.351989426677439 0 170.0 7.351989426677439 1
gene  1 4 13 -6.767160539829783 0 171.0 -6.767160539829783 1
gene  1 5 13 6.635299279063507 0 172.0 6.635299279063507 0
gene  1 6 13 -4.240463874748157 0 173.0 -4.240463874748157 1
gene  1 7 13 -0.0499191442833955 0 174.0 -0.0499191442833955 1
gene  1 14 13 -3.4223385243782865 1 181.0 -3.4223385243782865 1
gene  1 1 14 0.7769407098476693 0 182.0 0.7769407098476693 1
gene  1 2 14 -2.122697944251314 0 183.0 -2.122697944251314 1
gene  1 3 14 1.6386761780059667 0 184.0 1.6386761780059667 1
gene  1 13 14 1.027680776538848 0 194.0 1.027680776538848 1
gene  1 14 14 -2.9101631072288767 1 195.0 -2.9101631072288767 1
gene  1 6 14 0.7872050804641978 0 230.0 0.7872050804641978 1
gene  1 4 14 1.0807153581129698 0 312.0 1.0807153581129698 1
gene  1 2 42 -0.358662268152909 0 320.0 -0.358662268152909 1
gene  1 42 13 -5.740733995562054 0 321.0 -5.740733995562054 1
gene  1 6 42 2.1841338645337354 0 349.0 2.1841338645337354 1
gene  1 7 14 12.045016390412403 0 353.0 12.045016390412403 1
gene  1 7 42 2.3637996313796954 0 395.0 2.3637996313796954 1
gene  1 5 61 -0.25900958481443775 0 408.0 -0.25900958481443775 1
gene  1 61 13 4.023498934922607 0 409.0 4.023498934922607 1
gene  1 5 42 -1.6702110356182314 0 426.0 -1.6702110356182314 1
genomeend 10
genomestart  11
trait 1 0.39340002544161434 0.4638621482816303 0.4185672944766822 1.064591410541687 0.18796189784306305 1.4619974594472236 1.314330803229924 0.36223095093968216 
node 1 1 1 1
node 2 1 1 1
node 3 1 1 1
node 4 1 1 1
node 5 1 1 1
node 6 1 1 1
node 7 1 1 3
node 13 1 0 2
node 14 1 0 2
node 42 1 0 0
node 61 1 0 0
gene  1 1 13 -0.6199190021325903 0 168.0 -0.6199190021325903 1
gene  1 2 13 2.8302854349747903 0 169.0 2.8302854349747903 1
gene  1 3 13 8.782022762268394 0 170.0 8.782022762268394 1
gene  1 4 13 -4.009566019693077 0 171.0 -4.009566019693077 1
gene  1 5 13 2.7942200149142757 0 172.0 2.7942200149142757 0
gene  1 6 13 -4.01137134173441 0 173.0 -4.01137134173441 1
gene  1 7 13 -0.8063918437256927 0 174.0 -0.8063918437256927 1
gene  1 14 13 -2.4207121402387335 1 181.0 -2.4207121402387335 1
gene  1 1 14 2.520695829574802 0 182.0 2.520695829574802 1
gene  1 2 14 1.0752944879384594 0 183.0 1.0752944879384594 1
gene  1 3 14 -0.5900193000324108 0 184.0 -0.5900193000324108 1
gene  1 13 14 3.838238705593941 0 194.0 3.838238705593941 1
gene  1 14 14 -2.464639561971904 1 195.0 -2.464639561971904 1
gene  1 6 14 -0.08901560478030812 0 230.0 -0.08901560478030812 1
gene  1 4 14 -2.473958079097107 0 312.0 -2.473958079097107 1
gene  1 2 42 3.179516565313799 0 320.0 3.179516565313799 1
gene  1 42 13 -3.11202224152892 0 321.0 -3.11202224152892 1
gene  1 6 42 1.8634486710809357 0 349.0 1.8634486710809357 1
gene  1 7 14 10.553791270076273 0 353.0 10.553791270076273 1
gene  1 7 42 -0.6110330513215195 0 395.0 -0.6110330513215195 1
gene  1 5 61 0.9200405842832308 0 408.0 0.9200405842832308 1
gene  1 61 13 2.726996662877153 0 409.0 2.726996662877153 1
gene  1 5 42 -4.418898016397571 0 426.0 -4.418898016397571 1
genomeend 11
genomestart  12
trait 1 0.0 0.6234332274974109 0.6134710218904108 0.03889581307332757 0.9612199208371075 1.0586717797888023 0.676045690880051 0.7626488466698699 
node 1 1 1 1
node 2 1 1 1
node 3 1 1 1
node 4 1 1 1
node 5 1 1 1
node 6 1 1 1
node 7 1 1 3
node 8 1 0 0
node 13 1 0 2
node 14 1 0 2
node 49 1 0 0
node 59 1 0 0
node 63 1 0 0
gene  1 4 8 3.2724748236998016 0 101.0 3.2724748236998016 1
gene  1 5 8 -4.3196649739267805 0 102.0 -4.3196649739267805 1
gene  1 6 8 0.8716173190288246 0 103.0 0.8716173190288246 1
gene  1 14 8 -1.207377620310789 1 111.0 -1.207377620310789 1
gene  1 1 13 4.035385609981522 0 168.0 4.035385609981522 1
gene  1 2 13 0.3959134351035325 0 169.0 0.3959134351035325 1
gene  1 3 13 -1.7120528171047287 0 170.0 -1.7120528171047287 1
gene  1 5 13 7.536025524236798 0 172.0 7.536025524236798 1
gene  1 7 13 -7.937882411552405 0 174.0 -7.937882411552405 1
gene  1 14 13 -2.9489608398961176 1 181.0 -2.9489608398961176 1
gene  1 1 14 5.196020787098256 0 182.0 5.196020787098256 1
gene  1 2 14 -8.242521473014945 0 183.0 -8.242521473014945 1
gene  1 3 14 -6.291673931175963 0 184.0 -6.291673931175963 1
gene  1 4 14 -1.6175125667965191 0 185.0 -1.6175125667965191 1
gene  1 8 14 1.353522913532865 0 189.0 1.353522913532865 1
gene  1 14 14 -1.6613245925474767 1 195.0 -1.6613245925474767 1
gene  1 6 14 4.2872374835223095 0 240.0 4.2872374835223095 1
gene  1 8 13 -3.7193237401854926 0 311.0 -3.7193237401854926 1
gene  1 14 13 0.489887456169706 0 322.0 0.489887456169706 1
gene  1 2 49 -4.710022171565736 0 362.0 -4.710022171565736 1
gene  1 49 14 -5.894165393085975 0 363.0 -5.894165393085975 0
gene  1 3 8 -4.054916651733878 0 393.0 -4.054916651733878 0
gene  1 49 59 2.9293938474982557 0 401.0 2.9293938474982557 1
gene  1 59 14 4.253804873345535 0 402.0 4.253804873345535 1
gene  1 2 59 -1.403326125165501 0 403.0 -1.403326125165501 1
gene  1 7 14 0.2009534517193226 0 424.0 0.2009534517193226 1
gene  1 59 13 4.1301214338153445 0 427.0 4.1301214338153445 1
gene  1 3 63 1.4830225876662841 0 440.0 1.4830225876662841 1
gene  1 63 8 0.37222338675429323 0 441.0 0.37222338675429323 1
genomeend 12
genomestart  13
trait 1 0.0 0.6234332274974109 0.6134710218904108 0.03889581307332757 0.9612199208371075 1.0586717797888023 0.676045690880051 0.7626488466698699 
node 1 1 1 1
node 2 1 1 1
node 3 1 1 1
node 4 1 1 1
node 5 1 1 1
node 6 1 1 1
node 7 1 1 3
node 8 1 0 0
node 13 1 0 2
node 14 1 0 2
node 49 1 0 0
node 59 1 0 0
node 63 1 0 0
gene  1 4 8 3.979767783400722 0 101.0 3.979767783400722 1
gene  1 5 8 -6.665224762975166 0 102.0 -6.665224762975166 1
gene  1 6 8 2.9276237100816376 0 103.0 2.9276237100816376 1
gene  1 14 8 -0.5782497418276911 1 111.0 -0.5782497418276911 1
gene  1 1 13 2.69965654664457 0 168.0 2.69965654664457 1
gene  1 2 13 2.4694965294872318 0 169.0 2.4694965294872318 1
gene  1 3 13 0.039867273673691306 0 170.0 0.039867273673691306 1
gene  1 5 13 -1.0242702547061016 0 172.0 -1.0242702547061016 1
gene  1 7 13 -6.449981371964327 0 174.0 -6.449981371964327 1
gene  1 14 13 -3.588481647704625 1 181.0 -3.588481647704625 1
gene  1 1 14 3.9003009940615767 0 182.0 3.9003009940615767 1
gene  1 2 14 -5.3543060354914225 0 183.0 -5.3543060354914225 1
gene  1 3 14 -5.373669369107574 0 184.0 -5.373669369107574 1
gene  1 4 14 0.44481910670954 0 185.0 0.44481910670954 1
gene  1 8 14 1.3041918466286706 0 189.0 1.3041918466286706 1
gene  1 14 14 -3.0821736172755623 1 195.0 -3.0821736172755623 1
gene  1 6 14 3.5562301978927975 0 240.0 3.5562301978927975 1
gene  1 8 13 -2.244880405575172 0 311.0 -2.244880405575172 1
gene  1 14 13 2.3021067655320078 0 322.0 2.3021067655320078 1
gene  1 2 49 -3.6906846910573523 0 362.0 -3.6906846910573523 1
gene  1 49 14 -1.9843303587180703 0 363.0 -1.9843303587180703 0
gene  1 3 8 -3.6242321900756544 0 393.0 -3.6242321900756544 0
gene  1 49 59 0.5490032181301863 0 401.0 0.5490032181301863 1
gene  1 59 14 3.1887235212254317 0 402.0 3.1887235212254317 1
gene  1 2 59 0.13352052384610047 0 403.0 0.13352052384610047 1
gene  1 7 14 1.7896862079789635 0 424.0 1.7896862079789635 1
gene  1 59 13 5.422408456405415 0 427.0 5.422408456405415 1
gene  1 3 63 2.5783231456517655 0 440.0 2.5783231456517655 1
gene  1 63 8 0.4364621724519251 0 441.0 0.4364621724519251 1
genomeend 13
genomestart  14
trait 1 0.6191963994983718 1.8437409326683576 0.7816155317589891 0.49951333318806035 0.760472394127403 2.2133304098674773 0.0 0.0 
node 1 1 1 1
node 2 1 1 1
node 3 1 1 1
node 4 1 1 1
node 5 1 1 1
node 6 1 1 1
node 7 1 1 3
node 8 1 0 0
node 9 1 0 0
node 10 1 0 0
node 11 1 0 0
node 12 1 0 0
node 13 1 0 2
node 14 1 0 2
node 27 1 0 0
node 34 1 0 0
node 40 1 0 0
node 48 1 0 0
gene  1 1 8 4.442504974222209 0 98.0 4.442504974222209 1
gene  1 3 8 -2.71341854164911 0 100.0 -2.71341854164911 1
gene  1 4 8 1.3666845426234489 0 101.0 1.3666845426234489 1
gene  1 6 8 10.14223072417535 0 103.0 10.14223072417535 1
gene  1 8 8 3.6680616489831337 1 105.0 3.6680616489831337 1
gene  1 10 8 -8.558061311953526 1 107.0 -8.558061311953526 1
gene  1 3 9 -9.969912339321908 0 114.0 -9.969912339321908 1
gene  1 6 9 0.18168534112043894 0 117.0 0.18168534112043894 1
gene  1 8 9 -4.019396447162862 0 119.0 -4.019396447162862 1
gene  1 10 9 -13.421910181183724 1 121.0 -13.421910181183724 1
gene  1 11 9 7.561580926426198 1 122.0 7.561580926426198 1
gene  1 13 9 2.7591832559924194 1 124.0 2.7591832559924194 1
gene  1 14 9 -4.804781190733521 1 125.0 -4.804781190733521 1
gene  1 1 10 -7.164778263225757 0 126.0 -7.164778263225757 1
gene  1 3 10 6.670834235910958 0 128.0 6.670834235910958 1
gene  1 4 10 -2.1432916358225076 0 129.0 -2.1432916358225076 1
gene  1 5 10 5.386652071587191 0 130.0 5.386652071587191 1
gene  1 9 10 -5.706972648700038 0 134.0 -5.706972648700038 1
gene  1 13 10 -8.502834815385453 1 138.0 -8.502834815385453 1
gene  1 1 11 -2.674777863981632 0 140.0 -2.674777863981632 1
gene  1 3 11 -1.6732081656763256 0 142.0 -1.6732081656763256 1
gene  1 5 11 -4.91096858931528 0 144.0 -4.91096858931528 1
gene  1 9 11 4.6037656719533615 0 148.0 4.6037656719533615 1
gene  1 10 11 11.461281279706574 0 149.0 11.461281279706574 1
gene  1 12 11 -3.9023032078169524 1 151.0 -3.9023032078169524 1
gene  1 14 11 -9.043442090968215 1 153.0 -9.043442090968215 1
gene  1 2 12 8.297398058717107 0 155.0 8.297398058717107 1
gene  1 4 12 -2.774105521244721 0 157.0 -2.774105521244721 1
gene  1 6 12 4.520199282075649 0 159.0 4.520199282075649 1
gene  1 7 12 13.147919372624688 0 160.0 13.147919372624688 1
gene  1 9 12 -11.21790120001883 0 162.0 -11.21790120001883 1
gene  1 10 12 2.6531241559249 0 163.0 2.6531241559249 1
gene  1 12 12 2.35538367665838 1 165.0 2.35538367665838 1
gene  1 14 12 -5.758878283597109 1 167.0 -5.758878283597109 1
gene  1 1 13 -8.484284548637117 0 168.0 -8.484284548637117 1
gene  1 3 13 2.190957244254462 0 170.0 2.190957244254462 1
gene  1 4 13 6.071832359917835 0 171.0 6.071832359917835 1
gene  1 6 13 0.8665239080469274 0 173.0 0.8665239080469274 1
gene  1 8 13 8.758669886673813 0 175.0 8.758669886673813 1
gene  1 9 13 -2.799208094838362 0 176.0 -2.799208094838362 1
gene  1 8 14 -10.037701466287633 0 189.0 -10.037701466287633 1
gene  1 11 14 19.46977817013366 0 192.0 19.46977817013366 1
gene  1 5 8 -1.031482117548286 0 235.0 -1.031482117548286 1
gene  1 1 27 -1.6215676191020865 0 241.0 -1.6215676191020865 1
gene  1 27 8 0.5318751789146356 0 242.0 0.5318751789146356 1
gene  1 9 34 -1.7820914447363079 0 272.0 -1.7820914447363079 1
gene  1 34 11 6.4947096360461245 0 273.0 6.4947096360461245 1
gene  1 5 13 0.11810527370134855 0 277.0 0.11810527370134855 1
gene  1 12 14 -0.7315377874927 0 296.0 -0.7315377874927 1
gene  1 8 40 -0.07324397250120629 1 308.0 -0.07324397250120629 1
gene  1 40 8 4.833216428221236 0 309.0 4.833216428221236 1
gene  1 10 14 2.2384208316393144 0 341.0 2.2384208316393144 1
gene  1 3 48 0.45712168029914874 0 360.0 0.45712168029914874 1
gene  1 48 8 4.007550651823143 0 361.0 4.007550651823143 1
gene  1 10 13 -1.3746009985056276 0 404.0 -1.3746009985056276 1
genomeend 14
genomestart  15
trait 1 0.6191963994983718 1.8437409326683576 0.7816155317589891 0.49951333318806035 0.760472394127403 2.2133304098674773 0.0 0.0 
node 1 1 1 1
node 2 1 1 1
node 3 1 1 1
node 4 1 1 1
node 5 1 1 1
node 6 1 1 1
node 7 1 1 3
node 8 1 0 0
node 9 1 0 0
node 10 1 0 0
node 11 1 0 0
node 12 1 0 0
node 13 1 0 2
node 14 1 0 2
node 27 1 0 0
node 34 1 0 0
node 40 1 0 0
node 48 1 0 0
gene  1 1 8 4.692733942213425 0 98.0 4.692733942213425 1
gene  1 3 8 -1.9796742323666825 0 100.0 -1.9796742323666825 1
gene  1 4 8 0.3217120991305711 0 101.0 0.3217120991305711 1
gene  1 6 8 9.089206164956964 0 103.0 9.089206164956964 1
gene  1 8 8 4.646775310843166 1 105.0 4.646775310843166 1
gene  1 10 8 -6.772778497073975 1 107.0 -6.772778497073975 1
gene  1 3 9 -8.157801030850264 0 114.0 -8.157801030850264 1
gene  1 6 9 -0.7589004300189075 0 117.0 -0.7589004300189075 1
gene  1 8 9 -6.178968479147621 0 119.0 -6.178968479147621 1
gene  1 10 9 -15.891750412956094 1 121.0 -15.891750412956094 1
gene  1 11 9 8.339651012673972 1 122.0 8.339651012673972 1
gene  1 13 9 1.0712657835305301 1 124.0 1.0712657835305301 1
gene  1 14 9 -5.729695616231008 1 125.0 -5.729695616231008 1
gene  1 1 10 -6.207806584212514 0 126.0 -6.207806584212514 1
gene  1 3 10 7.681983091206281 0 128.0 7.681983091206281 1
gene  1 4 10 0.8022001676690967 0 129.0 0.8022001676690967 1
gene  1 5 10 5.102572791103458 0 130.0 5.102572791103458 1
gene  1 9 10 -4.9128440254349215 0 134.0 -4.9128440254349215 1
gene  1 13 10 -7.407283895587595 1 138.0 -7.407283895587595 1
gene  1 1 11 -3.7870141949754275 0 140.0 -3.7870141949754275 1
gene  1 3 11 1.9202434207206187 0 142.0 1.9202434207206187 1
gene  1 5 11 -5.908601484060899 0 144.0 -5.908601484060899 1
gene  1 9 11 2.0333254248338557 0 148.0 2.0333254248338557 1
gene  1 10 11 13.527983440539602 0 149.0 13.527983440539602 1
gene  1 12 11 -3.1220177627221917 1 151.0 -3.1220177627221917 1
gene  1 14 11 -7.105855427552413 1 153.0 -7.105855427552413 1
gene  1 2 12 9.541755976354988 0 155.0 9.541755976354988 1
gene  1 4 12 -1.05974716795484 0 157.0 -1.05974716795484 1
gene  1 6 12 3.0962188022508728 0 159.0 3.0962188022508728 1
gene  1 7 12 9.793053392796098 0 160.0 9.793053392796098 1
gene  1 9 12 -10.556365269109927 0 162.0 -10.556365269109927 1
gene  1 10 12 1.5595552822959746 0 163.0 1.5595552822959746 1
gene  1 12 12 3.824940298768981 1 165.0 3.824940298768981 1
gene  1 14 12 -5.585653800886156 1 167.0 -5.585653800886156 1
gene  1 1 13 -6.2287417582547455 0 168.0 -6.2287417582547455 1
gene  1 3 13 1.8305707917067422 0 170.0 1.8305707917067422 1
gene  1 4 13 3.342334017434397 0 171.0 3.342334017434397 1
gene  1 6 13 -0.11512580745955825 0 173.0 -0.11512580745955825 1
gene  1 8 13 10.96025802281445 0 175.0 10.96025802281445 1
gene  1 9 13 -4.934989201120337 0 176.0 -4.934989201120337 1
gene  1 8 14 -13.16544434741128 0 189.0 -13.16544434741128 1
gene  1 11 14 17.467300089966297 0 192.0 17.467300089966297 1
gene  1 5 8 -0.9277443306505383 0 235.0 -0.9277443306505383 1
gene  1 1 27 0.5107431890114865 0 241.0 0.5107431890114865 1
gene  1 27 8 -0.7453980995643064 0 242.0 -0.7453980995643064 1
gene  1 9 34 -2.0609716526006023 0 272.0 -2.0609716526006023 1
gene  1 34 11 8.672578005046988 0 273.0 8.672578005046988 1
gene  1 5 13 2.468451968025316 0 277.0 2.468451968025316 1
gene  1 12 14 -0.7315377874927 0 296.0 -0.7315377874927 1
gene  1 8 40 -2.240340456755065 1 308.0 -2.240340456755065 1
gene  1 40 8 3.644583214166841 0 309.0 3.644583214166841 1
gene  1 10 14 0.7632521246801118 0 341.0 0.7632521246801118 1
gene  1 3 48 -2.443441014812633 0 360.0 -2.443441014812633 1
gene  1 48 8 5.612663886034467 0 361.0 5.612663886034467 1
gene  1 10 13 -1.3746009985056276 0 404.0 -1.3746009985056276 1
genomeend 15
genomestart  16
trait 1 0.6191963994983718 1.8437409326683576 0.7816155317589891 0.49951333318806035 0.760472394127403 2.2133304098674773 0.0 0.0 
node 1 1 1 1
node 2 1 1 1
node 3 1 1 1
node 4 1 1 1
node 5 1 1 1
node 6 1 1 1
node 7 1 1 3
node 8 1 0 0
node 9 1 0 0
node 10 1 0 0
node 11 1 0 0
node 12 1 0 0
node 13 1 0 2
node 14 1 0 2
node 27 1 0 0
node 34 1 0 0
node 40 1 0 0
node 48 1 0 0
gene  1 1 8 5.556171975783164 0 98.0 5.556171975783164 1
gene  1 3 8 -4.80393077157361 0 100.0 -4.80393077157361 1
gene  1 4 8 -1.155810234577699 0 101.0 -1.155810234577699 1
gene  1 6 8 6.93545080698976 0 103.0 6.93545080698976 1
gene  1 8 8 3.872165043302823 1 105.0 3.872165043302823 1
gene  1 10 8 -5.353491198267058 1 107.0 -5.353491198267058 1
gene  1 3 9 -1.824905202471217 0 114.0 -1.824905202471217 1
gene  1 6 9 2.8017516000564546 0 117.0 2.8017516000564546 1
gene  1 8 9 -3.290552598835972 0 119.0 -3.290552598835972 1
gene  1 10 9 0.6942676030255532 1 121.0 0.6942676030255532 1
gene  1 11 9 6.674011117259132 1 122.0 6.674011117259132 1
gene  1 13 9 -1.1790521642366931 1 124.0 -1.1790521642366931 1
gene  1 14 9 -2.1779203414113604 1 125.0 -2.1779203414113604 1
gene  1 1 10 -5.35535455211169 0 126.0 -5.35535455211169 1
gene  1 3 10 9.20459594140802 0 128.0 9.20459594140802 1
gene  1 4 10 -0.9188519228934422 0 129.0 -0.9188519228934422 1
gene  1 5 10 -2.31234502795659 0 130.0 -2.31234502795659 1
gene  1 9 10 1.5689466495939783 0 134.0 1.5689466495939783 1
gene  1 13 10 -6.407861393064659 1 138.0 -6.407861393064659 1
gene  1 1 11 -3.929128779091634 0 140.0 -3.929128779091634 1
gene  1 3 11 -0.13244730595055754 0 142.0 -0.13244730595055754 1
gene  1 5 11 -1.3262820169428078 0 144.0 -1.3262820169428078 1
gene  1 9 11 4.148592489781732 0 148.0 4.148592489781732 1
gene  1 10 11 12.836919034750965 0 149.0 12.836919034750965 1
gene  1 12 11 -1.6441575521252896 1 151.0 -1.6441575521252896 1
gene  1 14 11 0.8996862403044703 1 153.0 0.8996862403044703 1
gene  1 2 12 9.067198668965993 0 155.0 9.067198668965993 1
gene  1 4 12 -2.982928243844305 0 157.0 -2.982928243844305 1
gene  1 6 12 3.2147643239590673 0 159.0 3.2147643239590673 1
gene  1 7 12 12.950827541257778 0 160.0 12.950827541257778 1
gene  1 9 12 -9.676991896788014 0 162.0 -9.676991896788014 1
gene  1 10 12 1.3536964514282464 0 163.0 1.3536964514282464 1
gene  1 12 12 7.0501948531349665 1 165.0 7.0501948531349665 1
gene  1 14 12 -5.473316701562129 1 167.0 -5.473316701562129 1
gene  1 1 13 -6.348948514725874 0 168.0 -6.348948514725874 1
gene  1 3 13 1.3079246139834564 0 170.0 1.3079246139834564 1
gene  1 4 13 2.9739192860147936 0 171.0 2.9739192860147936 1
gene  1 6 13 -3.1538984671912793 0 173.0 -3.1538984671912793 1
gene  1 8 13 12.751649345191545 0 175.0 12.751649345191545 1
gene  1 9 13 -4.055059152334801 0 176.0 -4.055059152334801 1
gene  1 8 14 -12.056896451717959 0 189.0 -12.056896451717959 1
gene  1 11 14 20.44742568345231 0 192.0 20.44742568345231 1
gene  1 5 8 -0.8327261395151152 0 235.0 -0.8327261395151152 1
gene  1 1 27 1.7333019450858655 0 241.0 1.7333019450858655 1
gene  1 27 8 1.6608306435453277 0 242.0 1.6608306435453277 1
gene  1 9 34 0.10630892397347796 0 272.0 0.10630892397347796 1
gene  1 34 11 5.4723659735327566 0 273.0 5.4723659735327566 1
gene  1 5 13 2.485971734368514 0 277.0 2.485971734368514 1
gene  1 12 14 -0.8406542985577472 0 296.0 -0.8406542985577472 1
gene  1 8 40 -1.845499772569775 1 308.0 -1.845499772569775 1
gene  1 40 8 1.524687313087362 0 309.0 1.524687313087362 1
gene  1 10 14 0.5720543729895663 0 341.0 0.5720543729895663 1
gene  1 3 48 0.18162864433342668 0 360.0 0.18162864433342668 1
gene  1 48 8 4.511999826459857 0 361.0 4.511999826459857 1
gene  1 10 13 1.2012566415603463 0 404.0 1.2012566415603463 1
genomeend 16
genomestart  17
trait 1 0.0 0.27695848508415316 1.2324307960896477 0.4714081564271139 1.7668704662528345 0.8372542455634346 1.071026175804655 0.8312956337245854 
node 1 1 1 1
node 2 1 1 1
node 3 1 1 1
node 4 1 1 1
node 5 1 1 1
node 6 1 1 1
node 7 1 1 3
node 8 1 0 0
node 9 1 0 0
node 10 1 0 0
node 13 1 0 2
node 14 1 0 2
node 16 1 0 0
node 21 1 0 0
node 29 1 0 0
node 52 1 0 0
node 53 1 0 0
gene  1 1 8 0.7019378426809333 0 98.0 0.7019378426809333 1
gene  1 2 8 -4.530946678695968 0 99.0 -4.530946678695968 1
gene  1 3 8 2.949028615929241 0 100.0 2.949028615929241 1
gene  1 4 8 -2.07048880885551 0 101.0 -2.07048880885551 1
gene  1 5 8 3.4454583182711582 0 102.0 3.4454583182711582 1
gene  1 6 8 1.8184467788136627 0 103.0 1.8184467788136627 1
gene  1 8 8 -4.922469847629946 1 105.0 -4.922469847629946 1
gene  1 13 8 -3.8618177823987736 1 110.0 -3.8618177823987736 1
gene  1 14 8 -14.923694818156052 1 111.0 -14.923694818156052 1
gene  1 3 13 -6.7737823848343 0 170.0 -6.7737823848343 1
gene  1 5 13 6.049623740015594 0 172.0 6.049623740015594 1
gene  1 7 13 6.616897778899019 0 174.0 6.616897778899019 1
gene  1 13 13 0.2276515608838845 1 180.0 0.2276515608838845 1
gene  1 2 14 -4.165458083702261 0 183.0 -4.165458083702261 1
gene  1 4 14 -1.1870439499920244 0 185.0 -1.1870439499920244 1
gene  1 6 14 5.9915911200790966 0 187.0 5.9915911200790966 1
gene  1 8 14 8.184608619720692 0 189.0 8.184608619720692 1
gene  1 13 14 5.327193271924183 0 194.0 5.327193271924183 1
gene  1 13 16 1.513373844858123 0 201.0 1.513373844858123 1
gene  1 16 14 2.4787243338439984 0 202.0 2.4787243338439984 1
gene  1 1 21 4.489668724387806 0 218.0 4.489668724387806 1
gene  1 21 8 1.8714625340554705 0 219.0 1.8714625340554705 1
gene  1 3 10 0.6829625852661996 0 223.0 0.6829625852661996 1
gene  1 6 29 2.163560948098839 0 259.0 2.163560948098839 1
gene  1 29 8 -2.3473900136053936 0 260.0 -2.3473900136053936 1
gene  1 29 21 -6.1530541860147405 0 271.0 -6.1530541860147405 1
gene  1 3 21 -2.0998659281235286 0 300.0 -2.0998659281235286 1
gene  1 9 52 1.0506475894302028 0 368.0 1.0506475894302028 1
gene  1 52 14 -0.8549008775208284 0 369.0 -0.8549008775208284 1
gene  1 1 53 0.9574299169829249 0 372.0 0.9574299169829249 1
gene  1 53 21 0.6906857480835662 0 373.0 0.6906857480835662 1
gene  1 2 16 -1.5865002492477933 0 439.0 -1.5865002492477933 1
genomeend 17
genomestart  18
trait 1 0.33971452717739675 0.27695848508415316 1.2324307960896477 0.38263542198384 1.7668704662528345 0.8372542455634346 0.3613767976006988 0.3567570363531483 
node 1 1 1 1
node 2 1 1 1
node 3 1 1 1
node 4 1 1 1
node 5 1 1 1
node 6 1 1 1
node 7 1 1 3
node 8 1 0 0
node 9 1 0 0
node 10 1 0 0
node 13 1 0 2
node 14 1 0 2
node 16 1 0 0
node 21 1 0 0
node 29 1 0 0
node 52 1 0 0
node 53 1 0 0
gene  1 1 8 -2.134266880694837 0 98.0 -2.134266880694837 1
gene  1 2 8 -2.945544966739895 0 99.0 -2.945544966739895 1
gene  1 3 8 0.34402696197484506 0 100.0 0.34402696197484506 1
gene  1 4 8 -1.0659000280100157 0 101.0 -1.0659000280100157 1
gene  1 5 8 2.078840524791767 0 102.0 2.078840524791767 1
gene  1 6 8 0.6836167000335116 0 103.0 0.6836167000335116 1
gene  1 8 8 -3.087167860451746 1 105.0 -3.087167860451746 1
gene  1 13 8 -2.3797082050499623 1 110.0 -2.3797082050499623 1
gene  1 14 8 -13.395134701178673 1 111.0 -13.395134701178673 1
gene  1 3 13 -3.090776748497087 0 170.0 -3.090776748497087 1
gene  1 5 13 -1.2129873911125133 0 172.0 -1.2129873911125133 1
gene  1 7 13 6.29103116912978 0 174.0 6.29103116912978 1
gene  1 13 13 -0.04755827629842302 1 180.0 -0.04755827629842302 1
gene  1 2 14 -4.325225236939294 0 183.0 -4.325225236939294 1
gene  1 4 14 -0.5682720714636431 0 185.0 -0.5682720714636431 1
gene  1 6 14 4.723676680609117 0 187.0 4.723676680609117 1
gene  1 8 14 5.5945114103791065 0 189.0 5.5945114103791065 1
gene  1 13 14 7.167003364099621 0 194.0 7.167003364099621 1
gene  1 13 16 -2.1510974463784107 0 201.0 -2.1510974463784107 1
gene  1 16 14 2.7040261409327657 0 202.0 2.7040261409327657 1
gene  1 1 21 6.239766514534 0 218.0 6.239766514534 1
gene  1 21 8 -0.9450273598850867 0 219.0 -0.9450273598850867 1
gene  1 3 10 2.2980371816292773 0 223.0 2.2980371816292773 1
gene  1 6 29 1.530600938534635 0 259.0 1.530600938534635 1
gene  1 29 8 -0.8786211165802957 0 260.0 -0.8786211165802957 1
gene  1 29 21 -1.8807214669194288 0 271.0 -1.8807214669194288 1
gene  1 3 21 -1.0733547082882136 0 300.0 -1.0733547082882136 1
gene  1 9 52 -0.9142669439151059 0 368.0 -0.9142669439151059 1
gene  1 52 14 2.150134425463099 0 369.0 2.150134425463099 1
gene  1 1 53 -2.2818961996479743 0 372.0 -2.2818961996479743 1
gene  1 53 21 1.7289094634933622 0 373.0 1.7289094634933622 1
gene  1 2 16 -0.5740766102705464 0 439.0 -0.5740766102705464 1
genomeend 18
genomestart  19
trait 1 0.33971452717739675 0.8342404913282493 1.7343962538721782 0.38263542198384 0.8537262940864137 0.8372542455634346 0.22941570557167207 0.3567570363531483 
node 1 1 1 1
node 2 1 1 1
node 3 1 1 1
node 4 1 1 1
node 5 1 1 1
node 6 1 1 1
node 7 1 1 3
node 8 1 0 0
node 9 1 0 0
node 10 1 0 0
node 13 1 0 2
node 14 1 0 2
node 16 1 0 0
node 21 1 0 0
node 29 1 0 0
node 52 1 0 0
node 53 1 0 0
gene  1 1 8 1.2846847423480514 0 98.0 1.2846847423480514 1
gene  1 2 8 -2.0034607023133306 0 99.0 -2.0034607023133306 1
gene  1 3 8 3.3126101185872674 0 100.0 3.3126101185872674 1
gene  1 4 8 -0.16513513861739826 0 101.0 -0.16513513861739826 1
gene  1 5 8 3.1364707394091704 0 102.0 3.1364707394091704 1
gene  1 6 8 -1.53429901122917 0 103.0 -1.53429901122917 1
gene  1 8 8 -4.140150499762823 1 105.0 -4.140150499762823 1
gene  1 13 8 -4.915560512290404 1 110.0 -4.915560512290404 1
gene  1 14 8 -12.569365562624865 1 111.0 -12.569365562624865 1
gene  1 3 13 -4.4262197230852625 0 170.0 -4.4262197230852625 1
gene  1 5 13 8.858612327401172 0 172.0 8.858612327401172 1
gene  1 7 13 4.8291739143024985 0 174.0 4.8291739143024985 1
gene  1 13 13 3.2243606466780097 1 180.0 3.2243606466780097 1
gene  1 2 14 -2.9470638169378685 0 183.0 -2.9470638169378685 1
gene  1 4 14 1.5353185531154492 0 185.0 1.5353185531154492 1
gene  1 6 14 3.7047719451888677 0 187.0 3.7047719451888677 1
gene  1 8 14 8.014198117208917 0 189.0 8.014198117208917 1
gene  1 13 14 4.513390954267261 0 194.0 4.513390954267261 1
gene  1 13 16 1.797676303013482 0 201.0 1.797676303013482 1
gene  1 16 14 2.153417860373688 0 202.0 2.153417860373688 1
gene  1 1 21 5.212507261808453 0 218.0 5.212507261808453 1
gene  1 21 8 1.257066195091844 0 219.0 1.257066195091844 1
gene  1 3 10 0.4590412291741126 0 223.0 0.4590412291741126 1
gene  1 6 29 -0.2784926878229188 0 259.0 -0.2784926878229188 1
gene  1 29 8 -0.545791528169149 0 260.0 -0.545791528169149 1
gene  1 29 21 -6.46393373184166 0 271.0 -6.46393373184166 1
gene  1 3 21 -0.18145898202567112 0 300.0 -0.18145898202567112 1
gene  1 9 52 -0.39611393194704037 0 368.0 -0.39611393194704037 1
gene  1 52 14 -0.20168798263076104 0 369.0 -0.20168798263076104 1
gene  1 1 53 0.35123534601305323 0 372.0 0.35123534601305323 1
gene  1 53 21 -1.5579096185659917 0 373.0 -1.5579096185659917 1
gene  1 2 16 -3.676249240092396 0 439.0 -3.676249240092396 1
genomeend 19
