genomestart  0
trait 1 0.0 0.29964541126798605 0.0 0.0 0.0 0.0 0.08354904834950888 0.0 
node 1 1 1 1
node 2 1 1 1
node 3 1 1 1
node 4 1 1 1
node 5 1 1 1
node 6 1 1 1
node 7 1 1 3
node 13 1 0 2
node 14 1 0 2
node 19 1 0 0
node 33 1 0 0
gene  1 1 13 -0.4660425138166864 0 168.0 -0.4660425138166864 1
gene  1 3 13 -0.3531226785696182 0 170.0 -0.3531226785696182 1
gene  1 5 13 -1.5901110047552005 0 172.0 -1.5901110047552005 0
gene  1 6 13 -5.508236641773465 0 173.0 -5.508236641773465 1
gene  1 14 13 -1.118792325750128 1 181.0 -1.118792325750128 1
gene  1 1 14 -0.10072833888261812 0 182.0 -0.10072833888261812 1
gene  1 2 14 -3.6776858834702644 0 183.0 -3.6776858834702644 1
gene  1 4 14 -0.06448519005965303 0 185.0 -0.06448519005965303 1
gene  1 5 14 4.040526989266233 0 186.0 4.040526989266233 1
gene  1 6 14 -1.2516327183431422 0 187.0 -1.2516327183431422 1
gene  1 7 14 0.057098778815151685 0 188.0 0.057098778815151685 1
gene  1 13 14 1.0006532588804435 0 194.0 1.0006532588804435 1
gene  1 14 14 -7.1932429605643335 1 195.0 -7.1932429605643335 0
gene  1 5 19 -0.7066225297191964 0 213.0 -0.7066225297191964 1
gene  1 19 13 2.7686037733405584 0 214.0 2.7686037733405584 1
gene  1 2 13 8.432035747194329 0 243.0 8.432035747194329 1
gene  1 6 19 -6.033183981540761 0 257.0 -6.033183981540761 1
gene  1 19 14 9.42466185216207 0 267.0 9.42466185216207 1
gene  1 14 33 1.0 1 268.0 1.0 1
gene  1 33 14 1.0732971091351735 0 269.0 1.0732971091351735 1
genomeend 0
genomestart  1
trait 1 0.0 0.29964541126798605 0.0 0.0 0.0 0.0 0.08354904834950888 0.0 
node 1 1 1 1
node 2 1 1 1
node 3 1 1 1
node 4 1 1 1
node 5 1 1 1
node 6 1 1 1
node 7 1 1 3
node 13 1 0 2
node 14 1 0 2
node 19 1 0 0
node 33 1 0 0
gene  1 1 13 -1.7179613391375967 0 168.0 -1.7179613391375967 1
gene  1 3 13 1.8009617932036484 0 170.0 1.8009617932036484 1
gene  1 5 13 -1.7358600911531819 0 172.0 -1.7358600911531819 0
gene  1 6 13 -6.855394598893848 0 173.0 -6.855394598893848 1
gene  1 14 13 -1.426552541846395 1 181.0 -1.426552541846395 1
gene  1 1 14 3.4180006714449607 0 182.0 3.4180006714449607 1
gene  1 2 14 -5.898962678109502 0 183.0 -5.898962678109502 1
gene  1 4 14 0.37670753107190813 0 185.0 0.37670753107190813 1
gene  1 5 14 4.191943602529023 0 186.0 4.191943602529023 1
gene  1 6 14 -2.8301773586293084 0 187.0 -2.8301773586293084 1
gene  1 7 14 1.996876003199117 0 188.0 1.996876003199117 1
gene  1 13 14 0.40741842904490366 0 194.0 0.40741842904490366 1
gene  1 14 14 -7.507042082571196 1 195.0 -7.507042082571196 0
gene  1 5 19 0.576770393741897 0 213.0 0.576770393741897 1
gene  1 19 13 0.5848398799959846 0 214.0 0.5848398799959846 1
gene  1 2 13 7.679092037923091 0 243.0 7.679092037923091 1
gene  1 6 19 -3.2160140983887997 0 257.0 -3.2160140983887997 1
gene  1 19 14 0.31354637375870964 0 267.0 0.31354637375870964 1
gene  1 14 33 -0.9845374846146551 1 268.0 -0.9845374846146551 1
gene  1 33 14 1.6329257096189433 0 269.0 1.6329257096189433 1
genomeend 1
genomestart  2
trait 1 0.38509797114028876 1.1306295992632984 0.0 0.17101181944213528 0.0 0.0 0.0 1.0208282639679993 
node 1 1 1 1
node 2 1 1 1
node 3 1 1 1
node 4 1 1 1
node 5 1 1 1
node 6 1 1 1
node 7 1 1 3
node 13 1 0 2
node 14 1 0 2
node 24 1 0 0
gene  1 2 13 1.9598883685439046 0 169.0 1.9598883685439046 1
gene  1 3 13 -5.217470276208865 0 170.0 -5.217470276208865 1
gene  1 4 13 1.648801682292895 0 171.0 1.648801682292895 1
gene  1 6 13 -0.3219467887355046 0 173.0 -0.3219467887355046 1
gene  1 7 13 0.9042878526181621 0 174.0 0.9042878526181621 1
gene  1 13 13 -0.1467913700854218 1 180.0 -0.1467913700854218 1
gene  1 1 14 5.188151598421964 0 182.0 5.188151598421964 1
gene  1 2 14 2.6411161475608633 0 183.0 2.6411161475608633 1
gene  1 5 14 2.338439619006635 0 186.0 2.338439619006635 1
gene  1 6 14 -2.2729244156467416 0 187.0 -2.2729244156467416 1
gene  1 7 14 2.161361915463155 0 188.0 2.161361915463155 1
gene  1 13 14 4.787803331784021 0 194.0 4.787803331784021 1
gene  1 14 14 -0.974774745431945 1 195.0 -0.974774745431945 1
gene  1 2 24 -7.107508390044579 0 226.0 -7.107508390044579 1
gene  1 24 13 -5.140202804022045 0 227.0 -5.140202804022045 1
gene  1 7 24 1.6063659094016063 0 245.0 1.6063659094016063 1
gene  1 1 24 -3.6058683374734812 0 249.0 -3.6058683374734812 1
genomeend 2
genomestart  3
trait 1 0.38509797114028876 1.1306295992632984 0.0 0.17101181944213528 0.0 0.0 0.0 1.0208282639679993 
node 1 1 1 1
node 2 1 1 1
node 3 1 1 1
node 4 1 1 1
node 5 1 1 1
node 6 1 1 1
node 7 1 1 3
node 13 1 0 2
node 14 1 0 2
node 24 1 0 0
gene  1 2 13 -4.897653229852409 0 169.0 -4.897653229852409 1
gene  1 3 13 -2.9606464613374808 0 170.0 -2.9606464613374808 1
gene  1 4 13 -0.8227660769982148 0 171.0 -0.8227660769982148 1
gene  1 6 13 3.5250757603688117 0 173.0 3.5250757603688117 1
gene  1 7 13 0.8859273561006347 0 174.0 0.8859273561006347 1
gene  1 13 13 -1.545105414526934 1 180.0 -1.545105414526934 1
gene  1 1 14 1.864264159476491 0 182.0 1.864264159476491 1
gene  1 2 14 5.432962980987089 0 183.0 5.432962980987089 1
gene  1 5 14 2.309227682860388 0 186.0 2.309227682860388 1
gene  1 6 14 -2.5166182246265123 0 187.0 -2.5166182246265123 1
gene  1 7 14 -0.8203187541047785 0 188.0 -0.8203187541047785 1
gene  1 13 14 2.148527347950912 0 194.0 2.148527347950912 1
gene  1 14 14 -2.0027476851147648 1 195.0 -2.0027476851147648 1
gene  1 2 24 -6.511211717760359 0 226.0 -6.511211717760359 1
gene  1 24 13 2.447229167278974 0 227.0 2.447229167278974 1
gene  1 7 24 1.6799535298893997 0 245.0 1.6799535298893997 1
gene  1 1 24 -2.8231992480883754 0 249.0 -2.8231992480883754 1
genomeend 3
genomestart  4
trait 1 0.38509797114028876 1.1306295992632984 0.0 0.17101181944213528 0.0 0.0 0.0 1.0208282639679993 
node 1 1 1 1
node 2 1 1 1
node 3 1 1 1
node 4 1 1 1
node 5 1 1 1
node 6 1 1 1
node 7 1 1 3
node 13 1 0 2
node 14 1 0 2
node 24 1 0 0
gene  1 2 13 1.547733805031538 0 169.0 1.547733805031538 1
gene  1 3 13 -2.2502344278335116 0 170.0 -2.2502344278335116 1
gene  1 4 13 1.677310049877223 0 171.0 1.677310049877223 1
gene  1 6 13 3.5452142656370222 0 173.0 3.5452142656370222 1
gene  1 7 13 2.8404224147767856 0 174.0 2.8404224147767856 1
gene  1 13 13 -0.5432376642935146 1 180.0 -0.5432376642935146 1
gene  1 1 14 0.9314909123406684 0 182.0 0.9314909123406684 1
gene  1 2 14 3.979658853926237 0 183.0 3.979658853926237 1
gene  1 5 14 0.3054961125517822 0 186.0 0.3054961125517822 1
gene  1 6 14 -1.5703732171135125 0 187.0 -1.5703732171135125 1
gene  1 7 14 -1.4584710827064438 0 188.0 -1.4584710827064438 1
gene  1 13 14 1.8818809228804254 0 194.0 1.8818809228804254 1
gene  1 14 14 -1.691377917429485 1 195.0 -1.691377917429485 1
gene  1 2 24 -4.0367825264755535 0 226.0 -4.0367825264755535 1
gene  1 24 13 -3.3073712270743107 0 227.0 -3.3073712270743107 1
gene  1 7 24 1.6063659094016063 0 245.0 1.6063659094016063 1
gene  1 1 24 -0.7357905097433584 0 249.0 -0.7357905097433584 1
genomeend 4
genomestart  5
trait 1 0.9658100958370718 0.5527206392592479 1.7535517816909252 0.0 0.0 1.5188178498138516 0.7279373662985449 0.0 
node 1 1 1 1
node 2 1 1 1
node 3 1 1 1
node 4 1 1 1
node 5 1 1 1
node 6 1 1 1
node 7 1 1 3
node 8 1 0 0
node 9 1 0 0
node 10 1 0 0
node 11 1 0 0
node 13 1 0 2
node 14 1 0 2
gene  1 2 8 7.28380820163882 0 99.0 7.28380820163882 1
gene  1 6 8 -2.0096843478211803 0 103.0 -2.0096843478211803 1
gene  1 8 8 -1.4503723657566716 1 105.0 -1.4503723657566716 1
gene  1 9 8 -8.912157146061011 1 106.0 -8.912157146061011 1
gene  1 10 8 -0.6331871030155871 1 107.0 -0.6331871030155871 1
gene  1 11 8 -1.0668193773419459 1 108.0 -1.0668193773419459 1
gene  1 13 8 0.9279127444823179 1 110.0 0.9279127444823179 1
gene  1 14 8 2.244138111793469 1 111.0 2.244138111793469 1
gene  1 1 9 -2.150056142370558 0 112.0 -2.150056142370558 1
gene  1 2 9 -0.8748689423373496 0 113.0 -0.8748689423373496 1
gene  1 3 9 -3.847680175323241 0 114.0 -3.847680175323241 1
gene  1 6 9 -3.438549399764692 0 117.0 -3.438549399764692 1
gene  1 7 9 0.8145855438708549 0 118.0 0.8145855438708549 1
gene  1 8 9 -1.5105726244234126 0 119.0 -1.5105726244234126 1
gene  1 9 9 -1.4546822768280647 1 120.0 -1.4546822768280647 1
gene  1 11 9 -4.0699869484707065 1 122.0 -4.0699869484707065 1
gene  1 13 9 1.2245783145965148 1 124.0 1.2245783145965148 1
gene  1 14 9 -0.7914841366023434 1 125.0 -0.7914841366023434 1
gene  1 1 10 -1.7478626496496168 0 126.0 -1.7478626496496168 1
gene  1 3 10 -1.2766121185739214 0 128.0 -1.2766121185739214 1
gene  1 4 10 0.31979442841870376 0 129.0 0.31979442841870376 1
gene  1 5 10 -5.937725833852462 0 130.0 -5.937725833852462 1
gene  1 6 10 -4.47610114783032 0 131.0 -4.47610114783032 1
gene  1 10 10 1.9654894843818584 1 135.0 1.9654894843818584 1
gene  1 11 10 -1.596784317406714 1 136.0 -1.596784317406714 1
gene  1 14 10 -2.0388255425518125 1 139.0 -2.0388255425518125 1
gene  1 1 11 8.305449318628282 0 140.0 8.305449318628282 1
gene  1 3 11 4.0232954413402 0 142.0 4.0232954413402 1
gene  1 5 11 1.820145367959121 0 144.0 1.820145367959121 1
gene  1 6 11 0.8339276462516478 0 145.0 0.8339276462516478 1
gene  1 7 11 3.7160423601340278 0 146.0 3.7160423601340278 1
gene  1 8 11 2.374657762246658 0 147.0 2.374657762246658 1
gene  1 9 11 3.2970538034228762 0 148.0 3.2970538034228762 1
gene  1 10 11 -0.9801872158058829 0 149.0 -0.9801872158058829 1
gene  1 11 11 9.965524776477736 1 150.0 9.965524776477736 1
gene  1 1 13 -9.020257313405072 0 168.0 -9.020257313405072 1
gene  1 2 13 5.131768042916891 0 169.0 5.131768042916891 1
gene  1 3 13 -0.22670361945630657 0 170.0 -0.22670361945630657 1
gene  1 7 13 4.102878660338082 0 174.0 4.102878660338082 1
gene  1 11 13 5.156315318521666 0 178.0 5.156315318521666 1
gene  1 13 13 11.527632532846729 1 180.0 11.527632532846729 1
gene  1 2 14 2.680286501345981 0 183.0 2.680286501345981 1
gene  1 3 14 0.8383571681816959 0 184.0 0.8383571681816959 1
gene  1 4 14 -1.4334689625057149 0 185.0 -1.4334689625057149 1
gene  1 7 14 -1.0932528979615665 0 188.0 -1.0932528979615665 1
gene  1 8 14 -0.3659651599453755 0 189.0 -0.3659651599453755 1
gene  1 10 14 -2.228933251853272 0 191.0 -2.228933251853272 1
gene  1 13 14 0.17561889903130412 0 194.0 0.17561889903130412 1
gene  1 5 13 0.2463794548240622 0 198.0 0.2463794548240622 1
gene  1 4 9 -4.1626563044128835 0 200.0 -4.1626563044128835 1
gene  1 8 13 -0.9598961606658534 0 248.0 -0.9598961606658534 1
gene  1 7 10 -1.4537143319674444 0 270.0 -1.4537143319674444 1
genomeend 5
genomestart  6
trait 1 0.9658100958370718 0.5527206392592479 1.7535517816909252 0.0 0.0 1.5188178498138516 0.7279373662985449 0.0 
node 1 1 1 1
node 2 1 1 1
node 3 1 1 1
node 4 1 1 1
node 5 1 1 1
node 6 1 1 1
node 7 1 1 3
node 8 1 0 0
node 9 1 0 0
node 10 1 0 0
node 11 1 0 0
node 13 1 0 2
node 14 1 0 2
gene  1 2 8 5.867597508374088 0 99.0 5.867597508374088 1
gene  1 6 8 -2.100343394485813 0 103.0 -2.100343394485813 1
gene  1 8 8 5.162599690830959 1 105.0 5.162599690830959 1
gene  1 9 8 -6.592211332832273 1 106.0 -6.592211332832273 1
gene  1 10 8 0.6224946513711851 1 107.0 0.6224946513711851 1
gene  1 11 8 6.402386318427067 1 108.0 6.402386318427067 1
gene  1 13 8 0.2033059780460334 1 110.0 0.2033059780460334 1
gene  1 14 8 3.6460728354991367 1 111.0 3.6460728354991367 1
gene  1 1 9 -0.11236466729600969 0 112.0 -0.11236466729600969 1
gene  1 2 9 3.435495498272344 0 113.0 3.435495498272344 1
gene  1 3 9 -3.2352381571352726 0 114.0 -3.2352381571352726 1
gene  1 6 9 -3.438549399764692 0 117.0 -3.438549399764692 1
gene  1 7 9 0.8145855438708549 0 118.0 0.8145855438708549 1
gene  1 8 9 0.5616592954561723 0 119.0 0.5616592954561723 1
gene  1 9 9 -1.0955229188570408 1 120.0 -1.0955229188570408 1
gene  1 11 9 -4.0699869484707065 1 122.0 -4.0699869484707065 1
gene  1 13 9 3.300467783410097 1 124.0 3.300467783410097 1
gene  1 14 9 1.6353091462233624 1 125.0 1.6353091462233624 1
gene  1 1 10 -1.0498991442658983 0 126.0 -1.0498991442658983 1
gene  1 3 10 5.894855058761834 0 128.0 5.894855058761834 1
gene  1 4 10 -2.8287414295244155 0 129.0 -2.8287414295244155 1
gene  1 5 10 -6.840343027108656 0 130.0 -6.840343027108656 1
gene  1 6 10 -4.47610114783032 0 131.0 -4.47610114783032 1
gene  1 10 10 3.296266721115692 1 135.0 3.296266721115692 1
gene  1 11 10 0.344921556426947 1 136.0 0.344921556426947 1
gene  1 14 10 -1.542480778315894 1 139.0 -1.542480778315894 1
gene  1 1 11 7.138804692610904 0 140.0 7.138804692610904 1
gene  1 3 11 4.094547441268672 0 142.0 4.094547441268672 1
gene  1 5 11 1.5639064167481591 0 144.0 1.5639064167481591 1
gene  1 6 11 0.8339276462516478 0 145.0 0.8339276462516478 1
gene  1 7 11 3.7160423601340278 0 146.0 3.7160423601340278 1
gene  1 8 11 2.3091445227228515 0 147.0 2.3091445227228515 1
gene  1 9 11 4.61512052691584 0 148.0 4.61512052691584 1
gene  1 10 11 0.3808908164228919 0 149.0 0.3808908164228919 1
gene  1 11 11 9.179210755116719 1 150.0 9.179210755116719 1
gene  1 1 13 -7.978761814124086 0 168.0 -7.978761814124086 1
gene  1 2 13 2.727510869442201 0 169.0 2.727510869442201 1
gene  1 3 13 1.003651354651149 0 170.0 1.003651354651149 1
gene  1 7 13 4.5535911483839655 0 174.0 4.5535911483839655 1
gene  1 11 13 5.996652534831778 0 178.0 5.996652534831778 1
gene  1 13 13 9.342159605567211 1 180.0 9.342159605567211 1
gene  1 2 14 2.680286501345981 0 183.0 2.680286501345981 1
gene  1 3 14 2.8637164709858958 0 184.0 2.8637164709858958 1
gene  1 4 14 -3.2640423492681823 0 185.0 -3.2640423492681823 1
gene  1 7 14 0.32540381892042336 0 188.0 0.32540381892042336 1
gene  1 8 14 -1.1685524458382892 0 189.0 -1.1685524458382892 1
gene  1 10 14 1.4915342940813223 0 191.0 1.4915342940813223 1
gene  1 13 14 2.4517232399625253 0 194.0 2.4517232399625253 1
gene  1 5 13 3.308563081415959 0 198.0 3.308563081415959 1
gene  1 4 9 -4.082580907532652 0 200.0 -4.082580907532652 1
gene  1 8 13 -2.1224458525803853 0 248.0 -2.1224458525803853 1
gene  1 7 10 -8.835523245962207 0 270.0 -8.835523245962207 1
gene  1 9 10 -5.586367408992442 0 274.0 -5.586367408992442 1
genomeend 6
genomestart  7
trait 1 0.9658100958370718 0.5527206392592479 1.7535517816909252 0.0 0.0 1.5188178498138516 0.7279373662985449 0.0 
node 1 1 1 1
node 2 1 1 1
node 3 1 1 1
node 4 1 1 1
node 5 1 1 1
node 6 1 1 1
node 7 1 1 3
node 8 1 0 0
node 9 1 0 0
node 10 1 0 0
node 11 1 0 0
node 13 1 0 2
node 14 1 0 2
gene  1 2 8 5.867597508374088 0 99.0 5.867597508374088 1
gene  1 6 8 -2.100343394485813 0 103.0 -2.100343394485813 1
gene  1 8 8 5.162599690830959 1 105.0 5.162599690830959 1
gene  1 9 8 -6.592211332832273 1 106.0 -6.592211332832273 1
gene  1 10 8 0.6224946513711851 1 107.0 0.6224946513711851 1
gene  1 11 8 6.402386318427067 1 108.0 6.402386318427067 1
gene  1 13 8 0.2033059780460334 1 110.0 0.2033059780460334 1
gene  1 14 8 3.6460728354991367 1 111.0 3.6460728354991367 1
gene  1 1 9 -0.11236466729600969 0 112.0 -0.11236466729600969 1
gene  1 2 9 3.435495498272344 0 113.0 3.435495498272344 1
gene  1 3 9 -3.2352381571352726 0 114.0 -3.2352381571352726 1
gene  1 6 9 -3.438549399764692 0 117.0 -3.438549399764692 1
gene  1 7 9 0.8145855438708549 0 118.0 0.8145855438708549 1
gene  1 8 9 0.5616592954561723 0 119.0 0.5616592954561723 1
gene  1 9 9 -1.0955229188570408 1 120.0 -1.0955229188570408 1
gene  1 11 9 -4.0699869484707065 1 122.0 -4.0699869484707065 1
gene  1 13 9 3.300467783410097 1 124.0 3.300467783410097 1
gene  1 14 9 1.6353091462233624 1 125.0 1.6353091462233624 1
gene  1 1 10 -1.0498991442658983 0 126.0 -1.0498991442658983 1
gene  1 3 10 5.894855058761834 0 128.0 5.894855058761834 1
gene  1 4 10 -2.8287414295244155 0 129.0 -2.8287414295244155 1
gene  1 5 10 -6.840343027108656 0 130.0 -6.840343027108656 1
gene  1 6 10 -4.47610114783032 0 131.0 -4.47610114783032 1
gene  1 10 10 3.296266721115692 1 135.0 3.296266721115692 1
gene  1 11 10 0.344921556426947 1 136.0 0.344921556426947 1
gene  1 14 10 -1.542480778315894 1 139.0 -1.542480778315894 1
gene  1 1 11 7.138804692610904 0 140.0 7.138804692610904 1
gene  1 3 11 4.094547441268672 0 142.0 4.094547441268672 1
gene  1 5 11 1.5639064167481591 0 144.0 1.5639064167481591 1
gene  1 6 11 0.8339276462516478 0 145.0 0.8339276462516478 1
gene  1 7 11 3.7160423601340278 0 146.0 3.7160423601340278 1
gene  1 8 11 2.3091445227228515 0 147.0 2.3091445227228515 1
gene  1 9 11 4.61512052691584 0 148.0 4.61512052691584 1
gene  1 10 11 0.3808908164228919 0 149.0 0.3808908164228919 1
gene  1 11 11 9.179210755116719 1 150.0 9.179210755116719 1
gene  1 1 13 -7.978761814124086 0 168.0 -7.978761814124086 1
gene  1 2 13 2.727510869442201 0 169.0 2.727510869442201 1
gene  1 3 13 1.003651354651149 0 170.0 1.003651354651149 1
gene  1 7 13 4.5535911483839655 0 174.0 4.5535911483839655 1
gene  1 11 13 5.996652534831778 0 178.0 5.996652534831778 1
gene  1 13 13 9.342159605567211 1 180.0 9.342159605567211 1
gene  1 2 14 2.680286501345981 0 183.0 2.680286501345981 1
gene  1 3 14 2.8637164709858958 0 184.0 2.8637164709858958 1
gene  1 4 14 -3.2640423492681823 0 185.0 -3.2640423492681823 1
gene  1 7 14 0.32540381892042336 0 188.0 0.32540381892042336 1
gene  1 8 14 -1.1685524458382892 0 189.0 -1.1685524458382892 1
gene  1 10 14 1.4915342940813223 0 191.0 1.4915342940813223 1
gene  1 13 14 2.4517232399625253 0 194.0 2.4517232399625253 1
gene  1 5 13 3.308563081415959 0 198.0 3.308563081415959 1
gene  1 4 9 -4.082580907532652 0 200.0 -4.082580907532652 1
gene  1 8 13 -2.1224458525803853 0 248.0 -2.1224458525803853 1
gene  1 7 10 -8.835523245962207 0 270.0 -8.835523245962207 1
gene  1 10 8 6.303121618113067 0 275.0 6.303121618113067 1
genomeend 7
genomestart  8
trait 1 0.9094479393069818 0.0 0.18125169842722821 0.0 0.5658812609091859 0.42041845515383636 0.6672100230779487 0.0 
node 1 1 1 1
node 2 1 1 1
node 3 1 1 1
node 4 1 1 1
node 5 1 1 1
node 6 1 1 1
node 7 1 1 3
node 8 1 0 0
node 13 1 0 2
node 14 1 0 2
node 16 1 0 0
node 20 1 0 0
gene  1 1 8 1.2743264724995766 0 98.0 1.2743264724995766 1
gene  1 2 8 1.637039497836592 0 99.0 1.637039497836592 1
gene  1 3 8 -0.04194256126773488 0 100.0 -0.04194256126773488 1
gene  1 4 8 1.7437994492226343 0 101.0 1.7437994492226343 1
gene  1 5 8 0.3467847323619141 0 102.0 0.3467847323619141 1
gene  1 6 8 -0.07540561907953269 0 103.0 -0.07540561907953269 1
gene  1 8 8 -0.393976004587884 1 105.0 -0.393976004587884 1
gene  1 13 8 0.5838084578873753 1 110.0 0.5838084578873753 1
gene  1 14 8 -4.1601483989139085 1 111.0 -4.1601483989139085 1
gene  1 3 13 -2.469421251579226 0 170.0 -2.469421251579226 1
gene  1 5 13 7.29321578071693 0 172.0 7.29321578071693 1
gene  1 7 13 -2.359198607665581 0 174.0 -2.359198607665581 1
gene  1 13 13 -0.5324063563745849 1 180.0 -0.5324063563745849 1
gene  1 2 14 -1.1213454916095915 0 183.0 -1.1213454916095915 1
gene  1 4 14 -1.2354818365643216 0 185.0 -1.2354818365643216 1
gene  1 6 14 1.5624837043978501 0 187.0 1.5624837043978501 1
gene  1 8 14 0.2250249326170392 0 189.0 0.2250249326170392 1
gene  1 13 14 2.8707936972329122 0 194.0 2.8707936972329122 1
gene  1 13 16 -2.260401419158171 0 201.0 -2.260401419158171 1
gene  1 16 14 -3.9701105528156084 0 202.0 -3.9701105528156084 1
gene  1 3 20 1.032492227159216 0 215.0 1.032492227159216 1
gene  1 20 8 -2.0455219482722775 0 216.0 -2.0455219482722775 1
gene  1 8 13 -0.3859417217026831 0 233.0 -0.3859417217026831 1
genomeend 8
genomestart  9
trait 1 0.9094479393069818 0.0 0.18125169842722821 0.0 0.5658812609091859 0.42041845515383636 0.6672100230779487 0.0 
node 1 1 1 1
node 2 1 1 1
node 3 1 1 1
node 4 1 1 1
node 5 1 1 1
node 6 1 1 1
node 7 1 1 3
node 8 1 0 0
node 13 1 0 2
node 14 1 0 2
node 16 1 0 0
node 20 1 0 0
gene  1 1 8 -1.830322447998815 0 98.0 -1.830322447998815 1
gene  1 2 8 1.5135194099314382 0 99.0 1.5135194099314382 1
gene  1 3 8 4.329741326512536 0 100.0 4.329741326512536 1
gene  1 4 8 2.773883049980647 0 101.0 2.773883049980647 1
gene  1 5 8 -0.45465672991730777 0 102.0 -0.45465672991730777 1
gene  1 6 8 2.2291370850839423 0 103.0 2.2291370850839423 1
gene  1 8 8 -3.5091033661428845 1 105.0 -3.5091033661428845 1
gene  1 13 8 -3.228226701679695 1 110.0 -3.228226701679695 1
gene  1 14 8 -1.83900814555192 1 111.0 -1.83900814555192 1
gene  1 3 13 1.516521714925911 0 170.0 1.516521714925911 1
gene  1 5 13 8.627083989964278 0 172.0 8.627083989964278 1
gene  1 7 13 -1.5160548880448035 0 174.0 -1.5160548880448035 1
gene  1 13 13 -1.4231839464058238 1 180.0 -1.4231839464058238 1
gene  1 2 14 -1.7117858129767742 0 183.0 -1.7117858129767742 1
gene  1 4 14 -1.660665458525806 0 185.0 -1.660665458525806 1
gene  1 6 14 0.6563974621424744 0 187.0 0.6563974621424744 1
gene  1 8 14 3.532993267428876 0 189.0 3.532993267428876 1
gene  1 13 14 5.157658152850248 0 194.0 5.157658152850248 1
gene  1 13 16 2.6819191169258616 0 201.0 2.6819191169258616 1
gene  1 16 14 -2.0557757933239595 0 202.0 -2.0557757933239595 1
gene  1 3 20 0.4702037146251288 0 215.0 0.4702037146251288 1
gene  1 20 8 1.6249329454072692 0 216.0 1.6249329454072692 1
gene  1 8 13 -2.2758327891548475 0 233.0 -2.2758327891548475 1
genomeend 9
genomestart  10
trait 1 0.0 0.0 0.0 0.0 0.0 0.0 0.0 0.0 
node 1 1 1 1
node 2 1 1 1
node 3 1 1 1
node 4 1 1 1
node 5 1 1 1
node 6 1 1 1
node 7 1 1 3
node 8 1 0 0
node 9 1 0 0
node 10 1 0 0
node 13 1 0 2
node 14 1 0 2
node 21 1 0 0
node 29 1 0 0
gene  1 1 8 1.8760519819817878 0 98.0 1.8760519819817878 0
gene  1 3 8 3.2794238240982967 0 100.0 3.2794238240982967 1
gene  1 5 8 3.0142484674683048 0 102.0 3.0142484674683048 1
gene  1 6 8 2.1452779645597557 0 103.0 2.1452779645597557 1
gene  1 8 8 1.3934217499985702 1 105.0 1.3934217499985702 1
gene  1 1 9 -2.918394251590135 0 112.0 -2.918394251590135 1
gene  1 2 9 2.3686932827237723 0 113.0 2.3686932827237723 1
gene  1 3 9 7.315433678330519 0 114.0 7.315433678330519 1
gene  1 5 9 -1.3229891804894365 0 116.0 -1.3229891804894365 1
gene  1 7 9 -0.7605291118302955 0 118.0 -0.7605291118302955 1
gene  1 9 9 -2.259487095494021 1 120.0 -2.259487095494021 1
gene  1 10 9 9.310500031442556 1 121.0 9.310500031442556 1
gene  1 13 9 -0.3947433139846037 1 124.0 -0.3947433139846037 1
gene  1 2 10 2.2119194243248823 0 127.0 2.2119194243248823 1
gene  1 4 10 -2.3052049763426012 0 129.0 -2.3052049763426012 1
gene  1 5 10 -0.5059491295097194 0 130.0 -0.5059491295097194 1
gene  1 8 10 5.009812808678186 0 133.0 5.009812808678186 1
gene  1 9 10 1.229143644084599 0 134.0 1.229143644084599 1
gene  1 10 10 -1.5919178301070234 1 135.0 -1.5919178301070234 1
gene  1 13 10 -1.1169421466589766 1 138.0 -1.1169421466589766 1
gene  1 14 10 1.4670186308084636 1 139.0 1.4670186308084636 1
gene  1 2 13 -0.669537837233019 0 169.0 -0.669537837233019 1
gene  1 3 13 -7.929892139326517 0 170.0 -7.929892139326517 1
gene  1 6 13 5.491169527296131 0 173.0 5.491169527296131 1
gene  1 7 13 6.395447910915427 0 174.0 6.395447910915427 1
gene  1 9 13 9.81192747041499 0 176.0 9.81192747041499 1
gene  1 13 13 -2.3236052526478095 1 180.0 -2.3236052526478095 1
gene  1 14 13 -2.7029957556053255 1 181.0 -2.7029957556053255 1
gene  1 1 14 -2.417545529063117 0 182.0 -2.417545529063117 1
gene  1 3 14 3.1677968764700775 0 184.0 3.1677968764700775 1
gene  1 9 14 -6.685530553004821 0 190.0 -6.685530553004821 1
gene  1 10 14 -1.307484070081589 0 191.0 -1.307484070081589 1
gene  1 1 21 -0.4303978112232876 0 218.0 -0.4303978112232876 1
gene  1 21 8 1.870150237267282 0 219.0 1.870150237267282 1
gene  1 3 10 -3.1701428249705756 0 223.0 -3.1701428249705756 1
gene  1 6 29 0.17462922036647877 0 259.0 0.17462922036647877 1
gene  1 29 8 -7.433033726253525 0 260.0 -7.433033726253525 1
gene  1 29 21 -1.810005195865253 0 271.0 -1.810005195865253 1
genomeend 10
genomestart  11
trait 1 0.0 0.0 0.0 0.0 0.0 0.0 0.0 0.0 
node 1 1 1 1
node 2 1 1 1
node 3 1 1 1
node 4 1 1 1
node 5 1 1 1
node 6 1 1 1
node 7 1 1 3
node 8 1 0 0
node 9 1 0 0
node 10 1 0 0
node 13 1 0 2
node 14 1 0 2
node 21 1 0 0
node 29 1 0 0
gene  1 1 8 3.10959560445835 0 98.0 3.10959560445835 0
gene  1 3 8 2.2112973239863325 0 100.0 2.2112973239863325 1
gene  1 5 8 2.884891869432668 0 102.0 2.884891869432668 1
gene  1 6 8 -5.4063429582080005 0 103.0 -5.4063429582080005 1
gene  1 8 8 4.368841464157484 1 105.0 4.368841464157484 1
gene  1 1 9 -1.9949647755996383 0 112.0 -1.9949647755996383 1
gene  1 2 9 8.061116348352899 0 113.0 8.061116348352899 1
gene  1 3 9 6.90838146232373 0 114.0 6.90838146232373 1
gene  1 5 9 -1.51520227757676 0 116.0 -1.51520227757676 1
gene  1 7 9 -1.8414704012920093 0 118.0 -1.8414704012920093 1
gene  1 9 9 -3.441657281574197 1 120.0 -3.441657281574197 1
gene  1 10 9 7.605248190998445 1 121.0 7.605248190998445 1
gene  1 13 9 -0.8504939914829526 1 124.0 -0.8504939914829526 1
gene  1 2 10 3.9626493872849675 0 127.0 3.9626493872849675 1
gene  1 4 10 -3.555051449455447 0 129.0 -3.555051449455447 1
gene  1 5 10 -1.4167243580233153 0 130.0 -1.4167243580233153 1
gene  1 8 10 5.009812808678186 0 133.0 5.009812808678186 1
gene  1 9 10 3.3927966749263305 0 134.0 3.3927966749263305 1
gene  1 10 10 -1.5919178301070234 1 135.0 -1.5919178301070234 1
gene  1 13 10 -0.7298755520574813 1 138.0 -0.7298755520574813 1
gene  1 14 10 3.905549098011342 1 139.0 3.905549098011342 1
gene  1 2 13 0.062146395683218114 0 169.0 0.062146395683218114 1
gene  1 3 13 -5.898339988797925 0 170.0 -5.898339988797925 1
gene  1 6 13 6.346277448167394 0 173.0 6.346277448167394 1
gene  1 7 13 7.570796818850818 0 174.0 7.570796818850818 1
gene  1 9 13 11.965355907416361 0 176.0 11.965355907416361 1
gene  1 13 13 -2.2576562748466924 1 180.0 -2.2576562748466924 1
gene  1 14 13 -2.095582190096534 1 181.0 -2.095582190096534 1
gene  1 1 14 -1.406829253791057 0 182.0 -1.406829253791057 1
gene  1 3 14 0.8582313923871641 0 184.0 0.8582313923871641 1
gene  1 9 14 -4.197149148588818 0 190.0 -4.197149148588818 1
gene  1 10 14 -2.371911703007707 0 191.0 -2.371911703007707 1
gene  1 1 21 1.9613525925294166 0 218.0 1.9613525925294166 1
gene  1 21 8 -5.719141194626299 0 219.0 -5.719141194626299 1
gene  1 3 10 -3.1701428249705756 0 223.0 -3.1701428249705756 1
gene  1 6 29 1.6651249812388254 0 259.0 1.6651249812388254 1
gene  1 29 8 -7.433033726253525 0 260.0 -7.433033726253525 1
gene  1 29 21 6.258312922453165 0 271.0 6.258312922453165 1
gene  1 21 10 -2.9572930467519196 0 276.0 -2.9572930467519196 1
genomeend 11
genomestart  12
trait 1 0.0 0.0 0.0 0.0 0.0 0.0 0.0 0.0 
node 1 1 1 1
node 2 1 1 1
node 3 1 1 1
node 4 1 1 1
node 5 1 1 1
node 6 1 1 1
node 7 1 1 3
node 8 1 0 0
node 9 1 0 0
node 10 1 0 0
node 13 1 0 2
node 14 1 0 2
node 21 1 0 0
node 29 1 0 0
gene  1 1 8 3.169794513157701 0 98.0 3.169794513157701 0
gene  1 3 8 0.40806842618688677 0 100.0 0.40806842618688677 1
gene  1 5 8 2.8688318608003227 0 102.0 2.8688318608003227 1
gene  1 6 8 -7.120689904749388 0 103.0 -7.120689904749388 1
gene  1 8 8 5.526981285081945 1 105.0 5.526981285081945 1
gene  1 1 9 -0.02854435969922431 0 112.0 -0.02854435969922431 1
gene  1 2 9 5.670108411285752 0 113.0 5.670108411285752 1
gene  1 3 9 6.103556541332747 0 114.0 6.103556541332747 1
gene  1 5 9 0.021556497688171694 0 116.0 0.021556497688171694 1
gene  1 7 9 -1.807000823340852 0 118.0 -1.807000823340852 1
gene  1 9 9 -2.91889928179592 1 120.0 -2.91889928179592 1
gene  1 10 9 7.143813206346856 1 121.0 7.143813206346856 1
gene  1 13 9 -1.149882909858162 1 124.0 -1.149882909858162 1
gene  1 2 10 4.948943073045902 0 127.0 4.948943073045902 1
gene  1 4 10 -5.514579485112295 0 129.0 -5.514579485112295 1
gene  1 5 10 -3.449484812981536 0 130.0 -3.449484812981536 1
gene  1 8 10 3.6134056929058445 0 133.0 3.6134056929058445 1
gene  1 9 10 2.8856050034133034 0 134.0 2.8856050034133034 1
gene  1 10 10 -1.996673815423353 1 135.0 -1.996673815423353 1
gene  1 13 10 0.3788802588951947 1 138.0 0.3788802588951947 1
gene  1 14 10 6.141653783681822 1 139.0 6.141653783681822 1
gene  1 2 13 1.5437726245544736 0 169.0 1.5437726245544736 1
gene  1 3 13 -4.242383210110207 0 170.0 -4.242383210110207 1
gene  1 6 13 4.834668995047946 0 173.0 4.834668995047946 1
gene  1 7 13 9.840965099877186 0 174.0 9.840965099877186 1
gene  1 9 13 12.978584357483465 0 176.0 12.978584357483465 1
gene  1 13 13 -4.585654604515343 1 180.0 -4.585654604515343 1
gene  1 14 13 -2.3080141766112257 1 181.0 -2.3080141766112257 1
gene  1 1 14 -3.319867186618997 0 182.0 -3.319867186618997 1
gene  1 3 14 0.4152772248774356 0 184.0 0.4152772248774356 1
gene  1 9 14 -3.0853148012103837 0 190.0 -3.0853148012103837 1
gene  1 10 14 -0.8340041896179724 0 191.0 -0.8340041896179724 1
gene  1 1 21 -2.130724757811095 0 218.0 -2.130724757811095 1
gene  1 21 8 -5.719141194626299 0 219.0 -5.719141194626299 1
gene  1 3 10 -3.0769166012250864 0 223.0 -3.0769166012250864 1
gene  1 6 29 1.7692296195035795 0 259.0 1.7692296195035795 1
gene  1 29 8 -7.221630050937038 0 260.0 -7.221630050937038 1
gene  1 29 21 6.258312922453165 0 271.0 6.258312922453165 1
genomeend 12
genomestart  13
trait 1 0.508121932065467 0.0 0.5320965200184643 0.26183196038933176 0.0 0.0 0.0 0.0 
node 1 1 1 1
node 2 1 1 1
node 3 1 1 1
node 4 1 1 1
node 5 1 1 1
node 6 1 1 1
node 7 1 1 3
node 13 1 0 2
node 14 1 0 2
gene  1 1 13 8.234042746406017 0 168.0 8.234042746406017 1
gene  1 2 13 2.733434473200478 0 169.0 2.733434473200478 1
gene  1 3 13 0.2709202923299068 0 170.0 0.2709202923299068 1
gene  1 4 13 -8.632970969253815 0 171.0 -8.632970969253815 1
gene  1 5 13 4.85838534906037 0 172.0 4.85838534906037 1
gene  1 6 13 4.018360793698511 0 173.0 4.018360793698511 1
gene  1 7 13 1.2732663138286022 0 174.0 1.2732663138286022 1
gene  1 14 13 4.491731106253188 1 181.0 4.491731106253188 1
gene  1 1 14 0.5378937923848361 0 182.0 0.5378937923848361 1
gene  1 2 14 -5.629654831841673 0 183.0 -5.629654831841673 1
gene  1 3 14 2.8553380305575375 0 184.0 2.8553380305575375 1
gene  1 13 14 -2.81744313132893 0 194.0 -2.81744313132893 1
gene  1 14 14 -3.864730991929048 1 195.0 -3.864730991929048 1
gene  1 6 14 0.39461563504178704 0 230.0 0.39461563504178704 1
genomeend 13
genomestart  14
trait 1 0.508121932065467 0.0 0.5320965200184643 0.26183196038933176 0.0 0.0 0.0 0.0 
node 1 1 1 1
node 2 1 1 1
node 3 1 1 1
node 4 1 1 1
node 5 1 1 1
node 6 1 1 1
node 7 1 1 3
node 13 1 0 2
node 14 1 0 2
gene  1 1 13 5.646826283011806 0 168.0 5.646826283011806 1
gene  1 2 13 4.993707042524305 0 169.0 4.993707042524305 1
gene  1 3 13 -0.8607685654128996 0 170.0 -0.8607685654128996 1
gene  1 4 13 -9.45900649634955 0 171.0 -9.45900649634955 1
gene  1 5 13 7.032516328213344 0 172.0 7.032516328213344 1
gene  1 6 13 -0.2859513022817093 0 173.0 -0.2859513022817093 1
gene  1 7 13 -0.564721565462172 0 174.0 -0.564721565462172 1
gene  1 14 13 3.8632899393313416 1 181.0 3.8632899393313416 1
gene  1 1 14 2.4518775563580277 0 182.0 2.4518775563580277 1
gene  1 2 14 -5.443128372451512 0 183.0 -5.443128372451512 1
gene  1 3 14 5.754170099175702 0 184.0 5.754170099175702 1
gene  1 13 14 -3.8744795390366074 0 194.0 -3.8744795390366074 1
gene  1 14 14 -0.5927794721486146 1 195.0 -0.5927794721486146 1
gene  1 6 14 0.5081663399477654 0 230.0 0.5081663399477654 1
genomeend 14
genomestart  15
trait 1 0.0 0.0 0.0 0.0 0.0 0.0 0.0 0.0 
node 1 1 1 1
node 2 1 1 1
node 3 1 1 1
node 4 1 1 1
node 5 1 1 1
node 6 1 1 1
node 7 1 1 3
node 8 1 0 0
node 13 1 0 2
node 14 1 0 2
gene  1 4 8 -3.9786976347012946 0 101.0 -3.9786976347012946 1
gene  1 5 8 -3.8895521746293427 0 102.0 -3.8895521746293427 1
gene  1 6 8 2.8683863123568503 0 103.0 2.8683863123568503 1
gene  1 14 8 3.7068961597938994 1 111.0 3.7068961597938994 1
gene  1 1 13 -4.207684909307016 0 168.0 -4.207684909307016 1
gene  1 2 13 1.780021760882585 0 169.0 1.780021760882585 1
gene  1 3 13 5.177607349997901 0 170.0 5.177607349997901 1
gene  1 5 13 5.354217137716272 0 172.0 5.354217137716272 1
gene  1 7 13 3.7194192594994395 0 174.0 3.7194192594994395 1
gene  1 14 13 4.080921749175406 1 181.0 4.080921749175406 1
gene  1 1 14 -4.008325331464086 0 182.0 -4.008325331464086 1
gene  1 2 14 1.8555050867139422 0 183.0 1.8555050867139422 1
gene  1 3 14 2.496123282149079 0 184.0 2.496123282149079 1
gene  1 4 14 -6.16257261401069 0 185.0 -6.16257261401069 1
gene  1 8 14 0.06988133022634152 0 189.0 0.06988133022634152 1
gene  1 14 14 -6.612383060677975 1 195.0 -6.612383060677975 1
gene  1 6 14 3.2946362292784572 0 240.0 3.2946362292784572 1
genomeend 15
genomestart  16
trait 1 0.0 0.0 0.0 0.0 0.0 0.0 0.0 0.0 
node 1 1 1 1
node 2 1 1 1
node 3 1 1 1
node 4 1 1 1
node 5 1 1 1
node 6 1 1 1
node 7 1 1 3
node 8 1 0 0
node 13 1 0 2
node 14 1 0 2
gene  1 4 8 -0.13379118029026804 0 101.0 -0.13379118029026804 1
gene  1 5 8 -4.761719892209141 0 102.0 -4.761719892209141 1
gene  1 6 8 0.4477761650145331 0 103.0 0.4477761650145331 1
gene  1 14 8 2.705039456676308 1 111.0 2.705039456676308 1
gene  1 1 13 -0.22600792794963054 0 168.0 -0.22600792794963054 1
gene  1 2 13 0.5728971112750302 0 169.0 0.5728971112750302 1
gene  1 3 13 4.175538825597112 0 170.0 4.175538825597112 1
gene  1 5 13 3.940202324186266 0 172.0 3.940202324186266 1
gene  1 7 13 3.0742941171217826 0 174.0 3.0742941171217826 1
gene  1 14 13 5.148389030798295 1 181.0 5.148389030798295 1
gene  1 1 14 -2.7679750421093416 0 182.0 -2.7679750421093416 1
gene  1 2 14 4.767773410262884 0 183.0 4.767773410262884 1
gene  1 3 14 2.7108161341304466 0 184.0 2.7108161341304466 1
gene  1 4 14 -3.7347844886362784 0 185.0 -3.7347844886362784 1
gene  1 8 14 1.7603886596215934 0 189.0 1.7603886596215934 1
gene  1 14 14 -5.1564007553405675 1 195.0 -5.1564007553405675 1
gene  1 6 14 -1.733296091910056 0 240.0 -1.733296091910056 1
genomeend 16
genomestart  17
trait 1 0.8225567813410785 0.22949821013610905 0.25783251468105195 0.0 0.0 0.0 0.16709809669901776 0.6352627776851354 
node 1 1 1 1
node 2 1 1 1
node 3 1 1 1
node 4 1 1 1
node 5 1 1 1
node 6 1 1 1
node 7 1 1 3
node 8 1 0 0
node 9 1 0 0
node 10 1 0 0
node 11 1 0 0
node 12 1 0 0
node 13 1 0 2
node 14 1 0 2
node 27 1 0 0
node 34 1 0 0
gene  1 1 8 -2.9699327040696977 0 98.0 -2.9699327040696977 0
gene  1 3 8 7.876318589982506 0 100.0 7.876318589982506 1
gene  1 4 8 -0.4908392803585555 0 101.0 -0.4908392803585555 1
gene  1 6 8 8.87451683899749 0 103.0 8.87451683899749 1
gene  1 8 8 1.6337548094641476 1 105.0 1.6337548094641476 1
gene  1 10 8 -2.536312520682234 1 107.0 -2.536312520682234 1
gene  1 3 9 -1.01742751192559 0 114.0 -1.01742751192559 1
gene  1 6 9 2.779448670749238 0 117.0 2.779448670749238 1
gene  1 8 9 -2.658933884738435 0 119.0 -2.658933884738435 1
gene  1 10 9 6.756471161275868 1 121.0 6.756471161275868 1
gene  1 11 9 -2.0400868152462173 1 122.0 -2.0400868152462173 1
gene  1 13 9 -6.665689321481031 1 124.0 -6.665689321481031 1
gene  1 14 9 0.3995189932613833 1 125.0 0.3995189932613833 1
gene  1 1 10 3.5648039299850947 0 126.0 3.5648039299850947 1
gene  1 3 10 -1.9126709093197507 0 128.0 -1.9126709093197507 1
gene  1 4 10 0.08539018288890743 0 129.0 0.08539018288890743 1
gene  1 5 10 1.1438423536222624 0 130.0 1.1438423536222624 1
gene  1 9 10 -0.17963768565713106 0 134.0 -0.17963768565713106 1
gene  1 13 10 1.862650168817387 1 138.0 1.862650168817387 1
gene  1 1 11 0.08627243708232674 0 140.0 0.08627243708232674 1
gene  1 3 11 0.6769183198600985 0 142.0 0.6769183198600985 1
gene  1 5 11 -1.0157875799034042 0 144.0 -1.0157875799034042 1
gene  1 9 11 -3.1684192496621497 0 148.0 -3.1684192496621497 0
gene  1 10 11 -7.435197543567283 0 149.0 -7.435197543567283 1
gene  1 12 11 4.228669314290968 1 151.0 4.228669314290968 1
gene  1 14 11 2.751520074612505 1 153.0 2.751520074612505 1
gene  1 2 12 -6.997070960719274 0 155.0 -6.997070960719274 1
gene  1 4 12 1.5128578318635322 0 157.0 1.5128578318635322 1
gene  1 6 12 -1.1656289024363207 0 159.0 -1.1656289024363207 1
gene  1 7 12 -1.4736192542349604 0 160.0 -1.4736192542349604 1
gene  1 9 12 -3.5571370815518284 0 162.0 -3.5571370815518284 1
gene  1 10 12 7.580017408839062 0 163.0 7.580017408839062 1
gene  1 12 12 1.0248702994055177 1 165.0 1.0248702994055177 1
gene  1 14 12 11.492875804188246 1 167.0 11.492875804188246 1
gene  1 1 13 0.1553883646297889 0 168.0 0.1553883646297889 1
gene  1 3 13 -2.2491279967742215 0 170.0 -2.2491279967742215 1
gene  1 4 13 1.8436704337659995 0 171.0 1.8436704337659995 1
gene  1 6 13 -2.3567682358504682 0 173.0 -2.3567682358504682 1
gene  1 8 13 0.9065726974719313 0 175.0 0.9065726974719313 1
gene  1 9 13 2.1669474318874262 0 176.0 2.1669474318874262 1
gene  1 8 14 2.370203150874983 0 189.0 2.370203150874983 1
gene  1 11 14 1.5725809052484334 0 192.0 1.5725809052484334 1
gene  1 5 8 -1.2973374113489893 0 235.0 -1.2973374113489893 1
gene  1 1 27 -6.1670295145065985 0 241.0 -6.1670295145065985 1
gene  1 27 8 -0.4807936811549765 0 242.0 -0.4807936811549765 1
gene  1 9 34 1.67743597610832 0 272.0 1.67743597610832 1
gene  1 34 11 -3.4419728524883855 0 273.0 -3.4419728524883855 1
genomeend 17
genomestart  18
trait 1 0.8225567813410785 0.22949821013610905 0.25783251468105195 0.0 0.0 0.0 0.16709809669901776 0.6352627776851354 
node 1 1 1 1
node 2 1 1 1
node 3 1 1 1
node 4 1 1 1
node 5 1 1 1
node 6 1 1 1
node 7 1 1 3
node 8 1 0 0
node 9 1 0 0
node 10 1 0 0
node 11 1 0 0
node 12 1 0 0
node 13 1 0 2
node 14 1 0 2
node 27 1 0 0
node 34 1 0 0
gene  1 1 8 -4.111626557805238 0 98.0 -4.111626557805238 0
gene  1 3 8 4.323045591597557 0 100.0 4.323045591597557 1
gene  1 4 8 -1.1217981098700922 0 101.0 -1.1217981098700922 1
gene  1 6 8 10.595306832524571 0 103.0 10.595306832524571 1
gene  1 8 8 0.8114465783026236 1 105.0 0.8114465783026236 1
gene  1 10 8 -3.030989453288503 1 107.0 -3.030989453288503 1
gene  1 3 9 1.4006688752827539 0 114.0 1.4006688752827539 1
gene  1 6 9 2.284251439765484 0 117.0 2.284251439765484 1
gene  1 8 9 -3.118469838468947 0 119.0 -3.118469838468947 1
gene  1 10 9 3.1768905388552513 1 121.0 3.1768905388552513 1
gene  1 11 9 5.43403290421621 1 122.0 5.43403290421621 1
gene  1 13 9 -4.97101403336764 1 124.0 -4.97101403336764 1
gene  1 14 9 -2.9148241097787837 1 125.0 -2.9148241097787837 1
gene  1 1 10 1.8251105949744697 0 126.0 1.8251105949744697 1
gene  1 3 10 -0.5815381167233973 0 128.0 -0.5815381167233973 1
gene  1 4 10 2.5204120417882407 0 129.0 2.5204120417882407 1
gene  1 5 10 3.692822334624722 0 130.0 3.692822334624722 1
gene  1 9 10 -1.3299767944540923 0 134.0 -1.3299767944540923 1
gene  1 13 10 4.448515747904095 1 138.0 4.448515747904095 1
gene  1 1 11 -2.3464895248052056 0 140.0 -2.3464895248052056 1
gene  1 3 11 -2.2733334942844934 0 142.0 -2.2733334942844934 1
gene  1 5 11 9.913440933133472 0 144.0 9.913440933133472 1
gene  1 9 11 -0.6559426549715908 0 148.0 -0.6559426549715908 0
gene  1 10 11 -10.045936921719088 0 149.0 -10.045936921719088 1
gene  1 12 11 2.6182042614948196 1 151.0 2.6182042614948196 1
gene  1 14 11 1.0964355637281962 1 153.0 1.0964355637281962 1
gene  1 2 12 -7.34791339075535 0 155.0 -7.34791339075535 1
gene  1 4 12 -0.7795564694413749 0 157.0 -0.7795564694413749 1
gene  1 6 12 -2.1677023334138648 0 159.0 -2.1677023334138648 1
gene  1 7 12 1.6576501533509915 0 160.0 1.6576501533509915 1
gene  1 9 12 -5.224028654305654 0 162.0 -5.224028654305654 1
gene  1 10 12 3.2106512877633273 0 163.0 3.2106512877633273 1
gene  1 12 12 -1.5652957873858035 1 165.0 -1.5652957873858035 1
gene  1 14 12 11.745264001739336 1 167.0 11.745264001739336 1
gene  1 1 13 0.05914212801977703 0 168.0 0.05914212801977703 1
gene  1 3 13 -4.013738380749512 0 170.0 -4.013738380749512 1
gene  1 4 13 -0.7133586624292079 0 171.0 -0.7133586624292079 1
gene  1 6 13 1.587083856996982 0 173.0 1.587083856996982 1
gene  1 8 13 -2.4981255590679448 0 175.0 -2.4981255590679448 1
gene  1 9 13 2.3466628159123832 0 176.0 2.3466628159123832 1
gene  1 8 14 -0.6612346856604132 0 189.0 -0.6612346856604132 1
gene  1 11 14 0.3544302234189209 0 192.0 0.3544302234189209 1
gene  1 5 8 0.7985726911013438 0 235.0 0.7985726911013438 1
gene  1 1 27 -0.6225471142063241 0 241.0 -0.6225471142063241 1
gene  1 27 8 -0.5528795554683494 0 242.0 -0.5528795554683494 1
gene  1 9 34 -1.433253606358321 0 272.0 -1.433253606358321 1
gene  1 34 11 -1.6422437762803401 0 273.0 -1.6422437762803401 1
genomeend 18
genomestart  19
trait 1 0.8225567813410785 0.22949821013610905 0.25783251468105195 0.0 0.0 0.0 0.16709809669901776 0.6352627776851354 
node 1 1 1 1
node 2 1 1 1
node 3 1 1 1
node 4 1 1 1
node 5 1 1 1
node 6 1 1 1
node 7 1 1 3
node 8 1 0 0
node 9 1 0 0
node 10 1 0 0
node 11 1 0 0
node 12 1 0 0
node 13 1 0 2
node 14 1 0 2
node 27 1 0 0
node 34 1 0 0
gene  1 1 8 -1.6526704862759294 0 98.0 -1.6526704862759294 0
gene  1 3 8 6.459513262747288 0 100.0 6.459513262747288 1
gene  1 4 8 1.0051337833064595 0 101.0 1.0051337833064595 1
gene  1 6 8 10.681581141958253 0 103.0 10.681581141958253 1
gene  1 8 8 1.274703051018991 1 105.0 1.274703051018991 1
gene  1 10 8 -0.7301604525107317 1 107.0 -0.7301604525107317 1
gene  1 3 9 0.3553767061417973 0 114.0 0.3553767061417973 1
gene  1 6 9 2.779448670749238 0 117.0 2.779448670749238 1
gene  1 8 9 -1.9097945032713912 0 119.0 -1.9097945032713912 1
gene  1 10 9 4.681492559534999 1 121.0 4.681492559534999 1
gene  1 11 9 7.82123811360105 1 122.0 7.82123811360105 1
gene  1 13 9 -4.629413582159877 1 124.0 -4.629413582159877 1
gene  1 14 9 -0.47502637770939937 1 125.0 -0.47502637770939937 1
gene  1 1 10 1.6945627912713115 0 126.0 1.6945627912713115 1
gene  1 3 10 0.5603429127818413 0 128.0 0.5603429127818413 1
gene  1 4 10 2.0755804753091702 0 129.0 2.0755804753091702 1
gene  1 5 10 2.898685857098852 0 130.0 2.898685857098852 1
gene  1 9 10 0.1620096841535104 0 134.0 0.1620096841535104 1
gene  1 13 10 2.1524789030785714 1 138.0 2.1524789030785714 1
gene  1 1 11 0.007260013052782233 0 140.0 0.007260013052782233 1
gene  1 3 11 -1.575279663601441 0 142.0 -1.575279663601441 1
gene  1 5 11 9.38164437009808 0 144.0 9.38164437009808 1
gene  1 9 11 -2.6947919423320625 0 148.0 -2.6947919423320625 0
gene  1 10 11 -8.70808244802189 0 149.0 -8.70808244802189 1
gene  1 12 11 2.1231672470335 1 151.0 2.1231672470335 1
gene  1 14 11 0.27649947416272913 1 153.0 0.27649947416272913 1
gene  1 2 12 -8.288565671462427 0 155.0 -8.288565671462427 1
gene  1 4 12 -0.7942067367804846 0 157.0 -0.7942067367804846 1
gene  1 6 12 -0.39094347873209134 0 159.0 -0.39094347873209134 1
gene  1 7 12 1.1892503751473282 0 160.0 1.1892503751473282 1
gene  1 9 12 -3.135616062850305 0 162.0 -3.135616062850305 1
gene  1 10 12 5.4547861331100655 0 163.0 5.4547861331100655 1
gene  1 12 12 -1.548070157532587 1 165.0 -1.548070157532587 1
gene  1 14 12 10.215049038430504 1 167.0 10.215049038430504 1
gene  1 1 13 1.5752940684607282 0 168.0 1.5752940684607282 1
gene  1 3 13 -1.6082559778995942 0 170.0 -1.6082559778995942 1
gene  1 4 13 -1.912007091725445 0 171.0 -1.912007091725445 1
gene  1 6 13 -0.26607171901971327 0 173.0 -0.26607171901971327 1
gene  1 8 13 -2.4981255590679448 0 175.0 -2.4981255590679448 1
gene  1 9 13 2.3466628159123832 0 176.0 2.3466628159123832 1
gene  1 8 14 0.19713357613453608 0 189.0 0.19713357613453608 1
gene  1 11 14 0.3544302234189209 0 192.0 0.3544302234189209 1
gene  1 5 8 0.7985726911013438 0 235.0 0.7985726911013438 1
gene  1 1 27 -4.717270464167848 0 241.0 -4.717270464167848 1
gene  1 27 8 0.19564559438823004 0 242.0 0.19564559438823004 1
gene  1 9 34 1.0 0 272.0 0.0 1
gene  1 34 11 -2.6947919423320625 0 273.0 0.0 1
gene  1 5 13 9.381168297656536 0 277.0 9.381168297656536 1
genomeend 19
