genomestart  0
trait 1 0.10533309519974143 0.0 3.4278302098700775 0.6442969214911753 2.683628095808866 0.9420747602825993 0.9033628802953145 3.2247824566755527 
node 1 1 1 1
node 2 1 1 1
node 3 1 1 1
node 4 1 1 1
node 5 1 1 1
node 6 1 1 1
node 7 1 1 3
node 13 1 0 2
node 14 1 0 2
node 24 1 0 0
node 36 1 0 0
node 65 1 0 0
gene  1 2 13 1.857321843438036 0 169.0 1.857321843438036 1
gene  1 3 13 -3.3486185358211396 0 170.0 -3.3486185358211396 1
gene  1 4 13 0.9848531303312542 0 171.0 0.9848531303312542 1
gene  1 6 13 3.191734634133032 0 173.0 3.191734634133032 1
gene  1 7 13 0.07356664255137613 0 174.0 0.07356664255137613 1
gene  1 13 13 3.598497741353057 1 180.0 3.598497741353057 1
gene  1 1 14 8.23326798442322 0 182.0 8.23326798442322 1
gene  1 2 14 -2.1290372282992696 0 183.0 -2.1290372282992696 1
gene  1 5 14 2.64632457391365 0 186.0 2.64632457391365 1
gene  1 6 14 -6.4813090619030085 0 187.0 -6.4813090619030085 1
gene  1 7 14 4.882990194702133 0 188.0 4.882990194702133 1
gene  1 13 14 2.810530795960822 0 194.0 2.810530795960822 1
gene  1 14 14 3.50829770190146 1 195.0 3.50829770190146 1
gene  1 2 24 3.2216808891609334 0 226.0 3.2216808891609334 1
gene  1 24 13 1.0536993107968953 0 227.0 1.0536993107968953 1
gene  1 7 24 3.867185536197654 0 245.0 3.867185536197654 1
gene  1 1 24 -2.403698191726481 0 249.0 -2.403698191726481 1
gene  1 4 14 -0.089925845870922 0 280.0 -0.089925845870922 1
gene  1 4 36 -1.0589153050063036 0 293.0 -1.0589153050063036 1
gene  1 36 14 -0.04067583283784937 0 294.0 -0.04067583283784937 1
gene  1 7 36 -4.559839921823351 0 301.0 -4.559839921823351 1
gene  1 3 36 4.770615040859659 0 313.0 4.770615040859659 1
gene  1 24 36 -0.14466311148317845 0 345.0 -0.14466311148317845 1
gene  1 5 13 2.8481466311626873 0 374.0 2.8481466311626873 1
gene  1 2 65 1.7304728610413491 0 446.0 1.7304728610413491 1
gene  1 65 13 -0.11280015959913015 0 447.0 -0.11280015959913015 1
gene  1 13 36 -0.5965717914471835 0 451.0 -0.5965717914471835 1
gene  1 65 36 2.2108591622398284 0 457.0 2.2108591622398284 1
gene  1 1 13 0.6485472146006133 0 480.0 0.6485472146006133 1
genomeend 0
genomestart  1
trait 1 0.10533309519974143 0.0 3.4278302098700775 0.6442969214911753 2.683628095808866 0.9420747602825993 0.9033628802953145 3.2247824566755527 
node 1 1 1 1
node 2 1 1 1
node 3 1 1 1
node 4 1 1 1
node 5 1 1 1
node 6 1 1 1
node 7 1 1 3
node 13 1 0 2
node 14 1 0 2
node 24 1 0 0
node 36 1 0 0
node 65 1 0 0
gene  1 2 13 2.8367424809652446 0 169.0 2.8367424809652446 1
gene  1 3 13 -3.1883570993152803 0 170.0 -3.1883570993152803 1
gene  1 4 13 0.5220795328842049 0 171.0 0.5220795328842049 1
gene  1 6 13 5.368695490366774 0 173.0 5.368695490366774 1
gene  1 7 13 -1.1023716367209195 0 174.0 -1.1023716367209195 1
gene  1 13 13 6.216017331449153 1 180.0 6.216017331449153 1
gene  1 1 14 11.258644635968908 0 182.0 11.258644635968908 1
gene  1 2 14 -1.3212393714551383 0 183.0 -1.3212393714551383 1
gene  1 5 14 -0.09025762438360507 0 186.0 -0.09025762438360507 1
gene  1 6 14 2.3623016515197257 0 187.0 2.3623016515197257 1
gene  1 7 14 5.273827312713438 0 188.0 5.273827312713438 1
gene  1 13 14 0.28780726019644953 0 194.0 0.28780726019644953 1
gene  1 14 14 1.262486685208329 1 195.0 1.262486685208329 1
gene  1 2 24 1.6085319378613137 0 226.0 1.6085319378613137 1
gene  1 24 13 -1.8539082915141583 0 227.0 -1.8539082915141583 1
gene  1 7 24 2.7711726071979976 0 245.0 2.7711726071979976 1
gene  1 1 24 1.5740702016964423 0 249.0 1.5740702016964423 1
gene  1 4 14 0.5674663640687336 0 280.0 0.5674663640687336 1
gene  1 4 36 -1.728088439384525 0 293.0 -1.728088439384525 1
gene  1 36 14 1.6780832299670367 0 294.0 1.6780832299670367 1
gene  1 7 36 -0.03030660326618334 0 301.0 -0.03030660326618334 1
gene  1 3 36 6.658055495030634 0 313.0 6.658055495030634 1
gene  1 24 36 -2.096022319923974 0 345.0 -2.096022319923974 1
gene  1 5 13 2.8179739200223324 0 374.0 2.8179739200223324 1
gene  1 2 65 0.03610871404885829 0 446.0 0.03610871404885829 1
gene  1 65 13 1.7465573654654682 0 447.0 1.7465573654654682 1
gene  1 13 36 -0.6763413636101367 0 451.0 -0.6763413636101367 1
gene  1 65 36 -1.9879451460301691 0 457.0 -1.9879451460301691 1
gene  1 1 13 0.9086134631656656 0 480.0 0.9086134631656656 1
genomeend 1
genomestart  2
trait 1 0.6976195114279153 1.655298600115295 1.2826486181487047 0.8745625712070293 0.26966952468357097 0.9779011330715643 0.16855889281805303 0.0 
node 1 1 1 1
node 2 1 1 1
node 3 1 1 1
node 4 1 1 1
node 5 1 1 1
node 6 1 1 1
node 7 1 1 3
node 8 1 0 0
node 9 1 0 0
node 10 1 0 0
node 11 1 0 0
node 13 1 0 2
node 14 1 0 2
node 62 1 0 0
node 81 1 0 0
node 82 1 0 0
node 84 1 0 0
gene  1 2 8 -3.611109876005905 0 99.0 -3.611109876005905 1
gene  1 6 8 -7.139734145488662 0 103.0 -7.139734145488662 1
gene  1 8 8 -1.3308857193213466 1 105.0 -1.3308857193213466 1
gene  1 9 8 8.10125071305025 1 106.0 8.10125071305025 1
gene  1 10 8 -3.1067119287227642 1 107.0 -3.1067119287227642 1
gene  1 11 8 -0.48370387116069 1 108.0 -0.48370387116069 1
gene  1 13 8 -2.1301207446295494 1 110.0 -2.1301207446295494 1
gene  1 14 8 -0.19933680113921692 1 111.0 -0.19933680113921692 1
gene  1 1 9 -0.3895732446904715 0 112.0 -0.3895732446904715 1
gene  1 2 9 2.3390894801602546 0 113.0 2.3390894801602546 1
gene  1 3 9 -3.123379932760815 0 114.0 -3.123379932760815 1
gene  1 6 9 2.512743213657082 0 117.0 2.512743213657082 1
gene  1 7 9 1.9646133797209644 0 118.0 1.9646133797209644 1
gene  1 8 9 -0.22977206666936723 0 119.0 -0.22977206666936723 1
gene  1 9 9 -0.11561977068504992 1 120.0 -0.11561977068504992 1
gene  1 11 9 -0.5431217654428264 1 122.0 -0.5431217654428264 1
gene  1 13 9 8.430398149283864 1 124.0 8.430398149283864 1
gene  1 14 9 1.1095583138038725 1 125.0 1.1095583138038725 1
gene  1 1 10 0.8694572023638882 0 126.0 0.8694572023638882 1
gene  1 3 10 1.382441108831197 0 128.0 1.382441108831197 1
gene  1 4 10 -0.2205476854690871 0 129.0 -0.2205476854690871 1
gene  1 5 10 -3.669927702813915 0 130.0 -3.669927702813915 1
gene  1 6 10 -2.193804524017552 0 131.0 -2.193804524017552 1
gene  1 10 10 11.259403023854983 1 135.0 11.259403023854983 1
gene  1 11 10 -2.8492617432766987 1 136.0 -2.8492617432766987 1
gene  1 14 10 0.44973826954087937 1 139.0 0.44973826954087937 1
gene  1 1 11 -4.751400528260346 0 140.0 -4.751400528260346 1
gene  1 3 11 0.9369308196452928 0 142.0 0.9369308196452928 1
gene  1 5 11 -3.4141912635996823 0 144.0 -3.4141912635996823 1
gene  1 6 11 7.528131261542972 0 145.0 7.528131261542972 1
gene  1 7 11 -5.96767039824512 0 146.0 -5.96767039824512 1
gene  1 8 11 -0.0010350500711908683 0 147.0 -0.0010350500711908683 1
gene  1 9 11 -4.106013721570208 0 148.0 -4.106013721570208 1
gene  1 10 11 -5.4358927789347575 0 149.0 -5.4358927789347575 1
gene  1 11 11 -1.7185647200394558 1 150.0 -1.7185647200394558 1
gene  1 1 13 -0.6576009800037577 0 168.0 -0.6576009800037577 1
gene  1 2 13 -3.4456338461826483 0 169.0 -3.4456338461826483 1
gene  1 3 13 5.988838206111688 0 170.0 5.988838206111688 0
gene  1 7 13 7.412637385890373 0 174.0 7.412637385890373 1
gene  1 11 13 6.376114970284675 0 178.0 6.376114970284675 1
gene  1 13 13 -5.113664364989389 1 180.0 -5.113664364989389 1
gene  1 2 14 1.0151706385976826 0 183.0 1.0151706385976826 1
gene  1 3 14 1.0895613536148163 0 184.0 1.0895613536148163 1
gene  1 4 14 -0.11399058393647099 0 185.0 -0.11399058393647099 1
gene  1 7 14 0.8573085491260835 0 188.0 0.8573085491260835 1
gene  1 8 14 -3.7430671825404866 0 189.0 -3.7430671825404866 1
gene  1 10 14 -4.59244914742265 0 191.0 -4.59244914742265 1
gene  1 13 14 0.9973360656585415 0 194.0 0.9973360656585415 1
gene  1 5 13 -0.4705220695749228 0 198.0 -0.4705220695749228 1
gene  1 4 9 0.9355008870560266 0 200.0 0.9355008870560266 1
gene  1 8 13 -2.4676593876634065 0 248.0 -2.4676593876634065 1
gene  1 7 10 0.30392617153640633 0 270.0 0.30392617153640633 1
gene  1 9 10 2.255465742042435 0 274.0 2.255465742042435 1
gene  1 9 13 -0.6509799762732937 0 288.0 -0.6509799762732937 1
gene  1 5 14 2.982309954919753 0 328.0 2.982309954919753 1
gene  1 2 10 -4.43179103739543 0 357.0 -4.43179103739543 1
gene  1 6 14 2.0970954545397236 0 388.0 2.0970954545397236 1
gene  1 3 62 3.5302465450301552 0 411.0 3.5302465450301552 1
gene  1 62 9 -1.1379623002720145 0 412.0 -1.1379623002720145 1
gene  1 5 8 -0.6650077924156189 0 414.0 -0.6650077924156189 1
gene  1 7 8 -1.2828686473146922 0 436.0 -1.2828686473146922 1
gene  1 11 81 1.7416439958368823 1 496.0 1.7416439958368823 1
gene  1 81 11 -3.1306470843507337 0 497.0 -3.1306470843507337 1
gene  1 11 82 0.10907034755961242 1 507.0 0.10907034755961242 1
gene  1 82 81 0.5075937090878264 0 508.0 0.5075937090878264 1
gene  1 3 84 1.3894706102224417 0 517.0 1.3894706102224417 1
gene  1 84 13 0.5478776545395656 0 518.0 0.5478776545395656 1
genomeend 2
genomestart  3
trait 1 0.6976195114279153 1.655298600115295 1.525841438364794 0.8745625712070293 0.26966952468357097 0.0 0.8394976201725546 0.0 
node 1 1 1 1
node 2 1 1 1
node 3 1 1 1
node 4 1 1 1
node 5 1 1 1
node 6 1 1 1
node 7 1 1 3
node 8 1 0 0
node 9 1 0 0
node 10 1 0 0
node 11 1 0 0
node 13 1 0 2
node 14 1 0 2
node 62 1 0 0
node 81 1 0 0
node 82 1 0 0
node 84 1 0 0
gene  1 2 8 -1.6256910920579095 0 99.0 -1.6256910920579095 1
gene  1 6 8 -7.959937456897432 0 103.0 -7.959937456897432 1
gene  1 8 8 -1.173012755781854 1 105.0 -1.173012755781854 1
gene  1 9 8 5.708883360235038 1 106.0 5.708883360235038 1
gene  1 10 8 -2.540273520232997 1 107.0 -2.540273520232997 1
gene  1 11 8 0.7848611547562885 1 108.0 0.7848611547562885 1
gene  1 13 8 -1.5232112539429077 1 110.0 -1.5232112539429077 1
gene  1 14 8 -2.2506489371625915 1 111.0 -2.2506489371625915 1
gene  1 1 9 -0.47547780788399385 0 112.0 -0.47547780788399385 1
gene  1 2 9 2.08576520628195 0 113.0 2.08576520628195 1
gene  1 3 9 -1.7776431564939394 0 114.0 -1.7776431564939394 1
gene  1 6 9 0.24079309169347418 0 117.0 0.24079309169347418 1
gene  1 7 9 2.5307521410454097 0 118.0 2.5307521410454097 1
gene  1 8 9 -1.0805839790870875 0 119.0 -1.0805839790870875 1
gene  1 9 9 1.7326640916671943 1 120.0 1.7326640916671943 1
gene  1 11 9 1.0001806071700885 1 122.0 1.0001806071700885 1
gene  1 13 9 6.369178192590029 1 124.0 6.369178192590029 1
gene  1 14 9 0.3202219444520288 1 125.0 0.3202219444520288 1
gene  1 1 10 1.4541200744666962 0 126.0 1.4541200744666962 1
gene  1 3 10 3.8598594021909363 0 128.0 3.8598594021909363 1
gene  1 4 10 -2.1440885619641104 0 129.0 -2.1440885619641104 1
gene  1 5 10 -2.1301021464971583 0 130.0 -2.1301021464971583 1
gene  1 6 10 -2.848944422874098 0 131.0 -2.848944422874098 1
gene  1 10 10 9.473814118995318 1 135.0 9.473814118995318 1
gene  1 11 10 -3.3052731388162306 1 136.0 -3.3052731388162306 1
gene  1 14 10 0.1876494450397983 1 139.0 0.1876494450397983 1
gene  1 1 11 -4.491879471041733 0 140.0 -4.491879471041733 1
gene  1 3 11 2.1322037035423476 0 142.0 2.1322037035423476 1
gene  1 5 11 -1.5679150256594454 0 144.0 -1.5679150256594454 1
gene  1 6 11 9.257805140305368 0 145.0 9.257805140305368 1
gene  1 7 11 -4.809180118988335 0 146.0 -4.809180118988335 1
gene  1 8 11 -1.9794270268137137 0 147.0 -1.9794270268137137 1
gene  1 9 11 -2.531494478250969 0 148.0 -2.531494478250969 1
gene  1 10 11 -3.0610862795568523 0 149.0 -3.0610862795568523 1
gene  1 11 11 -0.005171769105333013 1 150.0 -0.005171769105333013 1
gene  1 1 13 -0.8810481883368076 0 168.0 -0.8810481883368076 1
gene  1 2 13 -4.426088494764971 0 169.0 -4.426088494764971 1
gene  1 3 13 6.104171715955776 0 170.0 6.104171715955776 0
gene  1 7 13 5.343046137010133 0 174.0 5.343046137010133 1
gene  1 11 13 3.991724511053249 0 178.0 3.991724511053249 1
gene  1 13 13 -2.774516128190711 1 180.0 -2.774516128190711 1
gene  1 2 14 1.8940724347056017 0 183.0 1.8940724347056017 1
gene  1 3 14 1.6951715620883059 0 184.0 1.6951715620883059 1
gene  1 4 14 0.3882962237689145 0 185.0 0.3882962237689145 1
gene  1 7 14 0.23331537279469106 0 188.0 0.23331537279469106 1
gene  1 8 14 -3.6691224955671915 0 189.0 -3.6691224955671915 1
gene  1 10 14 -6.114016699068876 0 191.0 -6.114016699068876 1
gene  1 13 14 -0.2777958268060905 0 194.0 -0.2777958268060905 1
gene  1 5 13 -0.1989613287866453 0 198.0 -0.1989613287866453 1
gene  1 4 9 -1.3272390824185458 0 200.0 -1.3272390824185458 1
gene  1 8 13 -3.180162342698787 0 248.0 -3.180162342698787 1
gene  1 7 10 1.6589743124980116 0 270.0 1.6589743124980116 1
gene  1 9 10 3.3791137852794204 0 274.0 3.3791137852794204 1
gene  1 9 13 0.7753921718615875 0 288.0 0.7753921718615875 1
gene  1 5 14 2.982309954919753 0 328.0 2.982309954919753 1
gene  1 2 10 -2.035068026237959 0 357.0 -2.035068026237959 1
gene  1 6 14 0.508851623692893 0 388.0 0.508851623692893 1
gene  1 3 62 4.525072953082709 0 411.0 4.525072953082709 1
gene  1 62 9 -1.1379623002720145 0 412.0 -1.1379623002720145 1
gene  1 5 8 2.8264171209304356 0 414.0 2.8264171209304356 1
gene  1 7 8 -1.563146075991229 0 436.0 -1.563146075991229 1
gene  1 11 81 1.7416439958368823 1 496.0 1.7416439958368823 1
gene  1 81 11 -1.6671375652320994 0 497.0 -1.6671375652320994 1
gene  1 11 82 1.6770005451883234 1 507.0 1.6770005451883234 1
gene  1 82 81 -0.9833030092970805 0 508.0 -0.9833030092970805 1
gene  1 3 84 0.7557880305518446 0 517.0 0.7557880305518446 1
gene  1 84 13 6.009767838248261 0 518.0 6.009767838248261 1
gene  1 5 9 4.148567390067512 0 522.0 4.148567390067512 1
genomeend 3
genomestart  4
trait 1 0.6976195114279153 1.655298600115295 1.525841438364794 0.8745625712070293 0.26966952468357097 0.0 0.8394976201725546 0.0 
node 1 1 1 1
node 2 1 1 1
node 3 1 1 1
node 4 1 1 1
node 5 1 1 1
node 6 1 1 1
node 7 1 1 3
node 8 1 0 0
node 9 1 0 0
node 10 1 0 0
node 11 1 0 0
node 13 1 0 2
node 14 1 0 2
node 62 1 0 0
node 81 1 0 0
node 82 1 0 0
node 84 1 0 0
gene  1 2 8 -1.6256910920579095 0 99.0 -1.6256910920579095 1
gene  1 6 8 -7.959937456897432 0 103.0 -7.959937456897432 1
gene  1 8 8 -1.173012755781854 1 105.0 -1.173012755781854 1
gene  1 9 8 5.708883360235038 1 106.0 5.708883360235038 1
gene  1 10 8 -2.540273520232997 1 107.0 -2.540273520232997 1
gene  1 11 8 0.7848611547562885 1 108.0 0.7848611547562885 1
gene  1 13 8 -1.5232112539429077 1 110.0 -1.5232112539429077 1
gene  1 14 8 -2.2506489371625915 1 111.0 -2.2506489371625915 1
gene  1 1 9 -0.47547780788399385 0 112.0 -0.47547780788399385 1
gene  1 2 9 2.08576520628195 0 113.0 2.08576520628195 1
gene  1 3 9 -1.7776431564939394 0 114.0 -1.7776431564939394 1
gene  1 6 9 0.24079309169347418 0 117.0 0.24079309169347418 1
gene  1 7 9 2.5307521410454097 0 118.0 2.5307521410454097 1
gene  1 8 9 -1.0805839790870875 0 119.0 -1.0805839790870875 1
gene  1 9 9 1.7326640916671943 1 120.0 1.7326640916671943 1
gene  1 11 9 1.0001806071700885 1 122.0 1.0001806071700885 1
gene  1 13 9 6.369178192590029 1 124.0 6.369178192590029 1
gene  1 14 9 0.3202219444520288 1 125.0 0.3202219444520288 1
gene  1 1 10 1.4541200744666962 0 126.0 1.4541200744666962 1
gene  1 3 10 3.8598594021909363 0 128.0 3.8598594021909363 1
gene  1 4 10 -2.1440885619641104 0 129.0 -2.1440885619641104 1
gene  1 5 10 -2.1301021464971583 0 130.0 -2.1301021464971583 1
gene  1 6 10 -2.848944422874098 0 131.0 -2.848944422874098 1
gene  1 10 10 9.473814118995318 1 135.0 9.473814118995318 1
gene  1 11 10 -3.3052731388162306 1 136.0 -3.3052731388162306 1
gene  1 14 10 0.1876494450397983 1 139.0 0.1876494450397983 1
gene  1 1 11 -4.491879471041733 0 140.0 -4.491879471041733 1
gene  1 3 11 2.1322037035423476 0 142.0 2.1322037035423476 1
gene  1 5 11 -1.5679150256594454 0 144.0 -1.5679150256594454 1
gene  1 6 11 9.257805140305368 0 145.0 9.257805140305368 1
gene  1 7 11 -4.809180118988335 0 146.0 -4.809180118988335 1
gene  1 8 11 -1.9794270268137137 0 147.0 -1.9794270268137137 1
gene  1 9 11 -2.531494478250969 0 148.0 -2.531494478250969 1
gene  1 10 11 -3.0610862795568523 0 149.0 -3.0610862795568523 1
gene  1 11 11 -0.005171769105333013 1 150.0 -0.005171769105333013 1
gene  1 1 13 -0.8810481883368076 0 168.0 -0.8810481883368076 1
gene  1 2 13 -4.426088494764971 0 169.0 -4.426088494764971 1
gene  1 3 13 6.104171715955776 0 170.0 6.104171715955776 0
gene  1 7 13 5.343046137010133 0 174.0 5.343046137010133 1
gene  1 11 13 3.991724511053249 0 178.0 3.991724511053249 1
gene  1 13 13 -2.774516128190711 1 180.0 -2.774516128190711 1
gene  1 2 14 1.8940724347056017 0 183.0 1.8940724347056017 1
gene  1 3 14 1.6951715620883059 0 184.0 1.6951715620883059 1
gene  1 4 14 0.3882962237689145 0 185.0 0.3882962237689145 1
gene  1 7 14 0.23331537279469106 0 188.0 0.23331537279469106 1
gene  1 8 14 -3.6691224955671915 0 189.0 -3.6691224955671915 1
gene  1 10 14 -6.114016699068876 0 191.0 -6.114016699068876 1
gene  1 13 14 -0.2777958268060905 0 194.0 -0.2777958268060905 1
gene  1 5 13 -0.1989613287866453 0 198.0 -0.1989613287866453 1
gene  1 4 9 -1.3272390824185458 0 200.0 -1.3272390824185458 1
gene  1 8 13 -3.180162342698787 0 248.0 -3.180162342698787 1
gene  1 7 10 1.6589743124980116 0 270.0 1.6589743124980116 1
gene  1 9 10 3.3791137852794204 0 274.0 3.3791137852794204 1
gene  1 9 13 0.7753921718615875 0 288.0 0.7753921718615875 1
gene  1 5 14 2.982309954919753 0 328.0 2.982309954919753 1
gene  1 2 10 -2.035068026237959 0 357.0 -2.035068026237959 1
gene  1 6 14 0.508851623692893 0 388.0 0.508851623692893 1
gene  1 3 62 4.525072953082709 0 411.0 4.525072953082709 1
gene  1 62 9 -1.1379623002720145 0 412.0 -1.1379623002720145 1
gene  1 5 8 2.8264171209304356 0 414.0 2.8264171209304356 1
gene  1 7 8 -1.563146075991229 0 436.0 -1.563146075991229 1
gene  1 11 81 1.7416439958368823 1 496.0 1.7416439958368823 1
gene  1 81 11 -1.6671375652320994 0 497.0 -1.6671375652320994 1
gene  1 11 82 1.6770005451883234 1 507.0 1.6770005451883234 1
gene  1 82 81 -0.9833030092970805 0 508.0 -0.9833030092970805 1
gene  1 3 84 0.7557880305518446 0 517.0 0.7557880305518446 1
gene  1 84 13 6.009767838248261 0 518.0 6.009767838248261 1
genomeend 4
genomestart  5
trait 1 1.7878230492365366 0.9365906229773271 0.0 0.0 1.7799059348361965 1.2636555841906816 0.0 0.48682907384645435 
node 1 1 1 1
node 2 1 1 1
node 3 1 1 1
node 4 1 1 1
node 5 1 1 1
node 6 1 1 1
node 7 1 1 3
node 8 1 0 0
node 13 1 0 2
node 14 1 0 2
node 16 1 0 0
node 20 1 0 0
node 50 1 0 0
node 55 1 0 0
node 70 1 0 0
gene  1 1 8 -0.04754723008975309 0 98.0 -0.04754723008975309 1
gene  1 2 8 -0.6433755134112267 0 99.0 -0.6433755134112267 1
gene  1 3 8 -11.827373633694531 0 100.0 -11.827373633694531 1
gene  1 4 8 -0.743197287905637 0 101.0 -0.743197287905637 1
gene  1 5 8 6.577451800350692 0 102.0 6.577451800350692 1
gene  1 6 8 1.8465653826599961 0 103.0 1.8465653826599961 1
gene  1 8 8 1.2747032426103857 1 105.0 1.2747032426103857 1
gene  1 13 8 0.8147584150037801 1 110.0 0.8147584150037801 1
gene  1 14 8 -0.745280318045801 1 111.0 -0.745280318045801 1
gene  1 3 13 -6.25835314463207 0 170.0 -6.25835314463207 1
gene  1 5 13 1.5170218137278693 0 172.0 1.5170218137278693 1
gene  1 7 13 0.7842258716800514 0 174.0 0.7842258716800514 1
gene  1 13 13 11.025585150310015 1 180.0 11.025585150310015 1
gene  1 2 14 1.2844783702864175 0 183.0 1.2844783702864175 1
gene  1 4 14 -7.510467224336335 0 185.0 -7.510467224336335 1
gene  1 6 14 -1.8797607431043903 0 187.0 -1.8797607431043903 1
gene  1 8 14 -0.42101123245881944 0 189.0 -0.42101123245881944 1
gene  1 13 14 3.3554290100204707 0 194.0 3.3554290100204707 1
gene  1 13 16 1.1577770393461475 0 201.0 1.1577770393461475 1
gene  1 16 14 -0.34120978592252066 0 202.0 -0.34120978592252066 1
gene  1 3 20 -2.106548924217892 0 215.0 -2.106548924217892 1
gene  1 20 8 -0.2992292859460782 0 216.0 -0.2992292859460782 1
gene  1 8 13 0.5719877134865118 0 233.0 0.5719877134865118 1
gene  1 2 16 6.3699015268162595 0 324.0 6.3699015268162595 1
gene  1 2 20 6.629785836083435 0 333.0 6.629785836083435 1
gene  1 7 8 2.8984014474934177 0 352.0 2.8984014474934177 1
gene  1 16 50 -5.704737607664643 0 364.0 -5.704737607664643 1
gene  1 50 14 6.29622250119673 0 365.0 6.29622250119673 1
gene  1 3 55 -2.4683246122674554 0 379.0 -2.4683246122674554 1
gene  1 55 20 -3.929671548891433 0 380.0 -3.929671548891433 1
gene  1 3 70 -2.352688826152175 0 461.0 -2.352688826152175 1
gene  1 70 13 -2.220553618244158 0 462.0 -2.220553618244158 1
gene  1 6 16 3.6266000085744494 0 484.0 3.6266000085744494 1
gene  1 70 20 -0.49856474882630425 0 498.0 -0.49856474882630425 1
gene  1 5 20 -6.3800165420909885 0 505.0 -6.3800165420909885 1
gene  1 4 55 -11.384634971885694 0 519.0 -11.384634971885694 1
genomeend 5
genomestart  6
trait 1 1.7878230492365366 0.9365906229773271 0.0 0.0 1.7799059348361965 1.2636555841906816 0.0 0.48682907384645435 
node 1 1 1 1
node 2 1 1 1
node 3 1 1 1
node 4 1 1 1
node 5 1 1 1
node 6 1 1 1
node 7 1 1 3
node 8 1 0 0
node 13 1 0 2
node 14 1 0 2
node 16 1 0 0
node 20 1 0 0
node 50 1 0 0
node 55 1 0 0
node 70 1 0 0
gene  1 1 8 0.7204468286910638 0 98.0 0.7204468286910638 1
gene  1 2 8 -2.1164751934780153 0 99.0 -2.1164751934780153 1
gene  1 3 8 2.2053181614827606 0 100.0 2.2053181614827606 1
gene  1 4 8 2.2445144139573614 0 101.0 2.2445144139573614 1
gene  1 5 8 5.843557923796681 0 102.0 5.843557923796681 1
gene  1 6 8 0.8793406109845616 0 103.0 0.8793406109845616 1
gene  1 8 8 -2.058636747989989 1 105.0 -2.058636747989989 1
gene  1 13 8 2.3619900403166247 1 110.0 2.3619900403166247 1
gene  1 14 8 -1.7136178035801515 1 111.0 -1.7136178035801515 1
gene  1 3 13 -7.563409339258426 0 170.0 -7.563409339258426 1
gene  1 5 13 3.7814802796347298 0 172.0 3.7814802796347298 1
gene  1 7 13 0.6835169912119206 0 174.0 0.6835169912119206 1
gene  1 13 13 7.961690836229444 1 180.0 7.961690836229444 1
gene  1 2 14 -3.387842220718957 0 183.0 -3.387842220718957 1
gene  1 4 14 -5.741182128020746 0 185.0 -5.741182128020746 1
gene  1 6 14 -1.5046141606106556 0 187.0 -1.5046141606106556 1
gene  1 8 14 3.5051705677552047 0 189.0 3.5051705677552047 1
gene  1 13 14 3.147229822313324 0 194.0 3.147229822313324 1
gene  1 13 16 -0.0012311200712028514 0 201.0 -0.0012311200712028514 1
gene  1 16 14 -0.7087015278872681 0 202.0 -0.7087015278872681 1
gene  1 3 20 -2.37049900138336 0 215.0 -2.37049900138336 1
gene  1 20 8 -6.519604134432178 0 216.0 -6.519604134432178 1
gene  1 8 13 1.0518793324426066 0 233.0 1.0518793324426066 1
gene  1 2 16 3.0879926291625717 0 324.0 3.0879926291625717 1
gene  1 2 20 3.8556049940782513 0 333.0 3.8556049940782513 1
gene  1 7 8 4.041488771146284 0 352.0 4.041488771146284 1
gene  1 16 50 -5.968524856866107 0 364.0 -5.968524856866107 1
gene  1 50 14 2.549557786973137 0 365.0 2.549557786973137 1
gene  1 3 55 -0.6937298887059085 0 379.0 -0.6937298887059085 1
gene  1 55 20 -2.9468283391234067 0 380.0 -2.9468283391234067 1
gene  1 3 70 -0.42492550038506854 0 461.0 -0.42492550038506854 1
gene  1 70 13 -6.152423205254763 0 462.0 -6.152423205254763 1
gene  1 6 16 0.5070682519255698 0 484.0 0.5070682519255698 1
gene  1 70 20 11.569166983266994 0 498.0 11.569166983266994 1
gene  1 5 20 -5.194344222476932 0 505.0 -5.194344222476932 1
gene  1 4 55 -8.280192878162966 0 519.0 -8.280192878162966 1
genomeend 6
genomestart  7
trait 1 1.7878230492365366 0.9365906229773271 0.0 0.0 1.7799059348361965 1.2636555841906816 0.0 0.48682907384645435 
node 1 1 1 1
node 2 1 1 1
node 3 1 1 1
node 4 1 1 1
node 5 1 1 1
node 6 1 1 1
node 7 1 1 3
node 8 1 0 0
node 13 1 0 2
node 14 1 0 2
node 16 1 0 0
node 20 1 0 0
node 50 1 0 0
node 55 1 0 0
node 70 1 0 0
gene  1 1 8 -0.0011269369295923148 0 98.0 -0.0011269369295923148 1
gene  1 2 8 -3.1006129360246963 0 99.0 -3.1006129360246963 1
gene  1 3 8 -12.132347570945514 0 100.0 -12.132347570945514 1
gene  1 4 8 0.969493302352741 0 101.0 0.969493302352741 1
gene  1 5 8 7.825717016677568 0 102.0 7.825717016677568 1
gene  1 6 8 -2.231129618234423 0 103.0 -2.231129618234423 1
gene  1 8 8 -1.789654219915354 1 105.0 -1.789654219915354 1
gene  1 13 8 0.1642421323128116 1 110.0 0.1642421323128116 1
gene  1 14 8 1.3157726166375225 1 111.0 1.3157726166375225 1
gene  1 3 13 -6.383913503772282 0 170.0 -6.383913503772282 1
gene  1 5 13 2.9113633829931373 0 172.0 2.9113633829931373 1
gene  1 7 13 -1.3272346271659652 0 174.0 -1.3272346271659652 1
gene  1 13 13 7.39103702574598 1 180.0 7.39103702574598 1
gene  1 2 14 -5.201360771998004 0 183.0 -5.201360771998004 1
gene  1 4 14 -1.7582159401578434 0 185.0 -1.7582159401578434 1
gene  1 6 14 -1.7536698889522606 0 187.0 -1.7536698889522606 1
gene  1 8 14 1.9342932999347928 0 189.0 1.9342932999347928 1
gene  1 13 14 5.9737844631933665 0 194.0 5.9737844631933665 1
gene  1 13 16 -0.6779984884300172 0 201.0 -0.6779984884300172 1
gene  1 16 14 -1.4288196655309076 0 202.0 -1.4288196655309076 1
gene  1 3 20 -0.19048461264091476 0 215.0 -0.19048461264091476 1
gene  1 20 8 -4.399246533918644 0 216.0 -4.399246533918644 1
gene  1 8 13 3.1616804935004126 0 233.0 3.1616804935004126 1
gene  1 2 16 2.469645013397209 0 324.0 2.469645013397209 1
gene  1 2 20 6.420984981332573 0 333.0 6.420984981332573 1
gene  1 7 8 3.1874047766552738 0 352.0 3.1874047766552738 1
gene  1 16 50 2.379067054569459 0 364.0 2.379067054569459 1
gene  1 50 14 4.631212244769324 0 365.0 4.631212244769324 1
gene  1 3 55 2.2605446716624837 0 379.0 2.2605446716624837 1
gene  1 55 20 -3.6351715065667496 0 380.0 -3.6351715065667496 1
gene  1 3 70 1.055752148490301 0 461.0 1.055752148490301 1
gene  1 70 13 -3.225423113611179 0 462.0 -3.225423113611179 1
gene  1 6 16 -0.6003528439613287 0 484.0 -0.6003528439613287 1
gene  1 70 20 12.487589351993538 0 498.0 12.487589351993538 1
gene  1 5 20 -3.9811549666532775 0 505.0 -3.9811549666532775 1
gene  1 4 55 -7.11996032154779 0 519.0 -7.11996032154779 1
genomeend 7
genomestart  8
trait 1 0.0 0.698751021412828 1.814227304495946 0.055412131198459 0.0 0.9714201015196656 0.0 1.1681585220011115 
node 1 1 1 1
node 2 1 1 1
node 3 1 1 1
node 4 1 1 1
node 5 1 1 1
node 6 1 1 1
node 7 1 1 3
node 8 1 0 0
node 9 1 0 0
node 10 1 0 0
node 13 1 0 2
node 14 1 0 2
node 21 1 0 0
node 29 1 0 0
node 52 1 0 0
node 53 1 0 0
node 64 1 0 0
node 85 1 0 0
gene  1 1 8 -12.834437125370854 0 98.0 -12.834437125370854 1
gene  1 3 8 -5.3186693446237046 0 100.0 -5.3186693446237046 1
gene  1 5 8 4.0698929973288855 0 102.0 4.0698929973288855 1
gene  1 6 8 0.4766014045223752 0 103.0 0.4766014045223752 1
gene  1 8 8 9.584332671542807 1 105.0 9.584332671542807 1
gene  1 1 9 5.573492828964463 0 112.0 5.573492828964463 1
gene  1 2 9 -0.9328430746989744 0 113.0 -0.9328430746989744 1
gene  1 3 9 0.7510393463278384 0 114.0 0.7510393463278384 1
gene  1 5 9 6.921171184311183 0 116.0 6.921171184311183 1
gene  1 7 9 -7.8094739221208 0 118.0 -7.8094739221208 1
gene  1 9 9 -4.032467924457717 1 120.0 -4.032467924457717 0
gene  1 10 9 0.9711569543159595 1 121.0 0.9711569543159595 1
gene  1 13 9 -2.486563962019164 1 124.0 -2.486563962019164 1
gene  1 2 10 1.850686535148559 0 127.0 1.850686535148559 1
gene  1 4 10 -14.237176224691705 0 129.0 -14.237176224691705 1
gene  1 5 10 -4.3608122066208 0 130.0 -4.3608122066208 1
gene  1 8 10 4.8772787314691115 0 133.0 4.8772787314691115 1
gene  1 9 10 9.047370507716524 0 134.0 9.047370507716524 1
gene  1 10 10 -5.071384950031774 1 135.0 -5.071384950031774 1
gene  1 13 10 -0.31831993378980905 1 138.0 -0.31831993378980905 1
gene  1 14 10 -4.574144620429882 1 139.0 -4.574144620429882 1
gene  1 2 13 -6.951353888766605 0 169.0 -6.951353888766605 1
gene  1 3 13 -0.9603616984356143 0 170.0 -0.9603616984356143 1
gene  1 6 13 -8.719196026965868 0 173.0 -8.719196026965868 1
gene  1 7 13 -11.262974184753961 0 174.0 -11.262974184753961 1
gene  1 9 13 0.2838340275709797 0 176.0 0.2838340275709797 1
gene  1 13 13 2.628259305004308 1 180.0 2.628259305004308 1
gene  1 14 13 -0.1309443116101736 1 181.0 -0.1309443116101736 1
gene  1 1 14 -2.2541509337052217 0 182.0 -2.2541509337052217 1
gene  1 3 14 -3.3393681065990934 0 184.0 -3.3393681065990934 1
gene  1 9 14 -1.7835713862711224 0 190.0 -1.7835713862711224 1
gene  1 10 14 0.5891066629632977 0 191.0 0.5891066629632977 1
gene  1 1 21 2.5969602968252925 0 218.0 2.5969602968252925 1
gene  1 21 8 3.1351616111281118 0 219.0 3.1351616111281118 1
gene  1 3 10 -0.38333220966659676 0 223.0 -0.38333220966659676 1
gene  1 6 29 1.5265701058294479 0 259.0 1.5265701058294479 1
gene  1 29 8 2.305363398280585 0 260.0 2.305363398280585 1
gene  1 29 21 3.2746280844496396 0 271.0 3.2746280844496396 1
gene  1 3 21 -1.3701252249962703 0 300.0 -1.3701252249962703 1
gene  1 9 52 -1.832454450907044 0 368.0 -1.832454450907044 1
gene  1 52 14 0.23945542512042084 0 369.0 0.23945542512042084 1
gene  1 1 53 2.557863174362343 0 372.0 2.557863174362343 1
gene  1 53 21 -5.991855341458988 0 373.0 -5.991855341458988 0
gene  1 2 52 -8.668616164437347 0 425.0 -8.668616164437347 1
gene  1 53 64 -0.39384320022714414 0 443.0 -0.39384320022714414 1
gene  1 64 21 -7.8644815815207165 0 444.0 -7.8644815815207165 1
gene  1 21 10 1.9529198016967857 0 509.0 1.9529198016967857 1
gene  1 9 85 2.399957345931134 1 520.0 2.399957345931134 1
gene  1 85 9 -1.2597205578245267 0 521.0 -1.2597205578245267 1
genomeend 8
genomestart  9
trait 1 0.0 1.069313212698983 1.814227304495946 0.0 0.0 1.764948115778584 0.14596744535389206 1.197674811132733 
node 1 1 1 1
node 2 1 1 1
node 3 1 1 1
node 4 1 1 1
node 5 1 1 1
node 6 1 1 1
node 7 1 1 3
node 8 1 0 0
node 9 1 0 0
node 10 1 0 0
node 13 1 0 2
node 14 1 0 2
node 21 1 0 0
node 29 1 0 0
node 52 1 0 0
node 53 1 0 0
node 64 1 0 0
node 85 1 0 0
gene  1 1 8 -14.265681843563767 0 98.0 -14.265681843563767 1
gene  1 3 8 -2.727909332630144 0 100.0 -2.727909332630144 1
gene  1 5 8 6.332587937994714 0 102.0 6.332587937994714 1
gene  1 6 8 3.0794310957760582 0 103.0 3.0794310957760582 1
gene  1 8 8 9.373243892619714 1 105.0 9.373243892619714 1
gene  1 1 9 -2.39276675738411 0 112.0 -2.39276675738411 1
gene  1 2 9 -1.3104570891452394 0 113.0 -1.3104570891452394 1
gene  1 3 9 -3.4652689398198255 0 114.0 -3.4652689398198255 1
gene  1 5 9 6.434280159147958 0 116.0 6.434280159147958 1
gene  1 7 9 -6.770807677479956 0 118.0 -6.770807677479956 1
gene  1 9 9 -0.3007678576406223 1 120.0 -0.3007678576406223 0
gene  1 10 9 0.6619642202638634 1 121.0 0.6619642202638634 1
gene  1 13 9 1.8962189673832273 1 124.0 1.8962189673832273 1
gene  1 2 10 1.9434878301505338 0 127.0 1.9434878301505338 1
gene  1 4 10 -12.191443422851021 0 129.0 -12.191443422851021 1
gene  1 5 10 -3.1879835047490706 0 130.0 -3.1879835047490706 1
gene  1 8 10 4.153153920960206 0 133.0 4.153153920960206 1
gene  1 9 10 9.242233922266568 0 134.0 9.242233922266568 1
gene  1 10 10 -4.759010278678646 1 135.0 -4.759010278678646 1
gene  1 13 10 -2.1358677067463976 1 138.0 -2.1358677067463976 1
gene  1 14 10 -6.724051228806425 1 139.0 -6.724051228806425 1
gene  1 2 13 -7.621954440562184 0 169.0 -7.621954440562184 1
gene  1 3 13 -0.37774996926092075 0 170.0 -0.37774996926092075 1
gene  1 6 13 -6.763851843140561 0 173.0 -6.763851843140561 1
gene  1 7 13 -12.16943926754098 0 174.0 -12.16943926754098 1
gene  1 9 13 0.5791409237769929 0 176.0 0.5791409237769929 1
gene  1 13 13 3.5006413724475656 1 180.0 3.5006413724475656 1
gene  1 14 13 -0.40204918917566546 1 181.0 -0.40204918917566546 1
gene  1 1 14 -0.457011744721314 0 182.0 -0.457011744721314 1
gene  1 3 14 -3.263979469755198 0 184.0 -3.263979469755198 1
gene  1 9 14 -2.127361967680089 0 190.0 -2.127361967680089 1
gene  1 10 14 -2.7003546659629785 0 191.0 -2.7003546659629785 1
gene  1 1 21 4.671934783715278 0 218.0 4.671934783715278 1
gene  1 21 8 2.4996553903346452 0 219.0 2.4996553903346452 1
gene  1 3 10 -1.2644800893200006 0 223.0 -1.2644800893200006 1
gene  1 6 29 2.441704851767713 0 259.0 2.441704851767713 1
gene  1 29 8 -1.025292363017607 0 260.0 -1.025292363017607 1
gene  1 29 21 -1.7645060272815103 0 271.0 -1.7645060272815103 1
gene  1 3 21 -4.578821029807763 0 300.0 -4.578821029807763 1
gene  1 9 52 0.33969008353440994 0 368.0 0.33969008353440994 1
gene  1 52 14 -1.2794318667912292 0 369.0 -1.2794318667912292 1
gene  1 1 53 2.6617108958433695 0 372.0 2.6617108958433695 1
gene  1 53 21 -5.366602427565988 0 373.0 -5.366602427565988 0
gene  1 2 52 -2.4998350585333435 0 425.0 -2.4998350585333435 1
gene  1 53 64 0.6635695554837556 0 443.0 0.6635695554837556 1
gene  1 64 21 -4.106390385861287 0 444.0 -4.106390385861287 1
gene  1 21 10 -2.071397418309724 0 509.0 -2.071397418309724 1
gene  1 9 85 2.1373842434737 1 520.0 2.1373842434737 1
gene  1 85 9 1.9319648330203352 0 521.0 1.9319648330203352 1
genomeend 9
genomestart  10
trait 1 0.39340002544161434 0.4638621482816303 0.4185672944766822 1.064591410541687 0.18796189784306305 1.4619974594472236 1.314330803229924 0.36223095093968216 
node 1 1 1 1
node 2 1 1 1
node 3 1 1 1
node 4 1 1 1
node 5 1 1 1
node 6 1 1 1
node 7 1 1 3
node 13 1 0 2
node 14 1 0 2
node 42 1 0 0
node 61 1 0 0
node 74 1 0 0
node 76 1 0 0
gene  1 1 13 -6.983475328819924 0 168.0 -6.983475328819924 1
gene  1 2 13 8.609280987247647 0 169.0 8.609280987247647 1
gene  1 3 13 -5.509517978628915 0 170.0 -5.509517978628915 1
gene  1 4 13 -2.9330141283210756 0 171.0 -2.9330141283210756 1
gene  1 5 13 -3.44936566184406 0 172.0 -3.44936566184406 1
gene  1 6 13 -13.253700474901397 0 173.0 -13.253700474901397 1
gene  1 7 13 0.3464727950356423 0 174.0 0.3464727950356423 1
gene  1 14 13 -6.027356438269731 1 181.0 -6.027356438269731 1
gene  1 1 14 -5.926262397108095 0 182.0 -5.926262397108095 1
gene  1 2 14 -0.21516547897221305 0 183.0 -0.21516547897221305 1
gene  1 3 14 -7.200698595952042 0 184.0 -7.200698595952042 1
gene  1 13 14 2.3597416559065643 0 194.0 2.3597416559065643 1
gene  1 14 14 5.216078656092176 1 195.0 5.216078656092176 1
gene  1 6 14 -0.531668298588084 0 230.0 -0.531668298588084 1
gene  1 4 14 2.3855315101187005 0 312.0 2.3855315101187005 1
gene  1 2 42 2.755228310491705 0 320.0 2.755228310491705 1
gene  1 42 13 5.988178887720173 0 321.0 5.988178887720173 1
gene  1 6 42 0.19020858183750544 0 349.0 0.19020858183750544 1
gene  1 7 14 2.8340096321678803 0 353.0 2.8340096321678803 1
gene  1 7 42 2.3621121635664686 0 395.0 2.3621121635664686 1
gene  1 5 61 -3.39888093318625 0 408.0 -3.39888093318625 1
gene  1 61 13 10.514062313171078 0 409.0 10.514062313171078 1
gene  1 5 42 0.6863223916009054 0 426.0 0.6863223916009054 1
gene  1 2 74 -1.092276345345945 0 471.0 -1.092276345345945 1
gene  1 74 13 2.0430909832668886 0 472.0 2.0430909832668886 1
gene  1 5 76 7.736400691281215 0 476.0 7.736400691281215 1
gene  1 76 42 -0.2534887137685726 0 477.0 -0.2534887137685726 1
gene  1 3 74 3.1970067669175783 0 491.0 3.1970067669175783 1
genomeend 10
genomestart  11
trait 1 0.39340002544161434 0.4638621482816303 0.4185672944766822 1.064591410541687 0.18796189784306305 1.4619974594472236 1.314330803229924 0.36223095093968216 
node 1 1 1 1
node 2 1 1 1
node 3 1 1 1
node 4 1 1 1
node 5 1 1 1
node 6 1 1 1
node 7 1 1 3
node 13 1 0 2
node 14 1 0 2
node 42 1 0 0
node 61 1 0 0
node 74 1 0 0
node 76 1 0 0
gene  1 1 13 -10.3233768965467 0 168.0 -10.3233768965467 1
gene  1 2 13 5.9854385120387885 0 169.0 5.9854385120387885 1
gene  1 3 13 -5.147263593508896 0 170.0 -5.147263593508896 1
gene  1 4 13 -0.6540406525103182 0 171.0 -0.6540406525103182 1
gene  1 5 13 -2.004884552154492 0 172.0 -2.004884552154492 1
gene  1 6 13 -9.048584587814776 0 173.0 -9.048584587814776 1
gene  1 7 13 2.0309649511629724 0 174.0 2.0309649511629724 1
gene  1 14 13 -6.794673717869264 1 181.0 -6.794673717869264 1
gene  1 1 14 -5.518309000002919 0 182.0 -5.518309000002919 1
gene  1 2 14 -0.7279575806438743 0 183.0 -0.7279575806438743 1
gene  1 3 14 -7.59692049120314 0 184.0 -7.59692049120314 1
gene  1 13 14 -0.49735949852051586 0 194.0 -0.49735949852051586 1
gene  1 14 14 5.8514639284500705 1 195.0 5.8514639284500705 1
gene  1 6 14 -0.9355094014657307 0 230.0 -0.9355094014657307 1
gene  1 4 14 1.9478852738582075 0 312.0 1.9478852738582075 1
gene  1 2 42 0.061340755369378996 0 320.0 0.061340755369378996 1
gene  1 42 13 6.147313913713282 0 321.0 6.147313913713282 1
gene  1 6 42 2.054197690960202 0 349.0 2.054197690960202 1
gene  1 7 14 3.8495296685043483 0 353.0 3.8495296685043483 1
gene  1 7 42 5.096657846457342 0 395.0 5.096657846457342 1
gene  1 5 61 0.8935528243227149 0 408.0 0.8935528243227149 1
gene  1 61 13 7.997716240449776 0 409.0 7.997716240449776 1
gene  1 5 42 1.936042659968664 0 426.0 1.936042659968664 1
gene  1 2 74 0.3209813135872255 0 471.0 0.3209813135872255 1
gene  1 74 13 2.0430909832668886 0 472.0 2.0430909832668886 1
gene  1 5 76 4.771098554885608 0 476.0 4.771098554885608 1
gene  1 76 42 0.5281396950537204 0 477.0 0.5281396950537204 1
gene  1 3 74 1.3193964474184736 0 491.0 1.3193964474184736 1
genomeend 11
genomestart  12
trait 1 0.0 1.0928829975406382 0.03145355857324372 0.5098453143214142 0.4939563997667481 0.28305199411763293 0.9402005617249138 0.7626488466698699 
node 1 1 1 1
node 2 1 1 1
node 3 1 1 1
node 4 1 1 1
node 5 1 1 1
node 6 1 1 1
node 7 1 1 3
node 8 1 0 0
node 13 1 0 2
node 14 1 0 2
node 49 1 0 0
node 59 1 0 0
node 63 1 0 0
gene  1 4 8 3.848763371656342 0 101.0 3.848763371656342 1
gene  1 5 8 1.1829531752983466 0 102.0 1.1829531752983466 1
gene  1 6 8 6.20535158951776 0 103.0 6.20535158951776 1
gene  1 14 8 1.483721909045086 1 111.0 1.483721909045086 1
gene  1 1 13 0.2321076266470573 0 168.0 0.2321076266470573 1
gene  1 2 13 3.5512578213583965 0 169.0 3.5512578213583965 1
gene  1 3 13 -0.5266475443176556 0 170.0 -0.5266475443176556 1
gene  1 5 13 -1.3538422451557146 0 172.0 -1.3538422451557146 1
gene  1 7 13 -1.1054971849850088 0 174.0 -1.1054971849850088 1
gene  1 14 13 0.0500892206862702 1 181.0 0.0500892206862702 1
gene  1 1 14 0.4581773879383928 0 182.0 0.4581773879383928 1
gene  1 2 14 0.9798518258975136 0 183.0 0.9798518258975136 1
gene  1 3 14 0.5402218941607035 0 184.0 0.5402218941607035 1
gene  1 4 14 -2.239987120025364 0 185.0 -2.239987120025364 1
gene  1 8 14 -2.1429387326403893 0 189.0 -2.1429387326403893 1
gene  1 14 14 3.912488650869008 1 195.0 3.912488650869008 1
gene  1 6 14 4.255115646935149 0 240.0 4.255115646935149 1
gene  1 8 13 4.458071647376213 0 311.0 4.458071647376213 1
gene  1 14 13 -3.119086898171022 0 322.0 -3.119086898171022 1
gene  1 2 49 -3.361729891703609 0 362.0 -3.361729891703609 1
gene  1 49 14 -2.02505642796351 0 363.0 -2.02505642796351 1
gene  1 3 8 1.2921975875433893 0 393.0 1.2921975875433893 1
gene  1 49 59 -4.419190505014354 0 401.0 -4.419190505014354 1
gene  1 59 14 9.255080518902883 0 402.0 9.255080518902883 1
gene  1 2 59 2.939253142860786 0 403.0 2.939253142860786 1
gene  1 7 14 -0.5680787096701277 0 424.0 -0.5680787096701277 1
gene  1 59 13 -0.058254881785448354 0 427.0 -0.058254881785448354 1
gene  1 3 63 -0.3766673068463944 0 440.0 -0.3766673068463944 1
gene  1 63 8 -4.850228237255747 0 441.0 -4.850228237255747 1
genomeend 12
genomestart  13
trait 1 0.0 1.0928829975406382 0.03145355857324372 0.5098453143214142 0.4939563997667481 0.28305199411763293 0.9402005617249138 0.7626488466698699 
node 1 1 1 1
node 2 1 1 1
node 3 1 1 1
node 4 1 1 1
node 5 1 1 1
node 6 1 1 1
node 7 1 1 3
node 8 1 0 0
node 13 1 0 2
node 14 1 0 2
node 49 1 0 0
node 59 1 0 0
node 63 1 0 0
gene  1 4 8 0.7946843538305073 0 101.0 0.7946843538305073 1
gene  1 5 8 -5.7541761827004505 0 102.0 -5.7541761827004505 1
gene  1 6 8 1.8506854472027978 0 103.0 1.8506854472027978 1
gene  1 14 8 5.645967369641356 1 111.0 5.645967369641356 1
gene  1 1 13 1.7899236731193315 0 168.0 1.7899236731193315 1
gene  1 2 13 1.9236489323078654 0 169.0 1.9236489323078654 1
gene  1 3 13 1.7060900691877612 0 170.0 1.7060900691877612 1
gene  1 5 13 -2.251140217196731 0 172.0 -2.251140217196731 1
gene  1 7 13 -1.1226591626896327 0 174.0 -1.1226591626896327 1
gene  1 14 13 3.1487532892986163 1 181.0 3.1487532892986163 1
gene  1 1 14 -1.0413515275357488 0 182.0 -1.0413515275357488 1
gene  1 2 14 3.2658950681321706 0 183.0 3.2658950681321706 1
gene  1 3 14 -1.8987940817548523 0 184.0 -1.8987940817548523 1
gene  1 4 14 -2.00304464246384 0 185.0 -2.00304464246384 1
gene  1 8 14 1.3773404805637637 0 189.0 1.3773404805637637 1
gene  1 14 14 2.2781904764324716 1 195.0 2.2781904764324716 1
gene  1 6 14 5.031258702863999 0 240.0 5.031258702863999 1
gene  1 8 13 1.9009900300873492 0 311.0 1.9009900300873492 1
gene  1 14 13 -4.439591854362848 0 322.0 -4.439591854362848 1
gene  1 2 49 -5.2989801333915265 0 362.0 -5.2989801333915265 1
gene  1 49 14 1.7434040882828432 0 363.0 1.7434040882828432 0
gene  1 3 8 4.559176207098364 0 393.0 4.559176207098364 1
gene  1 49 59 -5.1859571076027535 0 401.0 -5.1859571076027535 1
gene  1 59 14 -2.2614075622339174 0 402.0 -2.2614075622339174 1
gene  1 2 59 2.109046806051765 0 403.0 2.109046806051765 1
gene  1 7 14 0.6063290037301039 0 424.0 0.6063290037301039 1
gene  1 59 13 5.731581356642123 0 427.0 5.731581356642123 1
gene  1 3 63 -0.12219587212797678 0 440.0 -0.12219587212797678 1
gene  1 63 8 -4.662409168123567 0 441.0 -4.662409168123567 1
genomeend 13
genomestart  14
trait 1 0.3616903556123633 1.0928829975406382 0.03145355857324372 0.26301674000265163 0.0 0.2775834835608607 0.9402005617249138 1.3519857637489177 
node 1 1 1 1
node 2 1 1 1
node 3 1 1 1
node 4 1 1 1
node 5 1 1 1
node 6 1 1 1
node 7 1 1 3
node 8 1 0 0
node 13 1 0 2
node 14 1 0 2
node 49 1 0 0
node 59 1 0 0
node 63 1 0 0
gene  1 4 8 2.8782131888235885 0 101.0 2.8782131888235885 1
gene  1 5 8 -5.339306703091383 0 102.0 -5.339306703091383 1
gene  1 6 8 5.478185163892824 0 103.0 5.478185163892824 1
gene  1 14 8 4.9134448875004955 1 111.0 4.9134448875004955 1
gene  1 1 13 17.30305151745641 0 168.0 17.30305151745641 1
gene  1 2 13 2.3478114632078495 0 169.0 2.3478114632078495 1
gene  1 3 13 -2.680944349310848 0 170.0 -2.680944349310848 1
gene  1 5 13 1.244228582714006 0 172.0 1.244228582714006 1
gene  1 7 13 -1.761827602043918 0 174.0 -1.761827602043918 1
gene  1 14 13 3.3230283792418085 1 181.0 3.3230283792418085 1
gene  1 1 14 -1.1950748959665471 0 182.0 -1.1950748959665471 1
gene  1 2 14 0.9868977445188301 0 183.0 0.9868977445188301 1
gene  1 3 14 1.9186295699441644 0 184.0 1.9186295699441644 1
gene  1 4 14 -1.5871067156261467 0 185.0 -1.5871067156261467 1
gene  1 8 14 1.9617556623543169 0 189.0 1.9617556623543169 1
gene  1 14 14 1.6662465911903992 1 195.0 1.6662465911903992 1
gene  1 6 14 4.786586818550882 0 240.0 4.786586818550882 1
gene  1 8 13 3.072794081401713 0 311.0 3.072794081401713 1
gene  1 14 13 -1.737523684832266 0 322.0 -1.737523684832266 1
gene  1 2 49 -3.3841704348579444 0 362.0 -3.3841704348579444 1
gene  1 49 14 -0.18137559024845729 0 363.0 -0.18137559024845729 0
gene  1 3 8 4.914894965874782 0 393.0 4.914894965874782 1
gene  1 49 59 -0.715290632358089 0 401.0 -0.715290632358089 1
gene  1 59 14 10.275153734662945 0 402.0 10.275153734662945 1
gene  1 2 59 0.7247554784031514 0 403.0 0.7247554784031514 1
gene  1 7 14 0.16098237163759033 0 424.0 0.16098237163759033 1
gene  1 59 13 2.3860511877917503 0 427.0 2.3860511877917503 1
gene  1 3 63 -1.7618324275736716 0 440.0 -1.7618324275736716 1
gene  1 63 8 -4.352492665610175 0 441.0 -4.352492665610175 1
genomeend 14
genomestart  15
trait 1 0.13128347031454002 2.1861426182912065 1.2671621196902727 0.49951333318806035 0.0 2.2133304098674773 0.4897091754502324 0.06730656714772287 
node 1 1 1 1
node 2 1 1 1
node 3 1 1 1
node 4 1 1 1
node 5 1 1 1
node 6 1 1 1
node 7 1 1 3
node 8 1 0 0
node 9 1 0 0
node 10 1 0 0
node 11 1 0 0
node 12 1 0 0
node 13 1 0 2
node 14 1 0 2
node 27 1 0 0
node 34 1 0 0
node 40 1 0 0
node 48 1 0 0
node 71 1 0 0
gene  1 1 8 -1.0933162948277297 0 98.0 -1.0933162948277297 1
gene  1 3 8 6.210813340719538 0 100.0 6.210813340719538 1
gene  1 4 8 2.692003326090277 0 101.0 2.692003326090277 1
gene  1 6 8 9.054977226806896 0 103.0 9.054977226806896 1
gene  1 8 8 0.8273168887117635 1 105.0 0.8273168887117635 1
gene  1 10 8 1.2280634730419016 1 107.0 1.2280634730419016 1
gene  1 3 9 2.715312629774471 0 114.0 2.715312629774471 1
gene  1 6 9 7.943254112007039 0 117.0 7.943254112007039 1
gene  1 8 9 -5.997945868020063 0 119.0 -5.997945868020063 1
gene  1 10 9 -0.8772880982902432 1 121.0 -0.8772880982902432 1
gene  1 11 9 0.9429319870956292 1 122.0 0.9429319870956292 1
gene  1 13 9 5.92945817641405 1 124.0 5.92945817641405 1
gene  1 14 9 0.4296168562488287 1 125.0 0.4296168562488287 1
gene  1 1 10 -3.7162229386699757 0 126.0 -3.7162229386699757 1
gene  1 3 10 -0.5268514398526931 0 128.0 -0.5268514398526931 1
gene  1 4 10 4.897753447171399 0 129.0 4.897753447171399 1
gene  1 5 10 1.067491745695443 0 130.0 1.067491745695443 1
gene  1 9 10 2.293774140511137 0 134.0 2.293774140511137 1
gene  1 13 10 3.9894514230610914 1 138.0 3.9894514230610914 1
gene  1 1 11 -3.5980354657180316 0 140.0 -3.5980354657180316 1
gene  1 3 11 5.014962077627693 0 142.0 5.014962077627693 1
gene  1 5 11 -3.324332571857752 0 144.0 -3.324332571857752 1
gene  1 9 11 -2.6998045525339935 0 148.0 -2.6998045525339935 1
gene  1 10 11 6.878094849306535 0 149.0 6.878094849306535 1
gene  1 12 11 -4.648317790091115 1 151.0 -4.648317790091115 1
gene  1 14 11 0.5406347176467626 1 153.0 0.5406347176467626 1
gene  1 2 12 1.7687430034526535 0 155.0 1.7687430034526535 1
gene  1 4 12 -7.938802898973584 0 157.0 -7.938802898973584 1
gene  1 6 12 -0.8191057476753976 0 159.0 -0.8191057476753976 1
gene  1 7 12 -0.2237791830008844 0 160.0 -0.2237791830008844 1
gene  1 9 12 -4.390069837986837 0 162.0 -4.390069837986837 1
gene  1 10 12 1.2961858335477325 0 163.0 1.2961858335477325 1
gene  1 12 12 -3.156208429074977 1 165.0 -3.156208429074977 1
gene  1 14 12 -10.247363536863862 1 167.0 -10.247363536863862 1
gene  1 1 13 2.2529757642219668 0 168.0 2.2529757642219668 1
gene  1 3 13 3.8687649625144602 0 170.0 3.8687649625144602 1
gene  1 4 13 5.420324827416495 0 171.0 5.420324827416495 1
gene  1 6 13 2.7624472614451694 0 173.0 2.7624472614451694 1
gene  1 8 13 -1.2916393004254019 0 175.0 -1.2916393004254019 1
gene  1 9 13 -1.8267487981660873 0 176.0 -1.8267487981660873 1
gene  1 8 14 3.5561789362883163 0 189.0 3.5561789362883163 1
gene  1 11 14 -3.8869345789963083 0 192.0 -3.8869345789963083 1
gene  1 5 8 -0.6150128525935716 0 235.0 -0.6150128525935716 1
gene  1 1 27 -2.677990210342023 0 241.0 -2.677990210342023 1
gene  1 27 8 3.9198810790709446 0 242.0 3.9198810790709446 1
gene  1 9 34 -1.760091157646866 0 272.0 -1.760091157646866 1
gene  1 34 11 3.6283724395518555 0 273.0 3.6283724395518555 1
gene  1 5 13 1.7101333087802901 0 277.0 1.7101333087802901 1
gene  1 12 14 1.877831515192554 0 296.0 1.877831515192554 1
gene  1 8 40 -1.3803540414283686 1 308.0 -1.3803540414283686 1
gene  1 40 8 -1.9899852888700251 0 309.0 -1.9899852888700251 1
gene  1 10 14 -3.6142323935444267 0 341.0 -3.6142323935444267 1
gene  1 3 48 -0.42847451673180825 0 360.0 -0.42847451673180825 1
gene  1 48 8 -1.5915417569035881 0 361.0 -1.5915417569035881 1
gene  1 10 13 -1.4795649031764508 0 404.0 -1.4795649031764508 1
gene  1 48 71 1.3003785136751231 0 463.0 1.3003785136751231 1
gene  1 71 8 0.9565630552624036 0 464.0 0.9565630552624036 1
gene  1 11 12 -5.228721285883395 0 478.0 -5.228721285883395 1
gene  1 34 14 1.5077585535533147 0 481.0 1.5077585535533147 1
genomeend 15
genomestart  16
trait 1 1.0625044584404415 1.8437409326683576 1.2671621196902727 0.0 0.0 2.2133304098674773 0.0 0.0 
node 1 1 1 1
node 2 1 1 1
node 3 1 1 1
node 4 1 1 1
node 5 1 1 1
node 6 1 1 1
node 7 1 1 3
node 8 1 0 0
node 9 1 0 0
node 10 1 0 0
node 11 1 0 0
node 12 1 0 0
node 13 1 0 2
node 14 1 0 2
node 27 1 0 0
node 34 1 0 0
node 40 1 0 0
node 48 1 0 0
node 71 1 0 0
gene  1 1 8 -3.1116888384147847 0 98.0 -3.1116888384147847 1
gene  1 3 8 3.1674228799257893 0 100.0 3.1674228799257893 1
gene  1 4 8 0.2599531246737177 0 101.0 0.2599531246737177 1
gene  1 6 8 10.265524805281125 0 103.0 10.265524805281125 1
gene  1 8 8 1.958026714702145 1 105.0 1.958026714702145 1
gene  1 10 8 -1.4485628052637907 1 107.0 -1.4485628052637907 1
gene  1 3 9 -0.22128709446901507 0 114.0 -0.22128709446901507 1
gene  1 6 9 6.71231296352566 0 117.0 6.71231296352566 1
gene  1 8 9 -5.190079499629056 0 119.0 -5.190079499629056 1
gene  1 10 9 -3.2616530589641872 1 121.0 -3.2616530589641872 1
gene  1 11 9 2.5404788238787606 1 122.0 2.5404788238787606 1
gene  1 13 9 5.126617849402281 1 124.0 5.126617849402281 1
gene  1 14 9 -1.5099507996831099 1 125.0 -1.5099507996831099 1
gene  1 1 10 -3.9093403488909835 0 126.0 -3.9093403488909835 1
gene  1 3 10 2.9514195748426975 0 128.0 2.9514195748426975 1
gene  1 4 10 5.59077906017613 0 129.0 5.59077906017613 1
gene  1 5 10 -0.5816081806811462 0 130.0 -0.5816081806811462 1
gene  1 9 10 0.9501575019189639 0 134.0 0.9501575019189639 1
gene  1 13 10 4.587155628927396 1 138.0 4.587155628927396 1
gene  1 1 11 -1.535581260010484 0 140.0 -1.535581260010484 1
gene  1 3 11 4.883365503200615 0 142.0 4.883365503200615 1
gene  1 5 11 -3.8514281817699687 0 144.0 -3.8514281817699687 1
gene  1 9 11 0.9644588804289853 0 148.0 0.9644588804289853 1
gene  1 10 11 6.522099503040552 0 149.0 6.522099503040552 1
gene  1 12 11 -5.136156754335464 1 151.0 -5.136156754335464 1
gene  1 14 11 -0.8117351878670005 1 153.0 -0.8117351878670005 1
gene  1 2 12 -0.8651458390291731 0 155.0 -0.8651458390291731 1
gene  1 4 12 -7.733281324967006 0 157.0 -7.733281324967006 1
gene  1 6 12 2.5911858942448074 0 159.0 2.5911858942448074 1
gene  1 7 12 3.693002356045774 0 160.0 3.693002356045774 1
gene  1 9 12 -2.703665629077723 0 162.0 -2.703665629077723 1
gene  1 10 12 2.055058227242025 0 163.0 2.055058227242025 1
gene  1 12 12 -3.0431215861068526 1 165.0 -3.0431215861068526 1
gene  1 14 12 -9.990330968997895 1 167.0 -9.990330968997895 1
gene  1 1 13 -0.35285069554748993 0 168.0 -0.35285069554748993 1
gene  1 3 13 1.477104684817452 0 170.0 1.477104684817452 1
gene  1 4 13 1.3553984769970793 0 171.0 1.3553984769970793 1
gene  1 6 13 4.283311552276123 0 173.0 4.283311552276123 1
gene  1 8 13 0.08449564630862477 0 175.0 0.08449564630862477 1
gene  1 9 13 2.4795566736969934 0 176.0 2.4795566736969934 1
gene  1 8 14 2.9134411798988333 0 189.0 2.9134411798988333 1
gene  1 11 14 -3.374698439858556 0 192.0 -3.374698439858556 1
gene  1 5 8 -1.8846202812097266 0 235.0 -1.8846202812097266 1
gene  1 1 27 -6.664306181698466 0 241.0 -6.664306181698466 1
gene  1 27 8 3.019890103347035 0 242.0 3.019890103347035 1
gene  1 9 34 -1.0505914599509112 0 272.0 -1.0505914599509112 1
gene  1 34 11 6.241689181518129 0 273.0 6.241689181518129 1
gene  1 5 13 3.34008458192198 0 277.0 3.34008458192198 1
gene  1 12 14 1.7895043380544065 0 296.0 1.7895043380544065 1
gene  1 8 40 0.1235789322427614 1 308.0 0.1235789322427614 1
gene  1 40 8 -0.5161249916144179 0 309.0 -0.5161249916144179 1
gene  1 10 14 -2.210698275866822 0 341.0 -2.210698275866822 1
gene  1 3 48 1.3682589382325796 0 360.0 1.3682589382325796 1
gene  1 48 8 -3.5830817595299003 0 361.0 -3.5830817595299003 1
gene  1 10 13 -3.626685375566931 0 404.0 -3.626685375566931 1
gene  1 48 71 -0.5247788409497975 0 463.0 -0.5247788409497975 1
gene  1 71 8 -1.963455199354872 0 464.0 -1.963455199354872 1
gene  1 11 12 -4.91077233866104 0 478.0 -4.91077233866104 1
gene  1 34 14 4.055869507002511 0 481.0 4.055869507002511 1
genomeend 16
genomestart  17
trait 1 0.13128347031454002 1.8437409326683576 1.2671621196902727 0.49951333318806035 0.3444377004328605 2.2133304098674773 0.0 0.0 
node 1 1 1 1
node 2 1 1 1
node 3 1 1 1
node 4 1 1 1
node 5 1 1 1
node 6 1 1 1
node 7 1 1 3
node 8 1 0 0
node 9 1 0 0
node 10 1 0 0
node 11 1 0 0
node 12 1 0 0
node 13 1 0 2
node 14 1 0 2
node 27 1 0 0
node 34 1 0 0
node 40 1 0 0
node 48 1 0 0
node 71 1 0 0
gene  1 1 8 -1.4397755853599152 0 98.0 -1.4397755853599152 1
gene  1 3 8 1.5655629083113585 0 100.0 1.5655629083113585 1
gene  1 4 8 0.3968752862618369 0 101.0 0.3968752862618369 1
gene  1 6 8 8.975422915635681 0 103.0 8.975422915635681 1
gene  1 8 8 2.0481371361079557 1 105.0 2.0481371361079557 1
gene  1 10 8 -0.6079736215798281 1 107.0 -0.6079736215798281 1
gene  1 3 9 1.795168283236278 0 114.0 1.795168283236278 1
gene  1 6 9 0.6326020553149494 0 117.0 0.6326020553149494 1
gene  1 8 9 -5.7295049256141155 0 119.0 -5.7295049256141155 1
gene  1 10 9 -3.095865921928569 1 121.0 -3.095865921928569 1
gene  1 11 9 2.1825579626485734 1 122.0 2.1825579626485734 1
gene  1 13 9 4.3795499454732205 1 124.0 4.3795499454732205 1
gene  1 14 9 0.5763618925422451 1 125.0 0.5763618925422451 1
gene  1 1 10 2.2526132692199767 0 126.0 2.2526132692199767 1
gene  1 3 10 1.7260519090219197 0 128.0 1.7260519090219197 1
gene  1 4 10 1.2737464745514178 0 129.0 1.2737464745514178 1
gene  1 5 10 -1.9831488476178685 0 130.0 -1.9831488476178685 1
gene  1 9 10 2.396277613018965 0 134.0 2.396277613018965 1
gene  1 13 10 2.195443921855899 1 138.0 2.195443921855899 1
gene  1 1 11 -2.274823673104613 0 140.0 -2.274823673104613 1
gene  1 3 11 4.525152611220483 0 142.0 4.525152611220483 1
gene  1 5 11 -3.8761612137400134 0 144.0 -3.8761612137400134 1
gene  1 9 11 -1.38382146429612 0 148.0 -1.38382146429612 1
gene  1 10 11 7.079470420948506 0 149.0 7.079470420948506 1
gene  1 12 11 -6.158517318356702 1 151.0 -6.158517318356702 1
gene  1 14 11 -2.729333181259725 1 153.0 -2.729333181259725 1
gene  1 2 12 -1.2577767087120626 0 155.0 -1.2577767087120626 1
gene  1 4 12 -4.073856673133458 0 157.0 -4.073856673133458 1
gene  1 6 12 0.44102102372096985 0 159.0 0.44102102372096985 1
gene  1 7 12 0.2831884892639962 0 160.0 0.2831884892639962 1
gene  1 9 12 -1.5832491722589843 0 162.0 -1.5832491722589843 1
gene  1 10 12 -0.027764086027994184 0 163.0 -0.027764086027994184 1
gene  1 12 12 -3.709935177405673 1 165.0 -3.709935177405673 1
gene  1 14 12 -1.646646629378285 1 167.0 -1.646646629378285 1
gene  1 1 13 1.5616514218014172 0 168.0 1.5616514218014172 1
gene  1 3 13 2.0515872445741685 0 170.0 2.0515872445741685 1
gene  1 4 13 1.5512978078599133 0 171.0 1.5512978078599133 1
gene  1 6 13 2.525671355625689 0 173.0 2.525671355625689 1
gene  1 8 13 1.1870952237253094 0 175.0 1.1870952237253094 1
gene  1 9 13 1.2354447620784803 0 176.0 1.2354447620784803 1
gene  1 8 14 0.8643382588707047 0 189.0 0.8643382588707047 1
gene  1 11 14 -3.8756296240361676 0 192.0 -3.8756296240361676 1
gene  1 5 8 0.3911680710125809 0 235.0 0.3911680710125809 1
gene  1 1 27 -6.53886042862512 0 241.0 -6.53886042862512 1
gene  1 27 8 3.5840737179831232 0 242.0 3.5840737179831232 1
gene  1 9 34 -0.25627309501443235 0 272.0 -0.25627309501443235 1
gene  1 34 11 0.999063974080811 0 273.0 0.999063974080811 1
gene  1 5 13 2.238701948434942 0 277.0 2.238701948434942 1
gene  1 12 14 2.8336238584590983 0 296.0 2.8336238584590983 1
gene  1 8 40 0.3580051312536583 1 308.0 0.3580051312536583 1
gene  1 40 8 -1.9899852888700251 0 309.0 -1.9899852888700251 1
gene  1 10 14 -1.233276022443604 0 341.0 -1.233276022443604 1
gene  1 3 48 -1.6747437010688857 0 360.0 -1.6747437010688857 1
gene  1 48 8 0.44215699423558963 0 361.0 0.44215699423558963 1
gene  1 10 13 -2.3375590028931965 0 404.0 -2.3375590028931965 1
gene  1 48 71 3.4121264019283415 0 463.0 3.4121264019283415 1
gene  1 71 8 -1.2727065966624762 0 464.0 -1.2727065966624762 1
gene  1 11 12 -7.9771186106234335 0 478.0 -7.9771186106234335 1
gene  1 34 14 0.41779196384745276 0 481.0 0.41779196384745276 1
genomeend 17
genomestart  18
trait 1 0.5833993738668071 0.8342404913282493 1.7343962538721782 0.38263542198384 0.8537262940864137 0.9586270994970227 0.0 0.3567570363531483 
node 1 1 1 1
node 2 1 1 1
node 3 1 1 1
node 4 1 1 1
node 5 1 1 1
node 6 1 1 1
node 7 1 1 3
node 8 1 0 0
node 9 1 0 0
node 10 1 0 0
node 13 1 0 2
node 14 1 0 2
node 16 1 0 0
node 21 1 0 0
node 29 1 0 0
node 52 1 0 0
node 53 1 0 0
node 79 1 0 0
gene  1 1 8 -2.4220907069209296 0 98.0 -2.4220907069209296 1
gene  1 2 8 -1.2095521376213465 0 99.0 -1.2095521376213465 1
gene  1 3 8 0.3169249530521334 0 100.0 0.3169249530521334 1
gene  1 4 8 -1.8388080994996647 0 101.0 -1.8388080994996647 1
gene  1 5 8 5.399969788136691 0 102.0 5.399969788136691 1
gene  1 6 8 -9.316406161024736 0 103.0 -9.316406161024736 1
gene  1 8 8 -4.54733339415079 1 105.0 -4.54733339415079 1
gene  1 13 8 -0.042312106509715175 1 110.0 -0.042312106509715175 1
gene  1 14 8 -0.07227512078576526 1 111.0 -0.07227512078576526 1
gene  1 3 13 -4.121941900424771 0 170.0 -4.121941900424771 1
gene  1 5 13 0.3294348467864723 0 172.0 0.3294348467864723 1
gene  1 7 13 0.42915260420907186 0 174.0 0.42915260420907186 1
gene  1 13 13 6.455759477273942 1 180.0 6.455759477273942 1
gene  1 2 14 5.578658451577745 0 183.0 5.578658451577745 1
gene  1 4 14 -3.253652263001351 0 185.0 -3.253652263001351 1
gene  1 6 14 -0.8117954619021994 0 187.0 -0.8117954619021994 1
gene  1 8 14 0.7437433505322522 0 189.0 0.7437433505322522 1
gene  1 13 14 -5.220977528232767 0 194.0 -5.220977528232767 1
gene  1 13 16 -5.31014645831697 0 201.0 -5.31014645831697 1
gene  1 16 14 0.5507294875629902 0 202.0 0.5507294875629902 1
gene  1 1 21 10.275344646078473 0 218.0 10.275344646078473 1
gene  1 21 8 1.0786270399992353 0 219.0 1.0786270399992353 1
gene  1 3 10 0.26232724432683496 0 223.0 0.26232724432683496 1
gene  1 6 29 1.9329599264694757 0 259.0 1.9329599264694757 1
gene  1 29 8 -2.8782513506845215 0 260.0 -2.8782513506845215 1
gene  1 29 21 1.245537784634875 0 271.0 1.245537784634875 1
gene  1 3 21 2.866411829263216 0 300.0 2.866411829263216 1
gene  1 9 52 1.5884936851113811 0 368.0 1.5884936851113811 1
gene  1 52 14 1.0121310700029815 0 369.0 1.0121310700029815 1
gene  1 1 53 5.39007188373693 0 372.0 5.39007188373693 1
gene  1 53 21 -1.5733793913473448 0 373.0 -1.5733793913473448 1
gene  1 2 16 -2.1835728350479866 0 439.0 -2.1835728350479866 1
gene  1 21 79 0.6271766316724042 0 489.0 0.6271766316724042 1
gene  1 79 8 4.465963978924522 0 490.0 4.465963978924522 1
genomeend 18
genomestart  19
trait 1 0.5833993738668071 0.8342404913282493 1.7343962538721782 0.38263542198384 0.8537262940864137 0.9586270994970227 0.0 0.3567570363531483 
node 1 1 1 1
node 2 1 1 1
node 3 1 1 1
node 4 1 1 1
node 5 1 1 1
node 6 1 1 1
node 7 1 1 3
node 8 1 0 0
node 9 1 0 0
node 10 1 0 0
node 13 1 0 2
node 14 1 0 2
node 16 1 0 0
node 21 1 0 0
node 29 1 0 0
node 52 1 0 0
node 53 1 0 0
node 79 1 0 0
gene  1 1 8 0.7264203819391921 0 98.0 0.7264203819391921 1
gene  1 2 8 -2.504142195657842 0 99.0 -2.504142195657842 1
gene  1 3 8 2.448828207125567 0 100.0 2.448828207125567 1
gene  1 4 8 0.3474205510345696 0 101.0 0.3474205510345696 1
gene  1 5 8 4.977815954112025 0 102.0 4.977815954112025 1
gene  1 6 8 -5.824861751449709 0 103.0 -5.824861751449709 1
gene  1 8 8 -7.956143617974847 1 105.0 -7.956143617974847 1
gene  1 13 8 0.2365685349245053 1 110.0 0.2365685349245053 1
gene  1 14 8 1.0653772624641904 1 111.0 1.0653772624641904 1
gene  1 3 13 -4.115711790856808 0 170.0 -4.115711790856808 1
gene  1 5 13 0.6358563027723358 0 172.0 0.6358563027723358 1
gene  1 7 13 0.6668704637637655 0 174.0 0.6668704637637655 1
gene  1 13 13 5.255129540613218 1 180.0 5.255129540613218 1
gene  1 2 14 3.952245113937095 0 183.0 3.952245113937095 1
gene  1 4 14 -3.2059505135474313 0 185.0 -3.2059505135474313 1
gene  1 6 14 -1.2908494195925413 0 187.0 -1.2908494195925413 1
gene  1 8 14 4.759623174784249 0 189.0 4.759623174784249 1
gene  1 13 14 -5.709531188409366 0 194.0 -5.709531188409366 1
gene  1 13 16 -0.9761424986271205 0 201.0 -0.9761424986271205 1
gene  1 16 14 1.203403041451184 0 202.0 1.203403041451184 1
gene  1 1 21 10.795803296116487 0 218.0 10.795803296116487 1
gene  1 21 8 1.710565907294352 0 219.0 1.710565907294352 1
gene  1 3 10 -3.625919445005685 0 223.0 -3.625919445005685 1
gene  1 6 29 2.0841961486208076 0 259.0 2.0841961486208076 1
gene  1 29 8 -4.9444074455864335 0 260.0 -4.9444074455864335 1
gene  1 29 21 2.6855082766611513 0 271.0 2.6855082766611513 1
gene  1 3 21 2.154432644791875 0 300.0 2.154432644791875 1
gene  1 9 52 -0.3473846501247104 0 368.0 -0.3473846501247104 1
gene  1 52 14 0.5481778715464272 0 369.0 0.5481778715464272 1
gene  1 1 53 3.8698590415622722 0 372.0 3.8698590415622722 1
gene  1 53 21 -3.4907373605508347 0 373.0 -3.4907373605508347 1
gene  1 2 16 -4.136055019090032 0 439.0 -4.136055019090032 1
gene  1 21 79 -1.2479657667665114 0 489.0 -1.2479657667665114 1
gene  1 79 8 -1.5394101557899087 0 490.0 -1.5394101557899087 1
genomeend 19
