genomestart  0
trait 1 0.0 0.29964541126798605 0.0 0.5917793035862625 0.0 0.5239379551513967 0.08354904834950888 0.0 
node 1 1 1 1
node 2 1 1 1
node 3 1 1 1
node 4 1 1 1
node 5 1 1 1
node 6 1 1 1
node 7 1 1 3
node 13 1 0 2
node 14 1 0 2
node 19 1 0 0
node 33 1 0 0
node 41 1 0 0
gene  1 1 13 -1.782906560155162 0 168.0 -1.782906560155162 1
gene  1 3 13 -0.8296459703429049 0 170.0 -0.8296459703429049 1
gene  1 5 13 -6.7952721223242145 0 172.0 -6.7952721223242145 1
gene  1 6 13 -1.9917931987187087 0 173.0 -1.9917931987187087 1
gene  1 14 13 -1.551827991754362 1 181.0 -1.551827991754362 1
gene  1 1 14 4.846024668568276 0 182.0 4.846024668568276 1
gene  1 2 14 0.2705925547329649 0 183.0 0.2705925547329649 1
gene  1 4 14 -3.305141545812341 0 185.0 -3.305141545812341 1
gene  1 5 14 3.780049208449929 0 186.0 3.780049208449929 1
gene  1 6 14 -0.5222686790143889 0 187.0 -0.5222686790143889 1
gene  1 7 14 -3.348414110120756 0 188.0 -3.348414110120756 1
gene  1 13 14 0.7054885322388429 0 194.0 0.7054885322388429 1
gene  1 14 14 -0.6507127694928042 1 195.0 -0.6507127694928042 1
gene  1 5 19 -0.234961196484623 0 213.0 -0.234961196484623 1
gene  1 19 13 1.7744755238657124 0 214.0 1.7744755238657124 1
gene  1 2 13 -0.16384363176570038 0 243.0 -0.16384363176570038 1
gene  1 6 19 1.3045180194569777 0 257.0 1.3045180194569777 1
gene  1 19 14 -1.5083914238810268 0 267.0 -1.5083914238810268 1
gene  1 14 33 2.0195651295294645 1 268.0 2.0195651295294645 1
gene  1 33 14 -1.4254160346032496 0 269.0 -1.4254160346032496 1
gene  1 4 13 -1.2835620174927866 0 292.0 -1.2835620174927866 1
gene  1 14 41 -3.2385031581285895 1 315.0 -3.2385031581285895 1
gene  1 41 13 -1.9112425746545094 0 316.0 -1.9112425746545094 1
genomeend 0
genomestart  1
trait 1 0.0 0.0 0.0 0.5917793035862625 0.0 0.27670533910508954 0.0 0.0 
node 1 1 1 1
node 2 1 1 1
node 3 1 1 1
node 4 1 1 1
node 5 1 1 1
node 6 1 1 1
node 7 1 1 3
node 13 1 0 2
node 14 1 0 2
node 19 1 0 0
node 33 1 0 0
node 41 1 0 0
gene  1 1 13 -4.709680058768385 0 168.0 -4.709680058768385 1
gene  1 3 13 -10.520578366351824 0 170.0 -10.520578366351824 1
gene  1 5 13 -10.984113528693007 0 172.0 -10.984113528693007 1
gene  1 6 13 -12.35261419477453 0 173.0 -12.35261419477453 1
gene  1 14 13 2.5068106927030005 1 181.0 2.5068106927030005 1
gene  1 1 14 6.106790688477341 0 182.0 6.106790688477341 1
gene  1 2 14 0.8051903000504621 0 183.0 0.8051903000504621 1
gene  1 4 14 -2.3040317896955544 0 185.0 -2.3040317896955544 1
gene  1 5 14 3.5213316719554086 0 186.0 3.5213316719554086 1
gene  1 6 14 -0.3368108034069348 0 187.0 -0.3368108034069348 1
gene  1 7 14 -2.267991173714575 0 188.0 -2.267991173714575 1
gene  1 13 14 1.4596681110492333 0 194.0 1.4596681110492333 1
gene  1 14 14 0.8310762166163363 1 195.0 0.8310762166163363 1
gene  1 5 19 -0.12342538828364469 0 213.0 -0.12342538828364469 1
gene  1 19 13 2.055225739813265 0 214.0 2.055225739813265 1
gene  1 2 13 2.1001491874603437 0 243.0 2.1001491874603437 1
gene  1 6 19 2.412922580384869 0 257.0 2.412922580384869 1
gene  1 19 14 -1.9973485381127207 0 267.0 -1.9973485381127207 1
gene  1 14 33 3.74297928324163 1 268.0 3.74297928324163 1
gene  1 33 14 0.02295758187500674 0 269.0 0.02295758187500674 1
gene  1 4 13 2.2023222487231715 0 292.0 2.2023222487231715 1
gene  1 14 41 -3.522474973815772 1 315.0 -3.522474973815772 1
gene  1 41 13 -0.22884049549736396 0 316.0 -0.22884049549736396 1
genomeend 1
genomestart  2
trait 1 0.38509797114028876 1.2858127313064698 0.0 0.17101181944213528 0.0 0.0 0.0 1.0208282639679993 
node 1 1 1 1
node 2 1 1 1
node 3 1 1 1
node 4 1 1 1
node 5 1 1 1
node 6 1 1 1
node 7 1 1 3
node 13 1 0 2
node 14 1 0 2
node 24 1 0 0
node 36 1 0 0
gene  1 2 13 3.659799857334736 0 169.0 3.659799857334736 1
gene  1 3 13 2.742002919372497 0 170.0 2.742002919372497 1
gene  1 4 13 1.9339116017227764 0 171.0 1.9339116017227764 1
gene  1 6 13 -5.321062816269155 0 173.0 -5.321062816269155 1
gene  1 7 13 5.811979914236815 0 174.0 5.811979914236815 1
gene  1 13 13 0.8477225569414641 1 180.0 0.8477225569414641 1
gene  1 1 14 1.1371462899558151 0 182.0 1.1371462899558151 1
gene  1 2 14 0.4866767572896513 0 183.0 0.4866767572896513 1
gene  1 5 14 -0.9385175587141328 0 186.0 -0.9385175587141328 1
gene  1 6 14 -1.8025429538738047 0 187.0 -1.8025429538738047 1
gene  1 7 14 2.056736770767235 0 188.0 2.056736770767235 1
gene  1 13 14 1.2111819554935257 0 194.0 1.2111819554935257 1
gene  1 14 14 5.150379096035886 1 195.0 5.150379096035886 1
gene  1 2 24 -1.9240539593551413 0 226.0 -1.9240539593551413 1
gene  1 24 13 1.1144580667233595 0 227.0 1.1144580667233595 1
gene  1 7 24 0.7933878706678721 0 245.0 0.7933878706678721 1
gene  1 1 24 -1.6086490342870343 0 249.0 -1.6086490342870343 1
gene  1 4 14 -1.4273736398206358 0 280.0 -1.4273736398206358 0
gene  1 4 36 -1.2484457969324811 0 293.0 -1.2484457969324811 1
gene  1 36 14 -0.7852743230318655 0 294.0 -0.7852743230318655 1
gene  1 7 36 -2.354849352851377 0 301.0 -2.354849352851377 1
gene  1 3 36 -0.7295159015174018 0 313.0 -0.7295159015174018 1
genomeend 2
genomestart  3
trait 1 0.38509797114028876 1.2858127313064698 0.0 0.17101181944213528 0.0 0.0 0.0 1.0208282639679993 
node 1 1 1 1
node 2 1 1 1
node 3 1 1 1
node 4 1 1 1
node 5 1 1 1
node 6 1 1 1
node 7 1 1 3
node 13 1 0 2
node 14 1 0 2
node 24 1 0 0
node 36 1 0 0
gene  1 2 13 3.7112733347345115 0 169.0 3.7112733347345115 1
gene  1 3 13 2.4074777015363207 0 170.0 2.4074777015363207 1
gene  1 4 13 -1.638814550084865 0 171.0 -1.638814550084865 1
gene  1 6 13 -1.6770244006406378 0 173.0 -1.6770244006406378 1
gene  1 7 13 -0.5342171734507353 0 174.0 -0.5342171734507353 1
gene  1 13 13 -3.15460551477916 1 180.0 -3.15460551477916 1
gene  1 1 14 2.2420141167585164 0 182.0 2.2420141167585164 1
gene  1 2 14 -0.9768273266631724 0 183.0 -0.9768273266631724 1
gene  1 5 14 -1.1767339733264799 0 186.0 -1.1767339733264799 1
gene  1 6 14 1.563854624310669 0 187.0 1.563854624310669 1
gene  1 7 14 2.056736770767235 0 188.0 2.056736770767235 1
gene  1 13 14 -1.1738169259984426 0 194.0 -1.1738169259984426 1
gene  1 14 14 1.8720499728943398 1 195.0 1.8720499728943398 1
gene  1 2 24 1.1110780621730005 0 226.0 1.1110780621730005 1
gene  1 24 13 2.2673082513512814 0 227.0 2.2673082513512814 1
gene  1 7 24 -0.05168780286206709 0 245.0 -0.05168780286206709 1
gene  1 1 24 -2.3386439716185925 0 249.0 -2.3386439716185925 1
gene  1 4 14 -1.2784587399842544 0 280.0 -1.2784587399842544 0
gene  1 4 36 -3.4707960603108865 0 293.0 -3.4707960603108865 1
gene  1 36 14 -1.0488475526911551 0 294.0 -1.0488475526911551 1
gene  1 7 36 1.7078542722236927 0 301.0 1.7078542722236927 1
gene  1 3 36 0.16475235437757085 0 313.0 0.16475235437757085 1
genomeend 3
genomestart  4
trait 1 0.38509797114028876 1.2858127313064698 0.0 0.17101181944213528 0.0 0.0 0.0 1.0208282639679993 
node 1 1 1 1
node 2 1 1 1
node 3 1 1 1
node 4 1 1 1
node 5 1 1 1
node 6 1 1 1
node 7 1 1 3
node 13 1 0 2
node 14 1 0 2
node 24 1 0 0
node 36 1 0 0
gene  1 2 13 2.1918092832263536 0 169.0 2.1918092832263536 1
gene  1 3 13 3.9778529280459236 0 170.0 3.9778529280459236 1
gene  1 4 13 -1.7642618318227687 0 171.0 -1.7642618318227687 1
gene  1 6 13 -3.79428542680523 0 173.0 -3.79428542680523 1
gene  1 7 13 5.19813256650502 0 174.0 5.19813256650502 1
gene  1 13 13 -1.632057373687943 1 180.0 -1.632057373687943 1
gene  1 1 14 2.2420141167585164 0 182.0 2.2420141167585164 1
gene  1 2 14 1.7534222864692164 0 183.0 1.7534222864692164 1
gene  1 5 14 -0.860775977090962 0 186.0 -0.860775977090962 1
gene  1 6 14 -1.8025429538738047 0 187.0 -1.8025429538738047 1
gene  1 7 14 2.056736770767235 0 188.0 2.056736770767235 1
gene  1 13 14 -0.7975823493198899 0 194.0 -0.7975823493198899 1
gene  1 14 14 4.318104001938605 1 195.0 4.318104001938605 1
gene  1 2 24 -0.6778482006208373 0 226.0 -0.6778482006208373 1
gene  1 24 13 -3.190957016390378 0 227.0 -3.190957016390378 1
gene  1 7 24 1.2481011988629045 0 245.0 1.2481011988629045 1
gene  1 1 24 -3.162253565224432 0 249.0 -3.162253565224432 1
gene  1 4 14 -3.7315253295923414 0 280.0 -3.7315253295923414 0
gene  1 4 36 -2.39880328265857 0 293.0 -2.39880328265857 1
gene  1 36 14 -1.0488475526911551 0 294.0 -1.0488475526911551 1
gene  1 7 36 1.820797291125672 0 301.0 1.820797291125672 1
gene  1 3 36 -2.1217990424502693 0 313.0 -2.1217990424502693 1
genomeend 4
genomestart  5
trait 1 0.9658100958370718 0.21357948226159307 1.7535517816909252 0.0 0.0 2.076285480926863 0.7279373662985449 0.0 
node 1 1 1 1
node 2 1 1 1
node 3 1 1 1
node 4 1 1 1
node 5 1 1 1
node 6 1 1 1
node 7 1 1 3
node 8 1 0 0
node 9 1 0 0
node 10 1 0 0
node 11 1 0 0
node 13 1 0 2
node 14 1 0 2
gene  1 2 8 1.8721875258970078 0 99.0 1.8721875258970078 1
gene  1 6 8 0.6617514720087669 0 103.0 0.6617514720087669 1
gene  1 8 8 3.8679294981350454 1 105.0 3.8679294981350454 1
gene  1 9 8 -1.4808039408500129 1 106.0 -1.4808039408500129 1
gene  1 10 8 -9.500520912733197 1 107.0 -9.500520912733197 1
gene  1 11 8 -7.025150447316953 1 108.0 -7.025150447316953 1
gene  1 13 8 -0.3342869957571406 1 110.0 -0.3342869957571406 1
gene  1 14 8 -2.9892122159448364 1 111.0 -2.9892122159448364 1
gene  1 1 9 -1.9743169920952957 0 112.0 -1.9743169920952957 1
gene  1 2 9 -1.7312899289986685 0 113.0 -1.7312899289986685 1
gene  1 3 9 3.2661511000125776 0 114.0 3.2661511000125776 1
gene  1 6 9 0.301142136961053 0 117.0 0.301142136961053 1
gene  1 7 9 1.1416934829012266 0 118.0 1.1416934829012266 1
gene  1 8 9 2.8074748876003763 0 119.0 2.8074748876003763 1
gene  1 9 9 -1.9668336567626292 1 120.0 -1.9668336567626292 1
gene  1 11 9 -4.802982725753891 1 122.0 -4.802982725753891 1
gene  1 13 9 1.234773861994636 1 124.0 1.234773861994636 1
gene  1 14 9 0.9185422572656814 1 125.0 0.9185422572656814 1
gene  1 1 10 -4.551523577259026 0 126.0 -4.551523577259026 1
gene  1 3 10 -4.14692285195849 0 128.0 -4.14692285195849 1
gene  1 4 10 -4.102768506554166 0 129.0 -4.102768506554166 1
gene  1 5 10 -7.9689201169087 0 130.0 -7.9689201169087 1
gene  1 6 10 2.731296774307931 0 131.0 2.731296774307931 1
gene  1 10 10 -5.786744555418441 1 135.0 -5.786744555418441 1
gene  1 11 10 -0.9860364809609607 1 136.0 -0.9860364809609607 1
gene  1 14 10 -5.691052876080674 1 139.0 -5.691052876080674 1
gene  1 1 11 3.683056349461404 0 140.0 3.683056349461404 1
gene  1 3 11 -0.29348349092166126 0 142.0 -0.29348349092166126 1
gene  1 5 11 -1.737929001986368 0 144.0 -1.737929001986368 1
gene  1 6 11 -4.529964236653001 0 145.0 -4.529964236653001 1
gene  1 7 11 -1.4471782830792068 0 146.0 -1.4471782830792068 1
gene  1 8 11 -1.0956684875475133 0 147.0 -1.0956684875475133 1
gene  1 9 11 -0.2942219289670512 0 148.0 -0.2942219289670512 1
gene  1 10 11 -9.587194804979715 0 149.0 -9.587194804979715 1
gene  1 11 11 -15.672505189930781 1 150.0 -15.672505189930781 1
gene  1 1 13 2.2329387987488083 0 168.0 2.2329387987488083 1
gene  1 2 13 2.8212080001940603 0 169.0 2.8212080001940603 1
gene  1 3 13 3.714263952998478 0 170.0 3.714263952998478 1
gene  1 7 13 3.7823284719764043 0 174.0 3.7823284719764043 1
gene  1 11 13 -0.7472310367714952 0 178.0 -0.7472310367714952 1
gene  1 13 13 -1.2680182937250122 1 180.0 -1.2680182937250122 1
gene  1 2 14 3.8777282381423337 0 183.0 3.8777282381423337 1
gene  1 3 14 -2.3822166274493517 0 184.0 -2.3822166274493517 1
gene  1 4 14 2.3388181740093543 0 185.0 2.3388181740093543 1
gene  1 7 14 5.473388377032938 0 188.0 5.473388377032938 1
gene  1 8 14 4.05537997717474 0 189.0 4.05537997717474 1
gene  1 10 14 1.7784307870949132 0 191.0 1.7784307870949132 1
gene  1 13 14 -3.880925582272662 0 194.0 -3.880925582272662 1
gene  1 5 13 1.1148727173411608 0 198.0 1.1148727173411608 1
gene  1 4 9 2.4548305429107993 0 200.0 2.4548305429107993 1
gene  1 8 13 0.35614275962312647 0 248.0 0.35614275962312647 1
gene  1 7 10 2.042100444190858 0 270.0 2.042100444190858 1
gene  1 9 10 3.370075557056714 0 274.0 3.370075557056714 1
gene  1 9 13 -1.2885977126694579 0 288.0 -1.2885977126694579 1
gene  1 5 14 2.2144851150562115 0 328.0 2.2144851150562115 1
genomeend 5
genomestart  6
trait 1 0.9658100958370718 0.21357948226159307 1.7535517816909252 0.0 0.0 2.076285480926863 0.7279373662985449 0.0 
node 1 1 1 1
node 2 1 1 1
node 3 1 1 1
node 4 1 1 1
node 5 1 1 1
node 6 1 1 1
node 7 1 1 3
node 8 1 0 0
node 9 1 0 0
node 10 1 0 0
node 11 1 0 0
node 13 1 0 2
node 14 1 0 2
gene  1 2 8 0.8367725273685822 0 99.0 0.8367725273685822 1
gene  1 6 8 -1.4302465214713784 0 103.0 -1.4302465214713784 1
gene  1 8 8 5.023217858556134 1 105.0 5.023217858556134 1
gene  1 9 8 0.3710053078789932 1 106.0 0.3710053078789932 1
gene  1 10 8 -9.972662572509467 1 107.0 -9.972662572509467 1
gene  1 11 8 -9.421935981699328 1 108.0 -9.421935981699328 1
gene  1 13 8 -0.44499081079699626 1 110.0 -0.44499081079699626 1
gene  1 14 8 -2.170230913858699 1 111.0 -2.170230913858699 1
gene  1 1 9 -0.7783280134676136 0 112.0 -0.7783280134676136 1
gene  1 2 9 -2.987001506881966 0 113.0 -2.987001506881966 1
gene  1 3 9 2.0084404252903227 0 114.0 2.0084404252903227 1
gene  1 6 9 2.5475693923724454 0 117.0 2.5475693923724454 1
gene  1 7 9 2.3898687425058815 0 118.0 2.3898687425058815 1
gene  1 8 9 2.61962022315367 0 119.0 2.61962022315367 1
gene  1 9 9 0.36058628452537334 1 120.0 0.36058628452537334 1
gene  1 11 9 -3.6998376547789436 1 122.0 -3.6998376547789436 1
gene  1 13 9 -0.8146446029663144 1 124.0 -0.8146446029663144 1
gene  1 14 9 0.38079712422315326 1 125.0 0.38079712422315326 1
gene  1 1 10 -4.951059585690773 0 126.0 -4.951059585690773 1
gene  1 3 10 -4.8967699912806175 0 128.0 -4.8967699912806175 1
gene  1 4 10 -2.373244823185871 0 129.0 -2.373244823185871 1
gene  1 5 10 -7.380179381657205 0 130.0 -7.380179381657205 1
gene  1 6 10 1.6526845088986675 0 131.0 1.6526845088986675 1
gene  1 10 10 -3.7195685609488027 1 135.0 -3.7195685609488027 1
gene  1 11 10 0.9626381053682638 1 136.0 0.9626381053682638 1
gene  1 14 10 -5.715795218248892 1 139.0 -5.715795218248892 1
gene  1 1 11 2.700353530382258 0 140.0 2.700353530382258 1
gene  1 3 11 1.688787071453643 0 142.0 1.688787071453643 1
gene  1 5 11 -1.5560484095654066 0 144.0 -1.5560484095654066 1
gene  1 6 11 -6.9174213310231645 0 145.0 -6.9174213310231645 1
gene  1 7 11 0.6501853218380957 0 146.0 0.6501853218380957 1
gene  1 8 11 -1.1746818771393364 0 147.0 -1.1746818771393364 1
gene  1 9 11 1.8815119878363755 0 148.0 1.8815119878363755 1
gene  1 10 11 -8.201269341183583 0 149.0 -8.201269341183583 1
gene  1 11 11 -14.847003959510916 1 150.0 -14.847003959510916 1
gene  1 1 13 2.0930264528616265 0 168.0 2.0930264528616265 1
gene  1 2 13 0.721951828490988 0 169.0 0.721951828490988 1
gene  1 3 13 5.314974945950091 0 170.0 5.314974945950091 1
gene  1 7 13 2.052577268270321 0 174.0 2.052577268270321 1
gene  1 11 13 0.36523080329933544 0 178.0 0.36523080329933544 1
gene  1 13 13 -0.4381221196161804 1 180.0 -0.4381221196161804 1
gene  1 2 14 3.557044477306702 0 183.0 3.557044477306702 1
gene  1 3 14 -1.8198627440377335 0 184.0 -1.8198627440377335 1
gene  1 4 14 3.551092585568628 0 185.0 3.551092585568628 1
gene  1 7 14 5.473388377032938 0 188.0 5.473388377032938 1
gene  1 8 14 5.707919060201894 0 189.0 5.707919060201894 1
gene  1 10 14 1.8229082602975248 0 191.0 1.8229082602975248 1
gene  1 13 14 -1.8353828470188482 0 194.0 -1.8353828470188482 1
gene  1 5 13 1.7245408474395987 0 198.0 1.7245408474395987 1
gene  1 4 9 2.934406981825189 0 200.0 2.934406981825189 1
gene  1 8 13 0.35614275962312647 0 248.0 0.35614275962312647 1
gene  1 7 10 -2.1911928508297396 0 270.0 -2.1911928508297396 1
gene  1 9 10 2.220104440175778 0 274.0 2.220104440175778 1
gene  1 9 13 -0.48893244419237736 0 288.0 -0.48893244419237736 1
genomeend 6
genomestart  7
trait 1 0.9094479393069818 0.0 0.18125169842722821 0.0 1.363566452656893 0.20991346759087715 0.04208433817433466 0.03711240661335824 
node 1 1 1 1
node 2 1 1 1
node 3 1 1 1
node 4 1 1 1
node 5 1 1 1
node 6 1 1 1
node 7 1 1 3
node 8 1 0 0
node 13 1 0 2
node 14 1 0 2
node 16 1 0 0
node 20 1 0 0
gene  1 1 8 2.74080618719587 0 98.0 2.74080618719587 1
gene  1 2 8 -2.6311079391864367 0 99.0 -2.6311079391864367 1
gene  1 3 8 2.5341923776610233 0 100.0 2.5341923776610233 1
gene  1 4 8 -6.183358242400258 0 101.0 -6.183358242400258 1
gene  1 5 8 0.5316478317249711 0 102.0 0.5316478317249711 1
gene  1 6 8 -8.811348484402918 0 103.0 -8.811348484402918 1
gene  1 8 8 -7.681511751449545 1 105.0 -7.681511751449545 1
gene  1 13 8 -9.608362265894991 1 110.0 -9.608362265894991 1
gene  1 14 8 0.19720000074468835 1 111.0 0.19720000074468835 1
gene  1 3 13 3.7796497244418785 0 170.0 3.7796497244418785 1
gene  1 5 13 2.417916644588943 0 172.0 2.417916644588943 1
gene  1 7 13 4.3091510443573995 0 174.0 4.3091510443573995 1
gene  1 13 13 -0.40734237325891787 1 180.0 -0.40734237325891787 1
gene  1 2 14 3.1758804494748913 0 183.0 3.1758804494748913 1
gene  1 4 14 -0.4824666704651044 0 185.0 -0.4824666704651044 1
gene  1 6 14 1.129445387244699 0 187.0 1.129445387244699 1
gene  1 8 14 -1.3846941214538888 0 189.0 -1.3846941214538888 1
gene  1 13 14 -6.196756521329041 0 194.0 -6.196756521329041 1
gene  1 13 16 3.2611385432773767 0 201.0 3.2611385432773767 1
gene  1 16 14 -0.3109670134870567 0 202.0 -0.3109670134870567 1
gene  1 3 20 2.8027047619349816 0 215.0 2.8027047619349816 1
gene  1 20 8 -0.3481878947807697 0 216.0 -0.3481878947807697 1
gene  1 8 13 1.952575175477673 0 233.0 1.952575175477673 1
gene  1 2 16 -4.187066820276485 0 324.0 -4.187066820276485 1
genomeend 7
genomestart  8
trait 1 0.9094479393069818 0.0 0.18125169842722821 0.0 1.363566452656893 0.20991346759087715 0.04208433817433466 0.03711240661335824 
node 1 1 1 1
node 2 1 1 1
node 3 1 1 1
node 4 1 1 1
node 5 1 1 1
node 6 1 1 1
node 7 1 1 3
node 8 1 0 0
node 13 1 0 2
node 14 1 0 2
node 16 1 0 0
node 20 1 0 0
gene  1 1 8 1.8043863065846693 0 98.0 1.8043863065846693 1
gene  1 2 8 -2.116031024102064 0 99.0 -2.116031024102064 1
gene  1 3 8 1.9890058794292482 0 100.0 1.9890058794292482 1
gene  1 4 8 -4.7147616834919095 0 101.0 -4.7147616834919095 1
gene  1 5 8 2.441035042727914 0 102.0 2.441035042727914 1
gene  1 6 8 -8.811348484402918 0 103.0 -8.811348484402918 1
gene  1 8 8 -5.605202616252502 1 105.0 -5.605202616252502 1
gene  1 13 8 -9.154193812381042 1 110.0 -9.154193812381042 1
gene  1 14 8 0.9621463290929524 1 111.0 0.9621463290929524 1
gene  1 3 13 3.7796497244418785 0 170.0 3.7796497244418785 1
gene  1 5 13 -6.4085329428502575 0 172.0 -6.4085329428502575 1
gene  1 7 13 4.826415857132181 0 174.0 4.826415857132181 1
gene  1 13 13 -2.677843949449946 1 180.0 -2.677843949449946 1
gene  1 2 14 1.6698754460814906 0 183.0 1.6698754460814906 1
gene  1 4 14 -2.3256764769634994 0 185.0 -2.3256764769634994 1
gene  1 6 14 2.81847743654733 0 187.0 2.81847743654733 1
gene  1 8 14 1.4961854376736248 0 189.0 1.4961854376736248 1
gene  1 13 14 -7.260413889666227 0 194.0 -7.260413889666227 1
gene  1 13 16 4.376677879337079 0 201.0 4.376677879337079 1
gene  1 16 14 0.8363669738280076 0 202.0 0.8363669738280076 1
gene  1 3 20 2.318062900955752 0 215.0 2.318062900955752 1
gene  1 20 8 1.9227767099971351 0 216.0 1.9227767099971351 1
gene  1 8 13 1.147042787867833 0 233.0 1.147042787867833 1
gene  1 2 16 -5.892833971802731 0 324.0 -5.892833971802731 1
genomeend 8
genomestart  9
trait 1 0.0 0.0 0.687885284225863 0.0 0.0 0.0 0.0 0.0 
node 1 1 1 1
node 2 1 1 1
node 3 1 1 1
node 4 1 1 1
node 5 1 1 1
node 6 1 1 1
node 7 1 1 3
node 8 1 0 0
node 9 1 0 0
node 10 1 0 0
node 13 1 0 2
node 14 1 0 2
node 21 1 0 0
node 29 1 0 0
gene  1 1 8 2.1503821726410823 0 98.0 2.1503821726410823 1
gene  1 3 8 2.6777609134973943 0 100.0 2.6777609134973943 1
gene  1 5 8 -4.526215058678496 0 102.0 -4.526215058678496 1
gene  1 6 8 -0.1810233249189211 0 103.0 -0.1810233249189211 1
gene  1 8 8 2.4465548941103634 1 105.0 2.4465548941103634 1
gene  1 1 9 0.2901381560673846 0 112.0 0.2901381560673846 1
gene  1 2 9 6.11952677973421 0 113.0 6.11952677973421 1
gene  1 3 9 2.2961211199412053 0 114.0 2.2961211199412053 1
gene  1 5 9 5.463074140830259 0 116.0 5.463074140830259 1
gene  1 7 9 -16.18017888708858 0 118.0 -16.18017888708858 1
gene  1 9 9 1.1087361741575388 1 120.0 1.1087361741575388 1
gene  1 10 9 15.363622559666545 1 121.0 15.363622559666545 1
gene  1 13 9 6.785330150715117 1 124.0 6.785330150715117 1
gene  1 2 10 -3.353575836228532 0 127.0 -3.353575836228532 1
gene  1 4 10 0.4098358460123417 0 129.0 0.4098358460123417 1
gene  1 5 10 8.284996371372408 0 130.0 8.284996371372408 1
gene  1 8 10 5.910081502265927 0 133.0 5.910081502265927 1
gene  1 9 10 -14.124447880841343 0 134.0 -14.124447880841343 1
gene  1 10 10 1.87145482969671 1 135.0 1.87145482969671 1
gene  1 13 10 -9.29117903154725 1 138.0 -9.29117903154725 1
gene  1 14 10 -1.2286375273398875 1 139.0 -1.2286375273398875 1
gene  1 2 13 -0.21288899078998724 0 169.0 -0.21288899078998724 1
gene  1 3 13 -1.7872469411721927 0 170.0 -1.7872469411721927 1
gene  1 6 13 -1.5481893774944007 0 173.0 -1.5481893774944007 1
gene  1 7 13 0.349739646661275 0 174.0 0.349739646661275 1
gene  1 9 13 0.7471089605852657 0 176.0 0.7471089605852657 1
gene  1 13 13 5.51614659362146 1 180.0 5.51614659362146 1
gene  1 14 13 -1.172915789962408 1 181.0 -1.172915789962408 1
gene  1 1 14 -6.9857934325488085 0 182.0 -6.9857934325488085 1
gene  1 3 14 -0.1542381141132192 0 184.0 -0.1542381141132192 1
gene  1 9 14 0.049884715536578916 0 190.0 0.049884715536578916 1
gene  1 10 14 -1.8062846964107808 0 191.0 -1.8062846964107808 1
gene  1 1 21 0.9926835361246691 0 218.0 0.9926835361246691 1
gene  1 21 8 3.569501234260976 0 219.0 3.569501234260976 1
gene  1 3 10 -2.0918533773210735 0 223.0 -2.0918533773210735 1
gene  1 6 29 1.137328243238628 0 259.0 1.137328243238628 1
gene  1 29 8 -2.50506369313334 0 260.0 -2.50506369313334 1
gene  1 29 21 3.1364014877378827 0 271.0 3.1364014877378827 1
gene  1 3 21 1.3166248876801347 0 300.0 1.3166248876801347 1
genomeend 9
genomestart  10
trait 1 0.0 0.0 0.687885284225863 0.0 0.0 0.0 0.0 0.0 
node 1 1 1 1
node 2 1 1 1
node 3 1 1 1
node 4 1 1 1
node 5 1 1 1
node 6 1 1 1
node 7 1 1 3
node 8 1 0 0
node 9 1 0 0
node 10 1 0 0
node 13 1 0 2
node 14 1 0 2
node 21 1 0 0
node 29 1 0 0
gene  1 1 8 1.6417043992777025 0 98.0 1.6417043992777025 1
gene  1 3 8 2.159191359790662 0 100.0 2.159191359790662 1
gene  1 5 8 -4.509657894045312 0 102.0 -4.509657894045312 1
gene  1 6 8 4.11293663863698 0 103.0 4.11293663863698 1
gene  1 8 8 2.4637672932837034 1 105.0 2.4637672932837034 1
gene  1 1 9 -1.9971506289386196 0 112.0 -1.9971506289386196 1
gene  1 2 9 5.033120022241547 0 113.0 5.033120022241547 1
gene  1 3 9 2.376038612381877 0 114.0 2.376038612381877 1
gene  1 5 9 6.542921973277041 0 116.0 6.542921973277041 1
gene  1 7 9 -12.001469732188067 0 118.0 -12.001469732188067 1
gene  1 9 9 -1.0141889326034867 1 120.0 -1.0141889326034867 1
gene  1 10 9 14.653196209080027 1 121.0 14.653196209080027 1
gene  1 13 9 2.421183486410519 1 124.0 2.421183486410519 1
gene  1 2 10 -5.000422655511952 0 127.0 -5.000422655511952 1
gene  1 4 10 -3.2033411801127416 0 129.0 -3.2033411801127416 1
gene  1 5 10 9.431860853649619 0 130.0 9.431860853649619 1
gene  1 8 10 9.313022618066793 0 133.0 9.313022618066793 1
gene  1 9 10 -16.83886875974173 0 134.0 -16.83886875974173 1
gene  1 10 10 2.3818742404016215 1 135.0 2.3818742404016215 1
gene  1 13 10 -6.621055585793595 1 138.0 -6.621055585793595 1
gene  1 14 10 -0.5596169191251408 1 139.0 -0.5596169191251408 1
gene  1 2 13 5.119440400917053 0 169.0 5.119440400917053 1
gene  1 3 13 -9.610710640684793 0 170.0 -9.610710640684793 1
gene  1 6 13 -3.7154043622501156 0 173.0 -3.7154043622501156 1
gene  1 7 13 -1.3077299141354952 0 174.0 -1.3077299141354952 1
gene  1 9 13 0.5428817581004892 0 176.0 0.5428817581004892 1
gene  1 13 13 3.2931584030391674 1 180.0 3.2931584030391674 1
gene  1 14 13 -4.754829235564143 1 181.0 -4.754829235564143 1
gene  1 1 14 -5.064221761689639 0 182.0 -5.064221761689639 1
gene  1 3 14 -1.9707471282558995 0 184.0 -1.9707471282558995 1
gene  1 9 14 -0.9605852847228111 0 190.0 -0.9605852847228111 1
gene  1 10 14 -2.404049948447274 0 191.0 -2.404049948447274 1
gene  1 1 21 -1.2259835498911038 0 218.0 -1.2259835498911038 1
gene  1 21 8 4.37517215772332 0 219.0 4.37517215772332 1
gene  1 3 10 -2.102472249730935 0 223.0 -2.102472249730935 1
gene  1 6 29 1.1387220701890408 0 259.0 1.1387220701890408 1
gene  1 29 8 -1.6665252394979162 0 260.0 -1.6665252394979162 1
gene  1 29 21 1.8671901762545127 0 271.0 1.8671901762545127 1
gene  1 3 21 2.170991570570326 0 300.0 2.170991570570326 1
genomeend 10
genomestart  11
trait 1 0.0 0.0 0.687885284225863 0.0 0.0 0.0 0.0 0.0 
node 1 1 1 1
node 2 1 1 1
node 3 1 1 1
node 4 1 1 1
node 5 1 1 1
node 6 1 1 1
node 7 1 1 3
node 8 1 0 0
node 9 1 0 0
node 10 1 0 0
node 13 1 0 2
node 14 1 0 2
node 21 1 0 0
node 29 1 0 0
gene  1 1 8 4.011938925688368 0 98.0 4.011938925688368 1
gene  1 3 8 1.1789275282924256 0 100.0 1.1789275282924256 1
gene  1 5 8 -4.521894689953615 0 102.0 -4.521894689953615 1
gene  1 6 8 0.6795607322043986 0 103.0 0.6795607322043986 1
gene  1 8 8 -2.0418771256751373 1 105.0 -2.0418771256751373 1
gene  1 1 9 -2.329961942524603 0 112.0 -2.329961942524603 1
gene  1 2 9 0.8836556103960467 0 113.0 0.8836556103960467 1
gene  1 3 9 -0.4560431690346973 0 114.0 -0.4560431690346973 1
gene  1 5 9 2.8192366075556037 0 116.0 2.8192366075556037 1
gene  1 7 9 -15.160325033901874 0 118.0 -15.160325033901874 1
gene  1 9 9 0.31448915103005237 1 120.0 0.31448915103005237 1
gene  1 10 9 16.10154335958636 1 121.0 16.10154335958636 1
gene  1 13 9 3.618011630690151 1 124.0 3.618011630690151 1
gene  1 2 10 -6.60442877325228 0 127.0 -6.60442877325228 1
gene  1 4 10 -1.0210713562307143 0 129.0 -1.0210713562307143 1
gene  1 5 10 10.89665052546806 0 130.0 10.89665052546806 1
gene  1 8 10 5.271930805697709 0 133.0 5.271930805697709 1
gene  1 9 10 -13.325443356354786 0 134.0 -13.325443356354786 1
gene  1 10 10 -0.8421882870450093 1 135.0 -0.8421882870450093 1
gene  1 13 10 -0.8691374881786993 1 138.0 -0.8691374881786993 1
gene  1 14 10 0.03323856870676001 1 139.0 0.03323856870676001 1
gene  1 2 13 3.3164954021181945 0 169.0 3.3164954021181945 1
gene  1 3 13 -2.0470914682572743 0 170.0 -2.0470914682572743 1
gene  1 6 13 -5.107571966314829 0 173.0 -5.107571966314829 1
gene  1 7 13 -0.3075685544678115 0 174.0 -0.3075685544678115 1
gene  1 9 13 0.3877411429750779 0 176.0 0.3877411429750779 1
gene  1 13 13 2.2145747903461936 1 180.0 2.2145747903461936 1
gene  1 14 13 -8.293415192561291 1 181.0 -8.293415192561291 1
gene  1 1 14 -5.702519809827951 0 182.0 -5.702519809827951 1
gene  1 3 14 1.9283629893437022 0 184.0 1.9283629893437022 1
gene  1 9 14 -1.0294407534539487 0 190.0 -1.0294407534539487 1
gene  1 10 14 -1.6319561810928265 0 191.0 -1.6319561810928265 1
gene  1 1 21 0.16391869289675592 0 218.0 0.16391869289675592 1
gene  1 21 8 3.5597525427214904 0 219.0 3.5597525427214904 1
gene  1 3 10 -0.7234603397088504 0 223.0 -0.7234603397088504 1
gene  1 6 29 -0.425084413271995 0 259.0 -0.425084413271995 1
gene  1 29 8 -1.302874430219835 0 260.0 -1.302874430219835 1
gene  1 29 21 1.971532587777291 0 271.0 1.971532587777291 1
gene  1 3 21 -0.5163476617450073 0 300.0 -0.5163476617450073 1
genomeend 11
genomestart  12
trait 1 1.080830066389972 0.0 1.563145969794439 0.0 0.0 0.9629060889116104 0.2518745141043184 0.0 
node 1 1 1 1
node 2 1 1 1
node 3 1 1 1
node 4 1 1 1
node 5 1 1 1
node 6 1 1 1
node 7 1 1 3
node 13 1 0 2
node 14 1 0 2
node 42 1 0 0
gene  1 1 13 -1.611762692327782 0 168.0 -1.611762692327782 1
gene  1 2 13 0.4970757633857763 0 169.0 0.4970757633857763 0
gene  1 3 13 -2.2490111347183235 0 170.0 -2.2490111347183235 1
gene  1 4 13 -1.6990624071607954 0 171.0 -1.6990624071607954 1
gene  1 5 13 2.8258007972244106 0 172.0 2.8258007972244106 1
gene  1 6 13 -2.152496529852691 0 173.0 -2.152496529852691 1
gene  1 7 13 0.23483662693378005 0 174.0 0.23483662693378005 1
gene  1 14 13 3.2255055011187075 1 181.0 3.2255055011187075 1
gene  1 1 14 -7.564226272684227 0 182.0 -7.564226272684227 1
gene  1 2 14 10.95036448460749 0 183.0 10.95036448460749 1
gene  1 3 14 0.19638280391549273 0 184.0 0.19638280391549273 1
gene  1 13 14 -0.009283278177992793 0 194.0 -0.009283278177992793 1
gene  1 14 14 -2.8565494398994304 1 195.0 -2.8565494398994304 1
gene  1 6 14 2.3015424225263343 0 230.0 2.3015424225263343 1
gene  1 4 14 -4.482265444347619 0 312.0 -4.482265444347619 1
gene  1 2 42 0.8757236866675229 0 320.0 0.8757236866675229 1
gene  1 42 13 3.614532126002924 0 321.0 3.614532126002924 1
genomeend 12
genomestart  13
trait 1 1.080830066389972 0.0 1.563145969794439 0.0 0.0 0.9629060889116104 0.2518745141043184 0.0 
node 1 1 1 1
node 2 1 1 1
node 3 1 1 1
node 4 1 1 1
node 5 1 1 1
node 6 1 1 1
node 7 1 1 3
node 13 1 0 2
node 14 1 0 2
node 42 1 0 0
gene  1 1 13 -0.6036178090433946 0 168.0 -0.6036178090433946 1
gene  1 2 13 1.179144036347168 0 169.0 1.179144036347168 0
gene  1 3 13 -2.0151919980243664 0 170.0 -2.0151919980243664 1
gene  1 4 13 -2.0244179833605203 0 171.0 -2.0244179833605203 1
gene  1 5 13 3.4631694784898883 0 172.0 3.4631694784898883 1
gene  1 6 13 -1.8962984355768127 0 173.0 -1.8962984355768127 1
gene  1 7 13 0.9761195044417847 0 174.0 0.9761195044417847 1
gene  1 14 13 2.9167083487953933 1 181.0 2.9167083487953933 1
gene  1 1 14 -7.288128035715397 0 182.0 -7.288128035715397 1
gene  1 2 14 11.37229858991684 0 183.0 11.37229858991684 1
gene  1 3 14 1.4444034506433168 0 184.0 1.4444034506433168 1
gene  1 13 14 -0.002468326686647926 0 194.0 -0.002468326686647926 1
gene  1 14 14 2.4360059745448384 1 195.0 2.4360059745448384 1
gene  1 6 14 1.5864353213947788 0 230.0 1.5864353213947788 1
gene  1 4 14 -6.295099115276859 0 312.0 -6.295099115276859 1
gene  1 2 42 2.8474656224994606 0 320.0 2.8474656224994606 1
gene  1 42 13 -2.073796433928318 0 321.0 -2.073796433928318 1
genomeend 13
genomestart  14
trait 1 0.7543954501876767 0.0 0.0 0.0 0.0 0.7506659743992431 0.6528869165846171 0.760618498603839 
node 1 1 1 1
node 2 1 1 1
node 3 1 1 1
node 4 1 1 1
node 5 1 1 1
node 6 1 1 1
node 7 1 1 3
node 8 1 0 0
node 13 1 0 2
node 14 1 0 2
gene  1 4 8 -3.2932227065576827 0 101.0 -3.2932227065576827 1
gene  1 5 8 -4.291770643528867 0 102.0 -4.291770643528867 1
gene  1 6 8 1.686618302876937 0 103.0 1.686618302876937 1
gene  1 14 8 8.350596396438803 1 111.0 8.350596396438803 1
gene  1 1 13 -4.391356564253595 0 168.0 -4.391356564253595 1
gene  1 2 13 1.7638779640844173 0 169.0 1.7638779640844173 1
gene  1 3 13 2.808944626574676 0 170.0 2.808944626574676 1
gene  1 5 13 -0.6681425897459459 0 172.0 -0.6681425897459459 1
gene  1 7 13 -2.169151693814061 0 174.0 -2.169151693814061 1
gene  1 14 13 -0.14820868267313592 1 181.0 -0.14820868267313592 1
gene  1 1 14 2.065195283658576 0 182.0 2.065195283658576 1
gene  1 2 14 -2.2480175318796904 0 183.0 -2.2480175318796904 1
gene  1 3 14 -8.772477613679362 0 184.0 -8.772477613679362 1
gene  1 4 14 4.8817547337511025 0 185.0 4.8817547337511025 1
gene  1 8 14 -7.231630489001727 0 189.0 -7.231630489001727 1
gene  1 14 14 -3.1350413429250548 1 195.0 -3.1350413429250548 1
gene  1 6 14 -0.700678955728477 0 240.0 -0.700678955728477 1
gene  1 8 13 1.7246819110116127 0 311.0 1.7246819110116127 1
gene  1 14 13 7.877865149451692 0 322.0 7.877865149451692 1
genomeend 14
genomestart  15
trait 1 0.7543954501876767 0.0 0.0 0.0 0.0 0.7506659743992431 0.6528869165846171 0.760618498603839 
node 1 1 1 1
node 2 1 1 1
node 3 1 1 1
node 4 1 1 1
node 5 1 1 1
node 6 1 1 1
node 7 1 1 3
node 8 1 0 0
node 13 1 0 2
node 14 1 0 2
gene  1 4 8 -3.8248994458058165 0 101.0 -3.8248994458058165 1
gene  1 5 8 -5.968054038307871 0 102.0 -5.968054038307871 1
gene  1 6 8 0.1559060035083285 0 103.0 0.1559060035083285 1
gene  1 14 8 6.248256427940941 1 111.0 6.248256427940941 1
gene  1 1 13 -0.7438667769117946 0 168.0 -0.7438667769117946 1
gene  1 2 13 2.810334710819693 0 169.0 2.810334710819693 1
gene  1 3 13 3.584975307508169 0 170.0 3.584975307508169 1
gene  1 5 13 7.145159812975852 0 172.0 7.145159812975852 1
gene  1 7 13 -3.0211646926480995 0 174.0 -3.0211646926480995 1
gene  1 14 13 -1.1526505240687908 1 181.0 -1.1526505240687908 1
gene  1 1 14 4.293565345832015 0 182.0 4.293565345832015 1
gene  1 2 14 -0.8088842242272318 0 183.0 -0.8088842242272318 1
gene  1 3 14 -9.405016814282238 0 184.0 -9.405016814282238 1
gene  1 4 14 3.196620746816374 0 185.0 3.196620746816374 1
gene  1 8 14 -7.842861748380639 0 189.0 -7.842861748380639 1
gene  1 14 14 -1.2412592795639896 1 195.0 -1.2412592795639896 1
gene  1 6 14 -0.39728945366966645 0 240.0 -0.39728945366966645 1
gene  1 8 13 0.6426667588462252 0 311.0 0.6426667588462252 1
gene  1 14 13 6.06198492024712 0 322.0 6.06198492024712 1
genomeend 15
genomestart  16
trait 1 0.7543954501876767 0.0 0.0 0.0 0.0 0.7506659743992431 0.6528869165846171 0.760618498603839 
node 1 1 1 1
node 2 1 1 1
node 3 1 1 1
node 4 1 1 1
node 5 1 1 1
node 6 1 1 1
node 7 1 1 3
node 8 1 0 0
node 13 1 0 2
node 14 1 0 2
gene  1 4 8 -5.330044778060715 0 101.0 -5.330044778060715 1
gene  1 5 8 -5.59206338676587 0 102.0 -5.59206338676587 1
gene  1 6 8 -0.473720539151683 0 103.0 -0.473720539151683 1
gene  1 14 8 6.600316812741812 1 111.0 6.600316812741812 1
gene  1 1 13 1.2943995075076575 0 168.0 1.2943995075076575 1
gene  1 2 13 -0.3218195209013211 0 169.0 -0.3218195209013211 1
gene  1 3 13 1.5248761253696896 0 170.0 1.5248761253696896 1
gene  1 5 13 0.2751523675078382 0 172.0 0.2751523675078382 1
gene  1 7 13 -3.2917663601292992 0 174.0 -3.2917663601292992 1
gene  1 14 13 -1.030901618057361 1 181.0 -1.030901618057361 1
gene  1 1 14 3.056545911517042 0 182.0 3.056545911517042 1
gene  1 2 14 -1.860709915456254 0 183.0 -1.860709915456254 1
gene  1 3 14 -10.159448915207715 0 184.0 -10.159448915207715 1
gene  1 4 14 0.8590369942085019 0 185.0 0.8590369942085019 1
gene  1 8 14 -7.539407310132696 0 189.0 -7.539407310132696 1
gene  1 14 14 -2.370976396891955 1 195.0 -2.370976396891955 1
gene  1 6 14 -0.8612340717107523 0 240.0 -0.8612340717107523 1
gene  1 8 13 6.054376201787251 0 311.0 6.054376201787251 1
gene  1 14 13 5.846651824974692 0 322.0 5.846651824974692 1
genomeend 16
genomestart  17
trait 1 0.7543954501876767 0.0 0.0 0.0 0.0 0.7506659743992431 0.6528869165846171 0.760618498603839 
node 1 1 1 1
node 2 1 1 1
node 3 1 1 1
node 4 1 1 1
node 5 1 1 1
node 6 1 1 1
node 7 1 1 3
node 8 1 0 0
node 13 1 0 2
node 14 1 0 2
gene  1 4 8 -4.923317602697774 0 101.0 -4.923317602697774 1
gene  1 5 8 -4.3388140893165685 0 102.0 -4.3388140893165685 1
gene  1 6 8 -0.24037471150574252 0 103.0 -0.24037471150574252 1
gene  1 14 8 4.789066408811127 1 111.0 4.789066408811127 1
gene  1 1 13 -2.2961194591237923 0 168.0 -2.2961194591237923 1
gene  1 2 13 1.9882810118866305 0 169.0 1.9882810118866305 1
gene  1 3 13 0.09914483233913463 0 170.0 0.09914483233913463 1
gene  1 5 13 7.195963964055212 0 172.0 7.195963964055212 1
gene  1 7 13 0.23525738695961307 0 174.0 0.23525738695961307 1
gene  1 14 13 -0.42252399419785425 1 181.0 -0.42252399419785425 1
gene  1 1 14 -0.7520105323173973 0 182.0 -0.7520105323173973 1
gene  1 2 14 0.3318307024337505 0 183.0 0.3318307024337505 1
gene  1 3 14 -0.7869652010716046 0 184.0 -0.7869652010716046 1
gene  1 4 14 5.589237595609999 0 185.0 5.589237595609999 1
gene  1 8 14 -4.914802231690157 0 189.0 -4.914802231690157 1
gene  1 14 14 -2.370976396891955 1 195.0 -2.370976396891955 1
gene  1 6 14 -0.9769103376551598 0 240.0 -0.9769103376551598 1
gene  1 8 13 2.293760124916889 0 311.0 2.293760124916889 1
gene  1 14 13 8.346683346203744 0 322.0 8.346683346203744 1
genomeend 17
genomestart  18
trait 1 0.8225567813410785 1.2140246672840036 0.7816155317589891 0.49951333318806035 0.760472394127403 0.9742749841765682 0.16709809669901776 0.20144182840303793 
node 1 1 1 1
node 2 1 1 1
node 3 1 1 1
node 4 1 1 1
node 5 1 1 1
node 6 1 1 1
node 7 1 1 3
node 8 1 0 0
node 9 1 0 0
node 10 1 0 0
node 11 1 0 0
node 12 1 0 0
node 13 1 0 2
node 14 1 0 2
node 27 1 0 0
node 34 1 0 0
node 40 1 0 0
gene  1 1 8 -3.4658988507644675 0 98.0 -3.4658988507644675 1
gene  1 3 8 1.1347241139527309 0 100.0 1.1347241139527309 1
gene  1 4 8 -1.0205083238730897 0 101.0 -1.0205083238730897 1
gene  1 6 8 -1.3819953418199944 0 103.0 -1.3819953418199944 1
gene  1 8 8 2.3428265754036572 1 105.0 2.3428265754036572 0
gene  1 10 8 1.2535196688972285 1 107.0 1.2535196688972285 1
gene  1 3 9 -4.3743531264017514 0 114.0 -4.3743531264017514 1
gene  1 6 9 1.7037734982616861 0 117.0 1.7037734982616861 1
gene  1 8 9 -1.4448249675031626 0 119.0 -1.4448249675031626 1
gene  1 10 9 -0.8809194616598642 1 121.0 -0.8809194616598642 1
gene  1 11 9 -2.7019432128173726 1 122.0 -2.7019432128173726 1
gene  1 13 9 -3.4372028942506483 1 124.0 -3.4372028942506483 1
gene  1 14 9 0.7428595956517339 1 125.0 0.7428595956517339 1
gene  1 1 10 -0.6393668732091257 0 126.0 -0.6393668732091257 1
gene  1 3 10 5.843840409437386 0 128.0 5.843840409437386 1
gene  1 4 10 -4.486042026699321 0 129.0 -4.486042026699321 1
gene  1 5 10 0.4781525814414324 0 130.0 0.4781525814414324 1
gene  1 9 10 7.803701949145771 0 134.0 7.803701949145771 1
gene  1 13 10 0.8053678740685069 1 138.0 0.8053678740685069 1
gene  1 1 11 -0.9474625385469793 0 140.0 -0.9474625385469793 1
gene  1 3 11 -4.601578003067901 0 142.0 -4.601578003067901 1
gene  1 5 11 -0.9211736278808225 0 144.0 -0.9211736278808225 1
gene  1 9 11 4.80020518234571 0 148.0 4.80020518234571 1
gene  1 10 11 -5.079490899918666 0 149.0 -5.079490899918666 1
gene  1 12 11 -1.8104877190836908 1 151.0 -1.8104877190836908 1
gene  1 14 11 -1.7327545359721734 1 153.0 -1.7327545359721734 1
gene  1 2 12 0.15454467965136343 0 155.0 0.15454467965136343 1
gene  1 4 12 0.07186303855671344 0 157.0 0.07186303855671344 1
gene  1 6 12 2.6544011551447513 0 159.0 2.6544011551447513 1
gene  1 7 12 -1.912786020984792 0 160.0 -1.912786020984792 1
gene  1 9 12 3.3897926006517443 0 162.0 3.3897926006517443 1
gene  1 10 12 -3.8426508846929366 0 163.0 -3.8426508846929366 1
gene  1 12 12 0.3877496939637919 1 165.0 0.3877496939637919 1
gene  1 14 12 0.6528399279795807 1 167.0 0.6528399279795807 1
gene  1 1 13 -1.2332391415626367 0 168.0 -1.2332391415626367 1
gene  1 3 13 -6.492441573847211 0 170.0 -6.492441573847211 1
gene  1 4 13 0.3116438103751602 0 171.0 0.3116438103751602 1
gene  1 6 13 3.5570813259536784 0 173.0 3.5570813259536784 1
gene  1 8 13 -3.006407132055945 0 175.0 -3.006407132055945 1
gene  1 9 13 -0.8816784918340598 0 176.0 -0.8816784918340598 1
gene  1 8 14 1.2284472778647921 0 189.0 1.2284472778647921 1
gene  1 11 14 -1.2235046959174656 0 192.0 -1.2235046959174656 1
gene  1 5 8 2.306746147765769 0 235.0 2.306746147765769 1
gene  1 1 27 1.0148960193637109 0 241.0 1.0148960193637109 1
gene  1 27 8 1.6056712289345088 0 242.0 1.6056712289345088 1
gene  1 9 34 0.7414547187842877 0 272.0 0.7414547187842877 1
gene  1 34 11 3.316050500219485 0 273.0 3.316050500219485 1
gene  1 5 13 3.9938512187238935 0 277.0 3.9938512187238935 1
gene  1 12 14 -0.4543921072228265 0 296.0 -0.4543921072228265 1
gene  1 8 40 2.6464491885673658 1 308.0 2.6464491885673658 1
gene  1 40 8 -4.800000280861733 0 309.0 -4.800000280861733 1
genomeend 18
genomestart  19
trait 1 0.8225567813410785 1.2140246672840036 0.7816155317589891 0.49951333318806035 0.760472394127403 0.9742749841765682 0.16709809669901776 0.20144182840303793 
node 1 1 1 1
node 2 1 1 1
node 3 1 1 1
node 4 1 1 1
node 5 1 1 1
node 6 1 1 1
node 7 1 1 3
node 8 1 0 0
node 9 1 0 0
node 10 1 0 0
node 11 1 0 0
node 12 1 0 0
node 13 1 0 2
node 14 1 0 2
node 27 1 0 0
node 34 1 0 0
node 40 1 0 0
gene  1 1 8 -0.5841627795236832 0 98.0 -0.5841627795236832 1
gene  1 3 8 0.8245671169283284 0 100.0 0.8245671169283284 1
gene  1 4 8 -1.2595884643644764 0 101.0 -1.2595884643644764 1
gene  1 6 8 0.7177631128438036 0 103.0 0.7177631128438036 1
gene  1 8 8 4.949734827885679 1 105.0 4.949734827885679 0
gene  1 10 8 8.31384733346929 1 107.0 8.31384733346929 1
gene  1 3 9 -3.0176112437844527 0 114.0 -3.0176112437844527 1
gene  1 6 9 3.0252869109423264 0 117.0 3.0252869109423264 1
gene  1 8 9 -0.09414848909872847 0 119.0 -0.09414848909872847 1
gene  1 10 9 -4.069646265647414 1 121.0 -4.069646265647414 1
gene  1 11 9 -5.589731586368359 1 122.0 -5.589731586368359 1
gene  1 13 9 -1.2612090134286074 1 124.0 -1.2612090134286074 1
gene  1 14 9 3.164998644538626 1 125.0 3.164998644538626 1
gene  1 1 10 -2.8319337566345486 0 126.0 -2.8319337566345486 1
gene  1 3 10 8.31480110396342 0 128.0 8.31480110396342 1
gene  1 4 10 -2.6785522603769842 0 129.0 -2.6785522603769842 1
gene  1 5 10 2.8937813339605594 0 130.0 2.8937813339605594 1
gene  1 9 10 12.350667916890309 0 134.0 12.350667916890309 1
gene  1 13 10 1.3350479527710872 1 138.0 1.3350479527710872 1
gene  1 1 11 0.7790383213995322 0 140.0 0.7790383213995322 1
gene  1 3 11 -5.342637049698665 0 142.0 -5.342637049698665 1
gene  1 5 11 0.22158169062368072 0 144.0 0.22158169062368072 1
gene  1 9 11 8.701318256094346 0 148.0 8.701318256094346 1
gene  1 10 11 -6.1647972373254625 0 149.0 -6.1647972373254625 1
gene  1 12 11 0.49617102065758795 1 151.0 0.49617102065758795 1
gene  1 14 11 0.4042282693771466 1 153.0 0.4042282693771466 1
gene  1 2 12 1.9783707995806674 0 155.0 1.9783707995806674 1
gene  1 4 12 -0.6056104967881784 0 157.0 -0.6056104967881784 1
gene  1 6 12 3.79969779700696 0 159.0 3.79969779700696 1
gene  1 7 12 -2.0815532245512163 0 160.0 -2.0815532245512163 1
gene  1 9 12 1.4356862500566727 0 162.0 1.4356862500566727 1
gene  1 10 12 -1.621554182927441 0 163.0 -1.621554182927441 1
gene  1 12 12 -1.5337245756205449 1 165.0 -1.5337245756205449 1
gene  1 14 12 3.9259696855763107 1 167.0 3.9259696855763107 1
gene  1 1 13 0.9044391603229074 0 168.0 0.9044391603229074 1
gene  1 3 13 -7.958709804305361 0 170.0 -7.958709804305361 1
gene  1 4 13 0.31342295119962227 0 171.0 0.31342295119962227 1
gene  1 6 13 3.365848901121495 0 173.0 3.365848901121495 1
gene  1 8 13 -2.032088305669739 0 175.0 -2.032088305669739 1
gene  1 9 13 1.1323468916766524 0 176.0 1.1323468916766524 1
gene  1 8 14 -1.02355280206138 0 189.0 -1.02355280206138 1
gene  1 11 14 -1.4932024628275218 0 192.0 -1.4932024628275218 1
gene  1 5 8 1.1742294951431382 0 235.0 1.1742294951431382 1
gene  1 1 27 2.3855047478612783 0 241.0 2.3855047478612783 1
gene  1 27 8 1.7043349489439943 0 242.0 1.7043349489439943 1
gene  1 9 34 3.1194216100248333 0 272.0 3.1194216100248333 1
gene  1 34 11 0.27569394689360904 0 273.0 0.27569394689360904 1
gene  1 5 13 5.885434840045278 0 277.0 5.885434840045278 1
gene  1 12 14 1.3459684941269976 0 296.0 1.3459684941269976 1
gene  1 8 40 4.984280351481941 1 308.0 4.984280351481941 1
gene  1 40 8 -4.1106983900485226 0 309.0 -4.1106983900485226 1
genomeend 19
