genomestart  0
trait 1 0.0 0.29964541126798605 0.0 0.0 0.0 0.0 0.08354904834950888 0.0 
node 1 1 1 1
node 2 1 1 1
node 3 1 1 1
node 4 1 1 1
node 5 1 1 1
node 6 1 1 1
node 7 1 1 3
node 13 1 0 2
node 14 1 0 2
node 19 1 0 0
node 33 1 0 0
gene  1 1 13 -2.960580755883724 0 168.0 -2.960580755883724 1
gene  1 3 13 -0.7697316000466821 0 170.0 -0.7697316000466821 1
gene  1 5 13 -7.2962859531635615 0 172.0 -7.2962859531635615 0
gene  1 6 13 -10.689578901580397 0 173.0 -10.689578901580397 1
gene  1 14 13 2.794470448138094 1 181.0 2.794470448138094 1
gene  1 1 14 4.22007396178504 0 182.0 4.22007396178504 1
gene  1 2 14 -6.45340048424856 0 183.0 -6.45340048424856 1
gene  1 4 14 -0.6807041869185866 0 185.0 -0.6807041869185866 1
gene  1 5 14 3.1482424441623005 0 186.0 3.1482424441623005 1
gene  1 6 14 -4.88592162075796 0 187.0 -4.88592162075796 1
gene  1 7 14 -2.993244246357799 0 188.0 -2.993244246357799 1
gene  1 13 14 -2.2713732351508042 0 194.0 -2.2713732351508042 1
gene  1 14 14 -4.794224137535215 1 195.0 -4.794224137535215 0
gene  1 5 19 0.7617839825422559 0 213.0 0.7617839825422559 1
gene  1 19 13 -1.1341967153743187 0 214.0 -1.1341967153743187 1
gene  1 2 13 10.303280884585806 0 243.0 10.303280884585806 1
gene  1 6 19 -4.926926608712444 0 257.0 -4.926926608712444 1
gene  1 19 14 0.31354637375870964 0 267.0 0.31354637375870964 1
gene  1 14 33 -2.184878795514715 1 268.0 -2.184878795514715 1
gene  1 33 14 -0.8234897294919059 0 269.0 -0.8234897294919059 1
genomeend 0
genomestart  1
trait 1 0.0 0.29964541126798605 0.0 0.0 0.0 0.0 0.08354904834950888 0.0 
node 1 1 1 1
node 2 1 1 1
node 3 1 1 1
node 4 1 1 1
node 5 1 1 1
node 6 1 1 1
node 7 1 1 3
node 13 1 0 2
node 14 1 0 2
node 19 1 0 0
node 33 1 0 0
gene  1 1 13 -3.5886042779181353 0 168.0 -3.5886042779181353 1
gene  1 3 13 -1.756470150131265 0 170.0 -1.756470150131265 1
gene  1 5 13 -7.654946865474049 0 172.0 -7.654946865474049 0
gene  1 6 13 -9.38484940205649 0 173.0 -9.38484940205649 1
gene  1 14 13 2.0899712236256027 1 181.0 2.0899712236256027 1
gene  1 1 14 2.3266268143190088 0 182.0 2.3266268143190088 1
gene  1 2 14 -4.431111566906971 0 183.0 -4.431111566906971 1
gene  1 4 14 -2.1295630555841987 0 185.0 -2.1295630555841987 1
gene  1 5 14 1.3454638876377294 0 186.0 1.3454638876377294 1
gene  1 6 14 -4.322406364526119 0 187.0 -4.322406364526119 1
gene  1 7 14 -2.9110336016354355 0 188.0 -2.9110336016354355 1
gene  1 13 14 0.8516108618191962 0 194.0 0.8516108618191962 1
gene  1 14 14 -0.30356570812991507 1 195.0 -0.30356570812991507 0
gene  1 5 19 2.1235787042468406 0 213.0 2.1235787042468406 1
gene  1 19 13 -0.780179898292575 0 214.0 -0.780179898292575 1
gene  1 2 13 10.092210208386938 0 243.0 10.092210208386938 1
gene  1 6 19 -5.541066521031176 0 257.0 -5.541066521031176 1
gene  1 19 14 -0.36138848460883133 0 267.0 -0.36138848460883133 1
gene  1 14 33 -1.0313698436303746 1 268.0 -1.0313698436303746 1
gene  1 33 14 -1.7880482786925087 0 269.0 -1.7880482786925087 1
genomeend 1
genomestart  2
trait 1 0.38509797114028876 1.1306295992632984 0.0 0.17101181944213528 0.0 0.0 0.0 1.0208282639679993 
node 1 1 1 1
node 2 1 1 1
node 3 1 1 1
node 4 1 1 1
node 5 1 1 1
node 6 1 1 1
node 7 1 1 3
node 13 1 0 2
node 14 1 0 2
node 24 1 0 0
gene  1 2 13 -4.897653229852409 0 169.0 -4.897653229852409 1
gene  1 3 13 -2.9606464613374808 0 170.0 -2.9606464613374808 1
gene  1 4 13 -2.450681505262664 0 171.0 -2.450681505262664 1
gene  1 6 13 5.2954491859430295 0 173.0 5.2954491859430295 1
gene  1 7 13 1.2988773040176012 0 174.0 1.2988773040176012 1
gene  1 13 13 -3.701604825200529 1 180.0 -3.701604825200529 1
gene  1 1 14 1.1808577054943885 0 182.0 1.1808577054943885 1
gene  1 2 14 3.2672297607457943 0 183.0 3.2672297607457943 1
gene  1 5 14 0.5366013020506986 0 186.0 0.5366013020506986 1
gene  1 6 14 -3.721168102106207 0 187.0 -3.721168102106207 1
gene  1 7 14 2.417873603311092 0 188.0 2.417873603311092 1
gene  1 13 14 4.517858190862896 0 194.0 4.517858190862896 1
gene  1 14 14 -3.311684437987443 1 195.0 -3.311684437987443 1
gene  1 2 24 1.3900475978257452 0 226.0 1.3900475978257452 1
gene  1 24 13 2.277467814243512 0 227.0 2.277467814243512 1
gene  1 7 24 1.989705463565361 0 245.0 1.989705463565361 1
gene  1 1 24 0.5644474854675876 0 249.0 0.5644474854675876 1
gene  1 4 14 3.3853752741377416 0 280.0 3.3853752741377416 1
genomeend 2
genomestart  3
trait 1 0.38509797114028876 1.1306295992632984 0.0 0.17101181944213528 0.0 0.0 0.0 1.0208282639679993 
node 1 1 1 1
node 2 1 1 1
node 3 1 1 1
node 4 1 1 1
node 5 1 1 1
node 6 1 1 1
node 7 1 1 3
node 13 1 0 2
node 14 1 0 2
node 24 1 0 0
gene  1 2 13 -6.0515756793407265 0 169.0 -6.0515756793407265 1
gene  1 3 13 -2.14271542852359 0 170.0 -2.14271542852359 1
gene  1 4 13 -4.523894070782038 0 171.0 -4.523894070782038 1
gene  1 6 13 3.0537348831738287 0 173.0 3.0537348831738287 1
gene  1 7 13 0.024661798873400587 0 174.0 0.024661798873400587 1
gene  1 13 13 -1.765197078530488 1 180.0 -1.765197078530488 1
gene  1 1 14 2.990803255337056 0 182.0 2.990803255337056 1
gene  1 2 14 3.4057600508417947 0 183.0 3.4057600508417947 1
gene  1 5 14 -0.7968802983534105 0 186.0 -0.7968802983534105 1
gene  1 6 14 -2.406859773424941 0 187.0 -2.406859773424941 1
gene  1 7 14 1.9685756185572054 0 188.0 1.9685756185572054 1
gene  1 13 14 5.183347888338626 0 194.0 5.183347888338626 1
gene  1 14 14 -3.676915969738508 1 195.0 -3.676915969738508 1
gene  1 2 24 2.5986989705442873 0 226.0 2.5986989705442873 1
gene  1 24 13 1.3307558344220398 0 227.0 1.3307558344220398 1
gene  1 7 24 1.989705463565361 0 245.0 1.989705463565361 1
gene  1 1 24 0.5644474854675876 0 249.0 0.5644474854675876 1
gene  1 4 14 1.4401361104980872 0 280.0 1.4401361104980872 1
genomeend 3
genomestart  4
trait 1 0.38509797114028876 1.1306295992632984 0.0 0.17101181944213528 0.0 0.0 0.0 1.0208282639679993 
node 1 1 1 1
node 2 1 1 1
node 3 1 1 1
node 4 1 1 1
node 5 1 1 1
node 6 1 1 1
node 7 1 1 3
node 13 1 0 2
node 14 1 0 2
node 24 1 0 0
gene  1 2 13 -6.992086555950424 0 169.0 -6.992086555950424 1
gene  1 3 13 -3.3440982521134406 0 170.0 -3.3440982521134406 1
gene  1 4 13 -2.9181369295465673 0 171.0 -2.9181369295465673 1
gene  1 6 13 5.444836222331539 0 173.0 5.444836222331539 1
gene  1 7 13 1.2988773040176012 0 174.0 1.2988773040176012 1
gene  1 13 13 -4.488873784909959 1 180.0 -4.488873784909959 1
gene  1 1 14 2.5156480799017915 0 182.0 2.5156480799017915 1
gene  1 2 14 5.4898721875271175 0 183.0 5.4898721875271175 1
gene  1 5 14 0.6582699138572301 0 186.0 0.6582699138572301 1
gene  1 6 14 -1.546547857955098 0 187.0 -1.546547857955098 1
gene  1 7 14 4.504820251452002 0 188.0 4.504820251452002 1
gene  1 13 14 3.2349162593428846 0 194.0 3.2349162593428846 1
gene  1 14 14 -2.377672621526104 1 195.0 -2.377672621526104 1
gene  1 2 24 2.121679327942937 0 226.0 2.121679327942937 1
gene  1 24 13 1.1294671433789438 0 227.0 1.1294671433789438 1
gene  1 7 24 1.8914292259691332 0 245.0 1.8914292259691332 1
gene  1 1 24 1.9006508055618814 0 249.0 1.9006508055618814 1
gene  1 4 14 -0.70860031270197 0 280.0 -0.70860031270197 1
genomeend 4
genomestart  5
trait 1 0.9658100958370718 0.5527206392592479 1.7535517816909252 0.0 0.0 1.5188178498138516 0.7279373662985449 0.0 
node 1 1 1 1
node 2 1 1 1
node 3 1 1 1
node 4 1 1 1
node 5 1 1 1
node 6 1 1 1
node 7 1 1 3
node 8 1 0 0
node 9 1 0 0
node 10 1 0 0
node 11 1 0 0
node 13 1 0 2
node 14 1 0 2
gene  1 2 8 -2.403750349707625 0 99.0 -2.403750349707625 1
gene  1 6 8 -0.3834052854214434 0 103.0 -0.3834052854214434 1
gene  1 8 8 5.779688335743888 1 105.0 5.779688335743888 1
gene  1 9 8 -2.341383987191327 1 106.0 -2.341383987191327 1
gene  1 10 8 -0.25397484898984235 1 107.0 -0.25397484898984235 1
gene  1 11 8 3.346199747315965 1 108.0 3.346199747315965 1
gene  1 13 8 1.1920352016810198 1 110.0 1.1920352016810198 1
gene  1 14 8 5.555132159459466 1 111.0 5.555132159459466 1
gene  1 1 9 0.83311396216461 0 112.0 0.83311396216461 1
gene  1 2 9 3.9632760678847267 0 113.0 3.9632760678847267 1
gene  1 3 9 -4.318043687767078 0 114.0 -4.318043687767078 1
gene  1 6 9 0.6781889363572966 0 117.0 0.6781889363572966 1
gene  1 7 9 -0.6918756748070206 0 118.0 -0.6918756748070206 1
gene  1 8 9 3.250117186240681 0 119.0 3.250117186240681 1
gene  1 9 9 -1.3379376181626532 1 120.0 -1.3379376181626532 1
gene  1 11 9 -6.414523814413686 1 122.0 -6.414523814413686 1
gene  1 13 9 0.14775319830016476 1 124.0 0.14775319830016476 1
gene  1 14 9 -1.0966479765713397 1 125.0 -1.0966479765713397 1
gene  1 1 10 -1.5089605309761895 0 126.0 -1.5089605309761895 1
gene  1 3 10 1.555523084682802 0 128.0 1.555523084682802 1
gene  1 4 10 -0.7392287869582237 0 129.0 -0.7392287869582237 1
gene  1 5 10 -9.577891279411896 0 130.0 -9.577891279411896 1
gene  1 6 10 -3.7904681674958427 0 131.0 -3.7904681674958427 1
gene  1 10 10 -2.364561818918733 1 135.0 -2.364561818918733 1
gene  1 11 10 -1.5325908707375258 1 136.0 -1.5325908707375258 1
gene  1 14 10 -4.26947933209356 1 139.0 -4.26947933209356 1
gene  1 1 11 6.362966679396848 0 140.0 6.362966679396848 1
gene  1 3 11 0.8043604948218193 0 142.0 0.8043604948218193 1
gene  1 5 11 1.9410039723747226 0 144.0 1.9410039723747226 1
gene  1 6 11 3.088917417104694 0 145.0 3.088917417104694 1
gene  1 7 11 1.8217795577615123 0 146.0 1.8217795577615123 1
gene  1 8 11 0.014873677199866209 0 147.0 0.014873677199866209 1
gene  1 9 11 6.117979708292602 0 148.0 6.117979708292602 1
gene  1 10 11 2.3956230913251457 0 149.0 2.3956230913251457 1
gene  1 11 11 2.589418750431895 1 150.0 2.589418750431895 1
gene  1 1 13 -8.093077256076938 0 168.0 -8.093077256076938 1
gene  1 2 13 5.429410834860382 0 169.0 5.429410834860382 1
gene  1 3 13 -1.9355944509741738 0 170.0 -1.9355944509741738 1
gene  1 7 13 6.132901304929567 0 174.0 6.132901304929567 1
gene  1 11 13 3.542336645085416 0 178.0 3.542336645085416 1
gene  1 13 13 8.146101402594628 1 180.0 8.146101402594628 1
gene  1 2 14 2.07344909548291 0 183.0 2.07344909548291 1
gene  1 3 14 1.0229688942841988 0 184.0 1.0229688942841988 1
gene  1 4 14 -3.1695241378137617 0 185.0 -3.1695241378137617 1
gene  1 7 14 0.31867018550369697 0 188.0 0.31867018550369697 1
gene  1 8 14 -0.8123915064023659 0 189.0 -0.8123915064023659 1
gene  1 10 14 -0.9731527082704863 0 191.0 -0.9731527082704863 1
gene  1 13 14 0.31775975149529856 0 194.0 0.31775975149529856 1
gene  1 5 13 1.2877232287920792 0 198.0 1.2877232287920792 1
gene  1 4 9 -2.0504211804275236 0 200.0 -2.0504211804275236 1
gene  1 8 13 -4.348499936040819 0 248.0 -4.348499936040819 1
gene  1 7 10 1.7003473949263015 0 270.0 1.7003473949263015 1
gene  1 9 10 -7.964894378849165 0 274.0 -7.964894378849165 1
genomeend 5
genomestart  6
trait 1 0.9658100958370718 0.5527206392592479 1.7535517816909252 0.0 0.0 1.5188178498138516 0.7279373662985449 0.0 
node 1 1 1 1
node 2 1 1 1
node 3 1 1 1
node 4 1 1 1
node 5 1 1 1
node 6 1 1 1
node 7 1 1 3
node 8 1 0 0
node 9 1 0 0
node 10 1 0 0
node 11 1 0 0
node 13 1 0 2
node 14 1 0 2
gene  1 2 8 -3.2629884413187105 0 99.0 -3.2629884413187105 1
gene  1 6 8 -0.5820157692352779 0 103.0 -0.5820157692352779 1
gene  1 8 8 3.5515621524358956 1 105.0 3.5515621524358956 1
gene  1 9 8 -2.7749912168678907 1 106.0 -2.7749912168678907 1
gene  1 10 8 -4.913266132282742 1 107.0 -4.913266132282742 1
gene  1 11 8 4.037582092393069 1 108.0 4.037582092393069 1
gene  1 13 8 2.024104138809208 1 110.0 2.024104138809208 1
gene  1 14 8 6.303582056053724 1 111.0 6.303582056053724 1
gene  1 1 9 -2.200959808386348 0 112.0 -2.200959808386348 1
gene  1 2 9 6.830791561474213 0 113.0 6.830791561474213 1
gene  1 3 9 -2.6174514143359713 0 114.0 -2.6174514143359713 1
gene  1 6 9 0.5438260097768342 0 117.0 0.5438260097768342 1
gene  1 7 9 -0.17150588779814813 0 118.0 -0.17150588779814813 1
gene  1 8 9 0.9656635738538069 0 119.0 0.9656635738538069 1
gene  1 9 9 -4.098928246126139 1 120.0 -4.098928246126139 1
gene  1 11 9 -7.492350360756667 1 122.0 -7.492350360756667 1
gene  1 13 9 2.1242284355233165 1 124.0 2.1242284355233165 1
gene  1 14 9 -0.814353533252119 1 125.0 -0.814353533252119 1
gene  1 1 10 2.1334125378450146 0 126.0 2.1334125378450146 1
gene  1 3 10 3.963683578333077 0 128.0 3.963683578333077 1
gene  1 4 10 -2.252751310746052 0 129.0 -2.252751310746052 1
gene  1 5 10 -9.197941761271563 0 130.0 -9.197941761271563 1
gene  1 6 10 -2.1141249329747525 0 131.0 -2.1141249329747525 1
gene  1 10 10 -0.5264394901218806 1 135.0 -0.5264394901218806 1
gene  1 11 10 -0.4187093063051399 1 136.0 -0.4187093063051399 1
gene  1 14 10 -2.140628749585808 1 139.0 -2.140628749585808 1
gene  1 1 11 8.710191049025749 0 140.0 8.710191049025749 1
gene  1 3 11 0.14980473921724036 0 142.0 0.14980473921724036 1
gene  1 5 11 -0.04761614679764059 0 144.0 -0.04761614679764059 1
gene  1 6 11 3.648495648385022 0 145.0 3.648495648385022 1
gene  1 7 11 -0.4770438881517297 0 146.0 -0.4770438881517297 1
gene  1 8 11 -2.9337544555302095 0 147.0 -2.9337544555302095 1
gene  1 9 11 5.708135311006503 0 148.0 5.708135311006503 1
gene  1 10 11 2.174892928927237 0 149.0 2.174892928927237 1
gene  1 11 11 0.5217589533878181 1 150.0 0.5217589533878181 1
gene  1 1 13 2.1444340405666202 0 168.0 2.1444340405666202 1
gene  1 2 13 4.275931032459548 0 169.0 4.275931032459548 1
gene  1 3 13 0.5323683131451669 0 170.0 0.5323683131451669 1
gene  1 7 13 -0.011648229259684506 0 174.0 -0.011648229259684506 1
gene  1 11 13 1.8400579339484677 0 178.0 1.8400579339484677 1
gene  1 13 13 8.358681761418975 1 180.0 8.358681761418975 1
gene  1 2 14 1.800307558815844 0 183.0 1.800307558815844 1
gene  1 3 14 3.1851335928496987 0 184.0 3.1851335928496987 1
gene  1 4 14 -5.710063574555278 0 185.0 -5.710063574555278 1
gene  1 7 14 1.9472385078616783 0 188.0 1.9472385078616783 1
gene  1 8 14 0.8559305356485342 0 189.0 0.8559305356485342 1
gene  1 10 14 3.617888584444727 0 191.0 3.617888584444727 1
gene  1 13 14 4.829744861746605 0 194.0 4.829744861746605 1
gene  1 5 13 4.618408767078149 0 198.0 4.618408767078149 1
gene  1 4 9 -1.1981332343353701 0 200.0 -1.1981332343353701 1
gene  1 8 13 -2.78294558315895 0 248.0 -2.78294558315895 1
gene  1 7 10 -9.009709517620898 0 270.0 -9.009709517620898 1
gene  1 9 10 -9.080531939873941 0 274.0 -9.080531939873941 1
genomeend 6
genomestart  7
trait 1 0.9658100958370718 0.5527206392592479 1.7535517816909252 0.0 0.0 1.5188178498138516 0.7279373662985449 0.0 
node 1 1 1 1
node 2 1 1 1
node 3 1 1 1
node 4 1 1 1
node 5 1 1 1
node 6 1 1 1
node 7 1 1 3
node 8 1 0 0
node 9 1 0 0
node 10 1 0 0
node 11 1 0 0
node 13 1 0 2
node 14 1 0 2
gene  1 2 8 0.10109183489362583 0 99.0 0.10109183489362583 1
gene  1 6 8 0.5310962855569532 0 103.0 0.5310962855569532 1
gene  1 8 8 2.802382455487157 1 105.0 2.802382455487157 1
gene  1 9 8 -4.574832246725972 1 106.0 -4.574832246725972 1
gene  1 10 8 -0.48502699821037365 1 107.0 -0.48502699821037365 1
gene  1 11 8 3.1637095316039905 1 108.0 3.1637095316039905 1
gene  1 13 8 -0.1464495631410656 1 110.0 -0.1464495631410656 1
gene  1 14 8 2.6824655807013844 1 111.0 2.6824655807013844 1
gene  1 1 9 -2.3965732876459853 0 112.0 -2.3965732876459853 1
gene  1 2 9 6.1576624113046625 0 113.0 6.1576624113046625 1
gene  1 3 9 -1.596973462967178 0 114.0 -1.596973462967178 1
gene  1 6 9 -0.9730734767670457 0 117.0 -0.9730734767670457 1
gene  1 7 9 -0.8339057699617838 0 118.0 -0.8339057699617838 1
gene  1 8 9 0.5421779751119404 0 119.0 0.5421779751119404 1
gene  1 9 9 -2.9649276621353344 1 120.0 -2.9649276621353344 1
gene  1 11 9 -6.449443332241175 1 122.0 -6.449443332241175 1
gene  1 13 9 4.569557675235237 1 124.0 4.569557675235237 1
gene  1 14 9 -2.82446462648777 1 125.0 -2.82446462648777 1
gene  1 1 10 2.2820240145504065 0 126.0 2.2820240145504065 1
gene  1 3 10 5.366308910003239 0 128.0 5.366308910003239 1
gene  1 4 10 0.38894485959225467 0 129.0 0.38894485959225467 1
gene  1 5 10 -8.78739361572615 0 130.0 -8.78739361572615 1
gene  1 6 10 -0.034244919446969835 0 131.0 -0.034244919446969835 1
gene  1 10 10 -2.2657816192645583 1 135.0 -2.2657816192645583 1
gene  1 11 10 0.9100905824373213 1 136.0 0.9100905824373213 1
gene  1 14 10 -2.6449167069419817 1 139.0 -2.6449167069419817 1
gene  1 1 11 10.228850101152233 0 140.0 10.228850101152233 1
gene  1 3 11 -0.09547990666087136 0 142.0 -0.09547990666087136 1
gene  1 5 11 0.05244731234564859 0 144.0 0.05244731234564859 1
gene  1 6 11 0.296785614094601 0 145.0 0.296785614094601 1
gene  1 7 11 2.1562661277948463 0 146.0 2.1562661277948463 1
gene  1 8 11 -3.2075479900891493 0 147.0 -3.2075479900891493 1
gene  1 9 11 5.161636505100067 0 148.0 5.161636505100067 1
gene  1 10 11 0.7790728638512021 0 149.0 0.7790728638512021 1
gene  1 11 11 -0.22259088768165297 1 150.0 -0.22259088768165297 1
gene  1 1 13 -10.33309407501424 0 168.0 -10.33309407501424 1
gene  1 2 13 1.861572274646512 0 169.0 1.861572274646512 1
gene  1 3 13 -0.8511692575198355 0 170.0 -0.8511692575198355 1
gene  1 7 13 2.995688924835543 0 174.0 2.995688924835543 1
gene  1 11 13 1.8517600741433222 0 178.0 1.8517600741433222 1
gene  1 13 13 7.278860665018675 1 180.0 7.278860665018675 1
gene  1 2 14 1.3947404752728947 0 183.0 1.3947404752728947 1
gene  1 3 14 0.44287432385332504 0 184.0 0.44287432385332504 1
gene  1 4 14 -3.663474261925457 0 185.0 -3.663474261925457 1
gene  1 7 14 0.6824880583393977 0 188.0 0.6824880583393977 1
gene  1 8 14 -1.4678006363261729 0 189.0 -1.4678006363261729 1
gene  1 10 14 0.8671198329873453 0 191.0 0.8671198329873453 1
gene  1 13 14 -0.5293078851488242 0 194.0 -0.5293078851488242 1
gene  1 5 13 2.9123793678406065 0 198.0 2.9123793678406065 1
gene  1 4 9 -2.0504211804275236 0 200.0 -2.0504211804275236 1
gene  1 8 13 -3.6935681605160626 0 248.0 -3.6935681605160626 1
gene  1 7 10 -7.649174838218092 0 270.0 -7.649174838218092 1
gene  1 9 10 -7.964894378849165 0 274.0 -7.964894378849165 1
genomeend 7
genomestart  8
trait 1 0.9094479393069818 0.0 0.18125169842722821 0.0 0.5658812609091859 0.42041845515383636 0.6672100230779487 0.0 
node 1 1 1 1
node 2 1 1 1
node 3 1 1 1
node 4 1 1 1
node 5 1 1 1
node 6 1 1 1
node 7 1 1 3
node 8 1 0 0
node 13 1 0 2
node 14 1 0 2
node 16 1 0 0
node 20 1 0 0
gene  1 1 8 -1.4086486105012168 0 98.0 -1.4086486105012168 1
gene  1 2 8 3.974342480162886 0 99.0 3.974342480162886 1
gene  1 3 8 1.9778757819696804 0 100.0 1.9778757819696804 1
gene  1 4 8 3.222084954377821 0 101.0 3.222084954377821 1
gene  1 5 8 1.0985067620471822 0 102.0 1.0985067620471822 1
gene  1 6 8 0.6526042920752482 0 103.0 0.6526042920752482 1
gene  1 8 8 -3.3886625471726717 1 105.0 -3.3886625471726717 1
gene  1 13 8 -3.8230273518108184 1 110.0 -3.8230273518108184 1
gene  1 14 8 -2.208894782051812 1 111.0 -2.208894782051812 1
gene  1 3 13 6.240454790131075 0 170.0 6.240454790131075 1
gene  1 5 13 10.3147434291822 0 172.0 10.3147434291822 1
gene  1 7 13 -0.6796789463887956 0 174.0 -0.6796789463887956 1
gene  1 13 13 -3.7688096560190596 1 180.0 -3.7688096560190596 1
gene  1 2 14 -1.7302942165848834 0 183.0 -1.7302942165848834 1
gene  1 4 14 -2.493426249771057 0 185.0 -2.493426249771057 1
gene  1 6 14 -0.3465478436457299 0 187.0 -0.3465478436457299 1
gene  1 8 14 3.939051058116192 0 189.0 3.939051058116192 1
gene  1 13 14 4.155411505299809 0 194.0 4.155411505299809 1
gene  1 13 16 0.7289120263815615 0 201.0 0.7289120263815615 1
gene  1 16 14 1.5940605561487322 0 202.0 1.5940605561487322 1
gene  1 3 20 0.9027212217756442 0 215.0 0.9027212217756442 1
gene  1 20 8 0.7915921561511843 0 216.0 0.7915921561511843 1
gene  1 8 13 -1.062331390124873 0 233.0 -1.062331390124873 1
genomeend 8
genomestart  9
trait 1 0.9094479393069818 0.0 0.18125169842722821 0.0 0.5658812609091859 0.42041845515383636 0.6672100230779487 0.0 
node 1 1 1 1
node 2 1 1 1
node 3 1 1 1
node 4 1 1 1
node 5 1 1 1
node 6 1 1 1
node 7 1 1 3
node 8 1 0 0
node 13 1 0 2
node 14 1 0 2
node 16 1 0 0
node 20 1 0 0
gene  1 1 8 -4.4934128041162005 0 98.0 -4.4934128041162005 1
gene  1 2 8 3.819546243034801 0 99.0 3.819546243034801 1
gene  1 3 8 -1.8976543626642695 0 100.0 -1.8976543626642695 1
gene  1 4 8 2.2346255641093795 0 101.0 2.2346255641093795 1
gene  1 5 8 -0.20073969078378257 0 102.0 -0.20073969078378257 1
gene  1 6 8 3.681311890248431 0 103.0 3.681311890248431 1
gene  1 8 8 -1.7061567050258897 1 105.0 -1.7061567050258897 1
gene  1 13 8 -3.8230273518108184 1 110.0 -3.8230273518108184 1
gene  1 14 8 -0.7548355865647798 1 111.0 -0.7548355865647798 1
gene  1 3 13 4.24800102181479 0 170.0 4.24800102181479 1
gene  1 5 13 11.384987865023977 0 172.0 11.384987865023977 1
gene  1 7 13 -2.8067163356144245 0 174.0 -2.8067163356144245 1
gene  1 13 13 -5.096785375217579 1 180.0 -5.096785375217579 1
gene  1 2 14 2.40461235139594 0 183.0 2.40461235139594 1
gene  1 4 14 -3.853639058996348 0 185.0 -3.853639058996348 1
gene  1 6 14 2.34969440867729 0 187.0 2.34969440867729 1
gene  1 8 14 5.8868042833560565 0 189.0 5.8868042833560565 1
gene  1 13 14 1.2509330604020468 0 194.0 1.2509330604020468 1
gene  1 13 16 -1.8506759017525751 0 201.0 -1.8506759017525751 1
gene  1 16 14 2.289655821235281 0 202.0 2.289655821235281 1
gene  1 3 20 4.519777451600991 0 215.0 4.519777451600991 1
gene  1 20 8 -1.5556216104069842 0 216.0 -1.5556216104069842 1
gene  1 8 13 -4.517926904082514 0 233.0 -4.517926904082514 1
genomeend 9
genomestart  10
trait 1 0.0 0.0 0.0 0.0 0.0 0.0 0.0 0.0 
node 1 1 1 1
node 2 1 1 1
node 3 1 1 1
node 4 1 1 1
node 5 1 1 1
node 6 1 1 1
node 7 1 1 3
node 8 1 0 0
node 9 1 0 0
node 10 1 0 0
node 13 1 0 2
node 14 1 0 2
node 21 1 0 0
node 29 1 0 0
gene  1 1 8 -1.403022637366551 0 98.0 -1.403022637366551 0
gene  1 3 8 5.731095173016286 0 100.0 5.731095173016286 1
gene  1 5 8 -1.1674217279882926 0 102.0 -1.1674217279882926 1
gene  1 6 8 -3.7721346550311035 0 103.0 -3.7721346550311035 1
gene  1 8 8 2.36295602308343 1 105.0 2.36295602308343 1
gene  1 1 9 2.720752521361026 0 112.0 2.720752521361026 1
gene  1 2 9 2.336762808684876 0 113.0 2.336762808684876 1
gene  1 3 9 6.033552123161803 0 114.0 6.033552123161803 1
gene  1 5 9 -2.9057973762838056 0 116.0 -2.9057973762838056 1
gene  1 7 9 -3.688984561572325 0 118.0 -3.688984561572325 1
gene  1 9 9 -3.3943465430227056 1 120.0 -3.3943465430227056 1
gene  1 10 9 8.391266756125592 1 121.0 8.391266756125592 1
gene  1 13 9 2.33073982520291 1 124.0 2.33073982520291 1
gene  1 2 10 -0.5546414681564887 0 127.0 -0.5546414681564887 1
gene  1 4 10 0.0656601369411336 0 129.0 0.0656601369411336 1
gene  1 5 10 1.513594213670474 0 130.0 1.513594213670474 1
gene  1 8 10 -0.9071430745137665 0 133.0 -0.9071430745137665 1
gene  1 9 10 2.2624918769101745 0 134.0 2.2624918769101745 1
gene  1 10 10 -1.6896411643798186 1 135.0 -1.6896411643798186 1
gene  1 13 10 -3.901291846400037 1 138.0 -3.901291846400037 1
gene  1 14 10 1.9109663683572091 1 139.0 1.9109663683572091 1
gene  1 2 13 1.7333643744935243 0 169.0 1.7333643744935243 1
gene  1 3 13 -6.164997496696175 0 170.0 -6.164997496696175 1
gene  1 6 13 5.208503473210026 0 173.0 5.208503473210026 1
gene  1 7 13 4.545582398700748 0 174.0 4.545582398700748 1
gene  1 9 13 6.544533729035102 0 176.0 6.544533729035102 1
gene  1 13 13 -0.7967241525841604 1 180.0 -0.7967241525841604 1
gene  1 14 13 -2.4458358354278924 1 181.0 -2.4458358354278924 1
gene  1 1 14 -5.989495465908323 0 182.0 -5.989495465908323 1
gene  1 3 14 -0.6223354151645022 0 184.0 -0.6223354151645022 1
gene  1 9 14 -7.636452237739385 0 190.0 -7.636452237739385 1
gene  1 10 14 -0.47211098208037416 0 191.0 -0.47211098208037416 1
gene  1 1 21 1.5518392098874034 0 218.0 1.5518392098874034 1
gene  1 21 8 -0.8726089705315493 0 219.0 -0.8726089705315493 1
gene  1 3 10 -1.9596184600957753 0 223.0 -1.9596184600957753 1
gene  1 6 29 0.467432360489137 0 259.0 0.467432360489137 1
gene  1 29 8 -2.0481531400375754 0 260.0 -2.0481531400375754 1
gene  1 29 21 -6.712374255069879 0 271.0 -6.712374255069879 1
genomeend 10
genomestart  11
trait 1 0.0 0.0 0.0 0.0 0.0 0.0 0.0 0.0 
node 1 1 1 1
node 2 1 1 1
node 3 1 1 1
node 4 1 1 1
node 5 1 1 1
node 6 1 1 1
node 7 1 1 3
node 8 1 0 0
node 9 1 0 0
node 10 1 0 0
node 13 1 0 2
node 14 1 0 2
node 21 1 0 0
node 29 1 0 0
gene  1 1 8 -2.449612048268036 0 98.0 -2.449612048268036 0
gene  1 3 8 6.155515293028349 0 100.0 6.155515293028349 1
gene  1 5 8 1.7937045372569287 0 102.0 1.7937045372569287 1
gene  1 6 8 -1.917111239101266 0 103.0 -1.917111239101266 1
gene  1 8 8 3.397831378924666 1 105.0 3.397831378924666 1
gene  1 1 9 1.5971824276151585 0 112.0 1.5971824276151585 1
gene  1 2 9 2.336762808684876 0 113.0 2.336762808684876 1
gene  1 3 9 5.722032838536124 0 114.0 5.722032838536124 1
gene  1 5 9 -1.3865390883278654 0 116.0 -1.3865390883278654 1
gene  1 7 9 -2.4021881385282935 0 118.0 -2.4021881385282935 1
gene  1 9 9 -5.457474413224341 1 120.0 -5.457474413224341 1
gene  1 10 9 8.391266756125592 1 121.0 8.391266756125592 1
gene  1 13 9 -1.6028136190767224 1 124.0 -1.6028136190767224 1
gene  1 2 10 0.7349968689235644 0 127.0 0.7349968689235644 1
gene  1 4 10 -4.503136130282069 0 129.0 -4.503136130282069 1
gene  1 5 10 -0.4582981497469649 0 130.0 -0.4582981497469649 1
gene  1 8 10 -0.8849861941106882 0 133.0 -0.8849861941106882 1
gene  1 9 10 2.8715153886945233 0 134.0 2.8715153886945233 1
gene  1 10 10 -1.1852691303403424 1 135.0 -1.1852691303403424 1
gene  1 13 10 -3.901291846400037 1 138.0 -3.901291846400037 1
gene  1 14 10 1.429923526055385 1 139.0 1.429923526055385 1
gene  1 2 13 -3.4751342284259783 0 169.0 -3.4751342284259783 1
gene  1 3 13 -5.512202490008425 0 170.0 -5.512202490008425 1
gene  1 6 13 4.008601373377246 0 173.0 4.008601373377246 1
gene  1 7 13 2.5916531222334656 0 174.0 2.5916531222334656 1
gene  1 9 13 5.295592510081123 0 176.0 5.295592510081123 1
gene  1 13 13 0.910042397045915 1 180.0 0.910042397045915 1
gene  1 14 13 -4.053086977208165 1 181.0 -4.053086977208165 1
gene  1 1 14 -3.6833261873154517 0 182.0 -3.6833261873154517 1
gene  1 3 14 1.745818832629741 0 184.0 1.745818832629741 1
gene  1 9 14 -8.302212193444724 0 190.0 -8.302212193444724 1
gene  1 10 14 0.4820495932107931 0 191.0 0.4820495932107931 1
gene  1 1 21 -0.4303978112232876 0 218.0 -0.4303978112232876 1
gene  1 21 8 2.5691436040425986 0 219.0 2.5691436040425986 1
gene  1 3 10 -3.694693065053954 0 223.0 -3.694693065053954 1
gene  1 6 29 0.467432360489137 0 259.0 0.467432360489137 1
gene  1 29 8 -7.791397005743724 0 260.0 -7.791397005743724 1
gene  1 29 21 -4.530464131052133 0 271.0 -4.530464131052133 1
gene  1 2 8 -4.015668822932885 0 285.0 -4.015668822932885 1
genomeend 11
genomestart  12
trait 1 0.508121932065467 0.0 0.5320965200184643 0.26183196038933176 0.0 0.0 0.0 0.0 
node 1 1 1 1
node 2 1 1 1
node 3 1 1 1
node 4 1 1 1
node 5 1 1 1
node 6 1 1 1
node 7 1 1 3
node 13 1 0 2
node 14 1 0 2
gene  1 1 13 0.41228092452099185 0 168.0 0.41228092452099185 1
gene  1 2 13 -0.4683457363745316 0 169.0 -0.4683457363745316 1
gene  1 3 13 -1.5765630618828266 0 170.0 -1.5765630618828266 1
gene  1 4 13 -8.21892292371213 0 171.0 -8.21892292371213 1
gene  1 5 13 6.222499970791694 0 172.0 6.222499970791694 1
gene  1 6 13 2.882086284792744 0 173.0 2.882086284792744 1
gene  1 7 13 0.8333610412991144 0 174.0 0.8333610412991144 1
gene  1 14 13 -4.318788203555105 1 181.0 -4.318788203555105 1
gene  1 1 14 2.0769326088507793 0 182.0 2.0769326088507793 1
gene  1 2 14 0.26266907981656296 0 183.0 0.26266907981656296 1
gene  1 3 14 1.4712361877322147 0 184.0 1.4712361877322147 1
gene  1 13 14 -4.633371587933054 0 194.0 -4.633371587933054 1
gene  1 14 14 5.999817227478069 1 195.0 5.999817227478069 1
gene  1 6 14 0.687270089597171 0 230.0 0.687270089597171 1
genomeend 12
genomestart  13
trait 1 0.508121932065467 0.0 0.0 1.0910793028636734 0.0 0.0 0.5014716199002833 0.0 
node 1 1 1 1
node 2 1 1 1
node 3 1 1 1
node 4 1 1 1
node 5 1 1 1
node 6 1 1 1
node 7 1 1 3
node 13 1 0 2
node 14 1 0 2
gene  1 1 13 1.732545698426304 0 168.0 1.732545698426304 1
gene  1 2 13 0.6989866024877758 0 169.0 0.6989866024877758 1
gene  1 3 13 1.3187331432631184 0 170.0 1.3187331432631184 1
gene  1 4 13 -10.00157367377067 0 171.0 -10.00157367377067 1
gene  1 5 13 5.740526955410983 0 172.0 5.740526955410983 1
gene  1 6 13 1.65040198214169 0 173.0 1.65040198214169 1
gene  1 7 13 -0.8344138281696067 0 174.0 -0.8344138281696067 1
gene  1 14 13 -1.634028487337491 1 181.0 -1.634028487337491 1
gene  1 1 14 3.370511557402785 0 182.0 3.370511557402785 1
gene  1 2 14 1.4064769372813717 0 183.0 1.4064769372813717 1
gene  1 3 14 3.5847069114488432 0 184.0 3.5847069114488432 1
gene  1 13 14 -2.42382268959089 0 194.0 -2.42382268959089 1
gene  1 14 14 3.7303599645384056 1 195.0 3.7303599645384056 1
gene  1 6 14 3.8566117107245406 0 230.0 3.8566117107245406 1
genomeend 13
genomestart  14
trait 1 0.0 0.0 0.0 0.0 0.0 0.0 0.0 0.0 
node 1 1 1 1
node 2 1 1 1
node 3 1 1 1
node 4 1 1 1
node 5 1 1 1
node 6 1 1 1
node 7 1 1 3
node 8 1 0 0
node 13 1 0 2
node 14 1 0 2
gene  1 4 8 -7.146466662787113 0 101.0 -7.146466662787113 1
gene  1 5 8 -3.6525731057452715 0 102.0 -3.6525731057452715 1
gene  1 6 8 5.782118844296232 0 103.0 5.782118844296232 1
gene  1 14 8 4.050175366439594 1 111.0 4.050175366439594 1
gene  1 1 13 -1.6655074544033355 0 168.0 -1.6655074544033355 1
gene  1 2 13 -2.3591311319688235 0 169.0 -2.3591311319688235 1
gene  1 3 13 5.544628602572725 0 170.0 5.544628602572725 1
gene  1 5 13 3.603995919577604 0 172.0 3.603995919577604 1
gene  1 7 13 -1.9959939565484128 0 174.0 -1.9959939565484128 1
gene  1 14 13 2.2791588226786867 1 181.0 2.2791588226786867 1
gene  1 1 14 -0.11638724777108544 0 182.0 -0.11638724777108544 1
gene  1 2 14 1.6684660654294823 0 183.0 1.6684660654294823 1
gene  1 3 14 -1.850843941114559 0 184.0 -1.850843941114559 1
gene  1 4 14 -7.548628706328508 0 185.0 -7.548628706328508 1
gene  1 8 14 1.8415398009110269 0 189.0 1.8415398009110269 1
gene  1 14 14 -6.474612369015011 1 195.0 -6.474612369015011 1
gene  1 6 14 3.6194661727683357 0 240.0 3.6194661727683357 1
genomeend 14
genomestart  15
trait 1 0.0 0.0 0.0 0.0 0.0 0.0 0.0 0.0 
node 1 1 1 1
node 2 1 1 1
node 3 1 1 1
node 4 1 1 1
node 5 1 1 1
node 6 1 1 1
node 7 1 1 3
node 8 1 0 0
node 13 1 0 2
node 14 1 0 2
gene  1 4 8 -6.880073192104487 0 101.0 -6.880073192104487 1
gene  1 5 8 -1.2198887868510264 0 102.0 -1.2198887868510264 1
gene  1 6 8 5.272353484381439 0 103.0 5.272353484381439 1
gene  1 14 8 1.201632168596425 1 111.0 1.201632168596425 1
gene  1 1 13 -3.7476539957406363 0 168.0 -3.7476539957406363 1
gene  1 2 13 5.813888950849909 0 169.0 5.813888950849909 1
gene  1 3 13 8.671531293485646 0 170.0 8.671531293485646 1
gene  1 5 13 4.371346982075219 0 172.0 4.371346982075219 1
gene  1 7 13 6.549154226442275 0 174.0 6.549154226442275 1
gene  1 14 13 5.855507702250705 1 181.0 5.855507702250705 1
gene  1 1 14 -1.5827217985092308 0 182.0 -1.5827217985092308 1
gene  1 2 14 3.0328813599778313 0 183.0 3.0328813599778313 1
gene  1 3 14 1.9089308656576829 0 184.0 1.9089308656576829 1
gene  1 4 14 -7.321730730628337 0 185.0 -7.321730730628337 1
gene  1 8 14 2.0951518616142266 0 189.0 2.0951518616142266 1
gene  1 14 14 -4.6002884887319295 1 195.0 -4.6002884887319295 1
gene  1 6 14 3.00752156155451 0 240.0 3.00752156155451 1
genomeend 15
genomestart  16
trait 1 0.0 0.0 0.0 0.0 0.0 0.0 0.0 0.0 
node 1 1 1 1
node 2 1 1 1
node 3 1 1 1
node 4 1 1 1
node 5 1 1 1
node 6 1 1 1
node 7 1 1 3
node 8 1 0 0
node 13 1 0 2
node 14 1 0 2
gene  1 4 8 -3.0143885483080055 0 101.0 -3.0143885483080055 1
gene  1 5 8 -2.632546293365573 0 102.0 -2.632546293365573 1
gene  1 6 8 2.455829477800412 0 103.0 2.455829477800412 1
gene  1 14 8 2.3233408771345596 1 111.0 2.3233408771345596 1
gene  1 1 13 0.08929302998947986 0 168.0 0.08929302998947986 1
gene  1 2 13 5.337212286936176 0 169.0 5.337212286936176 1
gene  1 3 13 8.621494397586316 0 170.0 8.621494397586316 1
gene  1 5 13 3.862754007962374 0 172.0 3.862754007962374 1
gene  1 7 13 3.9482601321754616 0 174.0 3.9482601321754616 1
gene  1 14 13 6.4442653215846395 1 181.0 6.4442653215846395 1
gene  1 1 14 -0.13130670674772915 0 182.0 -0.13130670674772915 1
gene  1 2 14 0.3557533298189086 0 183.0 0.3557533298189086 1
gene  1 3 14 -0.9517525672258631 0 184.0 -0.9517525672258631 1
gene  1 4 14 -6.673896796575149 0 185.0 -6.673896796575149 1
gene  1 8 14 -0.15123371721225265 0 189.0 -0.15123371721225265 1
gene  1 14 14 -4.6002884887319295 1 195.0 -4.6002884887319295 1
gene  1 6 14 2.0227066476954954 0 240.0 2.0227066476954954 1
genomeend 16
genomestart  17
trait 1 0.0 0.0 0.0 0.0 0.0 0.0 0.0 0.0 
node 1 1 1 1
node 2 1 1 1
node 3 1 1 1
node 4 1 1 1
node 5 1 1 1
node 6 1 1 1
node 7 1 1 3
node 8 1 0 0
node 13 1 0 2
node 14 1 0 2
gene  1 4 8 -5.040428778758512 0 101.0 -5.040428778758512 1
gene  1 5 8 -5.456130514718172 0 102.0 -5.456130514718172 1
gene  1 6 8 1.9872362803008077 0 103.0 1.9872362803008077 1
gene  1 14 8 -0.6823829502163667 1 111.0 -0.6823829502163667 1
gene  1 1 13 -2.240516797070117 0 168.0 -2.240516797070117 1
gene  1 2 13 -1.1187503027187693 0 169.0 -1.1187503027187693 1
gene  1 3 13 5.746693911123822 0 170.0 5.746693911123822 1
gene  1 5 13 6.772078928498967 0 172.0 6.772078928498967 1
gene  1 7 13 6.012281265269568 0 174.0 6.012281265269568 1
gene  1 14 13 0.7512511344218411 1 181.0 0.7512511344218411 1
gene  1 1 14 -0.3888010213912092 0 182.0 -0.3888010213912092 1
gene  1 2 14 1.463057415362162 0 183.0 1.463057415362162 1
gene  1 3 14 -1.329305826765745 0 184.0 -1.329305826765745 1
gene  1 4 14 -10.123824774220576 0 185.0 -10.123824774220576 1
gene  1 8 14 -0.5797717913277789 0 189.0 -0.5797717913277789 1
gene  1 14 14 -6.757093508683909 1 195.0 -6.757093508683909 1
gene  1 6 14 0.7564597951976324 0 240.0 0.7564597951976324 1
genomeend 17
genomestart  18
trait 1 0.8225567813410785 0.22949821013610905 0.25783251468105195 0.0 0.0 0.0 0.16709809669901776 0.6352627776851354 
node 1 1 1 1
node 2 1 1 1
node 3 1 1 1
node 4 1 1 1
node 5 1 1 1
node 6 1 1 1
node 7 1 1 3
node 8 1 0 0
node 9 1 0 0
node 10 1 0 0
node 11 1 0 0
node 12 1 0 0
node 13 1 0 2
node 14 1 0 2
node 27 1 0 0
node 34 1 0 0
gene  1 1 8 -0.39848384180074237 0 98.0 -0.39848384180074237 0
gene  1 3 8 8.362748487051025 0 100.0 8.362748487051025 1
gene  1 4 8 -2.5298228203937336 0 101.0 -2.5298228203937336 1
gene  1 6 8 2.0517117422517144 0 103.0 2.0517117422517144 1
gene  1 8 8 3.826268072828997 1 105.0 3.826268072828997 1
gene  1 10 8 3.484559289742271 1 107.0 3.484559289742271 1
gene  1 3 9 1.0441931505804825 0 114.0 1.0441931505804825 1
gene  1 6 9 1.0262260567296746 0 117.0 1.0262260567296746 1
gene  1 8 9 -0.3529356937997985 0 119.0 -0.3529356937997985 1
gene  1 10 9 2.9671913560252845 1 121.0 2.9671913560252845 1
gene  1 11 9 5.535665281394456 1 122.0 5.535665281394456 1
gene  1 13 9 -4.231756345342381 1 124.0 -4.231756345342381 1
gene  1 14 9 0.2150177227990363 1 125.0 0.2150177227990363 1
gene  1 1 10 2.9921959664446116 0 126.0 2.9921959664446116 1
gene  1 3 10 0.791217879122631 0 128.0 0.791217879122631 1
gene  1 4 10 -1.2623663381536514 0 129.0 -1.2623663381536514 1
gene  1 5 10 3.0254847409512657 0 130.0 3.0254847409512657 1
gene  1 9 10 0.5802439991422943 0 134.0 0.5802439991422943 1
gene  1 13 10 0.5949971184179745 1 138.0 0.5949971184179745 1
gene  1 1 11 1.339783552256203 0 140.0 1.339783552256203 1
gene  1 3 11 -2.4104935141437194 0 142.0 -2.4104935141437194 1
gene  1 5 11 4.810977489662646 0 144.0 4.810977489662646 1
gene  1 9 11 -0.7869676737296714 0 148.0 -0.7869676737296714 0
gene  1 10 11 -10.938974965491774 0 149.0 -10.938974965491774 1
gene  1 12 11 -2.7267307245097205 1 151.0 -2.7267307245097205 1
gene  1 14 11 -1.475777568927553 1 153.0 -1.475777568927553 1
gene  1 2 12 -1.535251589565884 0 155.0 -1.535251589565884 1
gene  1 4 12 -2.1405657921349928 0 157.0 -2.1405657921349928 1
gene  1 6 12 0.6842467869489417 0 159.0 0.6842467869489417 1
gene  1 7 12 -0.1972805940568123 0 160.0 -0.1972805940568123 1
gene  1 9 12 -2.8620559077337626 0 162.0 -2.8620559077337626 1
gene  1 10 12 3.155379505930676 0 163.0 3.155379505930676 1
gene  1 12 12 1.7522046403485994 1 165.0 1.7522046403485994 1
gene  1 14 12 10.671513603974509 1 167.0 10.671513603974509 1
gene  1 1 13 0.28752215953739807 0 168.0 0.28752215953739807 1
gene  1 3 13 -0.9324138409425899 0 170.0 -0.9324138409425899 1
gene  1 4 13 -0.08361720506984277 0 171.0 -0.08361720506984277 1
gene  1 6 13 0.11575153948527528 0 173.0 0.11575153948527528 1
gene  1 8 13 -1.3267742440532464 0 175.0 -1.3267742440532464 1
gene  1 9 13 -3.257125453497368 0 176.0 -3.257125453497368 1
gene  1 8 14 2.5017049603497923 0 189.0 2.5017049603497923 1
gene  1 11 14 -0.9753632984318628 0 192.0 -0.9753632984318628 1
gene  1 5 8 -0.45092721219275234 0 235.0 -0.45092721219275234 1
gene  1 1 27 -7.633001349285296 0 241.0 -7.633001349285296 1
gene  1 27 8 -3.101125689645021 0 242.0 -3.101125689645021 1
gene  1 9 34 -3.3667383590734383 0 272.0 -3.3667383590734383 1
gene  1 34 11 -0.7866464714790411 0 273.0 -0.7866464714790411 1
gene  1 5 13 -0.5785361351745753 0 277.0 -0.5785361351745753 1
genomeend 18
genomestart  19
trait 1 0.8225567813410785 0.22949821013610905 0.25783251468105195 0.0 0.0 0.0 0.16709809669901776 0.6352627776851354 
node 1 1 1 1
node 2 1 1 1
node 3 1 1 1
node 4 1 1 1
node 5 1 1 1
node 6 1 1 1
node 7 1 1 3
node 8 1 0 0
node 9 1 0 0
node 10 1 0 0
node 11 1 0 0
node 12 1 0 0
node 13 1 0 2
node 14 1 0 2
node 27 1 0 0
node 34 1 0 0
gene  1 1 8 -0.39848384180074237 0 98.0 -0.39848384180074237 0
gene  1 3 8 8.659357027164031 0 100.0 8.659357027164031 1
gene  1 4 8 -0.5509081535858713 0 101.0 -0.5509081535858713 1
gene  1 6 8 10.756939014441976 0 103.0 10.756939014441976 1
gene  1 8 8 3.826268072828997 1 105.0 3.826268072828997 1
gene  1 10 8 1.2434636648757842 1 107.0 1.2434636648757842 1
gene  1 3 9 -0.6828880512546467 0 114.0 -0.6828880512546467 1
gene  1 6 9 2.8885971559719095 0 117.0 2.8885971559719095 1
gene  1 8 9 1.3496753742568748 0 119.0 1.3496753742568748 1
gene  1 10 9 2.9671913560252845 1 121.0 2.9671913560252845 1
gene  1 11 9 6.883561650740424 1 122.0 6.883561650740424 1
gene  1 13 9 -1.8377521804201775 1 124.0 -1.8377521804201775 1
gene  1 14 9 -0.7726590883513934 1 125.0 -0.7726590883513934 1
gene  1 1 10 2.475994998904085 0 126.0 2.475994998904085 1
gene  1 3 10 1.9078034993765831 0 128.0 1.9078034993765831 1
gene  1 4 10 -0.03350389325486258 0 129.0 -0.03350389325486258 1
gene  1 5 10 2.587210760952865 0 130.0 2.587210760952865 1
gene  1 9 10 1.4454611228130996 0 134.0 1.4454611228130996 1
gene  1 13 10 5.0775600705063955 1 138.0 5.0775600705063955 1
gene  1 1 11 -2.19707883132519 0 140.0 -2.19707883132519 1
gene  1 3 11 -2.4104935141437194 0 142.0 -2.4104935141437194 1
gene  1 5 11 7.140916747473513 0 144.0 7.140916747473513 1
gene  1 9 11 -0.7869676737296714 0 148.0 -0.7869676737296714 0
gene  1 10 11 -10.22716249089404 0 149.0 -10.22716249089404 1
gene  1 12 11 -2.7267307245097205 1 151.0 -2.7267307245097205 1
gene  1 14 11 -1.475777568927553 1 153.0 -1.475777568927553 1
gene  1 2 12 -1.535251589565884 0 155.0 -1.535251589565884 1
gene  1 4 12 -2.0591132841513966 0 157.0 -2.0591132841513966 1
gene  1 6 12 0.9957901590935343 0 159.0 0.9957901590935343 1
gene  1 7 12 0.8654685958119426 0 160.0 0.8654685958119426 1
gene  1 9 12 -2.8620559077337626 0 162.0 -2.8620559077337626 1
gene  1 10 12 3.4216497074080405 0 163.0 3.4216497074080405 1
gene  1 12 12 0.9975827689171809 1 165.0 0.9975827689171809 1
gene  1 14 12 12.445899799560628 1 167.0 12.445899799560628 1
gene  1 1 13 0.28752215953739807 0 168.0 0.28752215953739807 1
gene  1 3 13 -2.4705452872761526 0 170.0 -2.4705452872761526 1
gene  1 4 13 0.23213504677612185 0 171.0 0.23213504677612185 1
gene  1 6 13 1.4102860525273089 0 173.0 1.4102860525273089 1
gene  1 8 13 -0.11188395347551583 0 175.0 -0.11188395347551583 1
gene  1 9 13 -0.8306261444151841 0 176.0 -0.8306261444151841 1
gene  1 8 14 0.10965774203297529 0 189.0 0.10965774203297529 1
gene  1 11 14 0.3544302234189209 0 192.0 0.3544302234189209 1
gene  1 5 8 1.3080834498722789 0 235.0 1.3080834498722789 1
gene  1 1 27 -5.878953727378537 0 241.0 -5.878953727378537 1
gene  1 27 8 -3.263489234467949 0 242.0 -3.263489234467949 1
gene  1 9 34 -1.163434096341834 0 272.0 -1.163434096341834 1
gene  1 34 11 -2.606875273688673 0 273.0 -2.606875273688673 1
gene  1 5 13 11.72679946841918 0 277.0 11.72679946841918 1
gene  1 27 34 5.241190179107163 0 286.0 5.241190179107163 1
genomeend 19
