genomestart  0
trait 1 0.0 0.29964541126798605 0.0 0.5917793035862625 0.0 0.5239379551513967 0.8464040429162474 0.9121227953336634 
node 1 1 1 1
node 2 1 1 1
node 3 1 1 1
node 4 1 1 1
node 5 1 1 1
node 6 1 1 1
node 7 1 1 3
node 13 1 0 2
node 14 1 0 2
node 19 1 0 0
node 33 1 0 0
node 41 1 0 0
node 45 1 0 0
gene  1 1 13 4.998895138684599 0 168.0 4.998895138684599 1
gene  1 3 13 5.390132983701488 0 170.0 5.390132983701488 1
gene  1 5 13 -7.748455625815485 0 172.0 -7.748455625815485 1
gene  1 6 13 7.825201711124988 0 173.0 7.825201711124988 1
gene  1 14 13 -2.1386498478456013 1 181.0 -2.1386498478456013 1
gene  1 1 14 2.3118640354009456 0 182.0 2.3118640354009456 1
gene  1 2 14 4.474781379087215 0 183.0 4.474781379087215 1
gene  1 4 14 -0.2971813958327738 0 185.0 -0.2971813958327738 1
gene  1 5 14 0.035790831362076114 0 186.0 0.035790831362076114 1
gene  1 6 14 6.005202350277404 0 187.0 6.005202350277404 1
gene  1 7 14 5.230873656153966 0 188.0 5.230873656153966 1
gene  1 13 14 -1.508631618125817 0 194.0 -1.508631618125817 1
gene  1 14 14 -3.7531391696626297 1 195.0 -3.7531391696626297 1
gene  1 5 19 2.551730221878346 0 213.0 2.551730221878346 1
gene  1 19 13 7.59564907063763 0 214.0 7.59564907063763 1
gene  1 2 13 -0.5853721630697044 0 243.0 -0.5853721630697044 1
gene  1 6 19 -1.0423176936239067 0 257.0 -1.0423176936239067 1
gene  1 19 14 2.489277209246731 0 267.0 2.489277209246731 1
gene  1 14 33 3.6693834074782137 1 268.0 3.6693834074782137 1
gene  1 33 14 -5.932222654481247 0 269.0 -5.932222654481247 1
gene  1 4 13 7.023976071645217 0 292.0 7.023976071645217 1
gene  1 14 41 -1.1914232153497708 1 315.0 -1.1914232153497708 1
gene  1 41 13 0.33906598081315686 0 316.0 0.33906598081315686 1
gene  1 5 45 1.6869646500305775 0 338.0 1.6869646500305775 1
gene  1 45 14 -4.88784383876906 0 339.0 -4.88784383876906 1
genomeend 0
genomestart  1
trait 1 0.0 0.29964541126798605 0.0 0.5917793035862625 0.0 0.5239379551513967 0.8464040429162474 0.9121227953336634 
node 1 1 1 1
node 2 1 1 1
node 3 1 1 1
node 4 1 1 1
node 5 1 1 1
node 6 1 1 1
node 7 1 1 3
node 13 1 0 2
node 14 1 0 2
node 19 1 0 0
node 33 1 0 0
node 41 1 0 0
node 45 1 0 0
gene  1 1 13 3.5650103785888043 0 168.0 3.5650103785888043 1
gene  1 3 13 -1.905721366557328 0 170.0 -1.905721366557328 1
gene  1 5 13 -7.842406347733918 0 172.0 -7.842406347733918 1
gene  1 6 13 6.9068796894960265 0 173.0 6.9068796894960265 1
gene  1 14 13 -2.7534187623730118 1 181.0 -2.7534187623730118 1
gene  1 1 14 0.9230965128626578 0 182.0 0.9230965128626578 1
gene  1 2 14 3.5804437172386483 0 183.0 3.5804437172386483 1
gene  1 4 14 -1.2113745292173173 0 185.0 -1.2113745292173173 1
gene  1 5 14 -6.086828085130701 0 186.0 -6.086828085130701 1
gene  1 6 14 4.093013219351333 0 187.0 4.093013219351333 1
gene  1 7 14 4.5004450112559775 0 188.0 4.5004450112559775 1
gene  1 13 14 -3.3215376057509443 0 194.0 -3.3215376057509443 1
gene  1 14 14 -4.852803224985785 1 195.0 -4.852803224985785 1
gene  1 5 19 2.9631583937396115 0 213.0 2.9631583937396115 1
gene  1 19 13 7.456565225050923 0 214.0 7.456565225050923 1
gene  1 2 13 1.286627823509105 0 243.0 1.286627823509105 1
gene  1 6 19 -14.372211033603438 0 257.0 -14.372211033603438 1
gene  1 19 14 1.6435182916183702 0 267.0 1.6435182916183702 1
gene  1 14 33 4.332433428187114 1 268.0 4.332433428187114 1
gene  1 33 14 -7.736253308843587 0 269.0 -7.736253308843587 1
gene  1 4 13 5.923382436923759 0 292.0 5.923382436923759 1
gene  1 14 41 -1.2575621559665386 1 315.0 -1.2575621559665386 1
gene  1 41 13 1.3565269242884999 0 316.0 1.3565269242884999 1
gene  1 5 45 0.764153025449472 0 338.0 0.764153025449472 1
gene  1 45 14 -4.39318868817322 0 339.0 -4.39318868817322 1
genomeend 1
genomestart  2
trait 1 0.09063773393878893 0.0 2.208214576245032 0.0 1.0577508098755246 1.0290111265680415 0.6887198692276033 1.982793934926818 
node 1 1 1 1
node 2 1 1 1
node 3 1 1 1
node 4 1 1 1
node 5 1 1 1
node 6 1 1 1
node 7 1 1 3
node 13 1 0 2
node 14 1 0 2
node 24 1 0 0
node 36 1 0 0
gene  1 2 13 -0.5670917414585861 0 169.0 -0.5670917414585861 1
gene  1 3 13 -0.23424426204093707 0 170.0 -0.23424426204093707 1
gene  1 4 13 8.641136497826539 0 171.0 8.641136497826539 1
gene  1 6 13 -2.6070133612963895 0 173.0 -2.6070133612963895 1
gene  1 7 13 2.084469010448025 0 174.0 2.084469010448025 1
gene  1 13 13 4.399514091452344 1 180.0 4.399514091452344 1
gene  1 1 14 1.9203458640091222 0 182.0 1.9203458640091222 1
gene  1 2 14 -0.5117020450639875 0 183.0 -0.5117020450639875 1
gene  1 5 14 3.356395057535513 0 186.0 3.356395057535513 1
gene  1 6 14 4.922465296536672 0 187.0 4.922465296536672 1
gene  1 7 14 3.6982037459710013 0 188.0 3.6982037459710013 1
gene  1 13 14 0.1579209553779396 0 194.0 0.1579209553779396 1
gene  1 14 14 -1.889927857944552 1 195.0 -1.889927857944552 1
gene  1 2 24 1.2787079401637398 0 226.0 1.2787079401637398 1
gene  1 24 13 2.8164611939644573 0 227.0 2.8164611939644573 1
gene  1 7 24 3.433187435908871 0 245.0 3.433187435908871 1
gene  1 1 24 3.2290562192606 0 249.0 3.2290562192606 1
gene  1 4 14 0.6488552928686947 0 280.0 0.6488552928686947 1
gene  1 4 36 -10.342819032284144 0 293.0 -10.342819032284144 1
gene  1 36 14 1.161109280082403 0 294.0 1.161109280082403 1
gene  1 7 36 2.093259742579278 0 301.0 2.093259742579278 1
gene  1 3 36 -0.7700051261022753 0 313.0 -0.7700051261022753 1
gene  1 24 36 -1.155978166282273 0 345.0 -1.155978166282273 1
gene  1 5 13 1.8678859997023127 0 374.0 1.8678859997023127 1
genomeend 2
genomestart  3
trait 1 0.09063773393878893 0.0 2.208214576245032 0.0 1.0577508098755246 1.0290111265680415 0.6887198692276033 1.9521139079965946 
node 1 1 1 1
node 2 1 1 1
node 3 1 1 1
node 4 1 1 1
node 5 1 1 1
node 6 1 1 1
node 7 1 1 3
node 13 1 0 2
node 14 1 0 2
node 24 1 0 0
node 36 1 0 0
gene  1 2 13 3.5664672875048673 0 169.0 3.5664672875048673 1
gene  1 3 13 2.2487771224837103 0 170.0 2.2487771224837103 1
gene  1 4 13 8.699974679423113 0 171.0 8.699974679423113 1
gene  1 6 13 1.8117121876184172 0 173.0 1.8117121876184172 1
gene  1 7 13 -6.3475002613395235 0 174.0 -6.3475002613395235 1
gene  1 13 13 4.567837896889406 1 180.0 4.567837896889406 1
gene  1 1 14 2.8618945645097287 0 182.0 2.8618945645097287 1
gene  1 2 14 2.3201522762402225 0 183.0 2.3201522762402225 1
gene  1 5 14 -0.7140037075729708 0 186.0 -0.7140037075729708 1
gene  1 6 14 8.371257841716472 0 187.0 8.371257841716472 1
gene  1 7 14 1.4454264815617084 0 188.0 1.4454264815617084 1
gene  1 13 14 0.9864902953958674 0 194.0 0.9864902953958674 1
gene  1 14 14 -4.045712466862651 1 195.0 -4.045712466862651 1
gene  1 2 24 0.47115561532362504 0 226.0 0.47115561532362504 1
gene  1 24 13 -2.3646368431684115 0 227.0 -2.3646368431684115 1
gene  1 7 24 5.644755109310376 0 245.0 5.644755109310376 1
gene  1 1 24 2.7821926564659085 0 249.0 2.7821926564659085 1
gene  1 4 14 0.5293655401850005 0 280.0 0.5293655401850005 1
gene  1 4 36 -11.565149931634789 0 293.0 -11.565149931634789 1
gene  1 36 14 0.6988744877994308 0 294.0 0.6988744877994308 1
gene  1 7 36 5.166126050791936 0 301.0 5.166126050791936 1
gene  1 3 36 -1.0286175170507041 0 313.0 -1.0286175170507041 1
gene  1 24 36 0.8003271695888032 0 345.0 0.8003271695888032 1
gene  1 5 13 0.5594712884373036 0 374.0 0.5594712884373036 1
genomeend 3
genomestart  4
trait 1 0.5881716647646825 1.1670994370229146 1.8564835101802153 0.00908753191703493 0.0 0.848052698667654 1.6423806715703035 0.0 
node 1 1 1 1
node 2 1 1 1
node 3 1 1 1
node 4 1 1 1
node 5 1 1 1
node 6 1 1 1
node 7 1 1 3
node 8 1 0 0
node 9 1 0 0
node 10 1 0 0
node 11 1 0 0
node 13 1 0 2
node 14 1 0 2
node 62 1 0 0
gene  1 2 8 -3.0436805610843765 0 99.0 -3.0436805610843765 1
gene  1 6 8 3.475743330320483 0 103.0 3.475743330320483 1
gene  1 8 8 3.843597155690399 1 105.0 3.843597155690399 1
gene  1 9 8 -3.8222171156954663 1 106.0 -3.8222171156954663 1
gene  1 10 8 -0.824646870296196 1 107.0 -0.824646870296196 1
gene  1 11 8 -1.1159958664970895 1 108.0 -1.1159958664970895 1
gene  1 13 8 -0.7593953039709556 1 110.0 -0.7593953039709556 1
gene  1 14 8 -3.0402836836997134 1 111.0 -3.0402836836997134 1
gene  1 1 9 -0.48379335153915287 0 112.0 -0.48379335153915287 1
gene  1 2 9 -1.7676584024123736 0 113.0 -1.7676584024123736 1
gene  1 3 9 3.586161793345026 0 114.0 3.586161793345026 0
gene  1 6 9 -1.6054513723451134 0 117.0 -1.6054513723451134 1
gene  1 7 9 5.4032411775472715 0 118.0 5.4032411775472715 1
gene  1 8 9 0.6189568486712655 0 119.0 0.6189568486712655 1
gene  1 9 9 0.010251493255127475 1 120.0 0.010251493255127475 1
gene  1 11 9 -1.396501377809729 1 122.0 -1.396501377809729 1
gene  1 13 9 3.814918071703352 1 124.0 3.814918071703352 1
gene  1 14 9 -3.6782317128703603 1 125.0 -3.6782317128703603 1
gene  1 1 10 -4.998504517290721 0 126.0 -4.998504517290721 1
gene  1 3 10 -1.2149608058223946 0 128.0 -1.2149608058223946 1
gene  1 4 10 4.7171661840579215 0 129.0 4.7171661840579215 1
gene  1 5 10 -4.015435885479573 0 130.0 -4.015435885479573 1
gene  1 6 10 0.634469754621472 0 131.0 0.634469754621472 1
gene  1 10 10 -0.6362992570128454 1 135.0 -0.6362992570128454 1
gene  1 11 10 6.3778022555726945 1 136.0 6.3778022555726945 1
gene  1 14 10 -4.114351087573238 1 139.0 -4.114351087573238 1
gene  1 1 11 -1.238314205495871 0 140.0 -1.238314205495871 1
gene  1 3 11 -1.171138308320518 0 142.0 -1.171138308320518 1
gene  1 5 11 -1.4148013720056825 0 144.0 -1.4148013720056825 1
gene  1 6 11 -1.86038790701509 0 145.0 -1.86038790701509 1
gene  1 7 11 -1.0764000225244474 0 146.0 -1.0764000225244474 1
gene  1 8 11 -1.0818431185089945 0 147.0 -1.0818431185089945 1
gene  1 9 11 -6.304529047593641 0 148.0 -6.304529047593641 1
gene  1 10 11 -6.812466925094277 0 149.0 -6.812466925094277 1
gene  1 11 11 3.228756332777835 1 150.0 3.228756332777835 1
gene  1 1 13 -3.3058300294757466 0 168.0 -3.3058300294757466 1
gene  1 2 13 -0.9420780320061506 0 169.0 -0.9420780320061506 1
gene  1 3 13 -1.0593855224876707 0 170.0 -1.0593855224876707 1
gene  1 7 13 -1.275755384934489 0 174.0 -1.275755384934489 1
gene  1 11 13 -0.9548906549669938 0 178.0 -0.9548906549669938 1
gene  1 13 13 -3.1140017160975546 1 180.0 -3.1140017160975546 1
gene  1 2 14 3.5636757777020174 0 183.0 3.5636757777020174 1
gene  1 3 14 -2.1825917334059515 0 184.0 -2.1825917334059515 1
gene  1 4 14 -4.5704559301827175 0 185.0 -4.5704559301827175 1
gene  1 7 14 2.2309935964348995 0 188.0 2.2309935964348995 1
gene  1 8 14 -4.7128033561314 0 189.0 -4.7128033561314 1
gene  1 10 14 -0.8212501942349599 0 191.0 -0.8212501942349599 1
gene  1 13 14 -0.6684908408582548 0 194.0 -0.6684908408582548 1
gene  1 5 13 -2.1527837362058984 0 198.0 -2.1527837362058984 1
gene  1 4 9 1.7519124516463214 0 200.0 1.7519124516463214 1
gene  1 8 13 -0.45489306235444005 0 248.0 -0.45489306235444005 1
gene  1 7 10 -2.7164926475203446 0 270.0 -2.7164926475203446 1
gene  1 9 10 -4.223146626603324 0 274.0 -4.223146626603324 1
gene  1 9 13 -0.022630653759479702 0 288.0 -0.022630653759479702 1
gene  1 5 14 -1.2015330049878084 0 328.0 -1.2015330049878084 1
gene  1 2 10 -0.03430770355728052 0 357.0 -0.03430770355728052 1
gene  1 6 14 -0.6024053979288081 0 388.0 -0.6024053979288081 1
gene  1 3 62 1.5167201702200608 0 411.0 1.5167201702200608 1
gene  1 62 9 -1.1594970082456992 0 412.0 -1.1594970082456992 1
gene  1 5 8 3.853660801363102 0 414.0 3.853660801363102 1
genomeend 4
genomestart  5
trait 1 0.5881716647646825 1.1670994370229146 1.8564835101802153 0.00908753191703493 0.0 0.848052698667654 1.6423806715703035 0.0 
node 1 1 1 1
node 2 1 1 1
node 3 1 1 1
node 4 1 1 1
node 5 1 1 1
node 6 1 1 1
node 7 1 1 3
node 8 1 0 0
node 9 1 0 0
node 10 1 0 0
node 11 1 0 0
node 13 1 0 2
node 14 1 0 2
node 62 1 0 0
gene  1 2 8 -4.78045460164434 0 99.0 -4.78045460164434 1
gene  1 6 8 1.7793876148514678 0 103.0 1.7793876148514678 1
gene  1 8 8 2.1777546520597983 1 105.0 2.1777546520597983 1
gene  1 9 8 -3.628638344593037 1 106.0 -3.628638344593037 1
gene  1 10 8 -3.4981718449178896 1 107.0 -3.4981718449178896 1
gene  1 11 8 1.853948838475027 1 108.0 1.853948838475027 1
gene  1 13 8 -2.56237909240177 1 110.0 -2.56237909240177 1
gene  1 14 8 -3.570745298517681 1 111.0 -3.570745298517681 1
gene  1 1 9 1.726644726112205 0 112.0 1.726644726112205 1
gene  1 2 9 -0.8452523150909406 0 113.0 -0.8452523150909406 1
gene  1 3 9 1.2124991087379366 0 114.0 1.2124991087379366 0
gene  1 6 9 -0.3943227033239345 0 117.0 -0.3943227033239345 1
gene  1 7 9 3.204274540892084 0 118.0 3.204274540892084 1
gene  1 8 9 -2.830925573367569 0 119.0 -2.830925573367569 1
gene  1 9 9 -0.1706129705901911 1 120.0 -0.1706129705901911 1
gene  1 11 9 0.956735245250963 1 122.0 0.956735245250963 1
gene  1 13 9 4.690250397271051 1 124.0 4.690250397271051 1
gene  1 14 9 1.1749640802072867 1 125.0 1.1749640802072867 1
gene  1 1 10 -4.592240804597838 0 126.0 -4.592240804597838 1
gene  1 3 10 3.2038069345140956 0 128.0 3.2038069345140956 1
gene  1 4 10 0.7014007262265496 0 129.0 0.7014007262265496 1
gene  1 5 10 -5.993433651381441 0 130.0 -5.993433651381441 1
gene  1 6 10 3.939327029870589 0 131.0 3.939327029870589 1
gene  1 10 10 2.432462110187473 1 135.0 2.432462110187473 1
gene  1 11 10 9.646547638948062 1 136.0 9.646547638948062 1
gene  1 14 10 1.8164004495774724 1 139.0 1.8164004495774724 1
gene  1 1 11 0.9222609075365747 0 140.0 0.9222609075365747 1
gene  1 3 11 1.542358557545319 0 142.0 1.542358557545319 1
gene  1 5 11 1.4285136568353076 0 144.0 1.4285136568353076 1
gene  1 6 11 -5.508683901695147 0 145.0 -5.508683901695147 1
gene  1 7 11 -2.1239651232804935 0 146.0 -2.1239651232804935 1
gene  1 8 11 -0.9894824168284291 0 147.0 -0.9894824168284291 1
gene  1 9 11 -7.73706208628799 0 148.0 -7.73706208628799 1
gene  1 10 11 -5.821601188566866 0 149.0 -5.821601188566866 1
gene  1 11 11 2.9620205400446493 1 150.0 2.9620205400446493 1
gene  1 1 13 -4.334975259995282 0 168.0 -4.334975259995282 1
gene  1 2 13 0.23576100399591016 0 169.0 0.23576100399591016 1
gene  1 3 13 -0.7254204010982429 0 170.0 -0.7254204010982429 1
gene  1 7 13 -4.2089116459169205 0 174.0 -4.2089116459169205 1
gene  1 11 13 3.2111308770363842 0 178.0 3.2111308770363842 1
gene  1 13 13 -1.3765409593948057 1 180.0 -1.3765409593948057 1
gene  1 2 14 4.566493891122507 0 183.0 4.566493891122507 1
gene  1 3 14 -3.272111812602452 0 184.0 -3.272111812602452 1
gene  1 4 14 -1.6109238079632309 0 185.0 -1.6109238079632309 1
gene  1 7 14 -1.0124781780952266 0 188.0 -1.0124781780952266 1
gene  1 8 14 -2.552811480747706 0 189.0 -2.552811480747706 1
gene  1 10 14 3.2300594615974854 0 191.0 3.2300594615974854 1
gene  1 13 14 0.03361805259992745 0 194.0 0.03361805259992745 1
gene  1 5 13 0.23708973522943988 0 198.0 0.23708973522943988 1
gene  1 4 9 -2.2806812185605283 0 200.0 -2.2806812185605283 1
gene  1 8 13 -2.1492504680046864 0 248.0 -2.1492504680046864 1
gene  1 7 10 -0.5720247484891459 0 270.0 -0.5720247484891459 1
gene  1 9 10 -2.2437550717044994 0 274.0 -2.2437550717044994 1
gene  1 9 13 1.1224709620789532 0 288.0 1.1224709620789532 1
gene  1 5 14 1.0563877053457564 0 328.0 1.0563877053457564 1
gene  1 2 10 1.028890143769223 0 357.0 1.028890143769223 1
gene  1 6 14 -2.6444577238553375 0 388.0 -2.6444577238553375 1
gene  1 3 62 -0.11145508221740852 0 411.0 -0.11145508221740852 1
gene  1 62 9 0.3624175488302367 0 412.0 0.3624175488302367 1
gene  1 5 8 -2.3683723408342034 0 414.0 -2.3683723408342034 1
genomeend 5
genomestart  6
trait 1 1.0413842760921321 0.9365906229773271 0.0 0.0 1.7799059348361965 1.2636555841906816 0.0 0.21732163222648737 
node 1 1 1 1
node 2 1 1 1
node 3 1 1 1
node 4 1 1 1
node 5 1 1 1
node 6 1 1 1
node 7 1 1 3
node 8 1 0 0
node 13 1 0 2
node 14 1 0 2
node 16 1 0 0
node 20 1 0 0
node 50 1 0 0
node 55 1 0 0
gene  1 1 8 -5.464973699685324 0 98.0 -5.464973699685324 1
gene  1 2 8 -0.13452973878172514 0 99.0 -0.13452973878172514 1
gene  1 3 8 -1.8890935525036388 0 100.0 -1.8890935525036388 1
gene  1 4 8 -1.245841964324106 0 101.0 -1.245841964324106 1
gene  1 5 8 9.479138448654718 0 102.0 9.479138448654718 1
gene  1 6 8 -4.840549438351275 0 103.0 -4.840549438351275 1
gene  1 8 8 -0.7443716878672378 1 105.0 -0.7443716878672378 1
gene  1 13 8 1.7770723345412107 1 110.0 1.7770723345412107 1
gene  1 14 8 -1.1372076347002549 1 111.0 -1.1372076347002549 1
gene  1 3 13 -4.874861687127112 0 170.0 -4.874861687127112 1
gene  1 5 13 -2.4935817389325114 0 172.0 -2.4935817389325114 1
gene  1 7 13 -0.3358990436784661 0 174.0 -0.3358990436784661 1
gene  1 13 13 2.708886018923346 1 180.0 2.708886018923346 1
gene  1 2 14 -5.930760510249522 0 183.0 -5.930760510249522 1
gene  1 4 14 -7.259451393011612 0 185.0 -7.259451393011612 1
gene  1 6 14 -0.1257010288723051 0 187.0 -0.1257010288723051 1
gene  1 8 14 -0.5049238834130678 0 189.0 -0.5049238834130678 1
gene  1 13 14 -11.909342290355475 0 194.0 -11.909342290355475 1
gene  1 13 16 3.9760573067673546 0 201.0 3.9760573067673546 1
gene  1 16 14 8.47466141868776 0 202.0 8.47466141868776 1
gene  1 3 20 -2.1142819351534534 0 215.0 -2.1142819351534534 1
gene  1 20 8 -3.9127595832630915 0 216.0 -3.9127595832630915 1
gene  1 8 13 2.827947055812357 0 233.0 2.827947055812357 1
gene  1 2 16 1.7931422292298596 0 324.0 1.7931422292298596 1
gene  1 2 20 0.20128319247323778 0 333.0 0.20128319247323778 1
gene  1 7 8 0.01949622856029426 0 352.0 0.01949622856029426 1
gene  1 16 50 -3.2647097951767243 0 364.0 -3.2647097951767243 1
gene  1 50 14 -0.8141792695452326 0 365.0 -0.8141792695452326 1
gene  1 3 55 0.23984950151119816 0 379.0 0.23984950151119816 1
gene  1 55 20 1.4401441973090414 0 380.0 1.4401441973090414 1
genomeend 6
genomestart  7
trait 1 1.0413842760921321 0.9365906229773271 0.0 0.0 1.7799059348361965 1.2636555841906816 0.0 0.21732163222648737 
node 1 1 1 1
node 2 1 1 1
node 3 1 1 1
node 4 1 1 1
node 5 1 1 1
node 6 1 1 1
node 7 1 1 3
node 8 1 0 0
node 13 1 0 2
node 14 1 0 2
node 16 1 0 0
node 20 1 0 0
node 50 1 0 0
node 55 1 0 0
gene  1 1 8 -6.0235841109981045 0 98.0 -6.0235841109981045 1
gene  1 2 8 2.847875840303787 0 99.0 2.847875840303787 1
gene  1 3 8 0.4468211543810924 0 100.0 0.4468211543810924 1
gene  1 4 8 -2.5492628136479545 0 101.0 -2.5492628136479545 1
gene  1 5 8 5.496631952301259 0 102.0 5.496631952301259 1
gene  1 6 8 -7.3557792456935385 0 103.0 -7.3557792456935385 1
gene  1 8 8 -2.940697601563126 1 105.0 -2.940697601563126 1
gene  1 13 8 -0.11020009421825017 1 110.0 -0.11020009421825017 1
gene  1 14 8 -1.166330789398442 1 111.0 -1.166330789398442 1
gene  1 3 13 -7.713513207848932 0 170.0 -7.713513207848932 1
gene  1 5 13 -2.442397566602128 0 172.0 -2.442397566602128 1
gene  1 7 13 -3.777387857139582 0 174.0 -3.777387857139582 1
gene  1 13 13 1.9970680534078875 1 180.0 1.9970680534078875 1
gene  1 2 14 -1.6012978288627209 0 183.0 -1.6012978288627209 1
gene  1 4 14 -5.532251866869099 0 185.0 -5.532251866869099 1
gene  1 6 14 0.5341266183039772 0 187.0 0.5341266183039772 1
gene  1 8 14 -2.6339922305650205 0 189.0 -2.6339922305650205 1
gene  1 13 14 -12.806860236906926 0 194.0 -12.806860236906926 1
gene  1 13 16 5.122427685934177 0 201.0 5.122427685934177 1
gene  1 16 14 10.574400049752404 0 202.0 10.574400049752404 1
gene  1 3 20 -0.38491059462393773 0 215.0 -0.38491059462393773 1
gene  1 20 8 -4.341341155245389 0 216.0 -4.341341155245389 1
gene  1 8 13 2.086973476632101 0 233.0 2.086973476632101 1
gene  1 2 16 2.66396984799813 0 324.0 2.66396984799813 1
gene  1 2 20 -10.149445527478619 0 333.0 -10.149445527478619 1
gene  1 7 8 -2.061085994030676 0 352.0 -2.061085994030676 1
gene  1 16 50 -1.437662697089018 0 364.0 -1.437662697089018 1
gene  1 50 14 -0.41421911394507527 0 365.0 -0.41421911394507527 1
gene  1 3 55 -4.919446889007551 0 379.0 -4.919446889007551 1
gene  1 55 20 -5.306714294057275 0 380.0 -5.306714294057275 1
genomeend 7
genomestart  8
trait 1 1.0413842760921321 0.9365906229773271 0.0 0.0 1.7799059348361965 1.2636555841906816 0.0 0.21732163222648737 
node 1 1 1 1
node 2 1 1 1
node 3 1 1 1
node 4 1 1 1
node 5 1 1 1
node 6 1 1 1
node 7 1 1 3
node 8 1 0 0
node 13 1 0 2
node 14 1 0 2
node 16 1 0 0
node 20 1 0 0
node 50 1 0 0
node 55 1 0 0
node 63 1 0 0
gene  1 1 8 -5.464973699685324 0 98.0 -5.464973699685324 1
gene  1 2 8 0.48136902524655545 0 99.0 0.48136902524655545 1
gene  1 3 8 0.27297612323777476 0 100.0 0.27297612323777476 1
gene  1 4 8 -4.497893985027322 0 101.0 -4.497893985027322 1
gene  1 5 8 7.616229517641044 0 102.0 7.616229517641044 1
gene  1 6 8 -5.73210935176633 0 103.0 -5.73210935176633 0
gene  1 8 8 -1.1226574561656548 1 105.0 -1.1226574561656548 1
gene  1 13 8 1.5196023227086366 1 110.0 1.5196023227086366 1
gene  1 14 8 -1.7100938890476027 1 111.0 -1.7100938890476027 1
gene  1 3 13 -6.826662637038286 0 170.0 -6.826662637038286 1
gene  1 5 13 -1.8081760199935868 0 172.0 -1.8081760199935868 1
gene  1 7 13 -1.4364282572490752 0 174.0 -1.4364282572490752 1
gene  1 13 13 0.8745092793840885 1 180.0 0.8745092793840885 1
gene  1 2 14 -3.6060270436230586 0 183.0 -3.6060270436230586 1
gene  1 4 14 -5.897781796427923 0 185.0 -5.897781796427923 1
gene  1 6 14 1.7037120055747568 0 187.0 1.7037120055747568 1
gene  1 8 14 -1.043116734580109 0 189.0 -1.043116734580109 1
gene  1 13 14 -11.241870537185031 0 194.0 -11.241870537185031 1
gene  1 13 16 3.9760573067673546 0 201.0 3.9760573067673546 1
gene  1 16 14 8.47466141868776 0 202.0 8.47466141868776 1
gene  1 3 20 -2.2874937403459237 0 215.0 -2.2874937403459237 1
gene  1 20 8 -3.9127595832630915 0 216.0 -3.9127595832630915 1
gene  1 8 13 2.1893654425698443 0 233.0 2.1893654425698443 1
gene  1 2 16 2.459150235274452 0 324.0 2.459150235274452 1
gene  1 2 20 -9.641533440338476 0 333.0 -9.641533440338476 1
gene  1 7 8 -4.402052310982193 0 352.0 -4.402052310982193 1
gene  1 16 50 -1.437662697089018 0 364.0 -1.437662697089018 1
gene  1 50 14 -2.7888249007497645 0 365.0 -2.7888249007497645 1
gene  1 3 55 -3.6624339888071704 0 379.0 -3.6624339888071704 1
gene  1 55 20 -5.306714294057275 0 380.0 -5.306714294057275 1
gene  1 6 63 1.0 0 433.0 0.0 1
gene  1 63 8 -5.73210935176633 0 434.0 0.0 1
genomeend 8
genomestart  9
trait 1 0.0 0.2763675853393155 0.875982788337901 0.7948206016704883 0.358711806223011 0.9714201015196656 0.0 0.6764016660929384 
node 1 1 1 1
node 2 1 1 1
node 3 1 1 1
node 4 1 1 1
node 5 1 1 1
node 6 1 1 1
node 7 1 1 3
node 8 1 0 0
node 9 1 0 0
node 10 1 0 0
node 13 1 0 2
node 14 1 0 2
node 21 1 0 0
node 29 1 0 0
node 52 1 0 0
node 53 1 0 0
gene  1 1 8 -3.9553294935218393 0 98.0 -3.9553294935218393 1
gene  1 3 8 -4.71255347943964 0 100.0 -4.71255347943964 1
gene  1 5 8 0.300356475219274 0 102.0 0.300356475219274 1
gene  1 6 8 2.914245458491153 0 103.0 2.914245458491153 1
gene  1 8 8 0.15168823180801816 1 105.0 0.15168823180801816 1
gene  1 1 9 1.7644956696160692 0 112.0 1.7644956696160692 1
gene  1 2 9 0.7157868234094105 0 113.0 0.7157868234094105 1
gene  1 3 9 0.7148264718059933 0 114.0 0.7148264718059933 1
gene  1 5 9 -4.299088785247109 0 116.0 -4.299088785247109 1
gene  1 7 9 1.8342897622683536 0 118.0 1.8342897622683536 1
gene  1 9 9 -7.385884184434668 1 120.0 -7.385884184434668 1
gene  1 10 9 -6.3193199871468835 1 121.0 -6.3193199871468835 1
gene  1 13 9 1.8023964915960478 1 124.0 1.8023964915960478 1
gene  1 2 10 2.42005656288233 0 127.0 2.42005656288233 1
gene  1 4 10 -5.922401683833311 0 129.0 -5.922401683833311 1
gene  1 5 10 2.101523048200681 0 130.0 2.101523048200681 1
gene  1 8 10 -2.099296601475783 0 133.0 -2.099296601475783 1
gene  1 9 10 7.0206367030325145 0 134.0 7.0206367030325145 1
gene  1 10 10 1.2158910800259184 1 135.0 1.2158910800259184 1
gene  1 13 10 -5.986222666548519 1 138.0 -5.986222666548519 1
gene  1 14 10 -2.418633988389468 1 139.0 -2.418633988389468 1
gene  1 2 13 6.725998797860895 0 169.0 6.725998797860895 1
gene  1 3 13 -3.238815516506535 0 170.0 -3.238815516506535 1
gene  1 6 13 -3.009955480355602 0 173.0 -3.009955480355602 1
gene  1 7 13 -4.962293322955318 0 174.0 -4.962293322955318 1
gene  1 9 13 0.7891360409973132 0 176.0 0.7891360409973132 1
gene  1 13 13 -10.78344704822999 1 180.0 -10.78344704822999 1
gene  1 14 13 1.6979603493109 1 181.0 1.6979603493109 1
gene  1 1 14 -4.265657096627381 0 182.0 -4.265657096627381 1
gene  1 3 14 8.097376147652543 0 184.0 8.097376147652543 1
gene  1 9 14 -10.545518287545255 0 190.0 -10.545518287545255 0
gene  1 10 14 -2.076830454407913 0 191.0 -2.076830454407913 1
gene  1 1 21 -3.9480387477716388 0 218.0 -3.9480387477716388 1
gene  1 21 8 6.130616041283185 0 219.0 6.130616041283185 1
gene  1 3 10 -4.3427457276110175 0 223.0 -4.3427457276110175 1
gene  1 6 29 0.220818087861256 0 259.0 0.220818087861256 1
gene  1 29 8 7.26581278737469 0 260.0 7.26581278737469 1
gene  1 29 21 3.5397665465215855 0 271.0 3.5397665465215855 1
gene  1 3 21 -2.6189898077789153 0 300.0 -2.6189898077789153 1
gene  1 9 52 -1.5398387663105684 0 368.0 -1.5398387663105684 1
gene  1 52 14 1.2950787972592268 0 369.0 1.2950787972592268 1
gene  1 1 53 -4.544861600962158 0 372.0 -4.544861600962158 1
gene  1 53 21 -2.2660146800197953 0 373.0 -2.2660146800197953 1
gene  1 2 52 -0.35665796050903253 0 425.0 -0.35665796050903253 1
genomeend 9
genomestart  10
trait 1 0.0 0.2763675853393155 0.875982788337901 0.7948206016704883 0.358711806223011 0.9714201015196656 0.0 0.6764016660929384 
node 1 1 1 1
node 2 1 1 1
node 3 1 1 1
node 4 1 1 1
node 5 1 1 1
node 6 1 1 1
node 7 1 1 3
node 8 1 0 0
node 9 1 0 0
node 10 1 0 0
node 13 1 0 2
node 14 1 0 2
node 21 1 0 0
node 29 1 0 0
node 52 1 0 0
node 53 1 0 0
gene  1 1 8 -0.9234975169406962 0 98.0 -0.9234975169406962 1
gene  1 3 8 -1.0534503344132728 0 100.0 -1.0534503344132728 1
gene  1 5 8 2.216505140525295 0 102.0 2.216505140525295 1
gene  1 6 8 1.9239704094112648 0 103.0 1.9239704094112648 1
gene  1 8 8 2.022370507954375 1 105.0 2.022370507954375 1
gene  1 1 9 3.1781693647122085 0 112.0 3.1781693647122085 1
gene  1 2 9 3.738864290445985 0 113.0 3.738864290445985 1
gene  1 3 9 -2.5887064592770948 0 114.0 -2.5887064592770948 1
gene  1 5 9 -4.041832335480464 0 116.0 -4.041832335480464 1
gene  1 7 9 -0.44194548695563857 0 118.0 -0.44194548695563857 1
gene  1 9 9 -3.4464514615884765 1 120.0 -3.4464514615884765 1
gene  1 10 9 2.030613778670493 1 121.0 2.030613778670493 1
gene  1 13 9 2.2804410230241787 1 124.0 2.2804410230241787 1
gene  1 2 10 3.4657364071921775 0 127.0 3.4657364071921775 1
gene  1 4 10 -4.15874961505577 0 129.0 -4.15874961505577 1
gene  1 5 10 1.8695305911385773 0 130.0 1.8695305911385773 1
gene  1 8 10 -4.557041709536472 0 133.0 -4.557041709536472 1
gene  1 9 10 9.873841286435951 0 134.0 9.873841286435951 1
gene  1 10 10 1.4995299743895314 1 135.0 1.4995299743895314 1
gene  1 13 10 -3.9367668484850737 1 138.0 -3.9367668484850737 1
gene  1 14 10 -2.1052309613919222 1 139.0 -2.1052309613919222 1
gene  1 2 13 6.329250313158839 0 169.0 6.329250313158839 1
gene  1 3 13 -2.763376382140569 0 170.0 -2.763376382140569 1
gene  1 6 13 0.1126184132161745 0 173.0 0.1126184132161745 1
gene  1 7 13 -1.2629740512919856 0 174.0 -1.2629740512919856 1
gene  1 9 13 1.9945831875729718 0 176.0 1.9945831875729718 1
gene  1 13 13 -7.228491809545295 1 180.0 -7.228491809545295 1
gene  1 14 13 3.0435445699063215 1 181.0 3.0435445699063215 1
gene  1 1 14 -6.440109195726466 0 182.0 -6.440109195726466 1
gene  1 3 14 6.86411110280044 0 184.0 6.86411110280044 1
gene  1 9 14 -7.497797881513769 0 190.0 -7.497797881513769 0
gene  1 10 14 -2.8191549616234486 0 191.0 -2.8191549616234486 1
gene  1 1 21 -2.8799688775547234 0 218.0 -2.8799688775547234 1
gene  1 21 8 5.765078334602762 0 219.0 5.765078334602762 1
gene  1 3 10 -2.131243734635152 0 223.0 -2.131243734635152 1
gene  1 6 29 -0.10967218264660739 0 259.0 -0.10967218264660739 1
gene  1 29 8 0.23109797478008065 0 260.0 0.23109797478008065 1
gene  1 29 21 3.061038852124954 0 271.0 3.061038852124954 1
gene  1 3 21 -2.4967524698660624 0 300.0 -2.4967524698660624 1
gene  1 9 52 -2.0955730244437456 0 368.0 -2.0955730244437456 1
gene  1 52 14 -0.5139920578596808 0 369.0 -0.5139920578596808 1
gene  1 1 53 -3.7453072310113553 0 372.0 -3.7453072310113553 1
gene  1 53 21 -0.8798777856925168 0 373.0 -0.8798777856925168 1
gene  1 2 52 -0.5095747946596402 0 425.0 -0.5095747946596402 1
genomeend 10
genomestart  11
trait 1 1.2278199519511421 0.8431431947056619 0.4185672944766822 0.24340368269336865 0.3977567512441774 1.7239330509845825 0.9233259469650144 0.0 
node 1 1 1 1
node 2 1 1 1
node 3 1 1 1
node 4 1 1 1
node 5 1 1 1
node 6 1 1 1
node 7 1 1 3
node 13 1 0 2
node 14 1 0 2
node 42 1 0 0
node 61 1 0 0
gene  1 1 13 1.4575257537409145 0 168.0 1.4575257537409145 1
gene  1 2 13 -2.4419092908104347 0 169.0 -2.4419092908104347 1
gene  1 3 13 1.9257901590385316 0 170.0 1.9257901590385316 1
gene  1 4 13 1.3263606520363953 0 171.0 1.3263606520363953 1
gene  1 5 13 -1.560387831007692 0 172.0 -1.560387831007692 0
gene  1 6 13 -1.6455338584079957 0 173.0 -1.6455338584079957 1
gene  1 7 13 6.240107294435575 0 174.0 6.240107294435575 1
gene  1 14 13 1.468908990035196 1 181.0 1.468908990035196 1
gene  1 1 14 0.4742005965495111 0 182.0 0.4742005965495111 1
gene  1 2 14 2.2230141577806912 0 183.0 2.2230141577806912 1
gene  1 3 14 0.7544816085575969 0 184.0 0.7544816085575969 1
gene  1 13 14 -3.334823212288679 0 194.0 -3.334823212288679 1
gene  1 14 14 1.3078689889802786 1 195.0 1.3078689889802786 1
gene  1 6 14 2.231582817963559 0 230.0 2.231582817963559 1
gene  1 4 14 4.143034538545271 0 312.0 4.143034538545271 1
gene  1 2 42 -0.19285667697987452 0 320.0 -0.19285667697987452 1
gene  1 42 13 -3.5434008476179617 0 321.0 -3.5434008476179617 1
gene  1 6 42 -2.8584634662507 0 349.0 -2.8584634662507 1
gene  1 7 14 9.915457031510078 0 353.0 9.915457031510078 1
gene  1 7 42 -2.3900566183324585 0 395.0 -2.3900566183324585 1
gene  1 5 61 1.4903602731663081 0 408.0 1.4903602731663081 1
gene  1 61 13 -2.376270678718514 0 409.0 -2.376270678718514 1
gene  1 5 42 0.46264346154006974 0 426.0 0.46264346154006974 1
genomeend 11
genomestart  12
trait 1 1.694710805532559 0.0 0.4185672944766822 1.0948004236423574 0.3977567512441774 2.6020137622531423 0.0 0.0 
node 1 1 1 1
node 2 1 1 1
node 3 1 1 1
node 4 1 1 1
node 5 1 1 1
node 6 1 1 1
node 7 1 1 3
node 13 1 0 2
node 14 1 0 2
node 42 1 0 0
node 61 1 0 0
gene  1 1 13 0.733981855044666 0 168.0 0.733981855044666 1
gene  1 2 13 -1.3249422655516236 0 169.0 -1.3249422655516236 1
gene  1 3 13 -0.9556991072538443 0 170.0 -0.9556991072538443 1
gene  1 4 13 4.66560143554567 0 171.0 4.66560143554567 1
gene  1 5 13 -0.7896732269710244 0 172.0 -0.7896732269710244 0
gene  1 6 13 7.4600350113769505 0 173.0 7.4600350113769505 1
gene  1 7 13 5.017536805271092 0 174.0 5.017536805271092 1
gene  1 14 13 -2.032146260896614 1 181.0 -2.032146260896614 1
gene  1 1 14 0.2917021075483308 0 182.0 0.2917021075483308 1
gene  1 2 14 -5.212228999778716 0 183.0 -5.212228999778716 1
gene  1 3 14 3.782216238997302 0 184.0 3.782216238997302 1
gene  1 13 14 -2.6871277989341857 0 194.0 -2.6871277989341857 1
gene  1 14 14 2.3906021164432456 1 195.0 2.3906021164432456 1
gene  1 6 14 3.403106131612673 0 230.0 3.403106131612673 1
gene  1 4 14 0.15236891389012497 0 312.0 0.15236891389012497 1
gene  1 2 42 1.802886626111161 0 320.0 1.802886626111161 1
gene  1 42 13 -1.5175600881486482 0 321.0 -1.5175600881486482 1
gene  1 6 42 -3.125803030306221 0 349.0 -3.125803030306221 1
gene  1 7 14 9.187891319242532 0 353.0 9.187891319242532 1
gene  1 7 42 -2.662086136680367 0 395.0 -2.662086136680367 1
gene  1 5 61 3.6144047492086684 0 408.0 3.6144047492086684 1
gene  1 61 13 -0.7697744031462126 0 409.0 -0.7697744031462126 1
gene  1 5 42 1.6269601098102906 0 426.0 1.6269601098102906 1
genomeend 12
genomestart  13
trait 1 1.2278199519511421 0.8431431947056619 0.4185672944766822 0.24340368269336865 0.3977567512441774 1.7239330509845825 0.9233259469650144 0.0 
node 1 1 1 1
node 2 1 1 1
node 3 1 1 1
node 4 1 1 1
node 5 1 1 1
node 6 1 1 1
node 7 1 1 3
node 13 1 0 2
node 14 1 0 2
node 42 1 0 0
node 61 1 0 0
gene  1 1 13 -2.3210062871834767 0 168.0 -2.3210062871834767 1
gene  1 2 13 -0.2620942297938704 0 169.0 -0.2620942297938704 1
gene  1 3 13 1.2569861630874832 0 170.0 1.2569861630874832 1
gene  1 4 13 -0.027587065410522804 0 171.0 -0.027587065410522804 1
gene  1 5 13 -0.7952806957421595 0 172.0 -0.7952806957421595 0
gene  1 6 13 4.330315710086634 0 173.0 4.330315710086634 1
gene  1 7 13 2.0995360892084722 0 174.0 2.0995360892084722 1
gene  1 14 13 2.4094364656738136 1 181.0 2.4094364656738136 1
gene  1 1 14 1.0987180187187429 0 182.0 1.0987180187187429 1
gene  1 2 14 -2.817187404075548 0 183.0 -2.817187404075548 1
gene  1 3 14 4.505612186913818 0 184.0 4.505612186913818 1
gene  1 13 14 -1.7662954211998316 0 194.0 -1.7662954211998316 1
gene  1 14 14 3.4126508770489545 1 195.0 3.4126508770489545 1
gene  1 6 14 2.6851980328056584 0 230.0 2.6851980328056584 1
gene  1 4 14 0.13160019370730835 0 312.0 0.13160019370730835 1
gene  1 2 42 2.074962931790879 0 320.0 2.074962931790879 1
gene  1 42 13 -2.2211398537698908 0 321.0 -2.2211398537698908 1
gene  1 6 42 -0.7622926503286503 0 349.0 -0.7622926503286503 1
gene  1 7 14 -1.9711800176863088 0 353.0 -1.9711800176863088 1
gene  1 7 42 -2.121267102700696 0 395.0 -2.121267102700696 1
gene  1 5 61 2.007205210803287 0 408.0 2.007205210803287 1
gene  1 61 13 0.747093796884809 0 409.0 0.747093796884809 1
gene  1 5 42 -0.9549011872329765 0 426.0 -0.9549011872329765 1
genomeend 13
genomestart  14
trait 1 0.4052735378133179 0.3434669452255633 0.6134710218904108 0.03889581307332757 0.0 0.34443587063922654 0.676045690880051 0.7626488466698699 
node 1 1 1 1
node 2 1 1 1
node 3 1 1 1
node 4 1 1 1
node 5 1 1 1
node 6 1 1 1
node 7 1 1 3
node 8 1 0 0
node 13 1 0 2
node 14 1 0 2
node 49 1 0 0
node 59 1 0 0
gene  1 4 8 1.8994923264234025 0 101.0 1.8994923264234025 1
gene  1 5 8 -6.94389994466963 0 102.0 -6.94389994466963 1
gene  1 6 8 -5.880484026138443 0 103.0 -5.880484026138443 1
gene  1 14 8 -2.3309757926014147 1 111.0 -2.3309757926014147 1
gene  1 1 13 2.2013369851431412 0 168.0 2.2013369851431412 1
gene  1 2 13 0.5276365861007071 0 169.0 0.5276365861007071 1
gene  1 3 13 -0.47489752778522276 0 170.0 -0.47489752778522276 1
gene  1 5 13 5.0732719429313375 0 172.0 5.0732719429313375 1
gene  1 7 13 -8.155149671304361 0 174.0 -8.155149671304361 1
gene  1 14 13 0.5151426914930477 1 181.0 0.5151426914930477 1
gene  1 1 14 8.449094624741592 0 182.0 8.449094624741592 1
gene  1 2 14 -4.168427617115116 0 183.0 -4.168427617115116 1
gene  1 3 14 -0.6639108607572148 0 184.0 -0.6639108607572148 1
gene  1 4 14 -0.1363683836345666 0 185.0 -0.1363683836345666 1
gene  1 8 14 -1.7129046709749667 0 189.0 -1.7129046709749667 1
gene  1 14 14 1.6263643747402114 1 195.0 1.6263643747402114 1
gene  1 6 14 -2.1706169335474814 0 240.0 -2.1706169335474814 1
gene  1 8 13 1.7615667910305495 0 311.0 1.7615667910305495 1
gene  1 14 13 5.139240657823315 0 322.0 5.139240657823315 1
gene  1 2 49 -1.386329546681261 0 362.0 -1.386329546681261 1
gene  1 49 14 -4.867838514197842 0 363.0 -4.867838514197842 0
gene  1 3 8 -1.283673285270997 0 393.0 -1.283673285270997 1
gene  1 49 59 2.969186180731977 0 401.0 2.969186180731977 1
gene  1 59 14 1.3733411153901747 0 402.0 1.3733411153901747 1
gene  1 2 59 4.502967088332092 0 403.0 4.502967088332092 1
gene  1 7 14 -1.1283939895212012 0 424.0 -1.1283939895212012 1
gene  1 59 13 1.4611945693438386 0 427.0 1.4611945693438386 1
genomeend 14
genomestart  15
trait 1 0.6191963994983718 1.8437409326683576 0.7816155317589891 0.49951333318806035 0.760472394127403 2.2133304098674773 0.0 0.0 
node 1 1 1 1
node 2 1 1 1
node 3 1 1 1
node 4 1 1 1
node 5 1 1 1
node 6 1 1 1
node 7 1 1 3
node 8 1 0 0
node 9 1 0 0
node 10 1 0 0
node 11 1 0 0
node 12 1 0 0
node 13 1 0 2
node 14 1 0 2
node 27 1 0 0
node 34 1 0 0
node 40 1 0 0
node 48 1 0 0
gene  1 1 8 0.30260976967405534 0 98.0 0.30260976967405534 1
gene  1 3 8 0.18861857823015382 0 100.0 0.18861857823015382 1
gene  1 4 8 -0.944507035268273 0 101.0 -0.944507035268273 1
gene  1 6 8 5.873563285462099 0 103.0 5.873563285462099 1
gene  1 8 8 4.27234238473706 1 105.0 4.27234238473706 1
gene  1 10 8 -3.759378167401917 1 107.0 -3.759378167401917 1
gene  1 3 9 -4.177115443443295 0 114.0 -4.177115443443295 1
gene  1 6 9 -0.8538330061318293 0 117.0 -0.8538330061318293 1
gene  1 8 9 -2.004005008490103 0 119.0 -2.004005008490103 1
gene  1 10 9 -10.78707285862028 1 121.0 -10.78707285862028 1
gene  1 11 9 1.4286245086919145 1 122.0 1.4286245086919145 1
gene  1 13 9 4.315270053717013 1 124.0 4.315270053717013 1
gene  1 14 9 -1.1225424912986761 1 125.0 -1.1225424912986761 1
gene  1 1 10 -2.1990650024796747 0 126.0 -2.1990650024796747 1
gene  1 3 10 11.690433832456627 0 128.0 11.690433832456627 1
gene  1 4 10 4.4344578725474495 0 129.0 4.4344578725474495 1
gene  1 5 10 -9.819250886633045 0 130.0 -9.819250886633045 1
gene  1 9 10 -1.8600808573074283 0 134.0 -1.8600808573074283 1
gene  1 13 10 -8.386337149662038 1 138.0 -8.386337149662038 1
gene  1 1 11 -1.3384523387646563 0 140.0 -1.3384523387646563 1
gene  1 3 11 -3.901405311038994 0 142.0 -3.901405311038994 1
gene  1 5 11 -4.370654277810069 0 144.0 -4.370654277810069 1
gene  1 9 11 -3.1806324651958704 0 148.0 -3.1806324651958704 1
gene  1 10 11 5.253551111867858 0 149.0 5.253551111867858 1
gene  1 12 11 -3.1351266067277415 1 151.0 -3.1351266067277415 1
gene  1 14 11 -9.560463856515433 1 153.0 -9.560463856515433 1
gene  1 2 12 0.2235774534745436 0 155.0 0.2235774534745436 1
gene  1 4 12 2.014048137100153 0 157.0 2.014048137100153 1
gene  1 6 12 9.62620164249935 0 159.0 9.62620164249935 1
gene  1 7 12 5.696501707639638 0 160.0 5.696501707639638 1
gene  1 9 12 -5.792243244519218 0 162.0 -5.792243244519218 1
gene  1 10 12 0.8011021424706928 0 163.0 0.8011021424706928 1
gene  1 12 12 5.030840596283549 1 165.0 5.030840596283549 1
gene  1 14 12 -2.0632098324576384 1 167.0 -2.0632098324576384 1
gene  1 1 13 5.059216829526264 0 168.0 5.059216829526264 1
gene  1 3 13 -10.315436308024811 0 170.0 -10.315436308024811 1
gene  1 4 13 2.9874677739799247 0 171.0 2.9874677739799247 1
gene  1 6 13 2.185771278009291 0 173.0 2.185771278009291 1
gene  1 8 13 3.2135676009880494 0 175.0 3.2135676009880494 1
gene  1 9 13 3.6037344831204448 0 176.0 3.6037344831204448 1
gene  1 8 14 -7.065772031634877 0 189.0 -7.065772031634877 1
gene  1 11 14 21.061899991650616 0 192.0 21.061899991650616 1
gene  1 5 8 -0.5622977532787561 0 235.0 -0.5622977532787561 1
gene  1 1 27 -3.620682439887685 0 241.0 -3.620682439887685 1
gene  1 27 8 -0.8108549842288042 0 242.0 -0.8108549842288042 1
gene  1 9 34 -3.337172293149313 0 272.0 -3.337172293149313 1
gene  1 34 11 0.2897302849386463 0 273.0 0.2897302849386463 1
gene  1 5 13 -0.2720693891718068 0 277.0 -0.2720693891718068 1
gene  1 12 14 -0.8164591357712652 0 296.0 -0.8164591357712652 1
gene  1 8 40 1.1155045518738165 1 308.0 1.1155045518738165 1
gene  1 40 8 2.923122330528823 0 309.0 2.923122330528823 1
gene  1 10 14 1.406552041522064 0 341.0 1.406552041522064 1
gene  1 3 48 0.19149145654564437 0 360.0 0.19149145654564437 1
gene  1 48 8 0.6561160032138169 0 361.0 0.6561160032138169 1
gene  1 10 13 -1.8912260616976089 0 404.0 -1.8912260616976089 1
genomeend 15
genomestart  16
trait 1 0.6191963994983718 1.8437409326683576 0.7816155317589891 0.49951333318806035 0.760472394127403 2.2133304098674773 0.0 0.0 
node 1 1 1 1
node 2 1 1 1
node 3 1 1 1
node 4 1 1 1
node 5 1 1 1
node 6 1 1 1
node 7 1 1 3
node 8 1 0 0
node 9 1 0 0
node 10 1 0 0
node 11 1 0 0
node 12 1 0 0
node 13 1 0 2
node 14 1 0 2
node 27 1 0 0
node 34 1 0 0
node 40 1 0 0
node 48 1 0 0
gene  1 1 8 0.18734406404825843 0 98.0 0.18734406404825843 1
gene  1 3 8 0.9987917690142913 0 100.0 0.9987917690142913 1
gene  1 4 8 -0.3934634420775012 0 101.0 -0.3934634420775012 1
gene  1 6 8 3.771420890729069 0 103.0 3.771420890729069 1
gene  1 8 8 2.100946374622794 1 105.0 2.100946374622794 1
gene  1 10 8 -5.984416314489171 1 107.0 -5.984416314489171 1
gene  1 3 9 -2.6949559488386736 0 114.0 -2.6949559488386736 1
gene  1 6 9 -2.4079833152987478 0 117.0 -2.4079833152987478 1
gene  1 8 9 -0.35564265522591443 0 119.0 -0.35564265522591443 1
gene  1 10 9 -8.31426827356583 1 121.0 -8.31426827356583 1
gene  1 11 9 1.3853623041590841 1 122.0 1.3853623041590841 1
gene  1 13 9 2.8406969006533505 1 124.0 2.8406969006533505 1
gene  1 14 9 -0.4560409528044995 1 125.0 -0.4560409528044995 1
gene  1 1 10 -1.3989213653457004 0 126.0 -1.3989213653457004 1
gene  1 3 10 13.492925660118066 0 128.0 13.492925660118066 1
gene  1 4 10 2.2262601610878034 0 129.0 2.2262601610878034 1
gene  1 5 10 -7.863996292793031 0 130.0 -7.863996292793031 1
gene  1 9 10 0.2668280773840117 0 134.0 0.2668280773840117 1
gene  1 13 10 -9.675107362529232 1 138.0 -9.675107362529232 1
gene  1 1 11 0.4566902780756866 0 140.0 0.4566902780756866 1
gene  1 3 11 -1.841789368681871 0 142.0 -1.841789368681871 1
gene  1 5 11 -3.2096469743622063 0 144.0 -3.2096469743622063 1
gene  1 9 11 -1.4191617146539568 0 148.0 -1.4191617146539568 1
gene  1 10 11 4.257717844177632 0 149.0 4.257717844177632 1
gene  1 12 11 -5.428784299253639 1 151.0 -5.428784299253639 1
gene  1 14 11 -8.796998038058693 1 153.0 -8.796998038058693 1
gene  1 2 12 1.1503394712318116 0 155.0 1.1503394712318116 1
gene  1 4 12 0.5033345842320878 0 157.0 0.5033345842320878 1
gene  1 6 12 11.890344401946551 0 159.0 11.890344401946551 1
gene  1 7 12 3.72778855203776 0 160.0 3.72778855203776 1
gene  1 9 12 -3.349603089134664 0 162.0 -3.349603089134664 1
gene  1 10 12 0.8264405521051073 0 163.0 0.8264405521051073 1
gene  1 12 12 4.6308961305364935 1 165.0 4.6308961305364935 1
gene  1 14 12 -1.9136032997661852 1 167.0 -1.9136032997661852 1
gene  1 1 13 6.766428281664511 0 168.0 6.766428281664511 1
gene  1 3 13 -11.064548204555976 0 170.0 -11.064548204555976 1
gene  1 4 13 2.3768535885270685 0 171.0 2.3768535885270685 1
gene  1 6 13 1.3083583004023078 0 173.0 1.3083583004023078 1
gene  1 8 13 4.179537176306667 0 175.0 4.179537176306667 1
gene  1 9 13 2.467905025972561 0 176.0 2.467905025972561 1
gene  1 8 14 -5.574051195549618 0 189.0 -5.574051195549618 1
gene  1 11 14 23.159391291698505 0 192.0 23.159391291698505 1
gene  1 5 8 -0.809395160433189 0 235.0 -0.809395160433189 1
gene  1 1 27 -5.18930951653933 0 241.0 -5.18930951653933 1
gene  1 27 8 -2.5428102414974187 0 242.0 -2.5428102414974187 1
gene  1 9 34 -2.761842022289846 0 272.0 -2.761842022289846 1
gene  1 34 11 0.2897302849386463 0 273.0 0.2897302849386463 1
gene  1 5 13 -0.009876845623849329 0 277.0 -0.009876845623849329 1
gene  1 12 14 0.9348855917920635 0 296.0 0.9348855917920635 1
gene  1 8 40 -0.6788621629985908 1 308.0 -0.6788621629985908 1
gene  1 40 8 1.4364649958745028 0 309.0 1.4364649958745028 1
gene  1 10 14 4.4768228993318155 0 341.0 4.4768228993318155 1
gene  1 3 48 0.014703271724824774 0 360.0 0.014703271724824774 1
gene  1 48 8 0.6561160032138169 0 361.0 0.6561160032138169 1
gene  1 10 13 -1.8912260616976089 0 404.0 -1.8912260616976089 1
gene  1 4 9 -4.055094277194407 0 435.0 -4.055094277194407 1
genomeend 16
genomestart  17
trait 1 0.33971452717739675 0.27695848508415316 1.2324307960896477 0.38263542198384 1.7668704662528345 0.8372542455634346 0.3613767976006988 0.3567570363531483 
node 1 1 1 1
node 2 1 1 1
node 3 1 1 1
node 4 1 1 1
node 5 1 1 1
node 6 1 1 1
node 7 1 1 3
node 8 1 0 0
node 9 1 0 0
node 10 1 0 0
node 13 1 0 2
node 14 1 0 2
node 16 1 0 0
node 21 1 0 0
node 29 1 0 0
node 52 1 0 0
node 53 1 0 0
gene  1 1 8 -1.9231092396586666 0 98.0 -1.9231092396586666 1
gene  1 2 8 -1.456225343672567 0 99.0 -1.456225343672567 1
gene  1 3 8 4.049338905574056 0 100.0 4.049338905574056 1
gene  1 4 8 -8.704425924979189 0 101.0 -8.704425924979189 1
gene  1 5 8 2.79758494191754 0 102.0 2.79758494191754 1
gene  1 6 8 -1.5295968143166017 0 103.0 -1.5295968143166017 1
gene  1 8 8 -2.1376676467605242 1 105.0 -2.1376676467605242 1
gene  1 13 8 -5.011777071141617 1 110.0 -5.011777071141617 1
gene  1 14 8 -14.003438012625825 1 111.0 -14.003438012625825 1
gene  1 3 13 0.16835585580640644 0 170.0 0.16835585580640644 1
gene  1 5 13 4.6762857780489275 0 172.0 4.6762857780489275 1
gene  1 7 13 -0.06189221183658278 0 174.0 -0.06189221183658278 1
gene  1 13 13 -3.171215786296621 1 180.0 -3.171215786296621 1
gene  1 2 14 3.0160043118552844 0 183.0 3.0160043118552844 1
gene  1 4 14 -4.108775994168682 0 185.0 -4.108775994168682 1
gene  1 6 14 -1.493649046888665 0 187.0 -1.493649046888665 1
gene  1 8 14 0.7021926050988136 0 189.0 0.7021926050988136 1
gene  1 13 14 1.454441061048253 0 194.0 1.454441061048253 1
gene  1 13 16 -1.4542315134876236 0 201.0 -1.4542315134876236 1
gene  1 16 14 -2.3203344936248547 0 202.0 -2.3203344936248547 1
gene  1 1 21 1.266793540135974 0 218.0 1.266793540135974 1
gene  1 21 8 4.36710712423066 0 219.0 4.36710712423066 1
gene  1 3 10 11.066537046435782 0 223.0 11.066537046435782 1
gene  1 6 29 2.7545539898172016 0 259.0 2.7545539898172016 1
gene  1 29 8 0.23399688835387844 0 260.0 0.23399688835387844 1
gene  1 29 21 -2.954209781822035 0 271.0 -2.954209781822035 1
gene  1 3 21 -0.6105733926037205 0 300.0 -0.6105733926037205 1
gene  1 9 52 -1.8872965881001185 0 368.0 -1.8872965881001185 1
gene  1 52 14 -1.080692003439987 0 369.0 -1.080692003439987 1
gene  1 1 53 0.6029566729317237 0 372.0 0.6029566729317237 1
gene  1 53 21 0.37258528218739345 0 373.0 0.37258528218739345 1
genomeend 17
genomestart  18
trait 1 0.33971452717739675 0.27695848508415316 1.2324307960896477 0.38263542198384 1.7668704662528345 0.8372542455634346 0.3613767976006988 0.3567570363531483 
node 1 1 1 1
node 2 1 1 1
node 3 1 1 1
node 4 1 1 1
node 5 1 1 1
node 6 1 1 1
node 7 1 1 3
node 8 1 0 0
node 9 1 0 0
node 10 1 0 0
node 13 1 0 2
node 14 1 0 2
node 16 1 0 0
node 21 1 0 0
node 29 1 0 0
node 52 1 0 0
node 53 1 0 0
gene  1 1 8 0.9959655164803813 0 98.0 0.9959655164803813 1
gene  1 2 8 1.9338258967354918 0 99.0 1.9338258967354918 1
gene  1 3 8 1.2170677536139325 0 100.0 1.2170677536139325 1
gene  1 4 8 -9.038658788827792 0 101.0 -9.038658788827792 1
gene  1 5 8 2.7400370428632908 0 102.0 2.7400370428632908 1
gene  1 6 8 -3.5974564248154306 0 103.0 -3.5974564248154306 1
gene  1 8 8 -0.9493286300801227 1 105.0 -0.9493286300801227 1
gene  1 13 8 -5.591023224140709 1 110.0 -5.591023224140709 1
gene  1 14 8 -2.1030527953913167 1 111.0 -2.1030527953913167 1
gene  1 3 13 -3.2776556298518527 0 170.0 -3.2776556298518527 1
gene  1 5 13 0.06949107506109609 0 172.0 0.06949107506109609 1
gene  1 7 13 -0.623918953714393 0 174.0 -0.623918953714393 1
gene  1 13 13 0.7782279728959227 1 180.0 0.7782279728959227 1
gene  1 2 14 1.6802841630132175 0 183.0 1.6802841630132175 1
gene  1 4 14 -1.2021892536450165 0 185.0 -1.2021892536450165 1
gene  1 6 14 -0.04234318292278627 0 187.0 -0.04234318292278627 1
gene  1 8 14 -1.471024608869828 0 189.0 -1.471024608869828 1
gene  1 13 14 4.087898216131627 0 194.0 4.087898216131627 1
gene  1 13 16 -1.3378888871481827 0 201.0 -1.3378888871481827 1
gene  1 16 14 1.2315870925995573 0 202.0 1.2315870925995573 1
gene  1 1 21 4.770869041354544 0 218.0 4.770869041354544 1
gene  1 21 8 2.8775801511286407 0 219.0 2.8775801511286407 1
gene  1 3 10 0.7339796913441863 0 223.0 0.7339796913441863 1
gene  1 6 29 3.1148922349506374 0 259.0 3.1148922349506374 1
gene  1 29 8 1.0237715815144177 0 260.0 1.0237715815144177 1
gene  1 29 21 -2.3094553630507293 0 271.0 -2.3094553630507293 1
gene  1 3 21 -7.343510517045926 0 300.0 -7.343510517045926 1
gene  1 9 52 -2.8704981412467667 0 368.0 -2.8704981412467667 1
gene  1 52 14 -4.3093561121168555 0 369.0 -4.3093561121168555 1
gene  1 1 53 1.970122670335805 0 372.0 1.970122670335805 1
gene  1 53 21 -5.050867945954774 0 373.0 -5.050867945954774 1
genomeend 18
genomestart  19
trait 1 0.33971452717739675 0.27695848508415316 1.2324307960896477 0.38263542198384 1.7668704662528345 0.8372542455634346 0.3613767976006988 0.3567570363531483 
node 1 1 1 1
node 2 1 1 1
node 3 1 1 1
node 4 1 1 1
node 5 1 1 1
node 6 1 1 1
node 7 1 1 3
node 8 1 0 0
node 9 1 0 0
node 10 1 0 0
node 13 1 0 2
node 14 1 0 2
node 16 1 0 0
node 21 1 0 0
node 29 1 0 0
node 52 1 0 0
node 53 1 0 0
gene  1 1 8 0.43103853942858117 0 98.0 0.43103853942858117 1
gene  1 2 8 0.9682474364234774 0 99.0 0.9682474364234774 1
gene  1 3 8 3.2120138073842863 0 100.0 3.2120138073842863 1
gene  1 4 8 -5.632345566841103 0 101.0 -5.632345566841103 1
gene  1 5 8 1.0271781872054895 0 102.0 1.0271781872054895 1
gene  1 6 8 -2.30827271201696 0 103.0 -2.30827271201696 1
gene  1 8 8 -1.5890736769741522 1 105.0 -1.5890736769741522 1
gene  1 13 8 -4.888135221918853 1 110.0 -4.888135221918853 1
gene  1 14 8 -11.045212512570414 1 111.0 -11.045212512570414 1
gene  1 3 13 -3.4454200644566813 0 170.0 -3.4454200644566813 1
gene  1 5 13 4.990539000053669 0 172.0 4.990539000053669 1
gene  1 7 13 -0.6131345821091605 0 174.0 -0.6131345821091605 1
gene  1 13 13 -3.232655592153637 1 180.0 -3.232655592153637 1
gene  1 2 14 0.30687334014079903 0 183.0 0.30687334014079903 1
gene  1 4 14 -2.629254744725233 0 185.0 -2.629254744725233 1
gene  1 6 14 -0.838745063818817 0 187.0 -0.838745063818817 1
gene  1 8 14 -1.2659207882330679 0 189.0 -1.2659207882330679 1
gene  1 13 14 1.9872476410895976 0 194.0 1.9872476410895976 1
gene  1 13 16 -4.517465346088047 0 201.0 -4.517465346088047 1
gene  1 16 14 -3.116158111865324 0 202.0 -3.116158111865324 1
gene  1 1 21 5.624527735262689 0 218.0 5.624527735262689 1
gene  1 21 8 -0.18877504293753944 0 219.0 -0.18877504293753944 1
gene  1 3 10 10.468749044593753 0 223.0 10.468749044593753 1
gene  1 6 29 5.50961635970123 0 259.0 5.50961635970123 1
gene  1 29 8 4.161734989185591 0 260.0 4.161734989185591 1
gene  1 29 21 -1.3505942401031499 0 271.0 -1.3505942401031499 1
gene  1 3 21 -7.3208945697664705 0 300.0 -7.3208945697664705 1
gene  1 9 52 -3.0847246959332555 0 368.0 -3.0847246959332555 1
gene  1 52 14 0.25688230325882466 0 369.0 0.25688230325882466 1
gene  1 1 53 3.976226898783109 0 372.0 3.976226898783109 1
gene  1 53 21 -0.4158971408276374 0 373.0 -0.4158971408276374 1
genomeend 19
