genomestart  0
trait 1 0.0 0.29964541126798605 0.0 0.0 0.0 0.0 0.08354904834950888 0.0 
node 1 1 1 1
node 2 1 1 1
node 3 1 1 1
node 4 1 1 1
node 5 1 1 1
node 6 1 1 1
node 7 1 1 3
node 13 1 0 2
node 14 1 0 2
node 19 1 0 0
node 33 1 0 0
gene  1 1 13 -1.483196940026241 0 168.0 -1.483196940026241 1
gene  1 3 13 1.0336906351641841 0 170.0 1.0336906351641841 1
gene  1 5 13 -4.233071344946544 0 172.0 -4.233071344946544 0
gene  1 6 13 -8.052552864720735 0 173.0 -8.052552864720735 1
gene  1 14 13 -0.718924850157452 1 181.0 -0.718924850157452 1
gene  1 1 14 1.3586419261248772 0 182.0 1.3586419261248772 1
gene  1 2 14 -4.836144810557833 0 183.0 -4.836144810557833 1
gene  1 4 14 -1.5203573693584314 0 185.0 -1.5203573693584314 1
gene  1 5 14 4.687753191173588 0 186.0 4.687753191173588 1
gene  1 6 14 -4.2450425198881545 0 187.0 -4.2450425198881545 1
gene  1 7 14 0.47886114121423073 0 188.0 0.47886114121423073 1
gene  1 13 14 -1.9154080142837488 0 194.0 -1.9154080142837488 1
gene  1 14 14 -7.229445677201441 1 195.0 -7.229445677201441 0
gene  1 5 19 0.7733831094238639 0 213.0 0.7733831094238639 1
gene  1 19 13 -1.0505069470076474 0 214.0 -1.0505069470076474 1
gene  1 2 13 6.882668766268445 0 243.0 6.882668766268445 1
gene  1 6 19 -2.036939532971183 0 257.0 -2.036939532971183 1
gene  1 19 14 0.31354637375870964 0 267.0 0.31354637375870964 1
gene  1 14 33 -0.9845374846146551 1 268.0 -0.9845374846146551 1
gene  1 33 14 1.6329257096189433 0 269.0 1.6329257096189433 1
genomeend 0
genomestart  1
trait 1 0.0 0.29964541126798605 0.0 0.0 0.0 0.0 0.08354904834950888 0.0 
node 1 1 1 1
node 2 1 1 1
node 3 1 1 1
node 4 1 1 1
node 5 1 1 1
node 6 1 1 1
node 7 1 1 3
node 13 1 0 2
node 14 1 0 2
node 19 1 0 0
node 33 1 0 0
node 35 1 0 0
gene  1 1 13 -1.7179613391375967 0 168.0 -1.7179613391375967 1
gene  1 3 13 1.8009617932036484 0 170.0 1.8009617932036484 1
gene  1 5 13 -1.7358600911531819 0 172.0 -1.7358600911531819 0
gene  1 6 13 -6.855394598893848 0 173.0 -6.855394598893848 1
gene  1 14 13 -1.426552541846395 1 181.0 -1.426552541846395 1
gene  1 1 14 3.4180006714449607 0 182.0 3.4180006714449607 1
gene  1 2 14 -5.898962678109502 0 183.0 -5.898962678109502 1
gene  1 4 14 0.37670753107190813 0 185.0 0.37670753107190813 0
gene  1 5 14 4.191943602529023 0 186.0 4.191943602529023 1
gene  1 6 14 -2.8301773586293084 0 187.0 -2.8301773586293084 1
gene  1 7 14 1.996876003199117 0 188.0 1.996876003199117 1
gene  1 13 14 0.40741842904490366 0 194.0 0.40741842904490366 1
gene  1 14 14 -7.507042082571196 1 195.0 -7.507042082571196 0
gene  1 5 19 0.576770393741897 0 213.0 0.576770393741897 1
gene  1 19 13 0.5848398799959846 0 214.0 0.5848398799959846 1
gene  1 2 13 7.679092037923091 0 243.0 7.679092037923091 1
gene  1 6 19 -3.2160140983887997 0 257.0 -3.2160140983887997 1
gene  1 19 14 0.31354637375870964 0 267.0 0.31354637375870964 1
gene  1 14 33 -0.9845374846146551 1 268.0 -0.9845374846146551 1
gene  1 33 14 1.6329257096189433 0 269.0 1.6329257096189433 1
gene  1 4 35 1.0 0 278.0 0.0 1
gene  1 35 14 0.37670753107190813 0 279.0 0.0 1
genomeend 1
genomestart  2
trait 1 0.0 0.29964541126798605 0.0 0.0 0.0 0.0 0.08354904834950888 0.0 
node 1 1 1 1
node 2 1 1 1
node 3 1 1 1
node 4 1 1 1
node 5 1 1 1
node 6 1 1 1
node 7 1 1 3
node 13 1 0 2
node 14 1 0 2
node 19 1 0 0
node 33 1 0 0
gene  1 1 13 0.3668625326062655 0 168.0 0.3668625326062655 1
gene  1 3 13 4.101787621362511 0 170.0 4.101787621362511 1
gene  1 5 13 -1.7733647522069715 0 172.0 -1.7733647522069715 0
gene  1 6 13 -0.7861719955160479 0 173.0 -0.7861719955160479 1
gene  1 14 13 0.7268578264808601 1 181.0 0.7268578264808601 1
gene  1 1 14 2.2699612349941622 0 182.0 2.2699612349941622 1
gene  1 2 14 -7.626180870775912 0 183.0 -7.626180870775912 1
gene  1 4 14 -1.0681953538223175 0 185.0 -1.0681953538223175 1
gene  1 5 14 4.191943602529023 0 186.0 4.191943602529023 1
gene  1 6 14 -2.324546478986362 0 187.0 -2.324546478986362 1
gene  1 7 14 1.6143437722311273 0 188.0 1.6143437722311273 1
gene  1 13 14 -0.15031190005719042 0 194.0 -0.15031190005719042 1
gene  1 14 14 -7.6369001712619 1 195.0 -7.6369001712619 0
gene  1 5 19 -1.3049957731613113 0 213.0 -1.3049957731613113 1
gene  1 19 13 0.1852645760622912 0 214.0 0.1852645760622912 1
gene  1 2 13 9.373092843296648 0 243.0 9.373092843296648 1
gene  1 6 19 -2.186730037683964 0 257.0 -2.186730037683964 1
gene  1 19 14 0.5028310513594172 0 267.0 0.5028310513594172 1
gene  1 14 33 -0.9845374846146551 1 268.0 -0.9845374846146551 1
gene  1 33 14 3.5713957998116976 0 269.0 3.5713957998116976 1
genomeend 2
genomestart  3
trait 1 0.38509797114028876 1.1306295992632984 0.0 0.17101181944213528 0.0 0.0 0.0 1.0208282639679993 
node 1 1 1 1
node 2 1 1 1
node 3 1 1 1
node 4 1 1 1
node 5 1 1 1
node 6 1 1 1
node 7 1 1 3
node 13 1 0 2
node 14 1 0 2
node 24 1 0 0
gene  1 2 13 -4.897653229852409 0 169.0 -4.897653229852409 1
gene  1 3 13 -2.9606464613374808 0 170.0 -2.9606464613374808 1
gene  1 4 13 -0.8227660769982148 0 171.0 -0.8227660769982148 1
gene  1 6 13 3.5250757603688117 0 173.0 3.5250757603688117 1
gene  1 7 13 0.8859273561006347 0 174.0 0.8859273561006347 1
gene  1 13 13 -1.545105414526934 1 180.0 -1.545105414526934 1
gene  1 1 14 1.864264159476491 0 182.0 1.864264159476491 1
gene  1 2 14 5.432962980987089 0 183.0 5.432962980987089 1
gene  1 5 14 2.309227682860388 0 186.0 2.309227682860388 1
gene  1 6 14 -2.5166182246265123 0 187.0 -2.5166182246265123 1
gene  1 7 14 -0.8203187541047785 0 188.0 -0.8203187541047785 1
gene  1 13 14 2.148527347950912 0 194.0 2.148527347950912 1
gene  1 14 14 -2.0027476851147648 1 195.0 -2.0027476851147648 1
gene  1 2 24 -6.511211717760359 0 226.0 -6.511211717760359 1
gene  1 24 13 2.447229167278974 0 227.0 2.447229167278974 1
gene  1 7 24 1.6799535298893997 0 245.0 1.6799535298893997 1
gene  1 1 24 -2.8231992480883754 0 249.0 -2.8231992480883754 1
gene  1 4 14 2.5307426329145977 0 280.0 2.5307426329145977 1
genomeend 3
genomestart  4
trait 1 0.38509797114028876 1.1306295992632984 0.0 0.17101181944213528 0.0 0.0 0.0 1.0208282639679993 
node 1 1 1 1
node 2 1 1 1
node 3 1 1 1
node 4 1 1 1
node 5 1 1 1
node 6 1 1 1
node 7 1 1 3
node 13 1 0 2
node 14 1 0 2
node 24 1 0 0
gene  1 2 13 -4.473479880693111 0 169.0 -4.473479880693111 1
gene  1 3 13 -1.4054310983368064 0 170.0 -1.4054310983368064 1
gene  1 4 13 0.8654098728726036 0 171.0 0.8654098728726036 1
gene  1 6 13 0.5422814476316948 0 173.0 0.5422814476316948 1
gene  1 7 13 2.0406333219425568 0 174.0 2.0406333219425568 1
gene  1 13 13 -2.238317070633355 1 180.0 -2.238317070633355 1
gene  1 1 14 2.231665003149996 0 182.0 2.231665003149996 1
gene  1 2 14 7.881420133158123 0 183.0 7.881420133158123 1
gene  1 5 14 4.716622526934861 0 186.0 4.716622526934861 1
gene  1 6 14 -2.5166182246265123 0 187.0 -2.5166182246265123 1
gene  1 7 14 2.4799737074966726 0 188.0 2.4799737074966726 1
gene  1 13 14 -0.34010698882913015 0 194.0 -0.34010698882913015 1
gene  1 14 14 -0.2443818041787844 1 195.0 -0.2443818041787844 1
gene  1 2 24 -7.463823519728997 0 226.0 -7.463823519728997 1
gene  1 24 13 4.554581584022871 0 227.0 4.554581584022871 1
gene  1 7 24 2.707811340363233 0 245.0 2.707811340363233 1
gene  1 1 24 -2.8231992480883754 0 249.0 -2.8231992480883754 1
genomeend 4
genomestart  5
trait 1 0.9658100958370718 0.5527206392592479 1.7535517816909252 0.0 0.0 1.5188178498138516 0.7279373662985449 0.0 
node 1 1 1 1
node 2 1 1 1
node 3 1 1 1
node 4 1 1 1
node 5 1 1 1
node 6 1 1 1
node 7 1 1 3
node 8 1 0 0
node 9 1 0 0
node 10 1 0 0
node 11 1 0 0
node 13 1 0 2
node 14 1 0 2
gene  1 2 8 -1.6964919992231327 0 99.0 -1.6964919992231327 1
gene  1 6 8 -0.5820157692352779 0 103.0 -0.5820157692352779 1
gene  1 8 8 3.5515621524358956 1 105.0 3.5515621524358956 1
gene  1 9 8 -4.46140281442536 1 106.0 -4.46140281442536 1
gene  1 10 8 -2.4387739900331313 1 107.0 -2.4387739900331313 1
gene  1 11 8 4.037582092393069 1 108.0 4.037582092393069 1
gene  1 13 8 1.9946495912716944 1 110.0 1.9946495912716944 1
gene  1 14 8 4.884514750520841 1 111.0 4.884514750520841 1
gene  1 1 9 -0.11236466729600969 0 112.0 -0.11236466729600969 1
gene  1 2 9 5.3241725643841935 0 113.0 5.3241725643841935 1
gene  1 3 9 -2.6174514143359713 0 114.0 -2.6174514143359713 1
gene  1 6 9 -0.2942954855821925 0 117.0 -0.2942954855821925 1
gene  1 7 9 -0.17150588779814813 0 118.0 -0.17150588779814813 1
gene  1 8 9 2.4556639661987854 0 119.0 2.4556639661987854 1
gene  1 9 9 -1.8595402621299453 1 120.0 -1.8595402621299453 1
gene  1 11 9 -5.2438173051693635 1 122.0 -5.2438173051693635 1
gene  1 13 9 2.1242284355233165 1 124.0 2.1242284355233165 1
gene  1 14 9 -0.48288968943422744 1 125.0 -0.48288968943422744 1
gene  1 1 10 0.14924354193611977 0 126.0 0.14924354193611977 1
gene  1 3 10 3.636662297078172 0 128.0 3.636662297078172 1
gene  1 4 10 -1.954787260010054 0 129.0 -1.954787260010054 1
gene  1 5 10 -7.92797756967236 0 130.0 -7.92797756967236 1
gene  1 6 10 -2.439278512434388 0 131.0 -2.439278512434388 1
gene  1 10 10 -1.0147142743550503 1 135.0 -1.0147142743550503 1
gene  1 11 10 0.5734361884480241 1 136.0 0.5734361884480241 1
gene  1 14 10 -3.3644976388605743 1 139.0 -3.3644976388605743 1
gene  1 1 11 8.710191049025749 0 140.0 8.710191049025749 1
gene  1 3 11 1.9667123607435828 0 142.0 1.9667123607435828 1
gene  1 5 11 1.5639064167481591 0 144.0 1.5639064167481591 1
gene  1 6 11 2.1991357899463315 0 145.0 2.1991357899463315 1
gene  1 7 11 1.951228626976769 0 146.0 1.951228626976769 1
gene  1 8 11 -0.9752163909218516 0 147.0 -0.9752163909218516 1
gene  1 9 11 4.61512052691584 0 148.0 4.61512052691584 1
gene  1 10 11 0.3808908164228919 0 149.0 0.3808908164228919 1
gene  1 11 11 0.36098380095236 1 150.0 0.36098380095236 1
gene  1 1 13 -8.769139427983745 0 168.0 -8.769139427983745 1
gene  1 2 13 4.275931032459548 0 169.0 4.275931032459548 1
gene  1 3 13 0.5323683131451669 0 170.0 0.5323683131451669 1
gene  1 7 13 4.5535911483839655 0 174.0 4.5535911483839655 1
gene  1 11 13 3.9780793891782107 0 178.0 3.9780793891782107 1
gene  1 13 13 9.342159605567211 1 180.0 9.342159605567211 1
gene  1 2 14 2.413003228833292 0 183.0 2.413003228833292 1
gene  1 3 14 2.1537482642250407 0 184.0 2.1537482642250407 1
gene  1 4 14 -3.9955520414087573 0 185.0 -3.9955520414087573 1
gene  1 7 14 0.6321602423489723 0 188.0 0.6321602423489723 1
gene  1 8 14 0.47891444368018843 0 189.0 0.47891444368018843 1
gene  1 10 14 3.617888584444727 0 191.0 3.617888584444727 1
gene  1 13 14 2.6469003248960377 0 194.0 2.6469003248960377 1
gene  1 5 13 2.1268163567937717 0 198.0 2.1268163567937717 1
gene  1 4 9 -2.0504211804275236 0 200.0 -2.0504211804275236 1
gene  1 8 13 -4.255787495741555 0 248.0 -4.255787495741555 1
gene  1 7 10 -7.649174838218092 0 270.0 -7.649174838218092 1
gene  1 9 10 -7.964894378849165 0 274.0 -7.964894378849165 1
genomeend 5
genomestart  6
trait 1 0.9658100958370718 0.5527206392592479 1.7535517816909252 0.0 0.0 1.5188178498138516 0.7279373662985449 0.0 
node 1 1 1 1
node 2 1 1 1
node 3 1 1 1
node 4 1 1 1
node 5 1 1 1
node 6 1 1 1
node 7 1 1 3
node 8 1 0 0
node 9 1 0 0
node 10 1 0 0
node 11 1 0 0
node 13 1 0 2
node 14 1 0 2
gene  1 2 8 5.952860776475135 0 99.0 5.952860776475135 1
gene  1 6 8 -0.934819296164616 0 103.0 -0.934819296164616 1
gene  1 8 8 5.527325975440647 1 105.0 5.527325975440647 1
gene  1 9 8 -5.616994011487505 1 106.0 -5.616994011487505 1
gene  1 10 8 -1.5651098900848863 1 107.0 -1.5651098900848863 1
gene  1 11 8 4.098450295574606 1 108.0 4.098450295574606 1
gene  1 13 8 1.5045755512083874 1 110.0 1.5045755512083874 1
gene  1 14 8 4.822454927801775 1 111.0 4.822454927801775 1
gene  1 1 9 2.1888822142002375 0 112.0 2.1888822142002375 1
gene  1 2 9 1.9904170769656067 0 113.0 1.9904170769656067 1
gene  1 3 9 -5.113768955853337 0 114.0 -5.113768955853337 1
gene  1 6 9 -4.692050467575378 0 117.0 -4.692050467575378 1
gene  1 7 9 -0.6365477221594265 0 118.0 -0.6365477221594265 1
gene  1 8 9 2.6207662223337183 0 119.0 2.6207662223337183 1
gene  1 9 9 -1.9197018204352823 1 120.0 -1.9197018204352823 1
gene  1 11 9 -2.1846797757857375 1 122.0 -2.1846797757857375 1
gene  1 13 9 5.248942125813796 1 124.0 5.248942125813796 1
gene  1 14 9 1.095572167900443 1 125.0 1.095572167900443 1
gene  1 1 10 0.3153211326449217 0 126.0 0.3153211326449217 1
gene  1 3 10 3.638258493947685 0 128.0 3.638258493947685 1
gene  1 4 10 -5.141407094999737 0 129.0 -5.141407094999737 1
gene  1 5 10 -8.944042294226717 0 130.0 -8.944042294226717 1
gene  1 6 10 -3.4442001543989536 0 131.0 -3.4442001543989536 1
gene  1 10 10 3.3887941901965046 1 135.0 3.3887941901965046 1
gene  1 11 10 1.2465049193182671 1 136.0 1.2465049193182671 1
gene  1 14 10 -2.0858037618368037 1 139.0 -2.0858037618368037 1
gene  1 1 11 5.263112003345732 0 140.0 5.263112003345732 1
gene  1 3 11 5.936528533073708 0 142.0 5.936528533073708 1
gene  1 5 11 3.3014330687119173 0 144.0 3.3014330687119173 1
gene  1 6 11 1.7036141768572866 0 145.0 1.7036141768572866 1
gene  1 7 11 1.3360224882340308 0 146.0 1.3360224882340308 1
gene  1 8 11 2.018881025480461 0 147.0 2.018881025480461 1
gene  1 9 11 5.128731242763345 0 148.0 5.128731242763345 1
gene  1 10 11 1.3104593050740385 0 149.0 1.3104593050740385 1
gene  1 11 11 8.192330250687286 1 150.0 8.192330250687286 1
gene  1 1 13 -8.285303019718516 0 168.0 -8.285303019718516 1
gene  1 2 13 2.756668318779975 0 169.0 2.756668318779975 1
gene  1 3 13 0.2895899235666519 0 170.0 0.2895899235666519 1
gene  1 7 13 3.013337186178987 0 174.0 3.013337186178987 1
gene  1 11 13 7.964707889837115 0 178.0 7.964707889837115 1
gene  1 13 13 10.192804106614384 1 180.0 10.192804106614384 1
gene  1 2 14 3.445797449183186 0 183.0 3.445797449183186 1
gene  1 3 14 5.123551683149103 0 184.0 5.123551683149103 1
gene  1 4 14 -4.553045274523198 0 185.0 -4.553045274523198 1
gene  1 7 14 1.4659277235643382 0 188.0 1.4659277235643382 1
gene  1 8 14 -1.9144626036635506 0 189.0 -1.9144626036635506 1
gene  1 10 14 -0.3126670803440972 0 191.0 -0.3126670803440972 1
gene  1 13 14 2.4517232399625253 0 194.0 2.4517232399625253 1
gene  1 5 13 2.720994704007014 0 198.0 2.720994704007014 1
gene  1 4 9 -6.319103508357536 0 200.0 -6.319103508357536 1
gene  1 8 13 -3.381270166303952 0 248.0 -3.381270166303952 1
gene  1 7 10 -8.835523245962207 0 270.0 -8.835523245962207 1
gene  1 9 10 -5.8637163143472355 0 274.0 -5.8637163143472355 1
genomeend 6
genomestart  7
trait 1 0.9658100958370718 0.5527206392592479 1.7535517816909252 0.0 0.0 1.5188178498138516 0.7279373662985449 0.0 
node 1 1 1 1
node 2 1 1 1
node 3 1 1 1
node 4 1 1 1
node 5 1 1 1
node 6 1 1 1
node 7 1 1 3
node 8 1 0 0
node 9 1 0 0
node 10 1 0 0
node 11 1 0 0
node 13 1 0 2
node 14 1 0 2
gene  1 2 8 4.995071017607357 0 99.0 4.995071017607357 1
gene  1 6 8 -1.2465973710894116 0 103.0 -1.2465973710894116 1
gene  1 8 8 5.978344653515562 1 105.0 5.978344653515562 1
gene  1 9 8 -8.488610074351522 1 106.0 -8.488610074351522 1
gene  1 10 8 -1.09469408975477 1 107.0 -1.09469408975477 1
gene  1 11 8 6.974992752549423 1 108.0 6.974992752549423 1
gene  1 13 8 0.6946236204124027 1 110.0 0.6946236204124027 1
gene  1 14 8 2.390061224142913 1 111.0 2.390061224142913 1
gene  1 1 9 -0.1351137832105112 0 112.0 -0.1351137832105112 1
gene  1 2 9 3.435495498272344 0 113.0 3.435495498272344 1
gene  1 3 9 -0.30900309141706467 0 114.0 -0.30900309141706467 1
gene  1 6 9 -3.397929491816021 0 117.0 -3.397929491816021 1
gene  1 7 9 0.9215627636216378 0 118.0 0.9215627636216378 1
gene  1 8 9 -1.1895216073141033 0 119.0 -1.1895216073141033 1
gene  1 9 9 -1.7038041927567154 1 120.0 -1.7038041927567154 1
gene  1 11 9 -5.195571419863697 1 122.0 -5.195571419863697 1
gene  1 13 9 4.083199994569322 1 124.0 4.083199994569322 1
gene  1 14 9 1.3778234952708563 1 125.0 1.3778234952708563 1
gene  1 1 10 -1.0498991442658983 0 126.0 -1.0498991442658983 1
gene  1 3 10 3.4025110065388335 0 128.0 3.4025110065388335 1
gene  1 4 10 -0.32853831345537376 0 129.0 -0.32853831345537376 1
gene  1 5 10 -5.182535524547983 0 130.0 -5.182535524547983 1
gene  1 6 10 -4.47610114783032 0 131.0 -4.47610114783032 1
gene  1 10 10 3.8547845101762848 1 135.0 3.8547845101762848 1
gene  1 11 10 0.344921556426947 1 136.0 0.344921556426947 1
gene  1 14 10 0.22883109863988116 1 139.0 0.22883109863988116 1
gene  1 1 11 4.978329194405202 0 140.0 4.978329194405202 1
gene  1 3 11 6.139877895165719 0 142.0 6.139877895165719 1
gene  1 5 11 0.49707412318180044 0 144.0 0.49707412318180044 1
gene  1 6 11 -0.8618384404133822 0 145.0 -0.8618384404133822 1
gene  1 7 11 6.005635890608538 0 146.0 6.005635890608538 1
gene  1 8 11 2.057751797276501 0 147.0 2.057751797276501 1
gene  1 9 11 1.341701929653821 0 148.0 1.341701929653821 1
gene  1 10 11 1.846302358781363 0 149.0 1.846302358781363 1
gene  1 11 11 9.660242344047125 1 150.0 9.660242344047125 1
gene  1 1 13 -8.259929831595164 0 168.0 -8.259929831595164 1
gene  1 2 13 2.4952415133964005 0 169.0 2.4952415133964005 1
gene  1 3 13 -1.3222427344600796 0 170.0 -1.3222427344600796 1
gene  1 7 13 2.4955129822871176 0 174.0 2.4955129822871176 1
gene  1 11 13 2.421342857757907 0 178.0 2.421342857757907 1
gene  1 13 13 9.69461767029272 1 180.0 9.69461767029272 1
gene  1 2 14 -1.1291572354628923 0 183.0 -1.1291572354628923 1
gene  1 3 14 4.3747793140187845 0 184.0 4.3747793140187845 1
gene  1 4 14 1.2667965027397217 0 185.0 1.2667965027397217 1
gene  1 7 14 -0.8895617408926428 0 188.0 -0.8895617408926428 1
gene  1 8 14 -1.7178538367233998 0 189.0 -1.7178538367233998 1
gene  1 10 14 2.21950385993489 0 191.0 2.21950385993489 1
gene  1 13 14 2.031749857903035 0 194.0 2.031749857903035 1
gene  1 5 13 -1.4972167456551853 0 198.0 -1.4972167456551853 1
gene  1 4 9 -3.1181561705982146 0 200.0 -3.1181561705982146 1
gene  1 8 13 1.7601499667622045 0 248.0 1.7601499667622045 1
gene  1 7 10 -8.676676695421543 0 270.0 -8.676676695421543 1
gene  1 9 10 -1.4394864345463456 0 274.0 -1.4394864345463456 1
genomeend 7
genomestart  8
trait 1 0.9094479393069818 0.0 0.18125169842722821 0.0 0.5658812609091859 0.42041845515383636 0.6672100230779487 0.0 
node 1 1 1 1
node 2 1 1 1
node 3 1 1 1
node 4 1 1 1
node 5 1 1 1
node 6 1 1 1
node 7 1 1 3
node 8 1 0 0
node 13 1 0 2
node 14 1 0 2
node 16 1 0 0
node 20 1 0 0
gene  1 1 8 -1.830322447998815 0 98.0 -1.830322447998815 1
gene  1 2 8 1.5135194099314382 0 99.0 1.5135194099314382 1
gene  1 3 8 4.329741326512536 0 100.0 4.329741326512536 1
gene  1 4 8 2.773883049980647 0 101.0 2.773883049980647 1
gene  1 5 8 -0.45465672991730777 0 102.0 -0.45465672991730777 1
gene  1 6 8 2.2291370850839423 0 103.0 2.2291370850839423 1
gene  1 8 8 -3.5091033661428845 1 105.0 -3.5091033661428845 1
gene  1 13 8 -3.228226701679695 1 110.0 -3.228226701679695 1
gene  1 14 8 -1.83900814555192 1 111.0 -1.83900814555192 1
gene  1 3 13 1.516521714925911 0 170.0 1.516521714925911 1
gene  1 5 13 8.627083989964278 0 172.0 8.627083989964278 1
gene  1 7 13 -1.5160548880448035 0 174.0 -1.5160548880448035 1
gene  1 13 13 -1.4231839464058238 1 180.0 -1.4231839464058238 1
gene  1 2 14 -1.7117858129767742 0 183.0 -1.7117858129767742 1
gene  1 4 14 -1.660665458525806 0 185.0 -1.660665458525806 1
gene  1 6 14 0.6563974621424744 0 187.0 0.6563974621424744 1
gene  1 8 14 3.532993267428876 0 189.0 3.532993267428876 1
gene  1 13 14 5.157658152850248 0 194.0 5.157658152850248 1
gene  1 13 16 2.6819191169258616 0 201.0 2.6819191169258616 1
gene  1 16 14 -2.0557757933239595 0 202.0 -2.0557757933239595 1
gene  1 3 20 0.4702037146251288 0 215.0 0.4702037146251288 1
gene  1 20 8 1.6249329454072692 0 216.0 1.6249329454072692 1
gene  1 8 13 -2.2758327891548475 0 233.0 -2.2758327891548475 1
genomeend 8
genomestart  9
trait 1 0.9094479393069818 0.0 0.18125169842722821 0.0 0.5658812609091859 0.42041845515383636 0.6672100230779487 0.0 
node 1 1 1 1
node 2 1 1 1
node 3 1 1 1
node 4 1 1 1
node 5 1 1 1
node 6 1 1 1
node 7 1 1 3
node 8 1 0 0
node 13 1 0 2
node 14 1 0 2
node 16 1 0 0
node 20 1 0 0
gene  1 1 8 -1.010658221160512 0 98.0 -1.010658221160512 1
gene  1 2 8 -0.5550454628541734 0 99.0 -0.5550454628541734 1
gene  1 3 8 4.261960174322848 0 100.0 4.261960174322848 1
gene  1 4 8 2.804538291704629 0 101.0 2.804538291704629 1
gene  1 5 8 -2.105561300726039 0 102.0 -2.105561300726039 1
gene  1 6 8 1.0372590619720594 0 103.0 1.0372590619720594 1
gene  1 8 8 -2.3525138616887347 1 105.0 -2.3525138616887347 1
gene  1 13 8 -5.372699629749767 1 110.0 -5.372699629749767 1
gene  1 14 8 -0.5941002511009419 1 111.0 -0.5941002511009419 1
gene  1 3 13 2.7385090938770604 0 170.0 2.7385090938770604 1
gene  1 5 13 8.361112392166595 0 172.0 8.361112392166595 1
gene  1 7 13 -2.0067787026027872 0 174.0 -2.0067787026027872 1
gene  1 13 13 -0.3655681546405174 1 180.0 -0.3655681546405174 1
gene  1 2 14 -2.8115807731970532 0 183.0 -2.8115807731970532 1
gene  1 4 14 -1.913924112893245 0 185.0 -1.913924112893245 1
gene  1 6 14 -1.3983732480713484 0 187.0 -1.3983732480713484 1
gene  1 8 14 4.771813254192747 0 189.0 4.771813254192747 1
gene  1 13 14 7.0496167807442 0 194.0 7.0496167807442 1
gene  1 13 16 3.3812479941105122 0 201.0 3.3812479941105122 1
gene  1 16 14 -4.397385186328965 0 202.0 -4.397385186328965 1
gene  1 3 20 2.0272569255630652 0 215.0 2.0272569255630652 1
gene  1 20 8 3.5229070194801864 0 216.0 3.5229070194801864 1
gene  1 8 13 -2.2758327891548475 0 233.0 -2.2758327891548475 1
genomeend 9
genomestart  10
trait 1 0.9094479393069818 0.0 0.18125169842722821 0.0 0.5658812609091859 0.42041845515383636 0.6672100230779487 0.0 
node 1 1 1 1
node 2 1 1 1
node 3 1 1 1
node 4 1 1 1
node 5 1 1 1
node 6 1 1 1
node 7 1 1 3
node 8 1 0 0
node 13 1 0 2
node 14 1 0 2
node 16 1 0 0
node 20 1 0 0
gene  1 1 8 0.11345783440128243 0 98.0 0.11345783440128243 1
gene  1 2 8 1.6349506738352426 0 99.0 1.6349506738352426 1
gene  1 3 8 4.329741326512536 0 100.0 4.329741326512536 1
gene  1 4 8 -1.0303584158081933 0 101.0 -1.0303584158081933 1
gene  1 5 8 0.9113610335308219 0 102.0 0.9113610335308219 1
gene  1 6 8 1.5831629139525663 0 103.0 1.5831629139525663 1
gene  1 8 8 -3.5091033661428845 1 105.0 -3.5091033661428845 1
gene  1 13 8 -3.5224677867447247 1 110.0 -3.5224677867447247 1
gene  1 14 8 -2.6313846924678344 1 111.0 -2.6313846924678344 1
gene  1 3 13 2.448008819282979 0 170.0 2.448008819282979 1
gene  1 5 13 10.369445533127926 0 172.0 10.369445533127926 1
gene  1 7 13 0.08040424159187598 0 174.0 0.08040424159187598 1
gene  1 13 13 -3.7749424987638265 1 180.0 -3.7749424987638265 1
gene  1 2 14 -0.7092237393629859 0 183.0 -0.7092237393629859 1
gene  1 4 14 0.554046167526947 0 185.0 0.554046167526947 1
gene  1 6 14 -0.7731868349057733 0 187.0 -0.7731868349057733 1
gene  1 8 14 5.007297394706303 0 189.0 5.007297394706303 1
gene  1 13 14 5.8670878945176455 0 194.0 5.8670878945176455 1
gene  1 13 16 4.959252143877849 0 201.0 4.959252143877849 1
gene  1 16 14 -3.421895511259357 0 202.0 -3.421895511259357 1
gene  1 3 20 0.1900797925578715 0 215.0 0.1900797925578715 1
gene  1 20 8 0.6353722816848145 0 216.0 0.6353722816848145 1
gene  1 8 13 -2.4468029776127507 0 233.0 -2.4468029776127507 1
genomeend 10
genomestart  11
trait 1 0.0 0.0 0.0 0.0 0.0 0.0 0.0 0.0 
node 1 1 1 1
node 2 1 1 1
node 3 1 1 1
node 4 1 1 1
node 5 1 1 1
node 6 1 1 1
node 7 1 1 3
node 8 1 0 0
node 9 1 0 0
node 10 1 0 0
node 13 1 0 2
node 14 1 0 2
node 21 1 0 0
node 29 1 0 0
gene  1 1 8 2.043807988376471 0 98.0 2.043807988376471 0
gene  1 3 8 4.8978979955577895 0 100.0 4.8978979955577895 1
gene  1 5 8 1.9907706113099763 0 102.0 1.9907706113099763 1
gene  1 6 8 3.4520732911402816 0 103.0 3.4520732911402816 1
gene  1 8 8 2.58244878022596 1 105.0 2.58244878022596 1
gene  1 1 9 -0.7111240909249923 0 112.0 -0.7111240909249923 1
gene  1 2 9 4.7502100381102315 0 113.0 4.7502100381102315 1
gene  1 3 9 5.722032838536124 0 114.0 5.722032838536124 1
gene  1 5 9 -2.635776997129767 0 116.0 -2.635776997129767 1
gene  1 7 9 -1.295026679016445 0 118.0 -1.295026679016445 1
gene  1 9 9 -3.012173263127001 1 120.0 -3.012173263127001 1
gene  1 10 9 10.095545769698036 1 121.0 10.095545769698036 1
gene  1 13 9 -0.21380176164633552 1 124.0 -0.21380176164633552 1
gene  1 2 10 0.029525717901008885 0 127.0 0.029525717901008885 1
gene  1 4 10 -3.086916826664909 0 129.0 -3.086916826664909 1
gene  1 5 10 -1.9129853115275137 0 130.0 -1.9129853115275137 1
gene  1 8 10 4.935141811389871 0 133.0 4.935141811389871 1
gene  1 9 10 1.0125101569438564 0 134.0 1.0125101569438564 1
gene  1 10 10 -1.763294961778404 1 135.0 -1.763294961778404 1
gene  1 13 10 -2.8917247597495273 1 138.0 -2.8917247597495273 1
gene  1 14 10 0.8044805204543797 1 139.0 0.8044805204543797 1
gene  1 2 13 -2.6097416219298184 0 169.0 -2.6097416219298184 1
gene  1 3 13 -7.774907352561136 0 170.0 -7.774907352561136 1
gene  1 6 13 4.774553877082823 0 173.0 4.774553877082823 1
gene  1 7 13 4.432728538616987 0 174.0 4.432728538616987 1
gene  1 9 13 7.536879156607877 0 176.0 7.536879156607877 1
gene  1 13 13 0.08952791552811723 1 180.0 0.08952791552811723 1
gene  1 14 13 -2.1824061634191425 1 181.0 -2.1824061634191425 1
gene  1 1 14 -2.605299216537988 0 182.0 -2.605299216537988 1
gene  1 3 14 4.16436776248259 0 184.0 4.16436776248259 1
gene  1 9 14 -9.154013122779379 0 190.0 -9.154013122779379 1
gene  1 10 14 -1.307484070081589 0 191.0 -1.307484070081589 1
gene  1 1 21 -0.4303978112232876 0 218.0 -0.4303978112232876 1
gene  1 21 8 2.7559877629940153 0 219.0 2.7559877629940153 1
gene  1 3 10 -4.770644775931057 0 223.0 -4.770644775931057 1
gene  1 6 29 0.17462922036647877 0 259.0 0.17462922036647877 1
gene  1 29 8 -8.408842739424626 0 260.0 -8.408842739424626 1
gene  1 29 21 -4.095259678858587 0 271.0 -4.095259678858587 1
genomeend 11
genomestart  12
trait 1 0.0 0.0 0.0 0.0 0.0 0.0 0.0 0.0 
node 1 1 1 1
node 2 1 1 1
node 3 1 1 1
node 4 1 1 1
node 5 1 1 1
node 6 1 1 1
node 7 1 1 3
node 8 1 0 0
node 9 1 0 0
node 10 1 0 0
node 13 1 0 2
node 14 1 0 2
node 21 1 0 0
node 29 1 0 0
gene  1 1 8 1.8760519819817878 0 98.0 1.8760519819817878 0
gene  1 3 8 3.2794238240982967 0 100.0 3.2794238240982967 1
gene  1 5 8 3.0142484674683048 0 102.0 3.0142484674683048 1
gene  1 6 8 0.313001516482474 0 103.0 0.313001516482474 1
gene  1 8 8 -2.411634829283325 1 105.0 -2.411634829283325 1
gene  1 1 9 -2.918394251590135 0 112.0 -2.918394251590135 1
gene  1 2 9 4.154756693656425 0 113.0 4.154756693656425 1
gene  1 3 9 8.764585811308903 0 114.0 8.764585811308903 1
gene  1 5 9 -3.1244002559977737 0 116.0 -3.1244002559977737 1
gene  1 7 9 -2.588416327849621 0 118.0 -2.588416327849621 1
gene  1 9 9 -2.259487095494021 1 120.0 -2.259487095494021 1
gene  1 10 9 9.431134709928347 1 121.0 9.431134709928347 1
gene  1 13 9 0.901425413823095 1 124.0 0.901425413823095 1
gene  1 2 10 -0.057602639508132214 0 127.0 -0.057602639508132214 1
gene  1 4 10 -2.3052049763426012 0 129.0 -2.3052049763426012 1
gene  1 5 10 -0.5059491295097194 0 130.0 -0.5059491295097194 1
gene  1 8 10 2.6896951292174394 0 133.0 2.6896951292174394 1
gene  1 9 10 1.6083397353288942 0 134.0 1.6083397353288942 1
gene  1 10 10 1.519495139588309 1 135.0 1.519495139588309 1
gene  1 13 10 -1.921268142983723 1 138.0 -1.921268142983723 1
gene  1 14 10 0.47773382064145076 1 139.0 0.47773382064145076 1
gene  1 2 13 -2.5447176915523126 0 169.0 -2.5447176915523126 1
gene  1 3 13 -5.586133597408253 0 170.0 -5.586133597408253 1
gene  1 6 13 2.426013746323041 0 173.0 2.426013746323041 1
gene  1 7 13 -1.2391799172446478 0 174.0 -1.2391799172446478 1
gene  1 9 13 12.118086514838618 0 176.0 12.118086514838618 1
gene  1 13 13 -2.3517474042291875 1 180.0 -2.3517474042291875 1
gene  1 14 13 -3.507750423631016 1 181.0 -3.507750423631016 1
gene  1 1 14 -2.627902333739206 0 182.0 -2.627902333739206 1
gene  1 3 14 3.1677968764700775 0 184.0 3.1677968764700775 1
gene  1 9 14 -5.903816800810451 0 190.0 -5.903816800810451 1
gene  1 10 14 -1.3895802941600344 0 191.0 -1.3895802941600344 1
gene  1 1 21 -2.739478798351927 0 218.0 -2.739478798351927 1
gene  1 21 8 -0.32123856679797136 0 219.0 -0.32123856679797136 1
gene  1 3 10 -3.836988452482426 0 223.0 -3.836988452482426 1
gene  1 6 29 -2.022001198413395 0 259.0 -2.022001198413395 1
gene  1 29 8 -2.1438166297035766 0 260.0 -2.1438166297035766 1
gene  1 29 21 1.8878415993570055 0 271.0 1.8878415993570055 1
genomeend 12
genomestart  13
trait 1 0.508121932065467 0.0 0.5320965200184643 0.26183196038933176 0.0 0.0 0.0 0.0 
node 1 1 1 1
node 2 1 1 1
node 3 1 1 1
node 4 1 1 1
node 5 1 1 1
node 6 1 1 1
node 7 1 1 3
node 13 1 0 2
node 14 1 0 2
gene  1 1 13 0.807124929930719 0 168.0 0.807124929930719 1
gene  1 2 13 -1.4803105752969623 0 169.0 -1.4803105752969623 1
gene  1 3 13 1.1391230965688481 0 170.0 1.1391230965688481 1
gene  1 4 13 -9.45900649634955 0 171.0 -9.45900649634955 1
gene  1 5 13 4.744718102610722 0 172.0 4.744718102610722 1
gene  1 6 13 1.190206193396619 0 173.0 1.190206193396619 1
gene  1 7 13 -0.564721565462172 0 174.0 -0.564721565462172 1
gene  1 14 13 -1.7397448292317077 1 181.0 -1.7397448292317077 1
gene  1 1 14 2.1641515505287714 0 182.0 2.1641515505287714 1
gene  1 2 14 1.8542474441568355 0 183.0 1.8542474441568355 1
gene  1 3 14 7.090610795469753 0 184.0 7.090610795469753 1
gene  1 13 14 -2.207799292525289 0 194.0 -2.207799292525289 1
gene  1 14 14 1.3293020166177256 1 195.0 1.3293020166177256 1
gene  1 6 14 0.5081663399477654 0 230.0 0.5081663399477654 1
genomeend 13
genomestart  14
trait 1 0.508121932065467 0.0 0.5320965200184643 0.26183196038933176 0.0 0.0 0.0 0.0 
node 1 1 1 1
node 2 1 1 1
node 3 1 1 1
node 4 1 1 1
node 5 1 1 1
node 6 1 1 1
node 7 1 1 3
node 13 1 0 2
node 14 1 0 2
gene  1 1 13 4.260895305003116 0 168.0 4.260895305003116 1
gene  1 2 13 2.5502827802144274 0 169.0 2.5502827802144274 1
gene  1 3 13 0.12074585045206343 0 170.0 0.12074585045206343 1
gene  1 4 13 -10.54623133626669 0 171.0 -10.54623133626669 1
gene  1 5 13 8.931922150981334 0 172.0 8.931922150981334 1
gene  1 6 13 1.9819731265102765 0 173.0 1.9819731265102765 1
gene  1 7 13 0.555895322656794 0 174.0 0.555895322656794 1
gene  1 14 13 5.144970484255642 1 181.0 5.144970484255642 1
gene  1 1 14 2.817560680090982 0 182.0 2.817560680090982 1
gene  1 2 14 -4.4191897959181645 0 183.0 -4.4191897959181645 1
gene  1 3 14 3.4197370272926695 0 184.0 3.4197370272926695 1
gene  1 13 14 -6.092287394492274 0 194.0 -6.092287394492274 1
gene  1 14 14 -0.012128119424424044 1 195.0 -0.012128119424424044 1
gene  1 6 14 0.5081663399477654 0 230.0 0.5081663399477654 1
genomeend 14
genomestart  15
trait 1 0.0 0.0 0.0 0.0 0.0 0.0 0.0 0.0 
node 1 1 1 1
node 2 1 1 1
node 3 1 1 1
node 4 1 1 1
node 5 1 1 1
node 6 1 1 1
node 7 1 1 3
node 8 1 0 0
node 13 1 0 2
node 14 1 0 2
gene  1 4 8 -3.9786976347012946 0 101.0 -3.9786976347012946 1
gene  1 5 8 -3.8895521746293427 0 102.0 -3.8895521746293427 1
gene  1 6 8 2.8683863123568503 0 103.0 2.8683863123568503 1
gene  1 14 8 3.7068961597938994 1 111.0 3.7068961597938994 1
gene  1 1 13 -4.207684909307016 0 168.0 -4.207684909307016 1
gene  1 2 13 1.780021760882585 0 169.0 1.780021760882585 1
gene  1 3 13 5.177607349997901 0 170.0 5.177607349997901 1
gene  1 5 13 5.354217137716272 0 172.0 5.354217137716272 1
gene  1 7 13 3.7194192594994395 0 174.0 3.7194192594994395 1
gene  1 14 13 4.080921749175406 1 181.0 4.080921749175406 1
gene  1 1 14 -4.008325331464086 0 182.0 -4.008325331464086 1
gene  1 2 14 1.8555050867139422 0 183.0 1.8555050867139422 1
gene  1 3 14 2.496123282149079 0 184.0 2.496123282149079 1
gene  1 4 14 -6.16257261401069 0 185.0 -6.16257261401069 1
gene  1 8 14 0.06988133022634152 0 189.0 0.06988133022634152 1
gene  1 14 14 -6.612383060677975 1 195.0 -6.612383060677975 1
gene  1 6 14 3.2946362292784572 0 240.0 3.2946362292784572 1
gene  1 14 13 1.032061224841866 0 281.0 1.032061224841866 1
genomeend 15
genomestart  16
trait 1 0.0 0.0 0.0 0.0 0.0 0.0 0.0 0.0 
node 1 1 1 1
node 2 1 1 1
node 3 1 1 1
node 4 1 1 1
node 5 1 1 1
node 6 1 1 1
node 7 1 1 3
node 8 1 0 0
node 13 1 0 2
node 14 1 0 2
gene  1 4 8 -5.040428778758512 0 101.0 -5.040428778758512 1
gene  1 5 8 -3.179787105183752 0 102.0 -3.179787105183752 1
gene  1 6 8 4.057875895158859 0 103.0 4.057875895158859 1
gene  1 14 8 2.3718018708475297 1 111.0 2.3718018708475297 1
gene  1 1 13 -2.050190001596995 0 168.0 -2.050190001596995 1
gene  1 2 13 3.667729730194237 0 169.0 3.667729730194237 1
gene  1 3 13 7.527354396445186 0 170.0 7.527354396445186 1
gene  1 5 13 5.211755855197756 0 172.0 5.211755855197756 1
gene  1 7 13 4.298780725111259 0 174.0 4.298780725111259 1
gene  1 14 13 4.787212242895281 1 181.0 4.787212242895281 1
gene  1 1 14 -1.6771683907785082 0 182.0 -1.6771683907785082 1
gene  1 2 14 1.6684660654294823 0 183.0 1.6684660654294823 1
gene  1 3 14 0.5424541002384338 0 184.0 0.5424541002384338 1
gene  1 4 14 -8.083530209466652 0 185.0 -8.083530209466652 1
gene  1 8 14 1.8415398009110269 0 189.0 1.8415398009110269 1
gene  1 14 14 -4.6002884887319295 1 195.0 -4.6002884887319295 1
gene  1 6 14 3.00752156155451 0 240.0 3.00752156155451 1
genomeend 16
genomestart  17
trait 1 0.0 0.0 0.0 0.0 0.0 0.0 0.0 0.0 
node 1 1 1 1
node 2 1 1 1
node 3 1 1 1
node 4 1 1 1
node 5 1 1 1
node 6 1 1 1
node 7 1 1 3
node 8 1 0 0
node 13 1 0 2
node 14 1 0 2
gene  1 4 8 -4.4007923856398135 0 101.0 -4.4007923856398135 1
gene  1 5 8 -2.008608375512493 0 102.0 -2.008608375512493 1
gene  1 6 8 2.162810868904762 0 103.0 2.162810868904762 1
gene  1 14 8 6.129642673739508 1 111.0 6.129642673739508 1
gene  1 1 13 -2.587914570558211 0 168.0 -2.587914570558211 1
gene  1 2 13 2.424466121218768 0 169.0 2.424466121218768 1
gene  1 3 13 3.7342220622273725 0 170.0 3.7342220622273725 1
gene  1 5 13 5.287124064036104 0 172.0 5.287124064036104 1
gene  1 7 13 2.8690117519665552 0 174.0 2.8690117519665552 1
gene  1 14 13 6.471498043306296 1 181.0 6.471498043306296 1
gene  1 1 14 -3.315038110498742 0 182.0 -3.315038110498742 1
gene  1 2 14 1.5093104627443323 0 183.0 1.5093104627443323 1
gene  1 3 14 0.6604820974687842 0 184.0 0.6604820974687842 1
gene  1 4 14 -7.2479268850367635 0 185.0 -7.2479268850367635 1
gene  1 8 14 1.9232057595884133 0 189.0 1.9232057595884133 1
gene  1 14 14 -6.612383060677975 1 195.0 -6.612383060677975 1
gene  1 6 14 3.2946362292784572 0 240.0 3.2946362292784572 1
genomeend 17
genomestart  18
trait 1 0.0 0.0 0.0 0.0 0.0 0.0 0.0 0.0 
node 1 1 1 1
node 2 1 1 1
node 3 1 1 1
node 4 1 1 1
node 5 1 1 1
node 6 1 1 1
node 7 1 1 3
node 8 1 0 0
node 13 1 0 2
node 14 1 0 2
gene  1 4 8 -1.57211700540239 0 101.0 -1.57211700540239 1
gene  1 5 8 -4.29675247747613 0 102.0 -4.29675247747613 1
gene  1 6 8 1.9180360057765817 0 103.0 1.9180360057765817 1
gene  1 14 8 3.490733560851265 1 111.0 3.490733560851265 1
gene  1 1 13 -2.033640564406281 0 168.0 -2.033640564406281 1
gene  1 2 13 -0.5056004708231718 0 169.0 -0.5056004708231718 1
gene  1 3 13 3.8573787063541216 0 170.0 3.8573787063541216 1
gene  1 5 13 5.464802545064954 0 172.0 5.464802545064954 1
gene  1 7 13 1.810724155107975 0 174.0 1.810724155107975 1
gene  1 14 13 2.173272751914438 1 181.0 2.173272751914438 1
gene  1 1 14 -5.732790607619524 0 182.0 -5.732790607619524 1
gene  1 2 14 2.1226132616038513 0 183.0 2.1226132616038513 1
gene  1 3 14 1.1859186451021548 0 184.0 1.1859186451021548 1
gene  1 4 14 -7.355871541974174 0 185.0 -7.355871541974174 1
gene  1 8 14 0.06988133022634152 0 189.0 0.06988133022634152 1
gene  1 14 14 -6.612383060677975 1 195.0 -6.612383060677975 1
gene  1 6 14 1.3014116906008555 0 240.0 1.3014116906008555 1
genomeend 18
genomestart  19
trait 1 0.8225567813410785 0.22949821013610905 0.25783251468105195 0.0 0.0 0.0 0.16709809669901776 0.6352627776851354 
node 1 1 1 1
node 2 1 1 1
node 3 1 1 1
node 4 1 1 1
node 5 1 1 1
node 6 1 1 1
node 7 1 1 3
node 8 1 0 0
node 9 1 0 0
node 10 1 0 0
node 11 1 0 0
node 12 1 0 0
node 13 1 0 2
node 14 1 0 2
node 27 1 0 0
node 34 1 0 0
gene  1 1 8 0.7255489169795379 0 98.0 0.7255489169795379 0
gene  1 3 8 6.459513262747288 0 100.0 6.459513262747288 1
gene  1 4 8 -2.388626660666403 0 101.0 -2.388626660666403 1
gene  1 6 8 11.326179153454019 0 103.0 11.326179153454019 1
gene  1 8 8 2.601447901560834 1 105.0 2.601447901560834 1
gene  1 10 8 0.0406813446623408 1 107.0 0.0406813446623408 1
gene  1 3 9 -0.39710881685496047 0 114.0 -0.39710881685496047 1
gene  1 6 9 2.808954482318036 0 117.0 2.808954482318036 1
gene  1 8 9 0.4982815492253405 0 119.0 0.4982815492253405 1
gene  1 10 9 2.9643691555655978 1 121.0 2.9643691555655978 1
gene  1 11 9 6.829510182023389 1 122.0 6.829510182023389 1
gene  1 13 9 -4.0832976743520675 1 124.0 -4.0832976743520675 1
gene  1 14 9 -0.47502637770939937 1 125.0 -0.47502637770939937 1
gene  1 1 10 0.27669168143939515 0 126.0 0.27669168143939515 1
gene  1 3 10 0.5603429127818413 0 128.0 0.5603429127818413 1
gene  1 4 10 2.0755804753091702 0 129.0 2.0755804753091702 1
gene  1 5 10 2.898685857098852 0 130.0 2.898685857098852 1
gene  1 9 10 1.3976179955010715 0 134.0 1.3976179955010715 1
gene  1 13 10 3.7893112945829284 1 138.0 3.7893112945829284 1
gene  1 1 11 0.2642846763832263 0 140.0 0.2642846763832263 1
gene  1 3 11 -3.909934096814075 0 142.0 -3.909934096814075 1
gene  1 5 11 9.38164437009808 0 144.0 9.38164437009808 1
gene  1 9 11 -2.0176622250139866 0 148.0 -2.0176622250139866 0
gene  1 10 11 -8.182634670153542 0 149.0 -8.182634670153542 1
gene  1 12 11 -1.6974500787452258 1 151.0 -1.6974500787452258 1
gene  1 14 11 0.7881132853611367 1 153.0 0.7881132853611367 1
gene  1 2 12 -1.875437843832858 0 155.0 -1.875437843832858 1
gene  1 4 12 -0.9431300759154366 0 157.0 -0.9431300759154366 1
gene  1 6 12 -0.39094347873209134 0 159.0 -0.39094347873209134 1
gene  1 7 12 1.1892503751473282 0 160.0 1.1892503751473282 1
gene  1 9 12 -2.0559237530692296 0 162.0 -2.0559237530692296 1
gene  1 10 12 5.838431623232814 0 163.0 5.838431623232814 1
gene  1 12 12 0.229617016716114 1 165.0 0.229617016716114 1
gene  1 14 12 11.844243410297171 1 167.0 11.844243410297171 1
gene  1 1 13 0.10198931157993307 0 168.0 0.10198931157993307 1
gene  1 3 13 -3.3492183970845777 0 170.0 -3.3492183970845777 1
gene  1 4 13 0.28763125243626203 0 171.0 0.28763125243626203 1
gene  1 6 13 1.4782640460925849 0 173.0 1.4782640460925849 1
gene  1 8 13 -0.20686613007370314 0 175.0 -0.20686613007370314 1
gene  1 9 13 1.4080345786653135 0 176.0 1.4080345786653135 1
gene  1 8 14 2.580350845267949 0 189.0 2.580350845267949 1
gene  1 11 14 0.3544302234189209 0 192.0 0.3544302234189209 1
gene  1 5 8 1.3080834498722789 0 235.0 1.3080834498722789 1
gene  1 1 27 -5.752218171539746 0 241.0 -5.752218171539746 1
gene  1 27 8 -2.211334258798451 0 242.0 -2.211334258798451 1
gene  1 9 34 -1.1641265413360151 0 272.0 -1.1641265413360151 1
gene  1 34 11 -3.7687252651512253 0 273.0 -3.7687252651512253 1
gene  1 5 13 11.72679946841918 0 277.0 11.72679946841918 1
genomeend 19
