genomestart  0
trait 1 0.09063773393878893 0.0 2.208214576245032 0.0 1.0577508098755246 1.0290111265680415 0.6887198692276033 1.9521139079965946 
node 1 1 1 1
node 2 1 1 1
node 3 1 1 1
node 4 1 1 1
node 5 1 1 1
node 6 1 1 1
node 7 1 1 3
node 13 1 0 2
node 14 1 0 2
node 24 1 0 0
node 36 1 0 0
node 65 1 0 0
gene  1 2 13 -2.776349775039658 0 169.0 -2.776349775039658 0
gene  1 3 13 0.5472893929993418 0 170.0 0.5472893929993418 1
gene  1 4 13 10.72760782274773 0 171.0 10.72760782274773 1
gene  1 6 13 -0.04078414340877734 0 173.0 -0.04078414340877734 1
gene  1 7 13 0.5400817138286385 0 174.0 0.5400817138286385 1
gene  1 13 13 6.818709908491417 1 180.0 6.818709908491417 1
gene  1 1 14 4.352500891876745 0 182.0 4.352500891876745 1
gene  1 2 14 0.4476247569224794 0 183.0 0.4476247569224794 1
gene  1 5 14 2.924032707411795 0 186.0 2.924032707411795 1
gene  1 6 14 -0.8604905961686581 0 187.0 -0.8604905961686581 1
gene  1 7 14 1.0887813531403816 0 188.0 1.0887813531403816 1
gene  1 13 14 1.909068313428242 0 194.0 1.909068313428242 1
gene  1 14 14 -4.020541857406487 1 195.0 -4.020541857406487 1
gene  1 2 24 0.5749929189384666 0 226.0 0.5749929189384666 1
gene  1 24 13 -1.258115470759763 0 227.0 -1.258115470759763 1
gene  1 7 24 -0.9840116757069906 0 245.0 -0.9840116757069906 1
gene  1 1 24 5.077417280225006 0 249.0 5.077417280225006 1
gene  1 4 14 3.0385418539874367 0 280.0 3.0385418539874367 1
gene  1 4 36 -12.52733204272453 0 293.0 -12.52733204272453 1
gene  1 36 14 7.93463599394645 0 294.0 7.93463599394645 1
gene  1 7 36 -3.9892447885765585 0 301.0 -3.9892447885765585 1
gene  1 3 36 -0.16030034708581375 0 313.0 -0.16030034708581375 1
gene  1 24 36 0.48598205973333586 0 345.0 0.48598205973333586 1
gene  1 5 13 -0.25435609739914544 0 374.0 -0.25435609739914544 1
gene  1 2 65 1.0 0 446.0 0.0 1
gene  1 65 13 -2.776349775039658 0 447.0 0.0 1
genomeend 0
genomestart  1
trait 1 0.09063773393878893 0.0 2.208214576245032 0.0 1.0577508098755246 1.0290111265680415 0.6887198692276033 1.9521139079965946 
node 1 1 1 1
node 2 1 1 1
node 3 1 1 1
node 4 1 1 1
node 5 1 1 1
node 6 1 1 1
node 7 1 1 3
node 13 1 0 2
node 14 1 0 2
node 24 1 0 0
node 36 1 0 0
gene  1 2 13 -2.776349775039658 0 169.0 -2.776349775039658 1
gene  1 3 13 0.5472893929993418 0 170.0 0.5472893929993418 1
gene  1 4 13 10.72760782274773 0 171.0 10.72760782274773 1
gene  1 6 13 -0.04078414340877734 0 173.0 -0.04078414340877734 1
gene  1 7 13 0.5400817138286385 0 174.0 0.5400817138286385 1
gene  1 13 13 6.818709908491417 1 180.0 6.818709908491417 1
gene  1 1 14 4.352500891876745 0 182.0 4.352500891876745 1
gene  1 2 14 0.4476247569224794 0 183.0 0.4476247569224794 1
gene  1 5 14 2.924032707411795 0 186.0 2.924032707411795 1
gene  1 6 14 -0.8604905961686581 0 187.0 -0.8604905961686581 1
gene  1 7 14 1.0887813531403816 0 188.0 1.0887813531403816 1
gene  1 13 14 1.909068313428242 0 194.0 1.909068313428242 1
gene  1 14 14 -4.020541857406487 1 195.0 -4.020541857406487 1
gene  1 2 24 0.5749929189384666 0 226.0 0.5749929189384666 1
gene  1 24 13 -1.258115470759763 0 227.0 -1.258115470759763 1
gene  1 7 24 -0.9840116757069906 0 245.0 -0.9840116757069906 1
gene  1 1 24 5.077417280225006 0 249.0 5.077417280225006 1
gene  1 4 14 3.0385418539874367 0 280.0 3.0385418539874367 1
gene  1 4 36 -12.52733204272453 0 293.0 -12.52733204272453 1
gene  1 36 14 7.93463599394645 0 294.0 7.93463599394645 1
gene  1 7 36 -3.9892447885765585 0 301.0 -3.9892447885765585 1
gene  1 3 36 -0.16030034708581375 0 313.0 -0.16030034708581375 1
gene  1 24 36 0.48598205973333586 0 345.0 0.48598205973333586 1
gene  1 5 13 -0.25435609739914544 0 374.0 -0.25435609739914544 1
gene  1 6 24 -1.277590488657192 0 448.0 -1.277590488657192 1
genomeend 1
genomestart  2
trait 1 0.28541651075104213 1.6835807686055373 1.525841438364794 0.00908753191703493 0.0 0.0 0.6708753063312455 0.0 
node 1 1 1 1
node 2 1 1 1
node 3 1 1 1
node 4 1 1 1
node 5 1 1 1
node 6 1 1 1
node 7 1 1 3
node 8 1 0 0
node 9 1 0 0
node 10 1 0 0
node 11 1 0 0
node 13 1 0 2
node 14 1 0 2
node 62 1 0 0
gene  1 2 8 0.3036397021363732 0 99.0 0.3036397021363732 1
gene  1 6 8 -0.10443048348548123 0 103.0 -0.10443048348548123 1
gene  1 8 8 2.462313933162234 1 105.0 2.462313933162234 1
gene  1 9 8 -5.6124061501906946 1 106.0 -5.6124061501906946 1
gene  1 10 8 2.298139591436849 1 107.0 2.298139591436849 1
gene  1 11 8 0.9886722870071766 1 108.0 0.9886722870071766 1
gene  1 13 8 2.0279975224000375 1 110.0 2.0279975224000375 1
gene  1 14 8 -8.432940730485603 1 111.0 -8.432940730485603 1
gene  1 1 9 -0.12974224490978958 0 112.0 -0.12974224490978958 1
gene  1 2 9 -3.087795528640173 0 113.0 -3.087795528640173 1
gene  1 3 9 3.983213398137444 0 114.0 3.983213398137444 1
gene  1 6 9 1.7393042052533647 0 117.0 1.7393042052533647 1
gene  1 7 9 6.039095184751746 0 118.0 6.039095184751746 1
gene  1 8 9 1.1240088260753458 0 119.0 1.1240088260753458 1
gene  1 9 9 1.3348864672849017 1 120.0 1.3348864672849017 1
gene  1 11 9 1.9531037611355726 1 122.0 1.9531037611355726 1
gene  1 13 9 5.855819426730371 1 124.0 5.855819426730371 1
gene  1 14 9 -1.2667975345212035 1 125.0 -1.2667975345212035 1
gene  1 1 10 -1.7401881401782802 0 126.0 -1.7401881401782802 1
gene  1 3 10 -0.5576403917523804 0 128.0 -0.5576403917523804 1
gene  1 4 10 4.511609436337589 0 129.0 4.511609436337589 1
gene  1 5 10 0.9514493564731075 0 130.0 0.9514493564731075 1
gene  1 6 10 0.3419839839475509 0 131.0 0.3419839839475509 1
gene  1 10 10 -1.4701747575769275 1 135.0 -1.4701747575769275 1
gene  1 11 10 2.2873521671145367 1 136.0 2.2873521671145367 1
gene  1 14 10 -2.784010920849174 1 139.0 -2.784010920849174 1
gene  1 1 11 -3.2814243948751214 0 140.0 -3.2814243948751214 1
gene  1 3 11 -2.2602399136123155 0 142.0 -2.2602399136123155 1
gene  1 5 11 -2.878433612697482 0 144.0 -2.878433612697482 1
gene  1 6 11 2.4576047933774183 0 145.0 2.4576047933774183 1
gene  1 7 11 0.851565961258055 0 146.0 0.851565961258055 1
gene  1 8 11 -2.8629276528573957 0 147.0 -2.8629276528573957 1
gene  1 9 11 -0.0031633030903184256 0 148.0 -0.0031633030903184256 1
gene  1 10 11 5.330469425055961 0 149.0 5.330469425055961 1
gene  1 11 11 5.198100459302657 1 150.0 5.198100459302657 1
gene  1 1 13 -9.556372349979034 0 168.0 -9.556372349979034 1
gene  1 2 13 -0.8306798256363661 0 169.0 -0.8306798256363661 1
gene  1 3 13 -3.4146098466470693 0 170.0 -3.4146098466470693 1
gene  1 7 13 2.550274602463525 0 174.0 2.550274602463525 1
gene  1 11 13 1.0966985750309528 0 178.0 1.0966985750309528 1
gene  1 13 13 0.34838063040604506 1 180.0 0.34838063040604506 1
gene  1 2 14 6.3681968987203925 0 183.0 6.3681968987203925 1
gene  1 3 14 -3.0608781203459197 0 184.0 -3.0608781203459197 1
gene  1 4 14 1.5502435531761152 0 185.0 1.5502435531761152 1
gene  1 7 14 1.7401868229650126 0 188.0 1.7401868229650126 1
gene  1 8 14 -3.0973005493317496 0 189.0 -3.0973005493317496 1
gene  1 10 14 -0.2948621067332422 0 191.0 -0.2948621067332422 1
gene  1 13 14 4.3949272072944785 0 194.0 4.3949272072944785 1
gene  1 5 13 -1.9224576188481601 0 198.0 -1.9224576188481601 1
gene  1 4 9 -1.2591847562502392 0 200.0 -1.2591847562502392 1
gene  1 8 13 -1.1246197370612032 0 248.0 -1.1246197370612032 1
gene  1 7 10 0.5438573522682256 0 270.0 0.5438573522682256 1
gene  1 9 10 1.9813071184235396 0 274.0 1.9813071184235396 1
gene  1 9 13 -1.7391228002512773 0 288.0 -1.7391228002512773 1
gene  1 5 14 -0.03778871585866339 0 328.0 -0.03778871585866339 1
gene  1 2 10 2.0909684030565767 0 357.0 2.0909684030565767 1
gene  1 6 14 -2.5287648946317036 0 388.0 -2.5287648946317036 1
gene  1 3 62 -2.5121613601094843 0 411.0 -2.5121613601094843 1
gene  1 62 9 -1.4221889019993386 0 412.0 -1.4221889019993386 1
gene  1 5 8 1.4370386409810079 0 414.0 1.4370386409810079 1
gene  1 7 8 -1.341402263476415 0 436.0 -1.341402263476415 1
genomeend 2
genomestart  3
trait 1 0.28541651075104213 1.6835807686055373 1.525841438364794 0.00908753191703493 0.0 0.0 0.6708753063312455 0.0 
node 1 1 1 1
node 2 1 1 1
node 3 1 1 1
node 4 1 1 1
node 5 1 1 1
node 6 1 1 1
node 7 1 1 3
node 8 1 0 0
node 9 1 0 0
node 10 1 0 0
node 11 1 0 0
node 13 1 0 2
node 14 1 0 2
node 62 1 0 0
gene  1 2 8 -0.16264344399938485 0 99.0 -0.16264344399938485 1
gene  1 6 8 -2.263310078022466 0 103.0 -2.263310078022466 1
gene  1 8 8 1.9718936463650074 1 105.0 1.9718936463650074 1
gene  1 9 8 -1.350884079900885 1 106.0 -1.350884079900885 1
gene  1 10 8 3.955537772425138 1 107.0 3.955537772425138 1
gene  1 11 8 4.054328838282448 1 108.0 4.054328838282448 1
gene  1 13 8 -1.1220717300047365 1 110.0 -1.1220717300047365 1
gene  1 14 8 -9.055409203507288 1 111.0 -9.055409203507288 1
gene  1 1 9 -1.8790588241814357 0 112.0 -1.8790588241814357 1
gene  1 2 9 -2.5325108367935747 0 113.0 -2.5325108367935747 1
gene  1 3 9 5.348093779356702 0 114.0 5.348093779356702 1
gene  1 6 9 -0.9861336102876188 0 117.0 -0.9861336102876188 1
gene  1 7 9 2.9533784100875202 0 118.0 2.9533784100875202 1
gene  1 8 9 2.304394173874849 0 119.0 2.304394173874849 1
gene  1 9 9 3.4124533269079254 1 120.0 3.4124533269079254 1
gene  1 11 9 0.5069067429997696 1 122.0 0.5069067429997696 1
gene  1 13 9 3.8912382285457885 1 124.0 3.8912382285457885 1
gene  1 14 9 -1.196639607481647 1 125.0 -1.196639607481647 1
gene  1 1 10 -1.2898374044531828 0 126.0 -1.2898374044531828 1
gene  1 3 10 -1.8349960732878154 0 128.0 -1.8349960732878154 1
gene  1 4 10 3.532056072021894 0 129.0 3.532056072021894 1
gene  1 5 10 1.4270367339219705 0 130.0 1.4270367339219705 1
gene  1 6 10 -2.3664684322532947 0 131.0 -2.3664684322532947 1
gene  1 10 10 -1.1188877733910607 1 135.0 -1.1188877733910607 1
gene  1 11 10 6.00757563248733 1 136.0 6.00757563248733 1
gene  1 14 10 -2.245879509860564 1 139.0 -2.245879509860564 1
gene  1 1 11 -2.404938378726201 0 140.0 -2.404938378726201 1
gene  1 3 11 -5.252897948452558 0 142.0 -5.252897948452558 1
gene  1 5 11 -4.008622520700033 0 144.0 -4.008622520700033 1
gene  1 6 11 0.17583774537800057 0 145.0 0.17583774537800057 1
gene  1 7 11 0.19769029260672089 0 146.0 0.19769029260672089 1
gene  1 8 11 -0.1681313749075697 0 147.0 -0.1681313749075697 1
gene  1 9 11 -1.1742477106969464 0 148.0 -1.1742477106969464 1
gene  1 10 11 0.06367492918223305 0 149.0 0.06367492918223305 1
gene  1 11 11 6.803339953291788 1 150.0 6.803339953291788 1
gene  1 1 13 -9.972955216708463 0 168.0 -9.972955216708463 1
gene  1 2 13 -2.8991861123702662 0 169.0 -2.8991861123702662 1
gene  1 3 13 -1.277648425426202 0 170.0 -1.277648425426202 1
gene  1 7 13 0.7696966675610916 0 174.0 0.7696966675610916 1
gene  1 11 13 -1.6690944332358053 0 178.0 -1.6690944332358053 1
gene  1 13 13 -1.062321272904643 1 180.0 -1.062321272904643 1
gene  1 2 14 4.397675950007819 0 183.0 4.397675950007819 1
gene  1 3 14 -3.697769059241228 0 184.0 -3.697769059241228 1
gene  1 4 14 -0.0602656151014771 0 185.0 -0.0602656151014771 1
gene  1 7 14 -0.1550736837639205 0 188.0 -0.1550736837639205 1
gene  1 8 14 -5.669064351513124 0 189.0 -5.669064351513124 1
gene  1 10 14 0.5166133778019862 0 191.0 0.5166133778019862 1
gene  1 13 14 3.7801164699147547 0 194.0 3.7801164699147547 1
gene  1 5 13 -2.6276902865849383 0 198.0 -2.6276902865849383 1
gene  1 4 9 2.7161494587835238 0 200.0 2.7161494587835238 1
gene  1 8 13 3.5465913290452913 0 248.0 3.5465913290452913 1
gene  1 7 10 2.2759571545519304 0 270.0 2.2759571545519304 1
gene  1 9 10 3.751750529946645 0 274.0 3.751750529946645 1
gene  1 9 13 1.242748401064571 0 288.0 1.242748401064571 1
gene  1 5 14 3.2723447794829763 0 328.0 3.2723447794829763 1
gene  1 2 10 2.0909684030565767 0 357.0 2.0909684030565767 1
gene  1 6 14 -1.5042712030053373 0 388.0 -1.5042712030053373 1
gene  1 3 62 -3.609922238437701 0 411.0 -3.609922238437701 1
gene  1 62 9 -1.4277963839074195 0 412.0 -1.4277963839074195 1
gene  1 5 8 0.73003382635349 0 414.0 0.73003382635349 1
gene  1 7 8 9.887580740673624 0 436.0 9.887580740673624 1
genomeend 3
genomestart  4
trait 1 0.28541651075104213 1.6835807686055373 1.525841438364794 0.00908753191703493 0.0 0.0 0.6708753063312455 0.0 
node 1 1 1 1
node 2 1 1 1
node 3 1 1 1
node 4 1 1 1
node 5 1 1 1
node 6 1 1 1
node 7 1 1 3
node 8 1 0 0
node 9 1 0 0
node 10 1 0 0
node 11 1 0 0
node 13 1 0 2
node 14 1 0 2
node 62 1 0 0
gene  1 2 8 -1.083909722180642 0 99.0 -1.083909722180642 1
gene  1 6 8 2.564172496182973 0 103.0 2.564172496182973 1
gene  1 8 8 2.814259899448872 1 105.0 2.814259899448872 1
gene  1 9 8 -5.751068159236632 1 106.0 -5.751068159236632 1
gene  1 10 8 -0.048256350742057474 1 107.0 -0.048256350742057474 1
gene  1 11 8 -2.057766055105423 1 108.0 -2.057766055105423 1
gene  1 13 8 2.1013229501577095 1 110.0 2.1013229501577095 1
gene  1 14 8 -8.427750408263112 1 111.0 -8.427750408263112 1
gene  1 1 9 -3.959373349330488 0 112.0 -3.959373349330488 1
gene  1 2 9 -0.4465481381944658 0 113.0 -0.4465481381944658 1
gene  1 3 9 3.056544087969125 0 114.0 3.056544087969125 1
gene  1 6 9 -0.22351487134173365 0 117.0 -0.22351487134173365 1
gene  1 7 9 5.113552082391966 0 118.0 5.113552082391966 1
gene  1 8 9 2.088185326448808 0 119.0 2.088185326448808 1
gene  1 9 9 0.9273129422530539 1 120.0 0.9273129422530539 1
gene  1 11 9 1.0044552821479846 1 122.0 1.0044552821479846 1
gene  1 13 9 1.7570572035856222 1 124.0 1.7570572035856222 1
gene  1 14 9 0.6540436948056516 1 125.0 0.6540436948056516 1
gene  1 1 10 -1.5491304086602045 0 126.0 -1.5491304086602045 1
gene  1 3 10 0.03915775539638139 0 128.0 0.03915775539638139 1
gene  1 4 10 -2.453155807983716 0 129.0 -2.453155807983716 1
gene  1 5 10 -0.7001944911558761 0 130.0 -0.7001944911558761 1
gene  1 6 10 -1.4419315352920743 0 131.0 -1.4419315352920743 1
gene  1 10 10 0.7511626151780844 1 135.0 0.7511626151780844 1
gene  1 11 10 4.1271710683375975 1 136.0 4.1271710683375975 1
gene  1 14 10 -0.717536712714939 1 139.0 -0.717536712714939 1
gene  1 1 11 -3.036310790387982 0 140.0 -3.036310790387982 1
gene  1 3 11 2.4759888359263154 0 142.0 2.4759888359263154 1
gene  1 5 11 -2.459118015242259 0 144.0 -2.459118015242259 1
gene  1 6 11 -0.28621355185855313 0 145.0 -0.28621355185855313 1
gene  1 7 11 -0.42719931668592087 0 146.0 -0.42719931668592087 1
gene  1 8 11 -0.3730919675672151 0 147.0 -0.3730919675672151 1
gene  1 9 11 -1.6879700100317834 0 148.0 -1.6879700100317834 1
gene  1 10 11 2.9488684052295095 0 149.0 2.9488684052295095 1
gene  1 11 11 4.6053446172860895 1 150.0 4.6053446172860895 1
gene  1 1 13 -10.006404911228687 0 168.0 -10.006404911228687 1
gene  1 2 13 -0.8039848540816326 0 169.0 -0.8039848540816326 1
gene  1 3 13 -1.3913170541373496 0 170.0 -1.3913170541373496 1
gene  1 7 13 2.1434108850892093 0 174.0 2.1434108850892093 1
gene  1 11 13 2.5501849470515823 0 178.0 2.5501849470515823 1
gene  1 13 13 2.0241029732490876 1 180.0 2.0241029732490876 1
gene  1 2 14 8.032979781214793 0 183.0 8.032979781214793 1
gene  1 3 14 -1.711786634290128 0 184.0 -1.711786634290128 1
gene  1 4 14 -1.9902642117399527 0 185.0 -1.9902642117399527 1
gene  1 7 14 -0.5865068637807989 0 188.0 -0.5865068637807989 1
gene  1 8 14 -6.641467172911847 0 189.0 -6.641467172911847 1
gene  1 10 14 -0.642459153545549 0 191.0 -0.642459153545549 1
gene  1 13 14 0.7163091811599567 0 194.0 0.7163091811599567 1
gene  1 5 13 -1.0284309763130008 0 198.0 -1.0284309763130008 1
gene  1 4 9 0.9164090476587528 0 200.0 0.9164090476587528 1
gene  1 8 13 2.8017836194069 0 248.0 2.8017836194069 1
gene  1 7 10 2.9281124150035382 0 270.0 2.9281124150035382 1
gene  1 9 10 3.3810312762047907 0 274.0 3.3810312762047907 1
gene  1 9 13 1.4360559448673165 0 288.0 1.4360559448673165 1
gene  1 5 14 2.8952804413801876 0 328.0 2.8952804413801876 1
gene  1 2 10 3.5763414951380836 0 357.0 3.5763414951380836 1
gene  1 6 14 -5.214481879844351 0 388.0 -5.214481879844351 1
gene  1 3 62 -1.2300632821411175 0 411.0 -1.2300632821411175 1
gene  1 62 9 -3.0877878689528115 0 412.0 -3.0877878689528115 1
gene  1 5 8 5.455125945697539 0 414.0 5.455125945697539 1
gene  1 7 8 9.887580740673624 0 436.0 9.887580740673624 1
genomeend 4
genomestart  5
trait 1 1.0413842760921321 0.9365906229773271 0.0 0.0 1.7799059348361965 1.2636555841906816 0.0 0.21732163222648737 
node 1 1 1 1
node 2 1 1 1
node 3 1 1 1
node 4 1 1 1
node 5 1 1 1
node 6 1 1 1
node 7 1 1 3
node 8 1 0 0
node 13 1 0 2
node 14 1 0 2
node 16 1 0 0
node 20 1 0 0
node 50 1 0 0
node 55 1 0 0
gene  1 1 8 -10.233426189268016 0 98.0 -10.233426189268016 1
gene  1 2 8 -3.516293070361585 0 99.0 -3.516293070361585 1
gene  1 3 8 -0.18455665751721695 0 100.0 -0.18455665751721695 1
gene  1 4 8 -1.7355692719170799 0 101.0 -1.7355692719170799 1
gene  1 5 8 12.279652545365064 0 102.0 12.279652545365064 1
gene  1 6 8 0.45366090034657663 0 103.0 0.45366090034657663 1
gene  1 8 8 0.4144563871556266 1 105.0 0.4144563871556266 1
gene  1 13 8 7.762208665551718 1 110.0 7.762208665551718 1
gene  1 14 8 0.879260724137574 1 111.0 0.879260724137574 1
gene  1 3 13 -8.981317549196678 0 170.0 -8.981317549196678 1
gene  1 5 13 -2.482437042363017 0 172.0 -2.482437042363017 1
gene  1 7 13 -1.5968641911905281 0 174.0 -1.5968641911905281 1
gene  1 13 13 -0.20903620983689475 1 180.0 -0.20903620983689475 1
gene  1 2 14 -11.013901907729425 0 183.0 -11.013901907729425 1
gene  1 4 14 -4.878956355973587 0 185.0 -4.878956355973587 1
gene  1 6 14 -1.9141521785397364 0 187.0 -1.9141521785397364 1
gene  1 8 14 -1.409797198021411 0 189.0 -1.409797198021411 1
gene  1 13 14 -4.449332358024124 0 194.0 -4.449332358024124 1
gene  1 13 16 -4.959626738227101 0 201.0 -4.959626738227101 1
gene  1 16 14 -0.5933231167348909 0 202.0 -0.5933231167348909 1
gene  1 3 20 2.4164607165912053 0 215.0 2.4164607165912053 1
gene  1 20 8 -3.5957798889209376 0 216.0 -3.5957798889209376 1
gene  1 8 13 0.9841384478685575 0 233.0 0.9841384478685575 1
gene  1 2 16 3.519663915597116 0 324.0 3.519663915597116 1
gene  1 2 20 4.408084076745926 0 333.0 4.408084076745926 1
gene  1 7 8 2.0538557260179555 0 352.0 2.0538557260179555 1
gene  1 16 50 -1.879933734102959 0 364.0 -1.879933734102959 1
gene  1 50 14 2.1368731519310136 0 365.0 2.1368731519310136 1
gene  1 3 55 -2.6555763537779455 0 379.0 -2.6555763537779455 1
gene  1 55 20 -0.8965064918018193 0 380.0 -0.8965064918018193 1
genomeend 5
genomestart  6
trait 1 1.0413842760921321 0.9365906229773271 0.0 0.0 1.7799059348361965 1.2636555841906816 0.0 0.21732163222648737 
node 1 1 1 1
node 2 1 1 1
node 3 1 1 1
node 4 1 1 1
node 5 1 1 1
node 6 1 1 1
node 7 1 1 3
node 8 1 0 0
node 13 1 0 2
node 14 1 0 2
node 16 1 0 0
node 20 1 0 0
node 50 1 0 0
node 55 1 0 0
gene  1 1 8 0.24726254879077897 0 98.0 0.24726254879077897 1
gene  1 2 8 -2.5886271864324115 0 99.0 -2.5886271864324115 1
gene  1 3 8 -4.860566384479423 0 100.0 -4.860566384479423 1
gene  1 4 8 -0.4713138592023119 0 101.0 -0.4713138592023119 1
gene  1 5 8 12.550447880028491 0 102.0 12.550447880028491 1
gene  1 6 8 -6.1471312684851975 0 103.0 -6.1471312684851975 1
gene  1 8 8 -0.390347681105639 1 105.0 -0.390347681105639 1
gene  1 13 8 4.784753266470276 1 110.0 4.784753266470276 1
gene  1 14 8 0.5930473654850063 1 111.0 0.5930473654850063 1
gene  1 3 13 -8.670622969343755 0 170.0 -8.670622969343755 1
gene  1 5 13 -1.6377925416806351 0 172.0 -1.6377925416806351 1
gene  1 7 13 0.16666181790648027 0 174.0 0.16666181790648027 1
gene  1 13 13 2.7814293934854364 1 180.0 2.7814293934854364 1
gene  1 2 14 -11.06150380168249 0 183.0 -11.06150380168249 1
gene  1 4 14 -7.921185688531276 0 185.0 -7.921185688531276 1
gene  1 6 14 -0.5685906523175809 0 187.0 -0.5685906523175809 1
gene  1 8 14 1.3982181936813003 0 189.0 1.3982181936813003 1
gene  1 13 14 2.402658308499684 0 194.0 2.402658308499684 1
gene  1 13 16 -0.3582804491902527 0 201.0 -0.3582804491902527 1
gene  1 16 14 -3.4130339057645034 0 202.0 -3.4130339057645034 1
gene  1 3 20 -0.31378056968351364 0 215.0 -0.31378056968351364 1
gene  1 20 8 -4.46204903389384 0 216.0 -4.46204903389384 1
gene  1 8 13 -2.2726534605003748 0 233.0 -2.2726534605003748 1
gene  1 2 16 4.720440361664556 0 324.0 4.720440361664556 1
gene  1 2 20 3.4482754775390827 0 333.0 3.4482754775390827 1
gene  1 7 8 -1.3527012400703138 0 352.0 -1.3527012400703138 1
gene  1 16 50 0.9583093853635346 0 364.0 0.9583093853635346 1
gene  1 50 14 3.219782913347314 0 365.0 3.219782913347314 1
gene  1 3 55 -2.175248474480021 0 379.0 -2.175248474480021 1
gene  1 55 20 1.3117565283230064 0 380.0 1.3117565283230064 1
genomeend 6
genomestart  7
trait 1 1.0413842760921321 0.9365906229773271 0.0 0.0 1.7799059348361965 1.2636555841906816 0.0 0.21732163222648737 
node 1 1 1 1
node 2 1 1 1
node 3 1 1 1
node 4 1 1 1
node 5 1 1 1
node 6 1 1 1
node 7 1 1 3
node 8 1 0 0
node 13 1 0 2
node 14 1 0 2
node 16 1 0 0
node 20 1 0 0
node 50 1 0 0
node 55 1 0 0
gene  1 1 8 -12.88670785456258 0 98.0 -12.88670785456258 1
gene  1 2 8 -1.5874203556075113 0 99.0 -1.5874203556075113 1
gene  1 3 8 -4.860566384479423 0 100.0 -4.860566384479423 1
gene  1 4 8 -0.9891588441473228 0 101.0 -0.9891588441473228 1
gene  1 5 8 8.23825855497711 0 102.0 8.23825855497711 1
gene  1 6 8 0.6971231996174637 0 103.0 0.6971231996174637 1
gene  1 8 8 -2.3096192730228093 1 105.0 -2.3096192730228093 1
gene  1 13 8 4.7860571684433175 1 110.0 4.7860571684433175 1
gene  1 14 8 0.01734790177882195 1 111.0 0.01734790177882195 1
gene  1 3 13 -9.605991397169412 0 170.0 -9.605991397169412 1
gene  1 5 13 -2.4769567983434335 0 172.0 -2.4769567983434335 1
gene  1 7 13 -2.460896585048695 0 174.0 -2.460896585048695 1
gene  1 13 13 2.77554591322381 1 180.0 2.77554591322381 1
gene  1 2 14 -10.109146601472986 0 183.0 -10.109146601472986 1
gene  1 4 14 -8.047765431112275 0 185.0 -8.047765431112275 1
gene  1 6 14 -0.30228942875351966 0 187.0 -0.30228942875351966 1
gene  1 8 14 -0.671600528001536 0 189.0 -0.671600528001536 1
gene  1 13 14 -1.575825171981349 0 194.0 -1.575825171981349 1
gene  1 13 16 -2.495733552417632 0 201.0 -2.495733552417632 1
gene  1 16 14 -3.0843746882834453 0 202.0 -3.0843746882834453 1
gene  1 3 20 -0.40195871804118943 0 215.0 -0.40195871804118943 1
gene  1 20 8 -5.144050960283359 0 216.0 -5.144050960283359 1
gene  1 8 13 -0.3073835341669417 0 233.0 -0.3073835341669417 1
gene  1 2 16 2.4591003173205244 0 324.0 2.4591003173205244 1
gene  1 2 20 6.292269090405902 0 333.0 6.292269090405902 1
gene  1 7 8 0.7619629605727274 0 352.0 0.7619629605727274 1
gene  1 16 50 -1.3679064727942578 0 364.0 -1.3679064727942578 1
gene  1 50 14 2.1270355769417923 0 365.0 2.1270355769417923 1
gene  1 3 55 -2.258812020123519 0 379.0 -2.258812020123519 1
gene  1 55 20 0.3672487937176186 0 380.0 0.3672487937176186 1
genomeend 7
genomestart  8
trait 1 0.0 0.2763675853393155 0.875982788337901 0.7948206016704883 0.358711806223011 0.9714201015196656 0.0 0.6764016660929384 
node 1 1 1 1
node 2 1 1 1
node 3 1 1 1
node 4 1 1 1
node 5 1 1 1
node 6 1 1 1
node 7 1 1 3
node 8 1 0 0
node 9 1 0 0
node 10 1 0 0
node 13 1 0 2
node 14 1 0 2
node 21 1 0 0
node 29 1 0 0
node 52 1 0 0
node 53 1 0 0
node 64 1 0 0
gene  1 1 8 -4.366057326427158 0 98.0 -4.366057326427158 1
gene  1 3 8 -2.7029807745311794 0 100.0 -2.7029807745311794 1
gene  1 5 8 -1.3672883269548783 0 102.0 -1.3672883269548783 1
gene  1 6 8 0.9542534368736941 0 103.0 0.9542534368736941 1
gene  1 8 8 -1.8171245896954449 1 105.0 -1.8171245896954449 1
gene  1 1 9 -1.0319248584653027 0 112.0 -1.0319248584653027 1
gene  1 2 9 1.303341978743071 0 113.0 1.303341978743071 1
gene  1 3 9 0.9004830096550775 0 114.0 0.9004830096550775 1
gene  1 5 9 -0.9080200391468314 0 116.0 -0.9080200391468314 1
gene  1 7 9 -1.5317218771367467 0 118.0 -1.5317218771367467 1
gene  1 9 9 -8.4702856980786 1 120.0 -8.4702856980786 1
gene  1 10 9 -10.02282429302872 1 121.0 -10.02282429302872 1
gene  1 13 9 2.8606206595852823 1 124.0 2.8606206595852823 1
gene  1 2 10 -1.4684630267277408 0 127.0 -1.4684630267277408 1
gene  1 4 10 -8.804249982113875 0 129.0 -8.804249982113875 1
gene  1 5 10 -0.4123240262295097 0 130.0 -0.4123240262295097 1
gene  1 8 10 0.9716686123336421 0 133.0 0.9716686123336421 1
gene  1 9 10 6.650976254730513 0 134.0 6.650976254730513 1
gene  1 10 10 -4.575169891093616 1 135.0 -4.575169891093616 1
gene  1 13 10 0.4004281683211077 1 138.0 0.4004281683211077 1
gene  1 14 10 -2.5523235191048568 1 139.0 -2.5523235191048568 1
gene  1 2 13 5.9876623620095755 0 169.0 5.9876623620095755 1
gene  1 3 13 1.4598319166210894 0 170.0 1.4598319166210894 1
gene  1 6 13 0.8501531431487247 0 173.0 0.8501531431487247 1
gene  1 7 13 -6.006890812180568 0 174.0 -6.006890812180568 1
gene  1 9 13 3.3679454719531443 0 176.0 3.3679454719531443 1
gene  1 13 13 -13.177246145263204 1 180.0 -13.177246145263204 1
gene  1 14 13 4.9650061636229745 1 181.0 4.9650061636229745 1
gene  1 1 14 -5.471317504225651 0 182.0 -5.471317504225651 1
gene  1 3 14 0.8915040585950157 0 184.0 0.8915040585950157 1
gene  1 9 14 -6.164665948054974 0 190.0 -6.164665948054974 1
gene  1 10 14 -3.5948810812596874 0 191.0 -3.5948810812596874 1
gene  1 1 21 -0.8968437794438561 0 218.0 -0.8968437794438561 1
gene  1 21 8 1.8189090750351355 0 219.0 1.8189090750351355 1
gene  1 3 10 -5.132902426028276 0 223.0 -5.132902426028276 1
gene  1 6 29 -1.992740009352108 0 259.0 -1.992740009352108 1
gene  1 29 8 1.1241217210787178 0 260.0 1.1241217210787178 1
gene  1 29 21 -0.2035835896065688 0 271.0 -0.2035835896065688 1
gene  1 3 21 0.5197985455122076 0 300.0 0.5197985455122076 1
gene  1 9 52 -1.925377657079365 0 368.0 -1.925377657079365 1
gene  1 52 14 1.2431319054427352 0 369.0 1.2431319054427352 1
gene  1 1 53 -2.932371794028649 0 372.0 -2.932371794028649 1
gene  1 53 21 0.44290163976339336 0 373.0 0.44290163976339336 0
gene  1 2 52 -0.6742190498292069 0 425.0 -0.6742190498292069 1
gene  1 53 64 0.7527517369687275 0 443.0 0.7527517369687275 1
gene  1 64 21 2.2859578894383232 0 444.0 2.2859578894383232 1
genomeend 8
genomestart  9
trait 1 0.0 0.2763675853393155 0.875982788337901 0.7948206016704883 0.358711806223011 0.9714201015196656 0.0 0.6764016660929384 
node 1 1 1 1
node 2 1 1 1
node 3 1 1 1
node 4 1 1 1
node 5 1 1 1
node 6 1 1 1
node 7 1 1 3
node 8 1 0 0
node 9 1 0 0
node 10 1 0 0
node 13 1 0 2
node 14 1 0 2
node 21 1 0 0
node 29 1 0 0
node 52 1 0 0
node 53 1 0 0
node 64 1 0 0
gene  1 1 8 -4.272015834825175 0 98.0 -4.272015834825175 1
gene  1 3 8 -0.4147631915125974 0 100.0 -0.4147631915125974 1
gene  1 5 8 0.18978484779993554 0 102.0 0.18978484779993554 1
gene  1 6 8 0.7534332779317763 0 103.0 0.7534332779317763 1
gene  1 8 8 -2.0934716289053075 1 105.0 -2.0934716289053075 1
gene  1 1 9 1.6492447466798135 0 112.0 1.6492447466798135 1
gene  1 2 9 2.487849789376103 0 113.0 2.487849789376103 1
gene  1 3 9 0.32737364353392007 0 114.0 0.32737364353392007 1
gene  1 5 9 -2.335861884571029 0 116.0 -2.335861884571029 1
gene  1 7 9 2.462779393065949 0 118.0 2.462779393065949 1
gene  1 9 9 1.5970762484279577 1 120.0 1.5970762484279577 1
gene  1 10 9 -8.01545582086633 1 121.0 -8.01545582086633 1
gene  1 13 9 0.3490707839575133 1 124.0 0.3490707839575133 1
gene  1 2 10 -2.1171473549683277 0 127.0 -2.1171473549683277 1
gene  1 4 10 -8.962850726624705 0 129.0 -8.962850726624705 1
gene  1 5 10 0.7172004813140078 0 130.0 0.7172004813140078 1
gene  1 8 10 2.5294721731046224 0 133.0 2.5294721731046224 1
gene  1 9 10 7.981737077497923 0 134.0 7.981737077497923 1
gene  1 10 10 -3.075511586299556 1 135.0 -3.075511586299556 1
gene  1 13 10 1.6849224562340284 1 138.0 1.6849224562340284 1
gene  1 14 10 -2.930850435681501 1 139.0 -2.930850435681501 1
gene  1 2 13 4.929325202677251 0 169.0 4.929325202677251 1
gene  1 3 13 -0.6111086630073488 0 170.0 -0.6111086630073488 1
gene  1 6 13 -0.5023803091818961 0 173.0 -0.5023803091818961 1
gene  1 7 13 -6.4872876209231425 0 174.0 -6.4872876209231425 1
gene  1 9 13 1.0164040380044708 0 176.0 1.0164040380044708 1
gene  1 13 13 -10.711806301218267 1 180.0 -10.711806301218267 1
gene  1 14 13 4.703272358936755 1 181.0 4.703272358936755 1
gene  1 1 14 -4.115671316472776 0 182.0 -4.115671316472776 1
gene  1 3 14 13.496594878595896 0 184.0 13.496594878595896 1
gene  1 9 14 -5.894798917564339 0 190.0 -5.894798917564339 1
gene  1 10 14 -1.2242221121631203 0 191.0 -1.2242221121631203 1
gene  1 1 21 -5.380096666829656 0 218.0 -5.380096666829656 1
gene  1 21 8 3.6611204078155537 0 219.0 3.6611204078155537 1
gene  1 3 10 -6.273629475420656 0 223.0 -6.273629475420656 1
gene  1 6 29 -0.48087887637334736 0 259.0 -0.48087887637334736 1
gene  1 29 8 -0.17756057000837067 0 260.0 -0.17756057000837067 1
gene  1 29 21 2.117880726698188 0 271.0 2.117880726698188 1
gene  1 3 21 -0.6861320979515413 0 300.0 -0.6861320979515413 1
gene  1 9 52 -0.42753122974370733 0 368.0 -0.42753122974370733 1
gene  1 52 14 0.9027182747341824 0 369.0 0.9027182747341824 1
gene  1 1 53 -3.2726728087725814 0 372.0 -3.2726728087725814 1
gene  1 53 21 -2.3422825394834526 0 373.0 -2.3422825394834526 0
gene  1 2 52 1.6861981936261965 0 425.0 1.6861981936261965 1
gene  1 53 64 2.6742223394022275 0 443.0 2.6742223394022275 1
gene  1 64 21 0.44290163976339336 0 444.0 0.44290163976339336 1
genomeend 9
genomestart  10
trait 1 1.2278199519511421 0.8431431947056619 0.4185672944766822 0.24340368269336865 0.3977567512441774 1.7239330509845825 0.9233259469650144 0.0 
node 1 1 1 1
node 2 1 1 1
node 3 1 1 1
node 4 1 1 1
node 5 1 1 1
node 6 1 1 1
node 7 1 1 3
node 13 1 0 2
node 14 1 0 2
node 42 1 0 0
node 61 1 0 0
gene  1 1 13 4.392618690204285 0 168.0 4.392618690204285 1
gene  1 2 13 -1.4512663294550197 0 169.0 -1.4512663294550197 1
gene  1 3 13 4.347604339342592 0 170.0 4.347604339342592 1
gene  1 4 13 -2.2229134839677944 0 171.0 -2.2229134839677944 1
gene  1 5 13 2.232761527220602 0 172.0 2.232761527220602 0
gene  1 6 13 -2.740577188385963 0 173.0 -2.740577188385963 1
gene  1 7 13 1.995571779686645 0 174.0 1.995571779686645 1
gene  1 14 13 2.012772496580234 1 181.0 2.012772496580234 1
gene  1 1 14 -4.663276081577504 0 182.0 -4.663276081577504 1
gene  1 2 14 -1.6444128398446352 0 183.0 -1.6444128398446352 1
gene  1 3 14 1.6044548824531624 0 184.0 1.6044548824531624 1
gene  1 13 14 3.0355377741051837 0 194.0 3.0355377741051837 1
gene  1 14 14 -2.388124059241462 1 195.0 -2.388124059241462 1
gene  1 6 14 2.4993054713411693 0 230.0 2.4993054713411693 1
gene  1 4 14 2.942724450149472 0 312.0 2.942724450149472 1
gene  1 2 42 1.9303935588037326 0 320.0 1.9303935588037326 1
gene  1 42 13 -5.166319422378179 0 321.0 -5.166319422378179 1
gene  1 6 42 2.4427636344579278 0 349.0 2.4427636344579278 1
gene  1 7 14 11.712332690065427 0 353.0 11.712332690065427 1
gene  1 7 42 -0.6110330513215195 0 395.0 -0.6110330513215195 1
gene  1 5 61 0.20760413033196268 0 408.0 0.20760413033196268 1
gene  1 61 13 0.9558071422170549 0 409.0 0.9558071422170549 1
gene  1 5 42 1.481712772579088 0 426.0 1.481712772579088 1
genomeend 10
genomestart  11
trait 1 1.2278199519511421 0.8431431947056619 0.4185672944766822 0.24340368269336865 0.3977567512441774 1.7239330509845825 0.9233259469650144 0.0 
node 1 1 1 1
node 2 1 1 1
node 3 1 1 1
node 4 1 1 1
node 5 1 1 1
node 6 1 1 1
node 7 1 1 3
node 13 1 0 2
node 14 1 0 2
node 42 1 0 0
node 61 1 0 0
gene  1 1 13 2.686964631516847 0 168.0 2.686964631516847 1
gene  1 2 13 -4.510297366073656 0 169.0 -4.510297366073656 1
gene  1 3 13 3.720472285215415 0 170.0 3.720472285215415 1
gene  1 4 13 0.2461823958060308 0 171.0 0.2461823958060308 1
gene  1 5 13 1.1034202507580217 0 172.0 1.1034202507580217 0
gene  1 6 13 -1.5836588140064556 0 173.0 -1.5836588140064556 1
gene  1 7 13 6.414814688396609 0 174.0 6.414814688396609 1
gene  1 14 13 5.969328509205039 1 181.0 5.969328509205039 1
gene  1 1 14 -3.001710093525463 0 182.0 -3.001710093525463 1
gene  1 2 14 0.44624193764673 0 183.0 0.44624193764673 1
gene  1 3 14 4.428013013689217 0 184.0 4.428013013689217 1
gene  1 13 14 3.907062473935431 0 194.0 3.907062473935431 1
gene  1 14 14 -1.033959786707378 1 195.0 -1.033959786707378 1
gene  1 6 14 7.912520101838243 0 230.0 7.912520101838243 1
gene  1 4 14 1.2598283925566933 0 312.0 1.2598283925566933 1
gene  1 2 42 -1.3996849574842156 0 320.0 -1.3996849574842156 1
gene  1 42 13 -0.37526648383575445 0 321.0 -0.37526648383575445 1
gene  1 6 42 2.5821650061768824 0 349.0 2.5821650061768824 1
gene  1 7 14 13.385728613164884 0 353.0 13.385728613164884 1
gene  1 7 42 0.23459556182447283 0 395.0 0.23459556182447283 1
gene  1 5 61 0.4619292216812112 0 408.0 0.4619292216812112 1
gene  1 61 13 1.8172634951408464 0 409.0 1.8172634951408464 1
gene  1 5 42 1.481712772579088 0 426.0 1.481712772579088 1
genomeend 11
genomestart  12
trait 1 1.2278199519511421 0.8431431947056619 0.4185672944766822 0.24340368269336865 0.3977567512441774 1.7239330509845825 0.9233259469650144 0.0 
node 1 1 1 1
node 2 1 1 1
node 3 1 1 1
node 4 1 1 1
node 5 1 1 1
node 6 1 1 1
node 7 1 1 3
node 13 1 0 2
node 14 1 0 2
node 42 1 0 0
node 61 1 0 0
node 66 1 0 0
gene  1 1 13 4.392618690204285 0 168.0 4.392618690204285 1
gene  1 2 13 -3.9305421129970517 0 169.0 -3.9305421129970517 1
gene  1 3 13 2.4496910688309192 0 170.0 2.4496910688309192 1
gene  1 4 13 0.038183182819460926 0 171.0 0.038183182819460926 1
gene  1 5 13 1.8750375219233806 0 172.0 1.8750375219233806 0
gene  1 6 13 -0.9889859553426359 0 173.0 -0.9889859553426359 1
gene  1 7 13 4.478546682439913 0 174.0 4.478546682439913 1
gene  1 14 13 5.899066267275939 1 181.0 5.899066267275939 1
gene  1 1 14 -3.270093043845887 0 182.0 -3.270093043845887 1
gene  1 2 14 0.3330304790138716 0 183.0 0.3330304790138716 1
gene  1 3 14 2.4743646995631976 0 184.0 2.4743646995631976 1
gene  1 13 14 2.278975833921498 0 194.0 2.278975833921498 1
gene  1 14 14 -2.388124059241462 1 195.0 -2.388124059241462 1
gene  1 6 14 5.761868719799549 0 230.0 5.761868719799549 1
gene  1 4 14 1.9245789941829194 0 312.0 1.9245789941829194 1
gene  1 2 42 -3.8858040384503427 0 320.0 -3.8858040384503427 1
gene  1 42 13 -2.846966764828769 0 321.0 -2.846966764828769 1
gene  1 6 42 3.1468799797673808 0 349.0 3.1468799797673808 1
gene  1 7 14 11.712332690065427 0 353.0 11.712332690065427 1
gene  1 7 42 0.23459556182447283 0 395.0 0.23459556182447283 1
gene  1 5 61 -1.5499780134958332 0 408.0 -1.5499780134958332 0
gene  1 61 13 1.8172634951408464 0 409.0 1.8172634951408464 1
gene  1 5 42 1.481712772579088 0 426.0 1.481712772579088 1
gene  1 5 66 1.0 0 449.0 0.0 1
gene  1 66 61 -1.5499780134958332 0 450.0 0.0 1
genomeend 12
genomestart  13
trait 1 0.4052735378133179 0.3434669452255633 0.6134710218904108 0.03889581307332757 0.0 0.34443587063922654 0.676045690880051 0.7626488466698699 
node 1 1 1 1
node 2 1 1 1
node 3 1 1 1
node 4 1 1 1
node 5 1 1 1
node 6 1 1 1
node 7 1 1 3
node 8 1 0 0
node 13 1 0 2
node 14 1 0 2
node 49 1 0 0
node 59 1 0 0
node 63 1 0 0
gene  1 4 8 2.264290095711628 0 101.0 2.264290095711628 1
gene  1 5 8 -6.504847131825952 0 102.0 -6.504847131825952 1
gene  1 6 8 -4.414192424215714 0 103.0 -4.414192424215714 1
gene  1 14 8 -4.115229889642206 1 111.0 -4.115229889642206 1
gene  1 1 13 0.469388932855491 0 168.0 0.469388932855491 1
gene  1 2 13 -2.790270455467952 0 169.0 -2.790270455467952 1
gene  1 3 13 2.6279112659110577 0 170.0 2.6279112659110577 1
gene  1 5 13 2.6947789881291473 0 172.0 2.6947789881291473 1
gene  1 7 13 -6.690834232797116 0 174.0 -6.690834232797116 1
gene  1 14 13 -0.8869562906437661 1 181.0 -0.8869562906437661 1
gene  1 1 14 9.822769018041688 0 182.0 9.822769018041688 1
gene  1 2 14 -7.001980451268367 0 183.0 -7.001980451268367 1
gene  1 3 14 2.521225501739081 0 184.0 2.521225501739081 1
gene  1 4 14 -1.3531587462164363 0 185.0 -1.3531587462164363 1
gene  1 8 14 -2.5501682686871474 0 189.0 -2.5501682686871474 1
gene  1 14 14 -0.44107406925528814 1 195.0 -0.44107406925528814 1
gene  1 6 14 -2.558587025241823 0 240.0 -2.558587025241823 1
gene  1 8 13 2.2906297754380085 0 311.0 2.2906297754380085 1
gene  1 14 13 3.42299101806266 0 322.0 3.42299101806266 1
gene  1 2 49 -4.950182344259543 0 362.0 -4.950182344259543 1
gene  1 49 14 -4.527777920402433 0 363.0 -4.527777920402433 0
gene  1 3 8 0.7058529426776714 0 393.0 0.7058529426776714 0
gene  1 49 59 4.447650886970903 0 401.0 4.447650886970903 1
gene  1 59 14 -0.6953617863348893 0 402.0 -0.6953617863348893 1
gene  1 2 59 6.675997541495152 0 403.0 6.675997541495152 1
gene  1 7 14 -1.1283939895212012 0 424.0 -1.1283939895212012 1
gene  1 59 13 3.7149806910105814 0 427.0 3.7149806910105814 1
gene  1 3 63 1.3300257351234206 0 440.0 1.3300257351234206 1
gene  1 63 8 2.680064024509349 0 441.0 2.680064024509349 1
genomeend 13
genomestart  14
trait 1 0.4052735378133179 0.3434669452255633 0.6134710218904108 0.03889581307332757 0.0 0.34443587063922654 0.676045690880051 0.7626488466698699 
node 1 1 1 1
node 2 1 1 1
node 3 1 1 1
node 4 1 1 1
node 5 1 1 1
node 6 1 1 1
node 7 1 1 3
node 8 1 0 0
node 13 1 0 2
node 14 1 0 2
node 49 1 0 0
node 59 1 0 0
node 63 1 0 0
gene  1 4 8 4.794838309174353 0 101.0 4.794838309174353 1
gene  1 5 8 -7.75192917854209 0 102.0 -7.75192917854209 1
gene  1 6 8 -4.374760577113351 0 103.0 -4.374760577113351 1
gene  1 14 8 -2.7544176543088033 1 111.0 -2.7544176543088033 1
gene  1 1 13 2.338651360602796 0 168.0 2.338651360602796 1
gene  1 2 13 -3.7563995749342007 0 169.0 -3.7563995749342007 1
gene  1 3 13 0.2432223509769345 0 170.0 0.2432223509769345 1
gene  1 5 13 3.980411488124469 0 172.0 3.980411488124469 1
gene  1 7 13 -6.170957100630752 0 174.0 -6.170957100630752 1
gene  1 14 13 -2.8461361940399366 1 181.0 -2.8461361940399366 1
gene  1 1 14 8.313247402305967 0 182.0 8.313247402305967 1
gene  1 2 14 -5.556737378408567 0 183.0 -5.556737378408567 1
gene  1 3 14 -0.6195617500121902 0 184.0 -0.6195617500121902 1
gene  1 4 14 1.2911862791788882 0 185.0 1.2911862791788882 1
gene  1 8 14 -2.1095155332263613 0 189.0 -2.1095155332263613 1
gene  1 14 14 0.1954320323589142 1 195.0 0.1954320323589142 1
gene  1 6 14 -5.757631550987175 0 240.0 -5.757631550987175 1
gene  1 8 13 1.2124724266193883 0 311.0 1.2124724266193883 1
gene  1 14 13 0.4746638950939661 0 322.0 0.4746638950939661 1
gene  1 2 49 -4.739136256118076 0 362.0 -4.739136256118076 1
gene  1 49 14 -3.9033757193854877 0 363.0 -3.9033757193854877 0
gene  1 3 8 -1.8553926951583675 0 393.0 -1.8553926951583675 0
gene  1 49 59 5.713975417748418 0 401.0 5.713975417748418 1
gene  1 59 14 3.600824706178284 0 402.0 3.600824706178284 1
gene  1 2 59 6.385705431123585 0 403.0 6.385705431123585 1
gene  1 7 14 -1.7405959579821084 0 424.0 -1.7405959579821084 1
gene  1 59 13 5.455302879028447 0 427.0 5.455302879028447 1
gene  1 3 63 1.0 0 440.0 1.0 1
gene  1 63 8 0.5417632758540853 0 441.0 0.5417632758540853 1
genomeend 14
genomestart  15
trait 1 0.6191963994983718 1.8437409326683576 0.7816155317589891 0.49951333318806035 0.760472394127403 2.2133304098674773 0.0 0.0 
node 1 1 1 1
node 2 1 1 1
node 3 1 1 1
node 4 1 1 1
node 5 1 1 1
node 6 1 1 1
node 7 1 1 3
node 8 1 0 0
node 9 1 0 0
node 10 1 0 0
node 11 1 0 0
node 12 1 0 0
node 13 1 0 2
node 14 1 0 2
node 27 1 0 0
node 34 1 0 0
node 40 1 0 0
node 48 1 0 0
gene  1 1 8 1.9829962567103443 0 98.0 1.9829962567103443 1
gene  1 3 8 -5.553341526580171 0 100.0 -5.553341526580171 1
gene  1 4 8 -1.964670768487812 0 101.0 -1.964670768487812 1
gene  1 6 8 7.676406737270984 0 103.0 7.676406737270984 1
gene  1 8 8 4.6920433439809885 1 105.0 4.6920433439809885 1
gene  1 10 8 -2.351889736439829 1 107.0 -2.351889736439829 1
gene  1 3 9 -3.7351127494680973 0 114.0 -3.7351127494680973 1
gene  1 6 9 -1.2539980599517109 0 117.0 -1.2539980599517109 1
gene  1 8 9 -1.3311274231532633 0 119.0 -1.3311274231532633 1
gene  1 10 9 -14.226061369655906 1 121.0 -14.226061369655906 1
gene  1 11 9 4.789352832611722 1 122.0 4.789352832611722 1
gene  1 13 9 2.413258288323559 1 124.0 2.413258288323559 1
gene  1 14 9 -3.5325240861009126 1 125.0 -3.5325240861009126 1
gene  1 1 10 -7.051169564478153 0 126.0 -7.051169564478153 1
gene  1 3 10 12.102454058196415 0 128.0 12.102454058196415 1
gene  1 4 10 3.429221612905477 0 129.0 3.429221612905477 1
gene  1 5 10 1.14548672246301 0 130.0 1.14548672246301 1
gene  1 9 10 -4.291261064348658 0 134.0 -4.291261064348658 1
gene  1 13 10 -1.397550747263699 1 138.0 -1.397550747263699 1
gene  1 1 11 -3.6029549799600797 0 140.0 -3.6029549799600797 1
gene  1 3 11 -2.8230783898055205 0 142.0 -2.8230783898055205 1
gene  1 5 11 -2.3742924342317853 0 144.0 -2.3742924342317853 1
gene  1 9 11 3.888520914583738 0 148.0 3.888520914583738 1
gene  1 10 11 10.978502092338232 0 149.0 10.978502092338232 1
gene  1 12 11 0.5382258281959831 1 151.0 0.5382258281959831 1
gene  1 14 11 -10.388692432322056 1 153.0 -10.388692432322056 1
gene  1 2 12 8.071052798090347 0 155.0 8.071052798090347 1
gene  1 4 12 -0.5327701603126633 0 157.0 -0.5327701603126633 1
gene  1 6 12 5.522143775906618 0 159.0 5.522143775906618 1
gene  1 7 12 8.805253480360259 0 160.0 8.805253480360259 1
gene  1 9 12 -10.023330449339003 0 162.0 -10.023330449339003 1
gene  1 10 12 4.0686922543534765 0 163.0 4.0686922543534765 1
gene  1 12 12 7.113621525239303 1 165.0 7.113621525239303 1
gene  1 14 12 -5.042887732874223 1 167.0 -5.042887732874223 1
gene  1 1 13 -3.9169026959578583 0 168.0 -3.9169026959578583 1
gene  1 3 13 -6.124927010599934 0 170.0 -6.124927010599934 1
gene  1 4 13 1.5477322375755018 0 171.0 1.5477322375755018 1
gene  1 6 13 1.1258327640613093 0 173.0 1.1258327640613093 1
gene  1 8 13 9.654293267525704 0 175.0 9.654293267525704 1
gene  1 9 13 -3.053489684394094 0 176.0 -3.053489684394094 1
gene  1 8 14 -12.369325082967904 0 189.0 -12.369325082967904 1
gene  1 11 14 21.472203162491798 0 192.0 21.472203162491798 1
gene  1 5 8 0.14488081817570775 0 235.0 0.14488081817570775 1
gene  1 1 27 -2.6729404308896325 0 241.0 -2.6729404308896325 1
gene  1 27 8 -2.7698422439656314 0 242.0 -2.7698422439656314 1
gene  1 9 34 0.18168422043373011 0 272.0 0.18168422043373011 1
gene  1 34 11 7.857066571179761 0 273.0 7.857066571179761 1
gene  1 5 13 -0.08087410555573493 0 277.0 -0.08087410555573493 1
gene  1 12 14 -2.3708281407269114 0 296.0 -2.3708281407269114 1
gene  1 8 40 -1.9949352384913888 1 308.0 -1.9949352384913888 1
gene  1 40 8 0.12043661005232098 0 309.0 0.12043661005232098 1
gene  1 10 14 2.528108065072013 0 341.0 2.528108065072013 1
gene  1 3 48 0.47685767693981307 0 360.0 0.47685767693981307 1
gene  1 48 8 -2.428071998025899 0 361.0 -2.428071998025899 1
gene  1 10 13 4.528904191769545E-4 0 404.0 4.528904191769545E-4 1
gene  1 27 40 3.307456743944679 0 445.0 3.307456743944679 1
genomeend 15
genomestart  16
trait 1 0.6191963994983718 1.8437409326683576 0.7816155317589891 0.49951333318806035 0.760472394127403 2.2133304098674773 0.0 0.0 
node 1 1 1 1
node 2 1 1 1
node 3 1 1 1
node 4 1 1 1
node 5 1 1 1
node 6 1 1 1
node 7 1 1 3
node 8 1 0 0
node 9 1 0 0
node 10 1 0 0
node 11 1 0 0
node 12 1 0 0
node 13 1 0 2
node 14 1 0 2
node 27 1 0 0
node 34 1 0 0
node 40 1 0 0
node 48 1 0 0
gene  1 1 8 1.9829962567103443 0 98.0 1.9829962567103443 1
gene  1 3 8 -5.553341526580171 0 100.0 -5.553341526580171 1
gene  1 4 8 -1.964670768487812 0 101.0 -1.964670768487812 1
gene  1 6 8 7.676406737270984 0 103.0 7.676406737270984 1
gene  1 8 8 4.6920433439809885 1 105.0 4.6920433439809885 1
gene  1 10 8 -2.351889736439829 1 107.0 -2.351889736439829 1
gene  1 3 9 -3.7351127494680973 0 114.0 -3.7351127494680973 1
gene  1 6 9 -1.2539980599517109 0 117.0 -1.2539980599517109 1
gene  1 8 9 -1.3311274231532633 0 119.0 -1.3311274231532633 1
gene  1 10 9 -14.226061369655906 1 121.0 -14.226061369655906 1
gene  1 11 9 4.789352832611722 1 122.0 4.789352832611722 1
gene  1 13 9 2.413258288323559 1 124.0 2.413258288323559 1
gene  1 14 9 -3.5325240861009126 1 125.0 -3.5325240861009126 1
gene  1 1 10 -7.051169564478153 0 126.0 -7.051169564478153 1
gene  1 3 10 12.102454058196415 0 128.0 12.102454058196415 1
gene  1 4 10 3.429221612905477 0 129.0 3.429221612905477 1
gene  1 5 10 1.14548672246301 0 130.0 1.14548672246301 1
gene  1 9 10 -4.291261064348658 0 134.0 -4.291261064348658 1
gene  1 13 10 -1.397550747263699 1 138.0 -1.397550747263699 1
gene  1 1 11 -3.6029549799600797 0 140.0 -3.6029549799600797 1
gene  1 3 11 -2.8230783898055205 0 142.0 -2.8230783898055205 1
gene  1 5 11 -2.3742924342317853 0 144.0 -2.3742924342317853 1
gene  1 9 11 3.888520914583738 0 148.0 3.888520914583738 1
gene  1 10 11 10.978502092338232 0 149.0 10.978502092338232 1
gene  1 12 11 0.5382258281959831 1 151.0 0.5382258281959831 1
gene  1 14 11 -10.388692432322056 1 153.0 -10.388692432322056 1
gene  1 2 12 8.071052798090347 0 155.0 8.071052798090347 1
gene  1 4 12 -0.5327701603126633 0 157.0 -0.5327701603126633 1
gene  1 6 12 5.522143775906618 0 159.0 5.522143775906618 1
gene  1 7 12 8.805253480360259 0 160.0 8.805253480360259 1
gene  1 9 12 -10.023330449339003 0 162.0 -10.023330449339003 1
gene  1 10 12 4.0686922543534765 0 163.0 4.0686922543534765 1
gene  1 12 12 7.113621525239303 1 165.0 7.113621525239303 1
gene  1 14 12 -5.042887732874223 1 167.0 -5.042887732874223 1
gene  1 1 13 -3.9169026959578583 0 168.0 -3.9169026959578583 1
gene  1 3 13 -6.124927010599934 0 170.0 -6.124927010599934 1
gene  1 4 13 1.5477322375755018 0 171.0 1.5477322375755018 1
gene  1 6 13 1.1258327640613093 0 173.0 1.1258327640613093 1
gene  1 8 13 9.654293267525704 0 175.0 9.654293267525704 1
gene  1 9 13 -3.053489684394094 0 176.0 -3.053489684394094 1
gene  1 8 14 -12.369325082967904 0 189.0 -12.369325082967904 1
gene  1 11 14 21.472203162491798 0 192.0 21.472203162491798 1
gene  1 5 8 0.14488081817570775 0 235.0 0.14488081817570775 1
gene  1 1 27 -2.6729404308896325 0 241.0 -2.6729404308896325 1
gene  1 27 8 -2.7698422439656314 0 242.0 -2.7698422439656314 1
gene  1 9 34 0.18168422043373011 0 272.0 0.18168422043373011 1
gene  1 34 11 7.857066571179761 0 273.0 7.857066571179761 1
gene  1 5 13 -0.08087410555573493 0 277.0 -0.08087410555573493 1
gene  1 12 14 -2.3708281407269114 0 296.0 -2.3708281407269114 1
gene  1 8 40 -1.9949352384913888 1 308.0 -1.9949352384913888 1
gene  1 40 8 0.12043661005232098 0 309.0 0.12043661005232098 1
gene  1 10 14 2.528108065072013 0 341.0 2.528108065072013 1
gene  1 3 48 0.47685767693981307 0 360.0 0.47685767693981307 1
gene  1 48 8 -2.428071998025899 0 361.0 -2.428071998025899 1
gene  1 10 13 4.528904191769545E-4 0 404.0 4.528904191769545E-4 1
genomeend 16
genomestart  17
trait 1 0.6191963994983718 1.8437409326683576 0.7816155317589891 0.49951333318806035 0.760472394127403 2.2133304098674773 0.0 0.0 
node 1 1 1 1
node 2 1 1 1
node 3 1 1 1
node 4 1 1 1
node 5 1 1 1
node 6 1 1 1
node 7 1 1 3
node 8 1 0 0
node 9 1 0 0
node 10 1 0 0
node 11 1 0 0
node 12 1 0 0
node 13 1 0 2
node 14 1 0 2
node 27 1 0 0
node 34 1 0 0
node 40 1 0 0
node 48 1 0 0
gene  1 1 8 2.7291690927084806 0 98.0 2.7291690927084806 1
gene  1 3 8 -5.594705540768106 0 100.0 -5.594705540768106 1
gene  1 4 8 -0.89087404843723 0 101.0 -0.89087404843723 1
gene  1 6 8 7.676406737270984 0 103.0 7.676406737270984 1
gene  1 8 8 3.142115539497975 1 105.0 3.142115539497975 1
gene  1 10 8 0.3933586540030076 1 107.0 0.3933586540030076 1
gene  1 3 9 2.4954328461237836 0 114.0 2.4954328461237836 1
gene  1 6 9 1.9447818769675893 0 117.0 1.9447818769675893 1
gene  1 8 9 -1.2061180767795037 0 119.0 -1.2061180767795037 1
gene  1 10 9 -12.690683680974916 1 121.0 -12.690683680974916 1
gene  1 11 9 1.6308575243972108 1 122.0 1.6308575243972108 1
gene  1 13 9 2.413258288323559 1 124.0 2.413258288323559 1
gene  1 14 9 -1.680166942871561 1 125.0 -1.680166942871561 1
gene  1 1 10 -7.617481442979825 0 126.0 -7.617481442979825 1
gene  1 3 10 10.656608777076942 0 128.0 10.656608777076942 1
gene  1 4 10 5.525520043213616 0 129.0 5.525520043213616 1
gene  1 5 10 -1.289492115933932 0 130.0 -1.289492115933932 1
gene  1 9 10 -3.165899511681497 0 134.0 -3.165899511681497 1
gene  1 13 10 -0.22894790579505553 1 138.0 -0.22894790579505553 1
gene  1 1 11 -3.4737321406343638 0 140.0 -3.4737321406343638 1
gene  1 3 11 -3.637401209137532 0 142.0 -3.637401209137532 1
gene  1 5 11 -0.8504114826971991 0 144.0 -0.8504114826971991 1
gene  1 9 11 6.367587344090131 0 148.0 6.367587344090131 1
gene  1 10 11 13.423512546272988 0 149.0 13.423512546272988 1
gene  1 12 11 -0.28466560342178515 1 151.0 -0.28466560342178515 1
gene  1 14 11 -12.589564041931844 1 153.0 -12.589564041931844 1
gene  1 2 12 5.844600231213837 0 155.0 5.844600231213837 1
gene  1 4 12 0.6925033615528329 0 157.0 0.6925033615528329 1
gene  1 6 12 3.4886522200137997 0 159.0 3.4886522200137997 1
gene  1 7 12 6.588086767737068 0 160.0 6.588086767737068 1
gene  1 9 12 -10.910353074460302 0 162.0 -10.910353074460302 1
gene  1 10 12 2.282194143660026 0 163.0 2.282194143660026 1
gene  1 12 12 -1.6487756005016607 1 165.0 -1.6487756005016607 1
gene  1 14 12 -3.192121233143753 1 167.0 -3.192121233143753 1
gene  1 1 13 -2.8805677147020377 0 168.0 -2.8805677147020377 1
gene  1 3 13 -6.124927010599934 0 170.0 -6.124927010599934 1
gene  1 4 13 2.9663659627600865 0 171.0 2.9663659627600865 1
gene  1 6 13 2.1028988113094487 0 173.0 2.1028988113094487 1
gene  1 8 13 7.497226500483043 0 175.0 7.497226500483043 1
gene  1 9 13 -1.6318454863814318 0 176.0 -1.6318454863814318 1
gene  1 8 14 -13.331745135173325 0 189.0 -13.331745135173325 1
gene  1 11 14 22.12003850462008 0 192.0 22.12003850462008 1
gene  1 5 8 0.1385872314801201 0 235.0 0.1385872314801201 1
gene  1 1 27 -0.4159351778842571 0 241.0 -0.4159351778842571 1
gene  1 27 8 0.4068556034482759 0 242.0 0.4068556034482759 1
gene  1 9 34 0.47546017316289874 0 272.0 0.47546017316289874 1
gene  1 34 11 5.864962528195855 0 273.0 5.864962528195855 1
gene  1 5 13 -1.819487996366135 0 277.0 -1.819487996366135 1
gene  1 12 14 2.366741446855631 0 296.0 2.366741446855631 1
gene  1 8 40 -2.5794368891520403 1 308.0 -2.5794368891520403 1
gene  1 40 8 -1.5238074173089347 0 309.0 -1.5238074173089347 1
gene  1 10 14 4.43277092236563 0 341.0 4.43277092236563 1
gene  1 3 48 -0.11952441605912212 0 360.0 -0.11952441605912212 1
gene  1 48 8 -3.915158926552449 0 361.0 -3.915158926552449 1
gene  1 10 13 -1.0167796609205597 0 404.0 -1.0167796609205597 1
genomeend 17
genomestart  18
trait 1 0.6191963994983718 1.8437409326683576 0.7816155317589891 0.49951333318806035 0.760472394127403 2.2133304098674773 0.0 0.0 
node 1 1 1 1
node 2 1 1 1
node 3 1 1 1
node 4 1 1 1
node 5 1 1 1
node 6 1 1 1
node 7 1 1 3
node 8 1 0 0
node 9 1 0 0
node 10 1 0 0
node 11 1 0 0
node 12 1 0 0
node 13 1 0 2
node 14 1 0 2
node 27 1 0 0
node 34 1 0 0
node 40 1 0 0
node 48 1 0 0
gene  1 1 8 4.470684720907916 0 98.0 4.470684720907916 1
gene  1 3 8 -3.339003746542826 0 100.0 -3.339003746542826 1
gene  1 4 8 -0.07306049409049797 0 101.0 -0.07306049409049797 1
gene  1 6 8 5.470710473759473 0 103.0 5.470710473759473 1
gene  1 8 8 4.523027125714911 1 105.0 4.523027125714911 1
gene  1 10 8 -4.411491252835093 1 107.0 -4.411491252835093 1
gene  1 3 9 -6.200123856763513 0 114.0 -6.200123856763513 1
gene  1 6 9 0.610387881293327 0 117.0 0.610387881293327 1
gene  1 8 9 -2.7166542307701596 0 119.0 -2.7166542307701596 1
gene  1 10 9 -15.422444498864028 1 121.0 -15.422444498864028 1
gene  1 11 9 6.706451384768077 1 122.0 6.706451384768077 1
gene  1 13 9 4.127835495193634 1 124.0 4.127835495193634 1
gene  1 14 9 -2.9633794410714387 1 125.0 -2.9633794410714387 1
gene  1 1 10 -6.229433385994527 0 126.0 -6.229433385994527 1
gene  1 3 10 11.446005512939587 0 128.0 11.446005512939587 1
gene  1 4 10 1.1135142618257987 0 129.0 1.1135142618257987 1
gene  1 5 10 1.677684829319513 0 130.0 1.677684829319513 1
gene  1 9 10 -5.367143833442224 0 134.0 -5.367143833442224 1
gene  1 13 10 -3.792891957942638 1 138.0 -3.792891957942638 1
gene  1 1 11 -3.9910721542395433 0 140.0 -3.9910721542395433 1
gene  1 3 11 -1.6168212302474807 0 142.0 -1.6168212302474807 1
gene  1 5 11 -1.5293662956826208 0 144.0 -1.5293662956826208 1
gene  1 9 11 2.249375488456545 0 148.0 2.249375488456545 1
gene  1 10 11 9.665609762055842 0 149.0 9.665609762055842 1
gene  1 12 11 -0.2757531132050637 1 151.0 -0.2757531132050637 1
gene  1 14 11 -8.669856171843776 1 153.0 -8.669856171843776 1
gene  1 2 12 9.195479561784733 0 155.0 9.195479561784733 1
gene  1 4 12 -0.7508173627249198 0 157.0 -0.7508173627249198 1
gene  1 6 12 4.556064060689034 0 159.0 4.556064060689034 1
gene  1 7 12 11.121317689590656 0 160.0 11.121317689590656 1
gene  1 9 12 -9.483528023471592 0 162.0 -9.483528023471592 1
gene  1 10 12 1.7440779021818935 0 163.0 1.7440779021818935 1
gene  1 12 12 4.9591932604865985 1 165.0 4.9591932604865985 1
gene  1 14 12 -3.767544296307929 1 167.0 -3.767544296307929 1
gene  1 1 13 -6.325611824151959 0 168.0 -6.325611824151959 1
gene  1 3 13 -4.052394216449244 0 170.0 -4.052394216449244 1
gene  1 4 13 3.119666755651946 0 171.0 3.119666755651946 1
gene  1 6 13 -0.1529431374197845 0 173.0 -0.1529431374197845 1
gene  1 8 13 8.872658177846404 0 175.0 8.872658177846404 1
gene  1 9 13 -0.7869375449167055 0 176.0 -0.7869375449167055 1
gene  1 8 14 -11.06070828587567 0 189.0 -11.06070828587567 1
gene  1 11 14 21.746493461583785 0 192.0 21.746493461583785 1
gene  1 5 8 -1.437666672888003 0 235.0 -1.437666672888003 1
gene  1 1 27 -0.6934216069617822 0 241.0 -0.6934216069617822 1
gene  1 27 8 -2.1297173273929335 0 242.0 -2.1297173273929335 1
gene  1 9 34 -2.479519971140313 0 272.0 -2.479519971140313 1
gene  1 34 11 7.857066571179761 0 273.0 7.857066571179761 1
gene  1 5 13 -0.08087410555573493 0 277.0 -0.08087410555573493 1
gene  1 12 14 -1.3437842766793557 0 296.0 -1.3437842766793557 1
gene  1 8 40 -1.9949352384913888 1 308.0 -1.9949352384913888 1
gene  1 40 8 2.249989772317021 0 309.0 2.249989772317021 1
gene  1 10 14 2.528108065072013 0 341.0 2.528108065072013 1
gene  1 3 48 0.47685767693981307 0 360.0 0.47685767693981307 1
gene  1 48 8 2.4228129299824803 0 361.0 2.4228129299824803 1
gene  1 10 13 0.7203251806277827 0 404.0 0.7203251806277827 1
genomeend 18
genomestart  19
trait 1 0.33971452717739675 0.27695848508415316 1.2324307960896477 0.38263542198384 1.7668704662528345 0.8372542455634346 0.3613767976006988 0.3567570363531483 
node 1 1 1 1
node 2 1 1 1
node 3 1 1 1
node 4 1 1 1
node 5 1 1 1
node 6 1 1 1
node 7 1 1 3
node 8 1 0 0
node 9 1 0 0
node 10 1 0 0
node 13 1 0 2
node 14 1 0 2
node 16 1 0 0
node 21 1 0 0
node 29 1 0 0
node 52 1 0 0
node 53 1 0 0
gene  1 1 8 -1.9060423020663175 0 98.0 -1.9060423020663175 1
gene  1 2 8 -1.714449156672205 0 99.0 -1.714449156672205 1
gene  1 3 8 5.970328415823796 0 100.0 5.970328415823796 1
gene  1 4 8 -0.6042228189920679 0 101.0 -0.6042228189920679 1
gene  1 5 8 -4.150564695417197 0 102.0 -4.150564695417197 1
gene  1 6 8 2.3878864207684503 0 103.0 2.3878864207684503 1
gene  1 8 8 -4.4021680422712315 1 105.0 -4.4021680422712315 1
gene  1 13 8 -5.094234288311563 1 110.0 -5.094234288311563 1
gene  1 14 8 -11.270585393071507 1 111.0 -11.270585393071507 1
gene  1 3 13 -3.6550026535295697 0 170.0 -3.6550026535295697 1
gene  1 5 13 6.355472123736224 0 172.0 6.355472123736224 1
gene  1 7 13 5.862056960819407 0 174.0 5.862056960819407 1
gene  1 13 13 -2.964587723567222 1 180.0 -2.964587723567222 1
gene  1 2 14 -3.073311545402973 0 183.0 -3.073311545402973 1
gene  1 4 14 -2.3020341858495934 0 185.0 -2.3020341858495934 1
gene  1 6 14 1.7992724779511289 0 187.0 1.7992724779511289 1
gene  1 8 14 2.6212266926726437 0 189.0 2.6212266926726437 1
gene  1 13 14 2.752938402266336 0 194.0 2.752938402266336 1
gene  1 13 16 -2.1066767343546395 0 201.0 -2.1066767343546395 1
gene  1 16 14 2.1967234222242804 0 202.0 2.1967234222242804 1
gene  1 1 21 2.0786787421297195 0 218.0 2.0786787421297195 1
gene  1 21 8 4.543561055436668 0 219.0 4.543561055436668 1
gene  1 3 10 -3.404334481528042 0 223.0 -3.404334481528042 1
gene  1 6 29 2.6220830905781005 0 259.0 2.6220830905781005 1
gene  1 29 8 1.209130375789571 0 260.0 1.209130375789571 1
gene  1 29 21 -3.938922825241455 0 271.0 -3.938922825241455 1
gene  1 3 21 2.1454388356692258 0 300.0 2.1454388356692258 1
gene  1 9 52 -0.3875869513897796 0 368.0 -0.3875869513897796 1
gene  1 52 14 -0.8388595849337295 0 369.0 -0.8388595849337295 1
gene  1 1 53 1.5926102268809723 0 372.0 1.5926102268809723 1
gene  1 53 21 -1.9840968360999824 0 373.0 -1.9840968360999824 1
gene  1 2 16 -1.318987588962557 0 439.0 -1.318987588962557 1
genomeend 19
