genomestart  0
trait 1 0.0 0.29964541126798605 0.0 0.5917793035862625 0.0 0.5239379551513967 0.8464040429162474 0.9121227953336634 
node 1 1 1 1
node 2 1 1 1
node 3 1 1 1
node 4 1 1 1
node 5 1 1 1
node 6 1 1 1
node 7 1 1 3
node 13 1 0 2
node 14 1 0 2
node 19 1 0 0
node 33 1 0 0
node 41 1 0 0
node 45 1 0 0
gene  1 1 13 -7.35186406354408 0 168.0 -7.35186406354408 1
gene  1 3 13 0.6616667841337751 0 170.0 0.6616667841337751 1
gene  1 5 13 -1.9921687128839183 0 172.0 -1.9921687128839183 1
gene  1 6 13 0.5722818919959078 0 173.0 0.5722818919959078 1
gene  1 14 13 7.252065138481979 1 181.0 7.252065138481979 1
gene  1 1 14 -4.425440865266641 0 182.0 -4.425440865266641 1
gene  1 2 14 -0.04225323676792336 0 183.0 -0.04225323676792336 1
gene  1 4 14 -0.8839468146433173 0 185.0 -0.8839468146433173 1
gene  1 5 14 -3.271349490568861 0 186.0 -3.271349490568861 1
gene  1 6 14 -10.554214332365737 0 187.0 -10.554214332365737 1
gene  1 7 14 -0.8063873865324005 0 188.0 -0.8063873865324005 1
gene  1 13 14 -6.574956817964296 0 194.0 -6.574956817964296 1
gene  1 14 14 -3.245103169407293 1 195.0 -3.245103169407293 1
gene  1 5 19 -1.9161827612370432 0 213.0 -1.9161827612370432 1
gene  1 19 13 -6.783196403521513 0 214.0 -6.783196403521513 1
gene  1 2 13 10.464498874485251 0 243.0 10.464498874485251 1
gene  1 6 19 1.368886478963576 0 257.0 1.368886478963576 1
gene  1 19 14 -0.023914119447624838 0 267.0 -0.023914119447624838 1
gene  1 14 33 -2.586322762078409 1 268.0 -2.586322762078409 1
gene  1 33 14 -2.575296785656339 0 269.0 -2.575296785656339 1
gene  1 4 13 -7.4557757956157635 0 292.0 -7.4557757956157635 1
gene  1 14 41 -0.9876036384481641 1 315.0 -0.9876036384481641 1
gene  1 41 13 2.333072622656069 0 316.0 2.333072622656069 1
gene  1 5 45 1.158182467205008 0 338.0 1.158182467205008 1
gene  1 45 14 2.255876996668805 0 339.0 2.255876996668805 1
genomeend 0
genomestart  1
trait 1 0.0 0.29964541126798605 0.0 0.5917793035862625 0.0 0.5239379551513967 0.8464040429162474 0.9121227953336634 
node 1 1 1 1
node 2 1 1 1
node 3 1 1 1
node 4 1 1 1
node 5 1 1 1
node 6 1 1 1
node 7 1 1 3
node 13 1 0 2
node 14 1 0 2
node 19 1 0 0
node 33 1 0 0
node 41 1 0 0
node 45 1 0 0
gene  1 1 13 -3.3956307069629466 0 168.0 -3.3956307069629466 1
gene  1 3 13 2.103504916797328 0 170.0 2.103504916797328 1
gene  1 5 13 -2.1644318466506256 0 172.0 -2.1644318466506256 1
gene  1 6 13 -1.4457800860008037 0 173.0 -1.4457800860008037 1
gene  1 14 13 3.171759450306193 1 181.0 3.171759450306193 1
gene  1 1 14 -3.1799576685419804 0 182.0 -3.1799576685419804 1
gene  1 2 14 -1.7417359991920658 0 183.0 -1.7417359991920658 1
gene  1 4 14 -1.7807353015082457 0 185.0 -1.7807353015082457 1
gene  1 5 14 -2.740746752402374 0 186.0 -2.740746752402374 1
gene  1 6 14 -9.659647893142946 0 187.0 -9.659647893142946 1
gene  1 7 14 -1.1471007922149485 0 188.0 -1.1471007922149485 1
gene  1 13 14 -6.880275059825376 0 194.0 -6.880275059825376 1
gene  1 14 14 -7.133914118067747 1 195.0 -7.133914118067747 1
gene  1 5 19 0.7835501683384429 0 213.0 0.7835501683384429 1
gene  1 19 13 -7.675932309828063 0 214.0 -7.675932309828063 1
gene  1 2 13 8.957194396370037 0 243.0 8.957194396370037 1
gene  1 6 19 4.327462535250799 0 257.0 4.327462535250799 1
gene  1 19 14 0.3441143768160577 0 267.0 0.3441143768160577 1
gene  1 14 33 0.4015100989621745 1 268.0 0.4015100989621745 1
gene  1 33 14 -2.3329114121369665 0 269.0 -2.3329114121369665 1
gene  1 4 13 -1.8078473257609315 0 292.0 -1.8078473257609315 1
gene  1 14 41 0.5505845414993529 1 315.0 0.5505845414993529 1
gene  1 41 13 -0.42060594489476855 0 316.0 -0.42060594489476855 1
gene  1 5 45 -2.4677862131414474 0 338.0 -2.4677862131414474 1
gene  1 45 14 2.475574861493271 0 339.0 2.475574861493271 1
genomeend 1
genomestart  2
trait 1 0.1615036620139374 1.559738843652866 0.35392091268841774 0.23052551034248026 0.455352653858774 1.8782167668158207 0.9631873880472401 1.3382223835423157 
node 1 1 1 1
node 2 1 1 1
node 3 1 1 1
node 4 1 1 1
node 5 1 1 1
node 6 1 1 1
node 7 1 1 3
node 13 1 0 2
node 14 1 0 2
node 24 1 0 0
node 36 1 0 0
gene  1 2 13 -8.169298142733998 0 169.0 -8.169298142733998 1
gene  1 3 13 1.948727014991155 0 170.0 1.948727014991155 1
gene  1 4 13 0.9772659436221462 0 171.0 0.9772659436221462 1
gene  1 6 13 -3.52279062015804 0 173.0 -3.52279062015804 1
gene  1 7 13 3.0517146528538053 0 174.0 3.0517146528538053 1
gene  1 13 13 -1.830389215651951 1 180.0 -1.830389215651951 1
gene  1 1 14 -0.6749880087899316 0 182.0 -0.6749880087899316 1
gene  1 2 14 1.9596150926091724 0 183.0 1.9596150926091724 1
gene  1 5 14 3.1546692843307325 0 186.0 3.1546692843307325 1
gene  1 6 14 2.245863308745451 0 187.0 2.245863308745451 1
gene  1 7 14 3.0662404393176717 0 188.0 3.0662404393176717 1
gene  1 13 14 -7.963397136674027 0 194.0 -7.963397136674027 1
gene  1 14 14 -1.2529843786670205 1 195.0 -1.2529843786670205 1
gene  1 2 24 2.2561394886007227 0 226.0 2.2561394886007227 1
gene  1 24 13 -2.290948153530595 0 227.0 -2.290948153530595 1
gene  1 7 24 0.3296165277231977 0 245.0 0.3296165277231977 1
gene  1 1 24 -0.021018978063292115 0 249.0 -0.021018978063292115 1
gene  1 4 14 -6.311916724287066 0 280.0 -6.311916724287066 1
gene  1 4 36 -0.17299246813467484 0 293.0 -0.17299246813467484 1
gene  1 36 14 -2.3607692512388394 0 294.0 -2.3607692512388394 1
gene  1 7 36 -4.55726152052436 0 301.0 -4.55726152052436 1
gene  1 3 36 -2.0626329301221293 0 313.0 -2.0626329301221293 1
gene  1 24 36 1.6116041792908211 0 345.0 1.6116041792908211 1
genomeend 2
genomestart  3
trait 1 0.1615036620139374 1.559738843652866 0.35392091268841774 0.23052551034248026 0.455352653858774 1.8782167668158207 0.9631873880472401 1.3382223835423157 
node 1 1 1 1
node 2 1 1 1
node 3 1 1 1
node 4 1 1 1
node 5 1 1 1
node 6 1 1 1
node 7 1 1 3
node 13 1 0 2
node 14 1 0 2
node 24 1 0 0
node 36 1 0 0
gene  1 2 13 -8.136322510130134 0 169.0 -8.136322510130134 1
gene  1 3 13 1.5809924301694105 0 170.0 1.5809924301694105 1
gene  1 4 13 5.031111428855646 0 171.0 5.031111428855646 1
gene  1 6 13 -0.1192493288872074 0 173.0 -0.1192493288872074 1
gene  1 7 13 0.7809849448068791 0 174.0 0.7809849448068791 1
gene  1 13 13 -2.903872329121375 1 180.0 -2.903872329121375 1
gene  1 1 14 -3.2708407244518947 0 182.0 -3.2708407244518947 1
gene  1 2 14 -0.13506677102319276 0 183.0 -0.13506677102319276 1
gene  1 5 14 4.595928745766667 0 186.0 4.595928745766667 1
gene  1 6 14 1.150963607253912 0 187.0 1.150963607253912 1
gene  1 7 14 2.4232732644949646 0 188.0 2.4232732644949646 1
gene  1 13 14 -4.495494449675568 0 194.0 -4.495494449675568 1
gene  1 14 14 2.0160575310060724 1 195.0 2.0160575310060724 1
gene  1 2 24 -10.882205190145957 0 226.0 -10.882205190145957 1
gene  1 24 13 -3.755984174601232 0 227.0 -3.755984174601232 1
gene  1 7 24 9.604632065937869 0 245.0 9.604632065937869 1
gene  1 1 24 -1.9251734016160633 0 249.0 -1.9251734016160633 1
gene  1 4 14 -3.5361184033555726 0 280.0 -3.5361184033555726 1
gene  1 4 36 -3.5233074940201554 0 293.0 -3.5233074940201554 1
gene  1 36 14 -2.3607692512388394 0 294.0 -2.3607692512388394 1
gene  1 7 36 1.6430062352621013 0 301.0 1.6430062352621013 1
gene  1 3 36 -0.37606333829072747 0 313.0 -0.37606333829072747 1
gene  1 24 36 -0.2525962773329864 0 345.0 -0.2525962773329864 1
genomeend 3
genomestart  4
trait 1 0.1615036620139374 1.559738843652866 0.35392091268841774 0.23052551034248026 0.455352653858774 1.8782167668158207 0.9631873880472401 1.3382223835423157 
node 1 1 1 1
node 2 1 1 1
node 3 1 1 1
node 4 1 1 1
node 5 1 1 1
node 6 1 1 1
node 7 1 1 3
node 13 1 0 2
node 14 1 0 2
node 24 1 0 0
node 36 1 0 0
gene  1 2 13 -7.990428522978872 0 169.0 -7.990428522978872 1
gene  1 3 13 1.839785358120183 0 170.0 1.839785358120183 1
gene  1 4 13 6.657485286005818 0 171.0 6.657485286005818 1
gene  1 6 13 -3.4985032474332938 0 173.0 -3.4985032474332938 1
gene  1 7 13 -0.24641055387924077 0 174.0 -0.24641055387924077 1
gene  1 13 13 -0.8830498274232734 1 180.0 -0.8830498274232734 1
gene  1 1 14 -2.3047746371386912 0 182.0 -2.3047746371386912 1
gene  1 2 14 -0.02899410692841542 0 183.0 -0.02899410692841542 1
gene  1 5 14 6.211634867038411 0 186.0 6.211634867038411 1
gene  1 6 14 2.6856594794645394 0 187.0 2.6856594794645394 1
gene  1 7 14 -0.9500967212643276 0 188.0 -0.9500967212643276 1
gene  1 13 14 -6.523777180463338 0 194.0 -6.523777180463338 1
gene  1 14 14 2.1631378885440253 1 195.0 2.1631378885440253 1
gene  1 2 24 -7.9457080304567 0 226.0 -7.9457080304567 1
gene  1 24 13 -3.5506287661888383 0 227.0 -3.5506287661888383 1
gene  1 7 24 0.05120444905136079 0 245.0 0.05120444905136079 1
gene  1 1 24 -1.7600887751865908 0 249.0 -1.7600887751865908 1
gene  1 4 14 2.2599921445255844 0 280.0 2.2599921445255844 1
gene  1 4 36 -2.0683005441649955 0 293.0 -2.0683005441649955 1
gene  1 36 14 2.2416085126962724 0 294.0 2.2416085126962724 1
gene  1 7 36 0.009709170405857837 0 301.0 0.009709170405857837 1
gene  1 3 36 -5.448689217457529 0 313.0 -5.448689217457529 1
gene  1 24 36 1.9078166079944694 0 345.0 1.9078166079944694 1
genomeend 4
genomestart  5
trait 1 0.5881716647646825 0.21357948226159307 1.8564835101802153 0.8861824623786819 0.0 1.3132693424315245 1.6423806715703035 0.004307252023895924 
node 1 1 1 1
node 2 1 1 1
node 3 1 1 1
node 4 1 1 1
node 5 1 1 1
node 6 1 1 1
node 7 1 1 3
node 8 1 0 0
node 9 1 0 0
node 10 1 0 0
node 11 1 0 0
node 13 1 0 2
node 14 1 0 2
gene  1 2 8 1.9429267604209033 0 99.0 1.9429267604209033 1
gene  1 6 8 3.910411375499042 0 103.0 3.910411375499042 1
gene  1 8 8 -0.45004863300511966 1 105.0 -0.45004863300511966 1
gene  1 9 8 -1.2519110647059215 1 106.0 -1.2519110647059215 1
gene  1 10 8 -13.279995740422768 1 107.0 -13.279995740422768 1
gene  1 11 8 0.6837243841252101 1 108.0 0.6837243841252101 1
gene  1 13 8 -5.487704265290478 1 110.0 -5.487704265290478 1
gene  1 14 8 -4.902427269587374 1 111.0 -4.902427269587374 1
gene  1 1 9 -1.5490085653126306 0 112.0 -1.5490085653126306 1
gene  1 2 9 -1.1472643412979835 0 113.0 -1.1472643412979835 1
gene  1 3 9 0.5141964283882633 0 114.0 0.5141964283882633 1
gene  1 6 9 -0.7346910809410645 0 117.0 -0.7346910809410645 1
gene  1 7 9 1.1733575096591156 0 118.0 1.1733575096591156 1
gene  1 8 9 2.074816638235611 0 119.0 2.074816638235611 1
gene  1 9 9 -3.118051582027747 1 120.0 -3.118051582027747 1
gene  1 11 9 -10.795358697898854 1 122.0 -10.795358697898854 1
gene  1 13 9 4.925897976618389 1 124.0 4.925897976618389 1
gene  1 14 9 0.996702558193215 1 125.0 0.996702558193215 1
gene  1 1 10 -2.6320946766340114 0 126.0 -2.6320946766340114 1
gene  1 3 10 -3.517049732302655 0 128.0 -3.517049732302655 1
gene  1 4 10 -0.9403171209393144 0 129.0 -0.9403171209393144 1
gene  1 5 10 -0.10358296082656682 0 130.0 -0.10358296082656682 1
gene  1 6 10 -4.633186439906453 0 131.0 -4.633186439906453 1
gene  1 10 10 0.08246596255203215 1 135.0 0.08246596255203215 1
gene  1 11 10 -1.945114152841946 1 136.0 -1.945114152841946 1
gene  1 14 10 -2.9702563078122655 1 139.0 -2.9702563078122655 1
gene  1 1 11 -0.7118007812500724 0 140.0 -0.7118007812500724 1
gene  1 3 11 2.792532561369489 0 142.0 2.792532561369489 1
gene  1 5 11 -10.911788729426629 0 144.0 -10.911788729426629 1
gene  1 6 11 -4.439795049945241 0 145.0 -4.439795049945241 1
gene  1 7 11 -2.421782525751743 0 146.0 -2.421782525751743 1
gene  1 8 11 4.360971975219213 0 147.0 4.360971975219213 1
gene  1 9 11 2.393359161090709 0 148.0 2.393359161090709 1
gene  1 10 11 0.8062473754231858 0 149.0 0.8062473754231858 1
gene  1 11 11 -10.146625905920978 1 150.0 -10.146625905920978 1
gene  1 1 13 -0.2798647242025515 0 168.0 -0.2798647242025515 1
gene  1 2 13 6.171242860314102 0 169.0 6.171242860314102 1
gene  1 3 13 -2.0128266461254354 0 170.0 -2.0128266461254354 1
gene  1 7 13 1.2952547139113004 0 174.0 1.2952547139113004 1
gene  1 11 13 -3.216478744251101 0 178.0 -3.216478744251101 1
gene  1 13 13 -2.3065081214836067 1 180.0 -2.3065081214836067 1
gene  1 2 14 -4.910175728540722 0 183.0 -4.910175728540722 1
gene  1 3 14 -5.896716970152196 0 184.0 -5.896716970152196 1
gene  1 4 14 0.7435740172727834 0 185.0 0.7435740172727834 1
gene  1 7 14 2.0577945493720478 0 188.0 2.0577945493720478 1
gene  1 8 14 2.1005426941932526 0 189.0 2.1005426941932526 1
gene  1 10 14 -0.012567751447099262 0 191.0 -0.012567751447099262 1
gene  1 13 14 -0.43796706246120093 0 194.0 -0.43796706246120093 1
gene  1 5 13 2.7002054812073277 0 198.0 2.7002054812073277 1
gene  1 4 9 0.05113628501044243 0 200.0 0.05113628501044243 1
gene  1 8 13 -2.7228711734601383 0 248.0 -2.7228711734601383 1
gene  1 7 10 1.3154150889519467 0 270.0 1.3154150889519467 1
gene  1 9 10 -2.3331480985505935 0 274.0 -2.3331480985505935 1
gene  1 9 13 1.877715481379953 0 288.0 1.877715481379953 1
gene  1 5 14 -3.4783725747115906 0 328.0 -3.4783725747115906 1
gene  1 2 10 -0.5361856317509017 0 357.0 -0.5361856317509017 1
genomeend 5
genomestart  6
trait 1 0.5881716647646825 0.21357948226159307 1.8564835101802153 0.8861824623786819 0.0 1.3132693424315245 1.6423806715703035 0.004307252023895924 
node 1 1 1 1
node 2 1 1 1
node 3 1 1 1
node 4 1 1 1
node 5 1 1 1
node 6 1 1 1
node 7 1 1 3
node 8 1 0 0
node 9 1 0 0
node 10 1 0 0
node 11 1 0 0
node 13 1 0 2
node 14 1 0 2
gene  1 2 8 -1.1901236299792466 0 99.0 -1.1901236299792466 1
gene  1 6 8 7.495326972747755 0 103.0 7.495326972747755 1
gene  1 8 8 3.4461723320471274 1 105.0 3.4461723320471274 1
gene  1 9 8 -4.057803565658854 1 106.0 -4.057803565658854 1
gene  1 10 8 -10.952122718925654 1 107.0 -10.952122718925654 1
gene  1 11 8 2.8563937045049754 1 108.0 2.8563937045049754 1
gene  1 13 8 -2.8373288855831564 1 110.0 -2.8373288855831564 1
gene  1 14 8 -5.5732065980130026 1 111.0 -5.5732065980130026 1
gene  1 1 9 -0.7528831972999304 0 112.0 -0.7528831972999304 1
gene  1 2 9 -3.9565977398575347 0 113.0 -3.9565977398575347 1
gene  1 3 9 0.4329544378972472 0 114.0 0.4329544378972472 1
gene  1 6 9 -2.420459091333333 0 117.0 -2.420459091333333 1
gene  1 7 9 -2.1642811773954507 0 118.0 -2.1642811773954507 1
gene  1 8 9 5.150042920534314 0 119.0 5.150042920534314 1
gene  1 9 9 0.022971685976641565 1 120.0 0.022971685976641565 1
gene  1 11 9 -6.472908821011734 1 122.0 -6.472908821011734 1
gene  1 13 9 3.242429137037113 1 124.0 3.242429137037113 1
gene  1 14 9 3.494719471128467 1 125.0 3.494719471128467 1
gene  1 1 10 -1.2821463485066458 0 126.0 -1.2821463485066458 1
gene  1 3 10 -2.5585566517899747 0 128.0 -2.5585566517899747 1
gene  1 4 10 -2.4556419588034393 0 129.0 -2.4556419588034393 1
gene  1 5 10 -2.180047716973272 0 130.0 -2.180047716973272 1
gene  1 6 10 -5.11144740487684 0 131.0 -5.11144740487684 1
gene  1 10 10 2.1814487526621567 1 135.0 2.1814487526621567 1
gene  1 11 10 0.9248770782603069 1 136.0 0.9248770782603069 1
gene  1 14 10 -4.953592793621067 1 139.0 -4.953592793621067 1
gene  1 1 11 -4.91337639985876 0 140.0 -4.91337639985876 1
gene  1 3 11 0.24953607916860854 0 142.0 0.24953607916860854 1
gene  1 5 11 -11.15642758858672 0 144.0 -11.15642758858672 1
gene  1 6 11 -3.327521861169797 0 145.0 -3.327521861169797 1
gene  1 7 11 -1.667895951770661 0 146.0 -1.667895951770661 1
gene  1 8 11 7.109561288406324 0 147.0 7.109561288406324 1
gene  1 9 11 -1.5957529542280207 0 148.0 -1.5957529542280207 1
gene  1 10 11 2.5740228154762352 0 149.0 2.5740228154762352 1
gene  1 11 11 -9.646877387779837 1 150.0 -9.646877387779837 1
gene  1 1 13 1.2253545358255786 0 168.0 1.2253545358255786 1
gene  1 2 13 6.192119023830073 0 169.0 6.192119023830073 1
gene  1 3 13 -2.5021121236932258 0 170.0 -2.5021121236932258 1
gene  1 7 13 -1.2460716201487616 0 174.0 -1.2460716201487616 1
gene  1 11 13 -0.982463843526306 0 178.0 -0.982463843526306 1
gene  1 13 13 -6.950584568875703 1 180.0 -6.950584568875703 1
gene  1 2 14 -1.321303321010686 0 183.0 -1.321303321010686 1
gene  1 3 14 -4.396026702391498 0 184.0 -4.396026702391498 1
gene  1 4 14 -2.3235798912643686 0 185.0 -2.3235798912643686 1
gene  1 7 14 2.6669482024983506 0 188.0 2.6669482024983506 1
gene  1 8 14 -2.4326487741908984 0 189.0 -2.4326487741908984 1
gene  1 10 14 1.4624581278500959 0 191.0 1.4624581278500959 1
gene  1 13 14 0.36018382950218836 0 194.0 0.36018382950218836 1
gene  1 5 13 3.775178678814252 0 198.0 3.775178678814252 1
gene  1 4 9 0.2637497243077927 0 200.0 0.2637497243077927 1
gene  1 8 13 -1.9146091067264126 0 248.0 -1.9146091067264126 1
gene  1 7 10 -3.967834806523283 0 270.0 -3.967834806523283 1
gene  1 9 10 0.01643160235859481 0 274.0 0.01643160235859481 1
gene  1 9 13 1.0716873400003712 0 288.0 1.0716873400003712 1
gene  1 5 14 -2.9644811901571355 0 328.0 -2.9644811901571355 1
gene  1 2 10 -0.6885913821687689 0 357.0 -0.6885913821687689 1
genomeend 6
genomestart  7
trait 1 0.7748407867188624 0.0 0.0 0.0 1.7799059348361965 1.021634367088284 0.7227535952013976 0.03711240661335824 
node 1 1 1 1
node 2 1 1 1
node 3 1 1 1
node 4 1 1 1
node 5 1 1 1
node 6 1 1 1
node 7 1 1 3
node 8 1 0 0
node 13 1 0 2
node 14 1 0 2
node 16 1 0 0
node 20 1 0 0
node 50 1 0 0
gene  1 1 8 -7.133811785397795 0 98.0 -7.133811785397795 1
gene  1 2 8 -1.765091315874752 0 99.0 -1.765091315874752 1
gene  1 3 8 0.7965210382649277 0 100.0 0.7965210382649277 1
gene  1 4 8 -3.5694189454180356 0 101.0 -3.5694189454180356 1
gene  1 5 8 -0.5455160004871547 0 102.0 -0.5455160004871547 1
gene  1 6 8 -1.6921967038118946 0 103.0 -1.6921967038118946 1
gene  1 8 8 -9.56683066106779 1 105.0 -9.56683066106779 1
gene  1 13 8 -9.64157427731158 1 110.0 -9.64157427731158 1
gene  1 14 8 -6.803865034207895 1 111.0 -6.803865034207895 1
gene  1 3 13 -2.522214686792808 0 170.0 -2.522214686792808 1
gene  1 5 13 -7.2493163420217615 0 172.0 -7.2493163420217615 1
gene  1 7 13 -4.040620187121515 0 174.0 -4.040620187121515 1
gene  1 13 13 0.7777900356386604 1 180.0 0.7777900356386604 1
gene  1 2 14 1.5194080443910647 0 183.0 1.5194080443910647 1
gene  1 4 14 4.4278549510906755 0 185.0 4.4278549510906755 1
gene  1 6 14 -9.208231394611989 0 187.0 -9.208231394611989 1
gene  1 8 14 2.4489891322043307 0 189.0 2.4489891322043307 1
gene  1 13 14 -13.337988471302259 0 194.0 -13.337988471302259 1
gene  1 13 16 6.24356626515773 0 201.0 6.24356626515773 1
gene  1 16 14 6.939954285817289 0 202.0 6.939954285817289 0
gene  1 3 20 1.0695040948119374 0 215.0 1.0695040948119374 1
gene  1 20 8 0.47757949720180104 0 216.0 0.47757949720180104 1
gene  1 8 13 -0.28604743685241574 0 233.0 -0.28604743685241574 1
gene  1 2 16 -1.5780002418649564 0 324.0 -1.5780002418649564 1
gene  1 2 20 0.8716559336977778 0 333.0 0.8716559336977778 1
gene  1 7 8 -1.6429222605250382 0 352.0 -1.6429222605250382 1
gene  1 16 50 -0.7710588539567951 0 364.0 -0.7710588539567951 1
gene  1 50 14 4.227186815567544 0 365.0 4.227186815567544 1
genomeend 7
genomestart  8
trait 1 0.7748407867188624 0.0 0.0 0.0 1.7799059348361965 1.021634367088284 0.7227535952013976 0.03711240661335824 
node 1 1 1 1
node 2 1 1 1
node 3 1 1 1
node 4 1 1 1
node 5 1 1 1
node 6 1 1 1
node 7 1 1 3
node 8 1 0 0
node 13 1 0 2
node 14 1 0 2
node 16 1 0 0
node 20 1 0 0
node 50 1 0 0
gene  1 1 8 -5.866112852091646 0 98.0 -5.866112852091646 1
gene  1 2 8 -1.865219171835401 0 99.0 -1.865219171835401 1
gene  1 3 8 4.546878853234086 0 100.0 4.546878853234086 1
gene  1 4 8 -4.0951504858683085 0 101.0 -4.0951504858683085 1
gene  1 5 8 -1.1652118888761385 0 102.0 -1.1652118888761385 1
gene  1 6 8 -11.351945897371873 0 103.0 -11.351945897371873 1
gene  1 8 8 -8.825629446759745 1 105.0 -8.825629446759745 1
gene  1 13 8 -8.035205576274945 1 110.0 -8.035205576274945 1
gene  1 14 8 -7.040476904684266 1 111.0 -7.040476904684266 1
gene  1 3 13 -0.8934059083473538 0 170.0 -0.8934059083473538 1
gene  1 5 13 -6.468277840035501 0 172.0 -6.468277840035501 1
gene  1 7 13 -7.259940800552351 0 174.0 -7.259940800552351 1
gene  1 13 13 1.6982146453781608 1 180.0 1.6982146453781608 1
gene  1 2 14 3.9591426965834557 0 183.0 3.9591426965834557 1
gene  1 4 14 3.7871109580863465 0 185.0 3.7871109580863465 1
gene  1 6 14 -10.982578017000916 0 187.0 -10.982578017000916 1
gene  1 8 14 2.11473592978652 0 189.0 2.11473592978652 1
gene  1 13 14 -12.824727506879768 0 194.0 -12.824727506879768 1
gene  1 13 16 8.632541135044601 0 201.0 8.632541135044601 1
gene  1 16 14 6.365434796049501 0 202.0 6.365434796049501 0
gene  1 3 20 5.51387203455401 0 215.0 5.51387203455401 1
gene  1 20 8 -1.4599371930770968 0 216.0 -1.4599371930770968 1
gene  1 8 13 2.392391420967466 0 233.0 2.392391420967466 1
gene  1 2 16 1.490395928980556 0 324.0 1.490395928980556 1
gene  1 2 20 0.1259717349116829 0 333.0 0.1259717349116829 1
gene  1 7 8 2.352154580701815 0 352.0 2.352154580701815 1
gene  1 16 50 1.0 0 364.0 1.0 1
gene  1 50 14 5.548500268903193 0 365.0 5.548500268903193 1
genomeend 8
genomestart  9
trait 1 0.0 0.6717991789792671 0.687885284225863 0.76527084396768 0.20246234890771164 0.0 0.0 0.6764016660929384 
node 1 1 1 1
node 2 1 1 1
node 3 1 1 1
node 4 1 1 1
node 5 1 1 1
node 6 1 1 1
node 7 1 1 3
node 8 1 0 0
node 9 1 0 0
node 10 1 0 0
node 13 1 0 2
node 14 1 0 2
node 21 1 0 0
node 29 1 0 0
node 52 1 0 0
node 53 1 0 0
gene  1 1 8 -0.2777835657980856 0 98.0 -0.2777835657980856 1
gene  1 3 8 -5.654894151762889 0 100.0 -5.654894151762889 1
gene  1 5 8 2.2148820405517124 0 102.0 2.2148820405517124 1
gene  1 6 8 -5.390820285428619 0 103.0 -5.390820285428619 1
gene  1 8 8 -0.004610365182514231 1 105.0 -0.004610365182514231 1
gene  1 1 9 -3.2287644585814723 0 112.0 -3.2287644585814723 1
gene  1 2 9 14.706617252708067 0 113.0 14.706617252708067 1
gene  1 3 9 3.73571916013202 0 114.0 3.73571916013202 1
gene  1 5 9 0.8544522002938106 0 116.0 0.8544522002938106 1
gene  1 7 9 1.0736630041417277 0 118.0 1.0736630041417277 1
gene  1 9 9 -3.0117344903381458 1 120.0 -3.0117344903381458 1
gene  1 10 9 1.7286434124990921 1 121.0 1.7286434124990921 1
gene  1 13 9 1.8151017418599895 1 124.0 1.8151017418599895 1
gene  1 2 10 4.4107408190103214 0 127.0 4.4107408190103214 1
gene  1 4 10 -3.9572033678363177 0 129.0 -3.9572033678363177 1
gene  1 5 10 -1.924893335384565 0 130.0 -1.924893335384565 1
gene  1 8 10 -4.550407031940361 0 133.0 -4.550407031940361 1
gene  1 9 10 2.3194978076185166 0 134.0 2.3194978076185166 1
gene  1 10 10 -2.052903292254606 1 135.0 -2.052903292254606 1
gene  1 13 10 -0.003989785633187859 1 138.0 -0.003989785633187859 1
gene  1 14 10 0.4796541533652994 1 139.0 0.4796541533652994 1
gene  1 2 13 1.6749629396269134 0 169.0 1.6749629396269134 1
gene  1 3 13 -1.5351441554879768 0 170.0 -1.5351441554879768 1
gene  1 6 13 -5.073331529375563 0 173.0 -5.073331529375563 1
gene  1 7 13 1.762603880430099 0 174.0 1.762603880430099 1
gene  1 9 13 -5.800666388557554 0 176.0 -5.800666388557554 1
gene  1 13 13 -7.4919968752866355 1 180.0 -7.4919968752866355 1
gene  1 14 13 -5.637523851703563 1 181.0 -5.637523851703563 1
gene  1 1 14 4.0017344016248435 0 182.0 4.0017344016248435 1
gene  1 3 14 -4.86403958865043 0 184.0 -4.86403958865043 1
gene  1 9 14 -2.4370373441592688 0 190.0 -2.4370373441592688 0
gene  1 10 14 -3.98007610728075 0 191.0 -3.98007610728075 1
gene  1 1 21 0.6916260928502587 0 218.0 0.6916260928502587 0
gene  1 21 8 -2.101417266259635 0 219.0 -2.101417266259635 1
gene  1 3 10 2.824477154648074 0 223.0 2.824477154648074 1
gene  1 6 29 1.2473549774515786 0 259.0 1.2473549774515786 1
gene  1 29 8 -1.3949038855927873 0 260.0 -1.3949038855927873 1
gene  1 29 21 2.156127412985729 0 271.0 2.156127412985729 1
gene  1 3 21 -2.7948100596863905 0 300.0 -2.7948100596863905 1
gene  1 9 52 0.6844413231733117 0 368.0 0.6844413231733117 1
gene  1 52 14 -0.8648067260497958 0 369.0 -0.8648067260497958 1
gene  1 1 53 1.0 0 372.0 0.0 1
gene  1 53 21 0.6916260928502587 0 373.0 0.0 1
genomeend 9
genomestart  10
trait 1 0.0 0.6717991789792671 0.687885284225863 0.76527084396768 0.20246234890771164 0.0 0.0 0.6764016660929384 
node 1 1 1 1
node 2 1 1 1
node 3 1 1 1
node 4 1 1 1
node 5 1 1 1
node 6 1 1 1
node 7 1 1 3
node 8 1 0 0
node 9 1 0 0
node 10 1 0 0
node 13 1 0 2
node 14 1 0 2
node 21 1 0 0
node 29 1 0 0
node 52 1 0 0
gene  1 1 8 -2.279335255775521 0 98.0 -2.279335255775521 1
gene  1 3 8 -2.494570480916296 0 100.0 -2.494570480916296 1
gene  1 5 8 -0.5334418369868086 0 102.0 -0.5334418369868086 1
gene  1 6 8 -4.658012869838649 0 103.0 -4.658012869838649 1
gene  1 8 8 1.6092381981676003 1 105.0 1.6092381981676003 1
gene  1 1 9 -5.091125168119563 0 112.0 -5.091125168119563 1
gene  1 2 9 1.5481506509274632 0 113.0 1.5481506509274632 1
gene  1 3 9 2.9414665038691368 0 114.0 2.9414665038691368 1
gene  1 5 9 -0.6738461690394129 0 116.0 -0.6738461690394129 1
gene  1 7 9 2.0790505528265357 0 118.0 2.0790505528265357 1
gene  1 9 9 -3.851966521809348 1 120.0 -3.851966521809348 1
gene  1 10 9 1.7286434124990921 1 121.0 1.7286434124990921 1
gene  1 13 9 1.5194933500132184 1 124.0 1.5194933500132184 1
gene  1 2 10 -1.4660963439805554 0 127.0 -1.4660963439805554 1
gene  1 4 10 -2.6347988665174578 0 129.0 -2.6347988665174578 1
gene  1 5 10 -4.119871761333455 0 130.0 -4.119871761333455 1
gene  1 8 10 -2.7277564529884644 0 133.0 -2.7277564529884644 1
gene  1 9 10 2.995369375908602 0 134.0 2.995369375908602 1
gene  1 10 10 -3.310038299590213 1 135.0 -3.310038299590213 1
gene  1 13 10 -0.003989785633187859 1 138.0 -0.003989785633187859 1
gene  1 14 10 2.4007259090708786 1 139.0 2.4007259090708786 1
gene  1 2 13 1.947513773050013 0 169.0 1.947513773050013 1
gene  1 3 13 -0.6631837152214155 0 170.0 -0.6631837152214155 1
gene  1 6 13 2.3049205657161744 0 173.0 2.3049205657161744 1
gene  1 7 13 3.289448153780942 0 174.0 3.289448153780942 1
gene  1 9 13 -4.105430817387062 0 176.0 -4.105430817387062 1
gene  1 13 13 -6.88790242143158 1 180.0 -6.88790242143158 1
gene  1 14 13 -7.681364733500919 1 181.0 -7.681364733500919 1
gene  1 1 14 5.815266895100755 0 182.0 5.815266895100755 1
gene  1 3 14 -3.157230597803874 0 184.0 -3.157230597803874 1
gene  1 9 14 -3.943893535502104 0 190.0 -3.943893535502104 0
gene  1 10 14 -3.2995937792832994 0 191.0 -3.2995937792832994 1
gene  1 1 21 0.6916260928502587 0 218.0 0.6916260928502587 1
gene  1 21 8 -1.5293197364018383 0 219.0 -1.5293197364018383 1
gene  1 3 10 1.6731825512937937 0 223.0 1.6731825512937937 1
gene  1 6 29 -0.6369303284416246 0 259.0 -0.6369303284416246 1
gene  1 29 8 -2.223943789539404 0 260.0 -2.223943789539404 1
gene  1 29 21 2.192405565163064 0 271.0 2.192405565163064 1
gene  1 3 21 -3.3366764618026816 0 300.0 -3.3366764618026816 1
gene  1 9 52 -0.1148298216678243 0 368.0 -0.1148298216678243 1
gene  1 52 14 -0.8648067260497958 0 369.0 -0.8648067260497958 1
genomeend 10
genomestart  11
trait 1 0.0 0.6717991789792671 0.687885284225863 0.76527084396768 0.20246234890771164 0.0 0.0 0.6764016660929384 
node 1 1 1 1
node 2 1 1 1
node 3 1 1 1
node 4 1 1 1
node 5 1 1 1
node 6 1 1 1
node 7 1 1 3
node 8 1 0 0
node 9 1 0 0
node 10 1 0 0
node 13 1 0 2
node 14 1 0 2
node 21 1 0 0
node 29 1 0 0
node 52 1 0 0
gene  1 1 8 -0.2777835657980856 0 98.0 -0.2777835657980856 1
gene  1 3 8 -5.654894151762889 0 100.0 -5.654894151762889 1
gene  1 5 8 2.2148820405517124 0 102.0 2.2148820405517124 1
gene  1 6 8 -5.390820285428619 0 103.0 -5.390820285428619 1
gene  1 8 8 -0.004610365182514231 1 105.0 -0.004610365182514231 1
gene  1 1 9 -3.2287644585814723 0 112.0 -3.2287644585814723 1
gene  1 2 9 14.706617252708067 0 113.0 14.706617252708067 1
gene  1 3 9 3.73571916013202 0 114.0 3.73571916013202 1
gene  1 5 9 0.8544522002938106 0 116.0 0.8544522002938106 1
gene  1 7 9 1.0736630041417277 0 118.0 1.0736630041417277 1
gene  1 9 9 -3.0117344903381458 1 120.0 -3.0117344903381458 1
gene  1 10 9 1.7286434124990921 1 121.0 1.7286434124990921 1
gene  1 13 9 1.8151017418599895 1 124.0 1.8151017418599895 1
gene  1 2 10 4.4107408190103214 0 127.0 4.4107408190103214 1
gene  1 4 10 -3.9572033678363177 0 129.0 -3.9572033678363177 1
gene  1 5 10 -1.924893335384565 0 130.0 -1.924893335384565 1
gene  1 8 10 -4.550407031940361 0 133.0 -4.550407031940361 1
gene  1 9 10 2.3194978076185166 0 134.0 2.3194978076185166 1
gene  1 10 10 -2.052903292254606 1 135.0 -2.052903292254606 1
gene  1 13 10 -0.003989785633187859 1 138.0 -0.003989785633187859 1
gene  1 14 10 0.4796541533652994 1 139.0 0.4796541533652994 1
gene  1 2 13 1.6749629396269134 0 169.0 1.6749629396269134 1
gene  1 3 13 -1.5351441554879768 0 170.0 -1.5351441554879768 1
gene  1 6 13 -5.073331529375563 0 173.0 -5.073331529375563 1
gene  1 7 13 1.762603880430099 0 174.0 1.762603880430099 1
gene  1 9 13 -5.800666388557554 0 176.0 -5.800666388557554 1
gene  1 13 13 -7.4919968752866355 1 180.0 -7.4919968752866355 1
gene  1 14 13 -5.637523851703563 1 181.0 -5.637523851703563 1
gene  1 1 14 4.0017344016248435 0 182.0 4.0017344016248435 1
gene  1 3 14 -4.86403958865043 0 184.0 -4.86403958865043 1
gene  1 9 14 -2.4370373441592688 0 190.0 -2.4370373441592688 0
gene  1 10 14 -3.98007610728075 0 191.0 -3.98007610728075 1
gene  1 1 21 0.6916260928502587 0 218.0 0.6916260928502587 1
gene  1 21 8 -2.101417266259635 0 219.0 -2.101417266259635 1
gene  1 3 10 2.824477154648074 0 223.0 2.824477154648074 1
gene  1 6 29 1.2473549774515786 0 259.0 1.2473549774515786 1
gene  1 29 8 -1.3949038855927873 0 260.0 -1.3949038855927873 1
gene  1 29 21 2.156127412985729 0 271.0 2.156127412985729 1
gene  1 3 21 -2.7948100596863905 0 300.0 -2.7948100596863905 1
gene  1 9 52 0.6844413231733117 0 368.0 0.6844413231733117 1
gene  1 52 14 -0.8648067260497958 0 369.0 -0.8648067260497958 1
genomeend 11
genomestart  12
trait 1 1.6794933164865213 0.8431431947056619 0.7304569130525695 0.24340368269336865 0.0 1.7239330509845825 0.0 0.202707552007791 
node 1 1 1 1
node 2 1 1 1
node 3 1 1 1
node 4 1 1 1
node 5 1 1 1
node 6 1 1 1
node 7 1 1 3
node 13 1 0 2
node 14 1 0 2
node 42 1 0 0
gene  1 1 13 -1.2466270784315299 0 168.0 -1.2466270784315299 1
gene  1 2 13 -3.862857161056552 0 169.0 -3.862857161056552 1
gene  1 3 13 2.4992371172038848 0 170.0 2.4992371172038848 1
gene  1 4 13 2.722514349619251 0 171.0 2.722514349619251 1
gene  1 5 13 -2.134600477389 0 172.0 -2.134600477389 1
gene  1 6 13 0.3223167479430975 0 173.0 0.3223167479430975 1
gene  1 7 13 -1.9808486927396032 0 174.0 -1.9808486927396032 1
gene  1 14 13 1.422462467586349 1 181.0 1.422462467586349 1
gene  1 1 14 2.345591754419759 0 182.0 2.345591754419759 1
gene  1 2 14 6.3094463227250435 0 183.0 6.3094463227250435 1
gene  1 3 14 -1.1089762916987358 0 184.0 -1.1089762916987358 1
gene  1 13 14 1.360589162509405 0 194.0 1.360589162509405 1
gene  1 14 14 -5.040137382564343 1 195.0 -5.040137382564343 1
gene  1 6 14 -1.6268630934767643 0 230.0 -1.6268630934767643 1
gene  1 4 14 -1.2567790355457782 0 312.0 -1.2567790355457782 1
gene  1 2 42 -6.218385588865685 0 320.0 -6.218385588865685 1
gene  1 42 13 2.61665480098765 0 321.0 2.61665480098765 1
gene  1 6 42 -0.7063721893559891 0 349.0 -0.7063721893559891 1
gene  1 7 14 4.610529470772796 0 353.0 4.610529470772796 1
genomeend 12
genomestart  13
trait 1 1.6794933164865213 0.8431431947056619 0.7304569130525695 0.6056049602996888 0.0 1.7695110884629002 0.0 1.1915115139142118 
node 1 1 1 1
node 2 1 1 1
node 3 1 1 1
node 4 1 1 1
node 5 1 1 1
node 6 1 1 1
node 7 1 1 3
node 13 1 0 2
node 14 1 0 2
node 42 1 0 0
gene  1 1 13 -3.423377991852469 0 168.0 -3.423377991852469 1
gene  1 2 13 -3.6368110153454403 0 169.0 -3.6368110153454403 1
gene  1 3 13 1.7173013854002046 0 170.0 1.7173013854002046 1
gene  1 4 13 3.0472531049276164 0 171.0 3.0472531049276164 1
gene  1 5 13 3.2647713778855887 0 172.0 3.2647713778855887 1
gene  1 6 13 4.35220364704556 0 173.0 4.35220364704556 1
gene  1 7 13 -3.681527656687841 0 174.0 -3.681527656687841 1
gene  1 14 13 6.107437430855019 1 181.0 6.107437430855019 1
gene  1 1 14 -5.7273290390539575 0 182.0 -5.7273290390539575 1
gene  1 2 14 2.2181578267294073 0 183.0 2.2181578267294073 1
gene  1 3 14 2.1314601442982264 0 184.0 2.1314601442982264 1
gene  1 13 14 -1.0218197682928618 0 194.0 -1.0218197682928618 1
gene  1 14 14 -7.069877457522635 1 195.0 -7.069877457522635 1
gene  1 6 14 2.2685272767800995 0 230.0 2.2685272767800995 1
gene  1 4 14 -2.0893707364509817 0 312.0 -2.0893707364509817 1
gene  1 2 42 -5.963679298735357 0 320.0 -5.963679298735357 1
gene  1 42 13 4.046483559562644 0 321.0 4.046483559562644 1
gene  1 6 42 -8.97740634773763 0 349.0 -8.97740634773763 1
gene  1 7 14 -2.36623536031003 0 353.0 -2.36623536031003 1
genomeend 13
genomestart  14
trait 1 0.7543954501876767 0.0 0.0 0.0 0.0 0.7506659743992431 0.6528869165846171 0.760618498603839 
node 1 1 1 1
node 2 1 1 1
node 3 1 1 1
node 4 1 1 1
node 5 1 1 1
node 6 1 1 1
node 7 1 1 3
node 8 1 0 0
node 13 1 0 2
node 14 1 0 2
node 49 1 0 0
gene  1 4 8 1.331883155781678 0 101.0 1.331883155781678 1
gene  1 5 8 -8.146944525151195 0 102.0 -8.146944525151195 1
gene  1 6 8 -9.839418395739262 0 103.0 -9.839418395739262 1
gene  1 14 8 -2.7694884692990476 1 111.0 -2.7694884692990476 1
gene  1 1 13 1.8902828557341915 0 168.0 1.8902828557341915 1
gene  1 2 13 -1.9388871914107757 0 169.0 -1.9388871914107757 1
gene  1 3 13 1.4419694314192149 0 170.0 1.4419694314192149 1
gene  1 5 13 -2.6414001962273037 0 172.0 -2.6414001962273037 1
gene  1 7 13 -3.637123878084567 0 174.0 -3.637123878084567 1
gene  1 14 13 2.880881341716575 1 181.0 2.880881341716575 1
gene  1 1 14 3.2112840666509457 0 182.0 3.2112840666509457 1
gene  1 2 14 0.3081382189161924 0 183.0 0.3081382189161924 0
gene  1 3 14 4.044465571103894 0 184.0 4.044465571103894 1
gene  1 4 14 1.3184486962180841 0 185.0 1.3184486962180841 1
gene  1 8 14 1.8123650802970295 0 189.0 1.8123650802970295 1
gene  1 14 14 -1.5278998817094012 1 195.0 -1.5278998817094012 1
gene  1 6 14 10.373437670109107 0 240.0 10.373437670109107 1
gene  1 8 13 -1.882373419309293 0 311.0 -1.882373419309293 1
gene  1 14 13 1.586893745549199 0 322.0 1.586893745549199 1
gene  1 2 49 0.43503126039512674 0 362.0 0.43503126039512674 1
gene  1 49 14 5.146475027005538 0 363.0 5.146475027005538 1
genomeend 14
genomestart  15
trait 1 1.4093522203180622 0.21400776506580588 0.04817442964313401 0.0 0.0 0.31288740349896493 0.0 0.760618498603839 
node 1 1 1 1
node 2 1 1 1
node 3 1 1 1
node 4 1 1 1
node 5 1 1 1
node 6 1 1 1
node 7 1 1 3
node 8 1 0 0
node 13 1 0 2
node 14 1 0 2
node 49 1 0 0
gene  1 4 8 -2.4391381900909406 0 101.0 -2.4391381900909406 1
gene  1 5 8 -7.848579801674723 0 102.0 -7.848579801674723 1
gene  1 6 8 -10.478924239914182 0 103.0 -10.478924239914182 1
gene  1 14 8 -1.5078346384616317 1 111.0 -1.5078346384616317 1
gene  1 1 13 2.2577607796792627 0 168.0 2.2577607796792627 1
gene  1 2 13 0.46047441852922844 0 169.0 0.46047441852922844 1
gene  1 3 13 -2.3290315105966592 0 170.0 -2.3290315105966592 1
gene  1 5 13 -3.0105409016560514 0 172.0 -3.0105409016560514 1
gene  1 7 13 -6.147304727273198 0 174.0 -6.147304727273198 1
gene  1 14 13 1.3785821322850225 1 181.0 1.3785821322850225 1
gene  1 1 14 -0.048822987160265896 0 182.0 -0.048822987160265896 1
gene  1 2 14 -1.7364826736398395 0 183.0 -1.7364826736398395 0
gene  1 3 14 6.449804699245533 0 184.0 6.449804699245533 1
gene  1 4 14 0.5507355643891514 0 185.0 0.5507355643891514 1
gene  1 8 14 -2.607483390452051 0 189.0 -2.607483390452051 1
gene  1 14 14 -1.7130481176751104 1 195.0 -1.7130481176751104 1
gene  1 6 14 11.150729892479067 0 240.0 11.150729892479067 1
gene  1 8 13 -2.5246269968970934 0 311.0 -2.5246269968970934 1
gene  1 14 13 0.0673085832713341 0 322.0 0.0673085832713341 1
gene  1 2 49 -1.4104572823435757 0 362.0 -1.4104572823435757 1
gene  1 49 14 2.653383798880279 0 363.0 2.653383798880279 1
genomeend 15
genomestart  16
trait 1 0.7543954501876767 0.0 0.0 0.0 0.0 0.7506659743992431 0.6528869165846171 0.760618498603839 
node 1 1 1 1
node 2 1 1 1
node 3 1 1 1
node 4 1 1 1
node 5 1 1 1
node 6 1 1 1
node 7 1 1 3
node 8 1 0 0
node 13 1 0 2
node 14 1 0 2
node 49 1 0 0
gene  1 4 8 -0.9018923314049232 0 101.0 -0.9018923314049232 1
gene  1 5 8 -8.743677778277606 0 102.0 -8.743677778277606 1
gene  1 6 8 -11.853956907368264 0 103.0 -11.853956907368264 1
gene  1 14 8 1.1233313398235687 1 111.0 1.1233313398235687 1
gene  1 1 13 2.0436312163682753 0 168.0 2.0436312163682753 1
gene  1 2 13 0.16135271163696419 0 169.0 0.16135271163696419 1
gene  1 3 13 -1.519228468474475 0 170.0 -1.519228468474475 1
gene  1 5 13 -3.241230450004379 0 172.0 -3.241230450004379 1
gene  1 7 13 -5.397003233047897 0 174.0 -5.397003233047897 1
gene  1 14 13 2.323324103627168 1 181.0 2.323324103627168 1
gene  1 1 14 3.063058792093512 0 182.0 3.063058792093512 1
gene  1 2 14 2.371620626985068 0 183.0 2.371620626985068 0
gene  1 3 14 6.098025020181039 0 184.0 6.098025020181039 1
gene  1 4 14 0.6306816154995649 0 185.0 0.6306816154995649 1
gene  1 8 14 0.45071055100273005 0 189.0 0.45071055100273005 1
gene  1 14 14 -3.131381618354437 1 195.0 -3.131381618354437 1
gene  1 6 14 10.997990112230262 0 240.0 10.997990112230262 1
gene  1 8 13 -2.9692863357658377 0 311.0 -2.9692863357658377 1
gene  1 14 13 0.10720277716819204 0 322.0 0.10720277716819204 1
gene  1 2 49 -1.4104572823435757 0 362.0 -1.4104572823435757 1
gene  1 49 14 1.54271627084407 0 363.0 1.54271627084407 1
genomeend 16
genomestart  17
trait 1 0.8225567813410785 1.2140246672840036 0.7816155317589891 0.49951333318806035 0.760472394127403 0.9742749841765682 0.16709809669901776 0.20144182840303793 
node 1 1 1 1
node 2 1 1 1
node 3 1 1 1
node 4 1 1 1
node 5 1 1 1
node 6 1 1 1
node 7 1 1 3
node 8 1 0 0
node 9 1 0 0
node 10 1 0 0
node 11 1 0 0
node 12 1 0 0
node 13 1 0 2
node 14 1 0 2
node 27 1 0 0
node 34 1 0 0
node 40 1 0 0
node 48 1 0 0
gene  1 1 8 2.30777610336596 0 98.0 2.30777610336596 1
gene  1 3 8 -1.5856422783366841 0 100.0 -1.5856422783366841 0
gene  1 4 8 8.515250413871165 0 101.0 8.515250413871165 1
gene  1 6 8 -5.8173301975768 0 103.0 -5.8173301975768 1
gene  1 8 8 1.0076635406102943 1 105.0 1.0076635406102943 1
gene  1 10 8 -9.772364776112719 1 107.0 -9.772364776112719 1
gene  1 3 9 8.548635608957905 0 114.0 8.548635608957905 1
gene  1 6 9 5.1340094983935565 0 117.0 5.1340094983935565 1
gene  1 8 9 2.072237365161852 0 119.0 2.072237365161852 1
gene  1 10 9 6.374345949613455 1 121.0 6.374345949613455 1
gene  1 11 9 2.0453342651915736 1 122.0 2.0453342651915736 1
gene  1 13 9 0.4732613180577381 1 124.0 0.4732613180577381 1
gene  1 14 9 -4.580375386731523 1 125.0 -4.580375386731523 1
gene  1 1 10 -5.088481364489784 0 126.0 -5.088481364489784 1
gene  1 3 10 1.4735778530523675 0 128.0 1.4735778530523675 1
gene  1 4 10 -4.8805829167341415 0 129.0 -4.8805829167341415 1
gene  1 5 10 2.5244199417055255 0 130.0 2.5244199417055255 1
gene  1 9 10 3.236610027505054 0 134.0 3.236610027505054 1
gene  1 13 10 7.449463466943995 1 138.0 7.449463466943995 1
gene  1 1 11 0.2085869803845224 0 140.0 0.2085869803845224 1
gene  1 3 11 -3.899791525424026 0 142.0 -3.899791525424026 1
gene  1 5 11 9.08613333759072 0 144.0 9.08613333759072 1
gene  1 9 11 1.0116099088130066 0 148.0 1.0116099088130066 1
gene  1 10 11 -7.625640948713771 0 149.0 -7.625640948713771 1
gene  1 12 11 -14.347953686145386 1 151.0 -14.347953686145386 1
gene  1 14 11 -3.162386891249591 1 153.0 -3.162386891249591 1
gene  1 2 12 -3.2591184489385365 0 155.0 -3.2591184489385365 1
gene  1 4 12 -3.596933969076694 0 157.0 -3.596933969076694 1
gene  1 6 12 6.56995241207367 0 159.0 6.56995241207367 1
gene  1 7 12 -2.5820658693149756 0 160.0 -2.5820658693149756 1
gene  1 9 12 -5.41812974056308 0 162.0 -5.41812974056308 1
gene  1 10 12 -2.2095189690580526 0 163.0 -2.2095189690580526 1
gene  1 12 12 -0.8633022139789654 1 165.0 -0.8633022139789654 1
gene  1 14 12 -5.254836237909343 1 167.0 -5.254836237909343 1
gene  1 1 13 -8.005732150240314 0 168.0 -8.005732150240314 1
gene  1 3 13 -5.644172892568358 0 170.0 -5.644172892568358 1
gene  1 4 13 -7.653553135108404 0 171.0 -7.653553135108404 1
gene  1 6 13 11.19266536938562 0 173.0 11.19266536938562 1
gene  1 8 13 3.268591391852051 0 175.0 3.268591391852051 1
gene  1 9 13 -4.479391750133126 0 176.0 -4.479391750133126 1
gene  1 8 14 0.13309977187850558 0 189.0 0.13309977187850558 1
gene  1 11 14 4.20651956186933 0 192.0 4.20651956186933 1
gene  1 5 8 -3.9733523156617814 0 235.0 -3.9733523156617814 1
gene  1 1 27 -2.7145794094911873 0 241.0 -2.7145794094911873 1
gene  1 27 8 1.3534795890750755 0 242.0 1.3534795890750755 1
gene  1 9 34 -1.6271735460942545 0 272.0 -1.6271735460942545 1
gene  1 34 11 0.6879894625271197 0 273.0 0.6879894625271197 1
gene  1 5 13 1.067814448768111 0 277.0 1.067814448768111 1
gene  1 12 14 -1.0869222064960544 0 296.0 -1.0869222064960544 1
gene  1 8 40 -2.7119367289445964 1 308.0 -2.7119367289445964 1
gene  1 40 8 1.6782356157321023 0 309.0 1.6782356157321023 1
gene  1 10 14 0.21851441205015143 0 341.0 0.21851441205015143 1
gene  1 3 48 -0.7555249231636318 0 360.0 -0.7555249231636318 1
gene  1 48 8 2.781855052781977 0 361.0 2.781855052781977 1
genomeend 17
genomestart  18
trait 1 0.8225567813410785 1.2140246672840036 0.7816155317589891 0.49951333318806035 0.760472394127403 0.9742749841765682 0.16709809669901776 0.20144182840303793 
node 1 1 1 1
node 2 1 1 1
node 3 1 1 1
node 4 1 1 1
node 5 1 1 1
node 6 1 1 1
node 7 1 1 3
node 8 1 0 0
node 9 1 0 0
node 10 1 0 0
node 11 1 0 0
node 12 1 0 0
node 13 1 0 2
node 14 1 0 2
node 27 1 0 0
node 34 1 0 0
node 40 1 0 0
node 48 1 0 0
gene  1 1 8 3.8378521136977497 0 98.0 3.8378521136977497 1
gene  1 3 8 -1.313619116959628 0 100.0 -1.313619116959628 0
gene  1 4 8 8.29155618771582 0 101.0 8.29155618771582 1
gene  1 6 8 -6.198484112676131 0 103.0 -6.198484112676131 1
gene  1 8 8 4.921256274275983 1 105.0 4.921256274275983 1
gene  1 10 8 -7.883098913543673 1 107.0 -7.883098913543673 1
gene  1 3 9 6.783998661430474 0 114.0 6.783998661430474 1
gene  1 6 9 -0.2848023894714066 0 117.0 -0.2848023894714066 1
gene  1 8 9 -2.0423295860456716 0 119.0 -2.0423295860456716 1
gene  1 10 9 3.1660842783474714 1 121.0 3.1660842783474714 1
gene  1 11 9 -0.8899256252457082 1 122.0 -0.8899256252457082 1
gene  1 13 9 0.2268885877806628 1 124.0 0.2268885877806628 1
gene  1 14 9 -2.6741570629642943 1 125.0 -2.6741570629642943 1
gene  1 1 10 -3.8186106467213436 0 126.0 -3.8186106467213436 1
gene  1 3 10 1.4431066723343715 0 128.0 1.4431066723343715 1
gene  1 4 10 -2.807461265251357 0 129.0 -2.807461265251357 1
gene  1 5 10 2.724987820994169 0 130.0 2.724987820994169 1
gene  1 9 10 6.888706453713354 0 134.0 6.888706453713354 1
gene  1 13 10 9.02043591901219 1 138.0 9.02043591901219 1
gene  1 1 11 0.7312272474971293 0 140.0 0.7312272474971293 1
gene  1 3 11 -2.2644547186537496 0 142.0 -2.2644547186537496 1
gene  1 5 11 7.029739910850215 0 144.0 7.029739910850215 1
gene  1 9 11 0.14665232662210803 0 148.0 0.14665232662210803 1
gene  1 10 11 -11.294877854288634 0 149.0 -11.294877854288634 1
gene  1 12 11 1.22453487650193 1 151.0 1.22453487650193 1
gene  1 14 11 -3.551251991056449 1 153.0 -3.551251991056449 1
gene  1 2 12 -2.242027282541339 0 155.0 -2.242027282541339 1
gene  1 4 12 -1.942121522554141 0 157.0 -1.942121522554141 1
gene  1 6 12 7.600177680492214 0 159.0 7.600177680492214 1
gene  1 7 12 -1.5003385080517297 0 160.0 -1.5003385080517297 1
gene  1 9 12 -2.7348571455828514 0 162.0 -2.7348571455828514 1
gene  1 10 12 -2.496952781616538 0 163.0 -2.496952781616538 1
gene  1 12 12 -2.2924166210595054 1 165.0 -2.2924166210595054 1
gene  1 14 12 -4.327042087580709 1 167.0 -4.327042087580709 1
gene  1 1 13 -0.7977378175091763 0 168.0 -0.7977378175091763 1
gene  1 3 13 -1.0210096793234618 0 170.0 -1.0210096793234618 1
gene  1 4 13 -5.468901744802867 0 171.0 -5.468901744802867 1
gene  1 6 13 9.507959207426053 0 173.0 9.507959207426053 1
gene  1 8 13 5.007079938993341 0 175.0 5.007079938993341 1
gene  1 9 13 0.6645588616816476 0 176.0 0.6645588616816476 1
gene  1 8 14 1.8135839626193109 0 189.0 1.8135839626193109 1
gene  1 11 14 7.5592142538473395 0 192.0 7.5592142538473395 1
gene  1 5 8 -5.077362084572947 0 235.0 -5.077362084572947 1
gene  1 1 27 -1.8956655657782426 0 241.0 -1.8956655657782426 1
gene  1 27 8 -3.1745084665734247 0 242.0 -3.1745084665734247 1
gene  1 9 34 -0.42420795273210654 0 272.0 -0.42420795273210654 1
gene  1 34 11 2.0095667182567087 0 273.0 2.0095667182567087 1
gene  1 5 13 -1.1958539774366477 0 277.0 -1.1958539774366477 1
gene  1 12 14 -2.4897337973222573 0 296.0 -2.4897337973222573 1
gene  1 8 40 -2.242686181594095 1 308.0 -2.242686181594095 1
gene  1 40 8 -2.478756232647365 0 309.0 -2.478756232647365 1
gene  1 10 14 1.446547509741662 0 341.0 1.446547509741662 1
gene  1 3 48 -1.009022609088455 0 360.0 -1.009022609088455 1
gene  1 48 8 -0.30999597665091444 0 361.0 -0.30999597665091444 1
genomeend 18
genomestart  19
trait 1 0.8225567813410785 1.5411126662865375 0.7816155317589891 0.2863663834100526 1.1915786816322518 0.35577170951277215 0.16709809669901776 0.13954410265139194 
node 1 1 1 1
node 2 1 1 1
node 3 1 1 1
node 4 1 1 1
node 5 1 1 1
node 6 1 1 1
node 7 1 1 3
node 8 1 0 0
node 9 1 0 0
node 10 1 0 0
node 11 1 0 0
node 12 1 0 0
node 13 1 0 2
node 14 1 0 2
node 27 1 0 0
node 34 1 0 0
node 40 1 0 0
node 48 1 0 0
gene  1 1 8 0.28809874289976745 0 98.0 0.28809874289976745 1
gene  1 3 8 -1.1566436594772243 0 100.0 -1.1566436594772243 0
gene  1 4 8 5.726605933706347 0 101.0 5.726605933706347 1
gene  1 6 8 -6.039606242998173 0 103.0 -6.039606242998173 1
gene  1 8 8 2.1801439634055275 1 105.0 2.1801439634055275 1
gene  1 10 8 -9.928402468200481 1 107.0 -9.928402468200481 1
gene  1 3 9 7.521237592396012 0 114.0 7.521237592396012 1
gene  1 6 9 9.518268923466524 0 117.0 9.518268923466524 1
gene  1 8 9 -1.6025591185219263 0 119.0 -1.6025591185219263 1
gene  1 10 9 4.8637224657105085 1 121.0 4.8637224657105085 1
gene  1 11 9 0.8220792159540731 1 122.0 0.8220792159540731 1
gene  1 13 9 1.194580045029348 1 124.0 1.194580045029348 1
gene  1 14 9 -5.05245462004817 1 125.0 -5.05245462004817 1
gene  1 1 10 -2.4347253964731372 0 126.0 -2.4347253964731372 1
gene  1 3 10 2.4210747930106664 0 128.0 2.4210747930106664 1
gene  1 4 10 -2.419495005805967 0 129.0 -2.419495005805967 1
gene  1 5 10 4.355308486632342 0 130.0 4.355308486632342 1
gene  1 9 10 5.250800225383255 0 134.0 5.250800225383255 1
gene  1 13 10 5.4429055433031674 1 138.0 5.4429055433031674 1
gene  1 1 11 -2.104486259521683 0 140.0 -2.104486259521683 1
gene  1 3 11 -2.7289087739671527 0 142.0 -2.7289087739671527 1
gene  1 5 11 10.370754927858858 0 144.0 10.370754927858858 1
gene  1 9 11 1.841001974761494 0 148.0 1.841001974761494 1
gene  1 10 11 -8.30306864258389 0 149.0 -8.30306864258389 1
gene  1 12 11 -10.948033178199559 1 151.0 -10.948033178199559 1
gene  1 14 11 -1.4257638115749032 1 153.0 -1.4257638115749032 1
gene  1 2 12 -3.371078841449786 0 155.0 -3.371078841449786 1
gene  1 4 12 -3.2754208238303253 0 157.0 -3.2754208238303253 1
gene  1 6 12 6.670563877696823 0 159.0 6.670563877696823 1
gene  1 7 12 -0.4469299692016053 0 160.0 -0.4469299692016053 1
gene  1 9 12 -2.646975006335233 0 162.0 -2.646975006335233 1
gene  1 10 12 0.6832137149943105 0 163.0 0.6832137149943105 1
gene  1 12 12 -3.824055048428917 1 165.0 -3.824055048428917 1
gene  1 14 12 -4.415938354972807 1 167.0 -4.415938354972807 1
gene  1 1 13 -7.379791614056686 0 168.0 -7.379791614056686 1
gene  1 3 13 -9.8983129758682 0 170.0 -9.8983129758682 1
gene  1 4 13 -7.837647405449063 0 171.0 -7.837647405449063 1
gene  1 6 13 8.530211437413515 0 173.0 8.530211437413515 1
gene  1 8 13 1.748281381434723 0 175.0 1.748281381434723 1
gene  1 9 13 -6.938360975294529 0 176.0 -6.938360975294529 1
gene  1 8 14 -0.02694374964625751 0 189.0 -0.02694374964625751 1
gene  1 11 14 3.5906257679206353 0 192.0 3.5906257679206353 1
gene  1 5 8 -4.708825919290042 0 235.0 -4.708825919290042 1
gene  1 1 27 -3.3287086443614853 0 241.0 -3.3287086443614853 1
gene  1 27 8 0.43780432207860454 0 242.0 0.43780432207860454 1
gene  1 9 34 -2.1360206529286736 0 272.0 -2.1360206529286736 1
gene  1 34 11 1.582376119120838 0 273.0 1.582376119120838 1
gene  1 5 13 -1.0751162722720031 0 277.0 -1.0751162722720031 1
gene  1 12 14 -2.4897337973222573 0 296.0 -2.4897337973222573 1
gene  1 8 40 -0.7880492886067783 1 308.0 -0.7880492886067783 1
gene  1 40 8 -3.820315406806886 0 309.0 -3.820315406806886 1
gene  1 10 14 -12.603795723999253 0 341.0 -12.603795723999253 1
gene  1 3 48 0.6269459910871724 0 360.0 0.6269459910871724 1
gene  1 48 8 2.1194388310603482 0 361.0 2.1194388310603482 1
genomeend 19
