genomestart  0
trait 1 0.0 0.29964541126798605 0.0 0.0 0.0 0.0 0.08354904834950888 0.0 
node 1 1 1 1
node 2 1 1 1
node 3 1 1 1
node 4 1 1 1
node 5 1 1 1
node 6 1 1 1
node 7 1 1 3
node 13 1 0 2
node 14 1 0 2
node 19 1 0 0
node 33 1 0 0
gene  1 1 13 0.29862582426340234 0 168.0 0.29862582426340234 1
gene  1 3 13 -10.757066862107674 0 170.0 -10.757066862107674 1
gene  1 5 13 -9.16278598061397 0 172.0 -9.16278598061397 1
gene  1 6 13 -12.007719276191601 0 173.0 -12.007719276191601 1
gene  1 14 13 3.201867512466486 1 181.0 3.201867512466486 1
gene  1 1 14 3.1491269543817895 0 182.0 3.1491269543817895 1
gene  1 2 14 3.9472289305100037 0 183.0 3.9472289305100037 1
gene  1 4 14 -4.663144515749292 0 185.0 -4.663144515749292 1
gene  1 5 14 1.3548879109350183 0 186.0 1.3548879109350183 1
gene  1 6 14 2.1341238545020054 0 187.0 2.1341238545020054 1
gene  1 7 14 -3.0744510480104204 0 188.0 -3.0744510480104204 1
gene  1 13 14 2.913551455807358 0 194.0 2.913551455807358 1
gene  1 14 14 -2.1482394274453718 1 195.0 -2.1482394274453718 1
gene  1 5 19 -0.368708505258488 0 213.0 -0.368708505258488 1
gene  1 19 13 -0.8567508923227882 0 214.0 -0.8567508923227882 1
gene  1 2 13 2.0907378296274475 0 243.0 2.0907378296274475 1
gene  1 6 19 0.46997137404296785 0 257.0 0.46997137404296785 1
gene  1 19 14 1.4728173446724846 0 267.0 1.4728173446724846 1
gene  1 14 33 4.072853937600295 1 268.0 4.072853937600295 1
gene  1 33 14 -2.0750376222558264 0 269.0 -2.0750376222558264 1
gene  1 4 13 10.880159438424965 0 292.0 10.880159438424965 1
genomeend 0
genomestart  1
trait 1 0.0 0.29964541126798605 0.0 0.0 0.0 0.0 0.08354904834950888 0.0 
node 1 1 1 1
node 2 1 1 1
node 3 1 1 1
node 4 1 1 1
node 5 1 1 1
node 6 1 1 1
node 7 1 1 3
node 13 1 0 2
node 14 1 0 2
node 19 1 0 0
node 33 1 0 0
gene  1 1 13 1.3118540539275052 0 168.0 1.3118540539275052 1
gene  1 3 13 -11.006610059011084 0 170.0 -11.006610059011084 1
gene  1 5 13 -10.27577013770535 0 172.0 -10.27577013770535 0
gene  1 6 13 -13.488590006405461 0 173.0 -13.488590006405461 1
gene  1 14 13 0.8298092269774449 1 181.0 0.8298092269774449 1
gene  1 1 14 1.6346085063446942 0 182.0 1.6346085063446942 1
gene  1 2 14 5.0170019401759545 0 183.0 5.0170019401759545 1
gene  1 4 14 -4.229277645805756 0 185.0 -4.229277645805756 1
gene  1 5 14 2.366404501564342 0 186.0 2.366404501564342 1
gene  1 6 14 1.2171696624354944 0 187.0 1.2171696624354944 1
gene  1 7 14 -3.066593624793095 0 188.0 -3.066593624793095 1
gene  1 13 14 1.3911294335617101 0 194.0 1.3911294335617101 1
gene  1 14 14 -0.24199345745207812 1 195.0 -0.24199345745207812 1
gene  1 5 19 -1.5740627025909566 0 213.0 -1.5740627025909566 1
gene  1 19 13 0.7595332365381116 0 214.0 0.7595332365381116 1
gene  1 2 13 0.32152880643358084 0 243.0 0.32152880643358084 1
gene  1 6 19 -1.431361230889872 0 257.0 -1.431361230889872 1
gene  1 19 14 2.1624886908165566 0 267.0 2.1624886908165566 1
gene  1 14 33 3.561574809136324 1 268.0 3.561574809136324 1
gene  1 33 14 -2.07106947077064 0 269.0 -2.07106947077064 1
gene  1 4 13 9.531110659109476 0 292.0 9.531110659109476 1
gene  1 7 13 0.2310267788236875 0 310.0 0.2310267788236875 1
genomeend 1
genomestart  2
trait 1 0.38509797114028876 1.2858127313064698 0.0 0.17101181944213528 0.0 0.0 0.0 1.0208282639679993 
node 1 1 1 1
node 2 1 1 1
node 3 1 1 1
node 4 1 1 1
node 5 1 1 1
node 6 1 1 1
node 7 1 1 3
node 13 1 0 2
node 14 1 0 2
node 24 1 0 0
node 36 1 0 0
gene  1 2 13 -1.5249613167428162 0 169.0 -1.5249613167428162 1
gene  1 3 13 2.4941273026459383 0 170.0 2.4941273026459383 1
gene  1 4 13 -0.6659670079144031 0 171.0 -0.6659670079144031 1
gene  1 6 13 -5.831273300094817 0 173.0 -5.831273300094817 1
gene  1 7 13 -2.7065207529369655 0 174.0 -2.7065207529369655 1
gene  1 13 13 -2.1966887312280576 1 180.0 -2.1966887312280576 1
gene  1 1 14 -0.48065631788223184 0 182.0 -0.48065631788223184 1
gene  1 2 14 2.968678786588957 0 183.0 2.968678786588957 1
gene  1 5 14 -2.9612019605029314 0 186.0 -2.9612019605029314 1
gene  1 6 14 -1.9826599558371854 0 187.0 -1.9826599558371854 1
gene  1 7 14 1.071626056954481 0 188.0 1.071626056954481 1
gene  1 13 14 4.8805040679873235 0 194.0 4.8805040679873235 1
gene  1 14 14 0.9530980285535423 1 195.0 0.9530980285535423 1
gene  1 2 24 0.6373688000807203 0 226.0 0.6373688000807203 1
gene  1 24 13 -0.35136686832919956 0 227.0 -0.35136686832919956 1
gene  1 7 24 5.522655542271266 0 245.0 5.522655542271266 1
gene  1 1 24 -1.5035223129840278 0 249.0 -1.5035223129840278 1
gene  1 4 14 -2.6045827790382097 0 280.0 -2.6045827790382097 0
gene  1 4 36 7.481669723295704 0 293.0 7.481669723295704 1
gene  1 36 14 -3.790956387804104 0 294.0 -3.790956387804104 1
gene  1 7 36 -0.29696614965754764 0 301.0 -0.29696614965754764 1
genomeend 2
genomestart  3
trait 1 0.4107551360046636 1.2858127313064698 0.0 0.17101181944213528 0.0 0.0 0.0 1.0208282639679993 
node 1 1 1 1
node 2 1 1 1
node 3 1 1 1
node 4 1 1 1
node 5 1 1 1
node 6 1 1 1
node 7 1 1 3
node 13 1 0 2
node 14 1 0 2
node 24 1 0 0
node 36 1 0 0
gene  1 2 13 -0.4569403478962131 0 169.0 -0.4569403478962131 1
gene  1 3 13 3.692068230085939 0 170.0 3.692068230085939 1
gene  1 4 13 -4.019344470793227 0 171.0 -4.019344470793227 1
gene  1 6 13 -3.5158160799213354 0 173.0 -3.5158160799213354 1
gene  1 7 13 0.3659539568046526 0 174.0 0.3659539568046526 1
gene  1 13 13 -0.33896876230440737 1 180.0 -0.33896876230440737 1
gene  1 1 14 0.7871438258562334 0 182.0 0.7871438258562334 1
gene  1 2 14 1.8068057397067108 0 183.0 1.8068057397067108 1
gene  1 5 14 -6.689568002522526 0 186.0 -6.689568002522526 1
gene  1 6 14 -3.296493370964392 0 187.0 -3.296493370964392 1
gene  1 7 14 1.1562431523406091 0 188.0 1.1562431523406091 1
gene  1 13 14 3.648473635654036 0 194.0 3.648473635654036 1
gene  1 14 14 2.122329011569004 1 195.0 2.122329011569004 1
gene  1 2 24 0.37919720015074154 0 226.0 0.37919720015074154 1
gene  1 24 13 -1.7909094341301748 0 227.0 -1.7909094341301748 1
gene  1 7 24 6.848939349067759 0 245.0 6.848939349067759 1
gene  1 1 24 1.636172507218335 0 249.0 1.636172507218335 1
gene  1 4 14 0.899529854314593 0 280.0 0.899529854314593 0
gene  1 4 36 7.481669723295704 0 293.0 7.481669723295704 1
gene  1 36 14 -3.515063425971021 0 294.0 -3.515063425971021 1
gene  1 7 36 -1.0699450853989465 0 301.0 -1.0699450853989465 1
genomeend 3
genomestart  4
trait 1 0.38509797114028876 1.2858127313064698 0.0 0.17101181944213528 0.0 0.0 0.0 1.0208282639679993 
node 1 1 1 1
node 2 1 1 1
node 3 1 1 1
node 4 1 1 1
node 5 1 1 1
node 6 1 1 1
node 7 1 1 3
node 13 1 0 2
node 14 1 0 2
node 24 1 0 0
node 36 1 0 0
gene  1 2 13 -3.1717891959773445 0 169.0 -3.1717891959773445 1
gene  1 3 13 6.992607569421953 0 170.0 6.992607569421953 1
gene  1 4 13 -3.2104430108290902 0 171.0 -3.2104430108290902 1
gene  1 6 13 -3.9853692314919087 0 173.0 -3.9853692314919087 1
gene  1 7 13 -0.834476651132862 0 174.0 -0.834476651132862 1
gene  1 13 13 0.9132958922708615 1 180.0 0.9132958922708615 1
gene  1 1 14 0.34414649930302765 0 182.0 0.34414649930302765 1
gene  1 2 14 5.435395295611244 0 183.0 5.435395295611244 1
gene  1 5 14 -6.060802937481315 0 186.0 -6.060802937481315 1
gene  1 6 14 1.012535846934813 0 187.0 1.012535846934813 1
gene  1 7 14 -0.8274951290672385 0 188.0 -0.8274951290672385 1
gene  1 13 14 5.181274391546369 0 194.0 5.181274391546369 1
gene  1 14 14 3.0990734586397095 1 195.0 3.0990734586397095 1
gene  1 2 24 0.6349219066162248 0 226.0 0.6349219066162248 1
gene  1 24 13 0.855268371264241 0 227.0 0.855268371264241 1
gene  1 7 24 4.224602504307288 0 245.0 4.224602504307288 1
gene  1 1 24 -1.2665294963180571 0 249.0 -1.2665294963180571 1
gene  1 4 14 1.0224478330453186 0 280.0 1.0224478330453186 0
gene  1 4 36 0.8719396067149038 0 293.0 0.8719396067149038 1
gene  1 36 14 -4.8776280141028225 0 294.0 -4.8776280141028225 1
gene  1 7 36 -1.665333897215488 0 301.0 -1.665333897215488 1
genomeend 4
genomestart  5
trait 1 0.9658100958370718 0.8096416493030374 1.7535517816909252 0.0 0.8415574210490723 2.214263590300425 0.7279373662985449 0.0 
node 1 1 1 1
node 2 1 1 1
node 3 1 1 1
node 4 1 1 1
node 5 1 1 1
node 6 1 1 1
node 7 1 1 3
node 8 1 0 0
node 9 1 0 0
node 10 1 0 0
node 11 1 0 0
node 13 1 0 2
node 14 1 0 2
gene  1 2 8 -1.1466298663337788 0 99.0 -1.1466298663337788 1
gene  1 6 8 -8.859985930532337 0 103.0 -8.859985930532337 1
gene  1 8 8 -2.2008290123836214 1 105.0 -2.2008290123836214 1
gene  1 9 8 1.38896836610416 1 106.0 1.38896836610416 1
gene  1 10 8 -4.044043824252506 1 107.0 -4.044043824252506 1
gene  1 11 8 -1.7340853362799322 1 108.0 -1.7340853362799322 1
gene  1 13 8 3.2915368295480807 1 110.0 3.2915368295480807 1
gene  1 14 8 2.161476727227792 1 111.0 2.161476727227792 1
gene  1 1 9 -1.9845169814953645 0 112.0 -1.9845169814953645 1
gene  1 2 9 1.1397263152098283 0 113.0 1.1397263152098283 1
gene  1 3 9 0.1528350640290893 0 114.0 0.1528350640290893 1
gene  1 6 9 -3.7137242408304383 0 117.0 -3.7137242408304383 1
gene  1 7 9 -3.231400775541961 0 118.0 -3.231400775541961 1
gene  1 8 9 8.072817942859206 0 119.0 8.072817942859206 1
gene  1 9 9 -2.604302416215508 1 120.0 -2.604302416215508 1
gene  1 11 9 0.8713828522787859 1 122.0 0.8713828522787859 1
gene  1 13 9 -0.0812909447693605 1 124.0 -0.0812909447693605 1
gene  1 14 9 1.4038122158624415 1 125.0 1.4038122158624415 1
gene  1 1 10 -4.7747784985316555 0 126.0 -4.7747784985316555 1
gene  1 3 10 5.427010523678597 0 128.0 5.427010523678597 1
gene  1 4 10 1.4989011848192346 0 129.0 1.4989011848192346 1
gene  1 5 10 -1.3729661461884166 0 130.0 -1.3729661461884166 1
gene  1 6 10 -0.7285981962018275 0 131.0 -0.7285981962018275 1
gene  1 10 10 0.5440406639413542 1 135.0 0.5440406639413542 1
gene  1 11 10 -0.7342587183149987 1 136.0 -0.7342587183149987 1
gene  1 14 10 -5.392486472131613 1 139.0 -5.392486472131613 1
gene  1 1 11 -1.874320446113038 0 140.0 -1.874320446113038 1
gene  1 3 11 -3.547939853878824 0 142.0 -3.547939853878824 1
gene  1 5 11 9.330669045711007 0 144.0 9.330669045711007 1
gene  1 6 11 -6.6155150432156455 0 145.0 -6.6155150432156455 1
gene  1 7 11 -1.998800691154579 0 146.0 -1.998800691154579 1
gene  1 8 11 -9.224526978815003 0 147.0 -9.224526978815003 1
gene  1 9 11 -0.9723911885473374 0 148.0 -0.9723911885473374 1
gene  1 10 11 -5.179257637615891 0 149.0 -5.179257637615891 1
gene  1 11 11 -10.862655334955846 1 150.0 -10.862655334955846 1
gene  1 1 13 -1.8636941028514327 0 168.0 -1.8636941028514327 1
gene  1 2 13 0.3787231369365235 0 169.0 0.3787231369365235 1
gene  1 3 13 -1.7057650615252984 0 170.0 -1.7057650615252984 1
gene  1 7 13 0.9137870110389583 0 174.0 0.9137870110389583 1
gene  1 11 13 2.7046581737114286 0 178.0 2.7046581737114286 1
gene  1 13 13 -0.9401362903805226 1 180.0 -0.9401362903805226 1
gene  1 2 14 1.748355658392625 0 183.0 1.748355658392625 1
gene  1 3 14 -3.8826128461915443 0 184.0 -3.8826128461915443 1
gene  1 4 14 -1.6063470294908118 0 185.0 -1.6063470294908118 1
gene  1 7 14 -1.666689663727372 0 188.0 -1.666689663727372 1
gene  1 8 14 0.350518601532423 0 189.0 0.350518601532423 1
gene  1 10 14 -8.612505957383352 0 191.0 -8.612505957383352 1
gene  1 13 14 -2.5526392130973212 0 194.0 -2.5526392130973212 1
gene  1 5 13 0.820084303482726 0 198.0 0.820084303482726 1
gene  1 4 9 -0.38574844328210633 0 200.0 -0.38574844328210633 1
gene  1 8 13 1.006472094277183 0 248.0 1.006472094277183 1
gene  1 7 10 -2.766298469864346 0 270.0 -2.766298469864346 1
gene  1 9 10 0.20068953774014808 0 274.0 0.20068953774014808 1
gene  1 9 13 1.2991559167883933 0 288.0 1.2991559167883933 1
genomeend 5
genomestart  6
trait 1 0.9658100958370718 0.21357948226159307 1.7535517816909252 0.0 0.0 2.076285480926863 0.7279373662985449 0.0 
node 1 1 1 1
node 2 1 1 1
node 3 1 1 1
node 4 1 1 1
node 5 1 1 1
node 6 1 1 1
node 7 1 1 3
node 8 1 0 0
node 9 1 0 0
node 10 1 0 0
node 11 1 0 0
node 13 1 0 2
node 14 1 0 2
gene  1 2 8 0.36497211973086896 0 99.0 0.36497211973086896 1
gene  1 6 8 -9.532318027512474 0 103.0 -9.532318027512474 1
gene  1 8 8 -2.0418194960620433 1 105.0 -2.0418194960620433 1
gene  1 9 8 0.33423943357608094 1 106.0 0.33423943357608094 1
gene  1 10 8 -5.14455627943259 1 107.0 -5.14455627943259 1
gene  1 11 8 -0.158083078484631 1 108.0 -0.158083078484631 1
gene  1 13 8 1.2541366114435306 1 110.0 1.2541366114435306 1
gene  1 14 8 -0.7210112655055327 1 111.0 -0.7210112655055327 1
gene  1 1 9 2.171202823800049 0 112.0 2.171202823800049 1
gene  1 2 9 0.27085735748107687 0 113.0 0.27085735748107687 1
gene  1 3 9 -0.7284020903573991 0 114.0 -0.7284020903573991 1
gene  1 6 9 -3.3950561159954824 0 117.0 -3.3950561159954824 1
gene  1 7 9 -1.8520502621150787 0 118.0 -1.8520502621150787 1
gene  1 8 9 4.6847301743452965 0 119.0 4.6847301743452965 1
gene  1 9 9 -1.9563922755703231 1 120.0 -1.9563922755703231 1
gene  1 11 9 -1.1982983419376918 1 122.0 -1.1982983419376918 1
gene  1 13 9 1.6986924354140376 1 124.0 1.6986924354140376 1
gene  1 14 9 1.5811747106815344 1 125.0 1.5811747106815344 1
gene  1 1 10 -1.3724166910508822 0 126.0 -1.3724166910508822 1
gene  1 3 10 0.2293894073496519 0 128.0 0.2293894073496519 1
gene  1 4 10 -0.014636410890870644 0 129.0 -0.014636410890870644 1
gene  1 5 10 0.9375660625777495 0 130.0 0.9375660625777495 1
gene  1 6 10 2.9736369810899754 0 131.0 2.9736369810899754 1
gene  1 10 10 0.912057471201253 1 135.0 0.912057471201253 1
gene  1 11 10 -1.1389435447234795 1 136.0 -1.1389435447234795 1
gene  1 14 10 -7.923733302699597 1 139.0 -7.923733302699597 1
gene  1 1 11 0.7694960624893374 0 140.0 0.7694960624893374 1
gene  1 3 11 -0.8330342880575206 0 142.0 -0.8330342880575206 1
gene  1 5 11 10.232098074966979 0 144.0 10.232098074966979 1
gene  1 6 11 -7.368426778851456 0 145.0 -7.368426778851456 1
gene  1 7 11 1.3650497082288546 0 146.0 1.3650497082288546 1
gene  1 8 11 0.06023045608359173 0 147.0 0.06023045608359173 1
gene  1 9 11 1.0649253097047682 0 148.0 1.0649253097047682 1
gene  1 10 11 -5.124663802058002 0 149.0 -5.124663802058002 1
gene  1 11 11 -14.190510039265217 1 150.0 -14.190510039265217 1
gene  1 1 13 -2.5327061817433014 0 168.0 -2.5327061817433014 1
gene  1 2 13 1.1275921719341533 0 169.0 1.1275921719341533 1
gene  1 3 13 -2.5498160939087233 0 170.0 -2.5498160939087233 1
gene  1 7 13 0.6935255955368641 0 174.0 0.6935255955368641 1
gene  1 11 13 3.854530159043162 0 178.0 3.854530159043162 1
gene  1 13 13 -2.174604973586587 1 180.0 -2.174604973586587 1
gene  1 2 14 1.746435144976565 0 183.0 1.746435144976565 1
gene  1 3 14 -1.1754260576058855 0 184.0 -1.1754260576058855 1
gene  1 4 14 0.30528295756035195 0 185.0 0.30528295756035195 1
gene  1 7 14 3.3380749120214723 0 188.0 3.3380749120214723 1
gene  1 8 14 1.3542393622065896 0 189.0 1.3542393622065896 1
gene  1 10 14 -9.51644288990232 0 191.0 -9.51644288990232 1
gene  1 13 14 -4.055574360102733 0 194.0 -4.055574360102733 1
gene  1 5 13 0.17477976050049326 0 198.0 0.17477976050049326 1
gene  1 4 9 2.989240878638049 0 200.0 2.989240878638049 1
gene  1 8 13 -7.021139799423674 0 248.0 -7.021139799423674 1
gene  1 7 10 -2.0689653439116933 0 270.0 -2.0689653439116933 1
gene  1 9 10 1.9930195198525769 0 274.0 1.9930195198525769 1
gene  1 9 13 -0.15988186294293077 0 288.0 -0.15988186294293077 1
genomeend 6
genomestart  7
trait 1 0.9094479393069818 0.0 0.18125169842722821 0.0 0.5658812609091859 0.42041845515383636 0.6672100230779487 0.0 
node 1 1 1 1
node 2 1 1 1
node 3 1 1 1
node 4 1 1 1
node 5 1 1 1
node 6 1 1 1
node 7 1 1 3
node 8 1 0 0
node 13 1 0 2
node 14 1 0 2
node 16 1 0 0
node 20 1 0 0
gene  1 1 8 2.4617385439706316 0 98.0 2.4617385439706316 1
gene  1 2 8 2.138831400978736 0 99.0 2.138831400978736 1
gene  1 3 8 -0.7071151754284166 0 100.0 -0.7071151754284166 1
gene  1 4 8 -0.39339883648127394 0 101.0 -0.39339883648127394 1
gene  1 5 8 -4.741691323092846 0 102.0 -4.741691323092846 1
gene  1 6 8 -3.5764064832159854 0 103.0 -3.5764064832159854 1
gene  1 8 8 -0.25965985447705453 1 105.0 -0.25965985447705453 1
gene  1 13 8 -8.882351390467372 1 110.0 -8.882351390467372 1
gene  1 14 8 0.29951736843134 1 111.0 0.29951736843134 1
gene  1 3 13 1.218809214652047 0 170.0 1.218809214652047 1
gene  1 5 13 1.1870524320769265 0 172.0 1.1870524320769265 1
gene  1 7 13 0.1280052308860049 0 174.0 0.1280052308860049 1
gene  1 13 13 1.4065508548260657 1 180.0 1.4065508548260657 1
gene  1 2 14 0.46596813802051984 0 183.0 0.46596813802051984 1
gene  1 4 14 -0.8401491904834699 0 185.0 -0.8401491904834699 1
gene  1 6 14 -2.0840324788699 0 187.0 -2.0840324788699 1
gene  1 8 14 5.039474288417411 0 189.0 5.039474288417411 1
gene  1 13 14 -2.864583044722683 0 194.0 -2.864583044722683 1
gene  1 13 16 4.602122951817434 0 201.0 4.602122951817434 1
gene  1 16 14 6.84736880840245 0 202.0 6.84736880840245 1
gene  1 3 20 1.452983088639667 0 215.0 1.452983088639667 1
gene  1 20 8 -1.2298231867611835 0 216.0 -1.2298231867611835 1
gene  1 8 13 1.9189817584730593 0 233.0 1.9189817584730593 1
genomeend 7
genomestart  8
trait 1 0.9094479393069818 0.0 0.18125169842722821 0.0 0.5658812609091859 0.42041845515383636 0.6672100230779487 0.0 
node 1 1 1 1
node 2 1 1 1
node 3 1 1 1
node 4 1 1 1
node 5 1 1 1
node 6 1 1 1
node 7 1 1 3
node 8 1 0 0
node 13 1 0 2
node 14 1 0 2
node 16 1 0 0
node 20 1 0 0
gene  1 1 8 2.1741820330910917 0 98.0 2.1741820330910917 1
gene  1 2 8 -0.5178154537439328 0 99.0 -0.5178154537439328 1
gene  1 3 8 1.7799526013800104 0 100.0 1.7799526013800104 1
gene  1 4 8 -0.520621906125101 0 101.0 -0.520621906125101 1
gene  1 5 8 -1.296794874404952 0 102.0 -1.296794874404952 1
gene  1 6 8 -4.60720808535772 0 103.0 -4.60720808535772 1
gene  1 8 8 -2.377295065481256 1 105.0 -2.377295065481256 1
gene  1 13 8 -2.423319936451783 1 110.0 -2.423319936451783 1
gene  1 14 8 0.7194439800177553 1 111.0 0.7194439800177553 1
gene  1 3 13 3.599746777682465 0 170.0 3.599746777682465 1
gene  1 5 13 1.0260838215442367 0 172.0 1.0260838215442367 1
gene  1 7 13 0.17496210086940844 0 174.0 0.17496210086940844 1
gene  1 13 13 -0.21200007304191504 1 180.0 -0.21200007304191504 1
gene  1 2 14 -3.536078984907112 0 183.0 -3.536078984907112 1
gene  1 4 14 -2.672932626884399 0 185.0 -2.672932626884399 1
gene  1 6 14 -0.8038990694646098 0 187.0 -0.8038990694646098 1
gene  1 8 14 2.648148208520508 0 189.0 2.648148208520508 1
gene  1 13 14 -2.916850635934286 0 194.0 -2.916850635934286 1
gene  1 13 16 4.463161297079793 0 201.0 4.463161297079793 1
gene  1 16 14 6.2156223335064 0 202.0 6.2156223335064 1
gene  1 3 20 3.452910465508767 0 215.0 3.452910465508767 1
gene  1 20 8 -1.4593194790942972 0 216.0 -1.4593194790942972 1
gene  1 8 13 1.392624255841089 0 233.0 1.392624255841089 1
genomeend 8
genomestart  9
trait 1 0.9094479393069818 0.0 0.18125169842722821 0.0 1.363566452656893 0.20991346759087715 0.04208433817433466 0.03711240661335824 
node 1 1 1 1
node 2 1 1 1
node 3 1 1 1
node 4 1 1 1
node 5 1 1 1
node 6 1 1 1
node 7 1 1 3
node 8 1 0 0
node 13 1 0 2
node 14 1 0 2
node 16 1 0 0
node 20 1 0 0
gene  1 1 8 2.8781434008011875 0 98.0 2.8781434008011875 1
gene  1 2 8 -1.5150512060685253 0 99.0 -1.5150512060685253 1
gene  1 3 8 0.7439088799272031 0 100.0 0.7439088799272031 1
gene  1 4 8 -2.7464122342037123 0 101.0 -2.7464122342037123 1
gene  1 5 8 -1.388458676323395 0 102.0 -1.388458676323395 1
gene  1 6 8 -5.553012351073176 0 103.0 -5.553012351073176 1
gene  1 8 8 -1.546792462039391 1 105.0 -1.546792462039391 1
gene  1 13 8 -6.145525192324444 1 110.0 -6.145525192324444 1
gene  1 14 8 2.1736249038441935 1 111.0 2.1736249038441935 1
gene  1 3 13 3.646701473560963 0 170.0 3.646701473560963 1
gene  1 5 13 -1.6567922387669094 0 172.0 -1.6567922387669094 1
gene  1 7 13 3.0493552924854956 0 174.0 3.0493552924854956 1
gene  1 13 13 0.10152110552088361 1 180.0 0.10152110552088361 1
gene  1 2 14 0.6188580732040772 0 183.0 0.6188580732040772 1
gene  1 4 14 -1.897785170154935 0 185.0 -1.897785170154935 1
gene  1 6 14 -0.13298261371746722 0 187.0 -0.13298261371746722 1
gene  1 8 14 2.8210189094176936 0 189.0 2.8210189094176936 1
gene  1 13 14 -4.625705333827867 0 194.0 -4.625705333827867 1
gene  1 13 16 4.734327593651365 0 201.0 4.734327593651365 1
gene  1 16 14 5.994196890254158 0 202.0 5.994196890254158 1
gene  1 3 20 3.868810210831872 0 215.0 3.868810210831872 1
gene  1 20 8 0.35796491331959324 0 216.0 0.35796491331959324 1
gene  1 8 13 -0.736818540439198 0 233.0 -0.736818540439198 1
genomeend 9
genomestart  10
trait 1 0.0 0.0 0.687885284225863 0.0 0.0 0.0 0.0 0.0 
node 1 1 1 1
node 2 1 1 1
node 3 1 1 1
node 4 1 1 1
node 5 1 1 1
node 6 1 1 1
node 7 1 1 3
node 8 1 0 0
node 9 1 0 0
node 10 1 0 0
node 13 1 0 2
node 14 1 0 2
node 21 1 0 0
node 29 1 0 0
gene  1 1 8 0.8192040348606222 0 98.0 0.8192040348606222 1
gene  1 3 8 0.9159404700290006 0 100.0 0.9159404700290006 1
gene  1 5 8 -0.0434697923081222 0 102.0 -0.0434697923081222 1
gene  1 6 8 1.4323816674039507 0 103.0 1.4323816674039507 1
gene  1 8 8 -0.5292640517930327 1 105.0 -0.5292640517930327 1
gene  1 1 9 0.5964042867130195 0 112.0 0.5964042867130195 1
gene  1 2 9 6.078139651065074 0 113.0 6.078139651065074 1
gene  1 3 9 -2.508255864460083 0 114.0 -2.508255864460083 1
gene  1 5 9 6.413209955879523 0 116.0 6.413209955879523 1
gene  1 7 9 -11.083072826530938 0 118.0 -11.083072826530938 1
gene  1 9 9 -2.7144696577497793 1 120.0 -2.7144696577497793 1
gene  1 10 9 10.414031923335374 1 121.0 10.414031923335374 1
gene  1 13 9 0.41068631228457364 1 124.0 0.41068631228457364 1
gene  1 2 10 -1.8142981529305289 0 127.0 -1.8142981529305289 1
gene  1 4 10 7.196918584066572 0 129.0 7.196918584066572 1
gene  1 5 10 3.873498514967273 0 130.0 3.873498514967273 1
gene  1 8 10 8.675225584119257 0 133.0 8.675225584119257 1
gene  1 9 10 -10.204033048040756 0 134.0 -10.204033048040756 1
gene  1 10 10 -0.08910728095400411 1 135.0 -0.08910728095400411 1
gene  1 13 10 -10.817195232821788 1 138.0 -10.817195232821788 1
gene  1 14 10 4.417953627839527 1 139.0 4.417953627839527 1
gene  1 2 13 0.20527387258788354 0 169.0 0.20527387258788354 1
gene  1 3 13 -11.80967288103025 0 170.0 -11.80967288103025 1
gene  1 6 13 -6.590447063860465 0 173.0 -6.590447063860465 1
gene  1 7 13 1.8189720884974128 0 174.0 1.8189720884974128 1
gene  1 9 13 0.4261905205406231 0 176.0 0.4261905205406231 1
gene  1 13 13 5.204451368083884 1 180.0 5.204451368083884 1
gene  1 14 13 -2.4987486396525966 1 181.0 -2.4987486396525966 1
gene  1 1 14 -4.867191596716006 0 182.0 -4.867191596716006 1
gene  1 3 14 -2.55487097829816 0 184.0 -2.55487097829816 1
gene  1 9 14 -4.648669020053015 0 190.0 -4.648669020053015 1
gene  1 10 14 -0.37966545898167103 0 191.0 -0.37966545898167103 1
gene  1 1 21 1.5049422699057606 0 218.0 1.5049422699057606 1
gene  1 21 8 -0.037923500017072675 0 219.0 -0.037923500017072675 1
gene  1 3 10 -3.1472813228211924 0 223.0 -3.1472813228211924 1
gene  1 6 29 -1.478884412933304 0 259.0 -1.478884412933304 1
gene  1 29 8 1.354435662680084 0 260.0 1.354435662680084 1
gene  1 29 21 -2.30087885329764 0 271.0 -2.30087885329764 1
gene  1 3 21 -0.7980028377781698 0 300.0 -0.7980028377781698 1
genomeend 10
genomestart  11
trait 1 1.080830066389972 0.0 1.563145969794439 0.0 0.0 0.9629060889116104 0.2518745141043184 0.0 
node 1 1 1 1
node 2 1 1 1
node 3 1 1 1
node 4 1 1 1
node 5 1 1 1
node 6 1 1 1
node 7 1 1 3
node 13 1 0 2
node 14 1 0 2
gene  1 1 13 -1.3733698716598126 0 168.0 -1.3733698716598126 1
gene  1 2 13 1.231617634252319 0 169.0 1.231617634252319 1
gene  1 3 13 -1.9047292501584214 0 170.0 -1.9047292501584214 1
gene  1 4 13 -2.720833063786252 0 171.0 -2.720833063786252 1
gene  1 5 13 -0.6564052730352524 0 172.0 -0.6564052730352524 1
gene  1 6 13 2.6331727265827563 0 173.0 2.6331727265827563 1
gene  1 7 13 0.27629839936722966 0 174.0 0.27629839936722966 1
gene  1 14 13 0.011555430687234303 1 181.0 0.011555430687234303 1
gene  1 1 14 -6.149049283480105 0 182.0 -6.149049283480105 1
gene  1 2 14 6.88396944646235 0 183.0 6.88396944646235 1
gene  1 3 14 -1.1816609442137112 0 184.0 -1.1816609442137112 1
gene  1 13 14 0.6502138071964794 0 194.0 0.6502138071964794 1
gene  1 14 14 2.294499989822975 1 195.0 2.294499989822975 1
gene  1 6 14 5.828353628018798 0 230.0 5.828353628018798 1
genomeend 11
genomestart  12
trait 1 1.080830066389972 0.0 1.563145969794439 0.0 0.0 0.9629060889116104 0.2518745141043184 0.0 
node 1 1 1 1
node 2 1 1 1
node 3 1 1 1
node 4 1 1 1
node 5 1 1 1
node 6 1 1 1
node 7 1 1 3
node 13 1 0 2
node 14 1 0 2
gene  1 1 13 -0.6124491908689469 0 168.0 -0.6124491908689469 1
gene  1 2 13 1.5727472648482752 0 169.0 1.5727472648482752 1
gene  1 3 13 -2.5988866598892084 0 170.0 -2.5988866598892084 1
gene  1 4 13 -4.787802977558149 0 171.0 -4.787802977558149 1
gene  1 5 13 -0.343035372814678 0 172.0 -0.343035372814678 1
gene  1 6 13 1.8590688069614947 0 173.0 1.8590688069614947 1
gene  1 7 13 -0.7002727510295262 0 174.0 -0.7002727510295262 1
gene  1 14 13 -0.3567305862052741 1 181.0 -0.3567305862052741 1
gene  1 1 14 -5.6421077284479315 0 182.0 -5.6421077284479315 1
gene  1 2 14 4.616054292844913 0 183.0 4.616054292844913 1
gene  1 3 14 -0.6755683696088762 0 184.0 -0.6755683696088762 1
gene  1 13 14 -1.153989856245123 0 194.0 -1.153989856245123 1
gene  1 14 14 0.9790668085831724 1 195.0 0.9790668085831724 1
gene  1 6 14 3.8548325431338553 0 230.0 3.8548325431338553 1
genomeend 12
genomestart  13
trait 1 1.080830066389972 0.0 1.563145969794439 0.0 0.0 0.9629060889116104 0.2518745141043184 0.0 
node 1 1 1 1
node 2 1 1 1
node 3 1 1 1
node 4 1 1 1
node 5 1 1 1
node 6 1 1 1
node 7 1 1 3
node 13 1 0 2
node 14 1 0 2
gene  1 1 13 -0.18053666941309432 0 168.0 -0.18053666941309432 1
gene  1 2 13 0.2793756060262509 0 169.0 0.2793756060262509 1
gene  1 3 13 -2.5988866598892084 0 170.0 -2.5988866598892084 1
gene  1 4 13 -2.4255693219705785 0 171.0 -2.4255693219705785 1
gene  1 5 13 -1.3786077353239954 0 172.0 -1.3786077353239954 1
gene  1 6 13 0.22959864944842895 0 173.0 0.22959864944842895 1
gene  1 7 13 -0.4202772029401389 0 174.0 -0.4202772029401389 1
gene  1 14 13 1.108709335214348 1 181.0 1.108709335214348 1
gene  1 1 14 -3.7154952428608845 0 182.0 -3.7154952428608845 1
gene  1 2 14 4.616054292844913 0 183.0 4.616054292844913 1
gene  1 3 14 -0.6755683696088762 0 184.0 -0.6755683696088762 1
gene  1 13 14 0.4592889447603637 0 194.0 0.4592889447603637 1
gene  1 14 14 2.968788976824154 1 195.0 2.968788976824154 1
gene  1 6 14 3.825374361887129 0 230.0 3.825374361887129 1
gene  1 4 14 -4.109511263665141 0 312.0 -4.109511263665141 1
genomeend 13
genomestart  14
trait 1 0.7543954501876767 0.0 0.0 0.0 0.0 0.7506659743992431 0.6528869165846171 0.760618498603839 
node 1 1 1 1
node 2 1 1 1
node 3 1 1 1
node 4 1 1 1
node 5 1 1 1
node 6 1 1 1
node 7 1 1 3
node 8 1 0 0
node 13 1 0 2
node 14 1 0 2
gene  1 4 8 -2.4020612983702074 0 101.0 -2.4020612983702074 1
gene  1 5 8 -4.222862988007021 0 102.0 -4.222862988007021 1
gene  1 6 8 -2.8259343030917816 0 103.0 -2.8259343030917816 1
gene  1 14 8 4.164320332835142 1 111.0 4.164320332835142 1
gene  1 1 13 4.254543253202875 0 168.0 4.254543253202875 1
gene  1 2 13 -2.6625255410722364 0 169.0 -2.6625255410722364 1
gene  1 3 13 0.7391161713678822 0 170.0 0.7391161713678822 1
gene  1 5 13 9.500331353787512 0 172.0 9.500331353787512 1
gene  1 7 13 2.6605267493482287 0 174.0 2.6605267493482287 1
gene  1 14 13 3.698508741858828 1 181.0 3.698508741858828 1
gene  1 1 14 2.495842812563341 0 182.0 2.495842812563341 1
gene  1 2 14 0.35623532364178834 0 183.0 0.35623532364178834 1
gene  1 3 14 -6.870485620362526 0 184.0 -6.870485620362526 1
gene  1 4 14 -1.479267026504269 0 185.0 -1.479267026504269 1
gene  1 8 14 -0.62621414020812 0 189.0 -0.62621414020812 1
gene  1 14 14 -1.3043177857366253 1 195.0 -1.3043177857366253 1
gene  1 6 14 -1.5757977739482607 0 240.0 -1.5757977739482607 1
gene  1 8 13 -5.310560177969194 0 311.0 -5.310560177969194 1
genomeend 14
genomestart  15
trait 1 0.7543954501876767 0.0 0.0 0.0 0.0 0.7506659743992431 0.6528869165846171 0.760618498603839 
node 1 1 1 1
node 2 1 1 1
node 3 1 1 1
node 4 1 1 1
node 5 1 1 1
node 6 1 1 1
node 7 1 1 3
node 8 1 0 0
node 13 1 0 2
node 14 1 0 2
gene  1 4 8 -2.1211956783593844 0 101.0 -2.1211956783593844 1
gene  1 5 8 -5.3615693514610605 0 102.0 -5.3615693514610605 1
gene  1 6 8 -2.0300621493430766 0 103.0 -2.0300621493430766 1
gene  1 14 8 1.8728876034852937 1 111.0 1.8728876034852937 1
gene  1 1 13 -1.7860704983366429 0 168.0 -1.7860704983366429 1
gene  1 2 13 -5.150729088731025 0 169.0 -5.150729088731025 1
gene  1 3 13 1.6125290249369078 0 170.0 1.6125290249369078 1
gene  1 5 13 9.320860812154168 0 172.0 9.320860812154168 1
gene  1 7 13 1.2446605277168243 0 174.0 1.2446605277168243 1
gene  1 14 13 4.20292235080423 1 181.0 4.20292235080423 1
gene  1 1 14 3.109714493381442 0 182.0 3.109714493381442 1
gene  1 2 14 2.3485653610244386 0 183.0 2.3485653610244386 1
gene  1 3 14 -8.885343378494909 0 184.0 -8.885343378494909 1
gene  1 4 14 -3.578900594758034 0 185.0 -3.578900594758034 1
gene  1 8 14 0.5006545554453463 0 189.0 0.5006545554453463 1
gene  1 14 14 -1.730839261407515 1 195.0 -1.730839261407515 1
gene  1 6 14 -0.15361573754893065 0 240.0 -0.15361573754893065 1
genomeend 15
genomestart  16
trait 1 0.8225567813410785 0.5061327229113926 1.1488029599770333 0.16761665438314322 0.10553099158611223 0.0 0.16709809669901776 0.20144182840303793 
node 1 1 1 1
node 2 1 1 1
node 3 1 1 1
node 4 1 1 1
node 5 1 1 1
node 6 1 1 1
node 7 1 1 3
node 8 1 0 0
node 9 1 0 0
node 10 1 0 0
node 11 1 0 0
node 12 1 0 0
node 13 1 0 2
node 14 1 0 2
node 27 1 0 0
node 34 1 0 0
gene  1 1 8 -3.1735595898874926 0 98.0 -3.1735595898874926 1
gene  1 3 8 18.22453610876556 0 100.0 18.22453610876556 1
gene  1 4 8 -2.055192665548206 0 101.0 -2.055192665548206 1
gene  1 6 8 1.8500820397019015 0 103.0 1.8500820397019015 1
gene  1 8 8 -2.8354925805986357 1 105.0 -2.8354925805986357 1
gene  1 10 8 7.446655394806442 1 107.0 7.446655394806442 1
gene  1 3 9 -3.389931149059958 0 114.0 -3.389931149059958 1
gene  1 6 9 2.3821053425450542 0 117.0 2.3821053425450542 1
gene  1 8 9 -1.0893872823267234 0 119.0 -1.0893872823267234 1
gene  1 10 9 -0.8080753203235675 1 121.0 -0.8080753203235675 1
gene  1 11 9 1.9897853615514138 1 122.0 1.9897853615514138 1
gene  1 13 9 4.618332141179957 1 124.0 4.618332141179957 1
gene  1 14 9 -0.3623378236623511 1 125.0 -0.3623378236623511 1
gene  1 1 10 -0.5514192865687834 0 126.0 -0.5514192865687834 1
gene  1 3 10 3.595707603505955 0 128.0 3.595707603505955 1
gene  1 4 10 -0.8746607529231625 0 129.0 -0.8746607529231625 1
gene  1 5 10 -0.1852304689803126 0 130.0 -0.1852304689803126 1
gene  1 9 10 6.535502556916027 0 134.0 6.535502556916027 1
gene  1 13 10 -4.226355490389999 1 138.0 -4.226355490389999 1
gene  1 1 11 1.0284565068169618 0 140.0 1.0284565068169618 1
gene  1 3 11 -6.056262019488572 0 142.0 -6.056262019488572 1
gene  1 5 11 -3.17783429193009 0 144.0 -3.17783429193009 1
gene  1 9 11 0.1407292605181379 0 148.0 0.1407292605181379 1
gene  1 10 11 -3.18737697401676 0 149.0 -3.18737697401676 1
gene  1 12 11 -0.46984357874478383 1 151.0 -0.46984357874478383 1
gene  1 14 11 -0.6242157356772071 1 153.0 -0.6242157356772071 1
gene  1 2 12 0.47694959031344264 0 155.0 0.47694959031344264 1
gene  1 4 12 -4.041576453914581 0 157.0 -4.041576453914581 1
gene  1 6 12 4.425671457865879 0 159.0 4.425671457865879 1
gene  1 7 12 -2.3138866123242674 0 160.0 -2.3138866123242674 1
gene  1 9 12 -0.6355993147930619 0 162.0 -0.6355993147930619 1
gene  1 10 12 -3.15832735719032 0 163.0 -3.15832735719032 1
gene  1 12 12 -1.5853055376315304 1 165.0 -1.5853055376315304 1
gene  1 14 12 -2.607633834949311 1 167.0 -2.607633834949311 1
gene  1 1 13 -5.55149213950099 0 168.0 -5.55149213950099 1
gene  1 3 13 -1.667900991025924 0 170.0 -1.667900991025924 1
gene  1 4 13 -0.15475458312284723 0 171.0 -0.15475458312284723 1
gene  1 6 13 3.2193735706231026 0 173.0 3.2193735706231026 1
gene  1 8 13 1.2698665754713356 0 175.0 1.2698665754713356 1
gene  1 9 13 1.5049690843834418 0 176.0 1.5049690843834418 1
gene  1 8 14 -0.6860133367601993 0 189.0 -0.6860133367601993 1
gene  1 11 14 -1.7364469365727022 0 192.0 -1.7364469365727022 1
gene  1 5 8 -0.301891203068241 0 235.0 -0.301891203068241 1
gene  1 1 27 -13.829582828417573 0 241.0 -13.829582828417573 1
gene  1 27 8 -0.8562846713623162 0 242.0 -0.8562846713623162 1
gene  1 9 34 0.48565260802696464 0 272.0 0.48565260802696464 1
gene  1 34 11 3.1331671667397796 0 273.0 3.1331671667397796 1
gene  1 5 13 4.282455989678518 0 277.0 4.282455989678518 1
gene  1 12 14 1.8072760345153374 0 296.0 1.8072760345153374 1
genomeend 16
genomestart  17
trait 1 0.8225567813410785 0.5061327229113926 1.1488029599770333 0.16761665438314322 0.10553099158611223 0.0 0.16709809669901776 0.20144182840303793 
node 1 1 1 1
node 2 1 1 1
node 3 1 1 1
node 4 1 1 1
node 5 1 1 1
node 6 1 1 1
node 7 1 1 3
node 8 1 0 0
node 9 1 0 0
node 10 1 0 0
node 11 1 0 0
node 12 1 0 0
node 13 1 0 2
node 14 1 0 2
node 27 1 0 0
node 34 1 0 0
node 40 1 0 0
gene  1 1 8 -3.1735595898874926 0 98.0 -3.1735595898874926 1
gene  1 3 8 18.22453610876556 0 100.0 18.22453610876556 1
gene  1 4 8 -2.055192665548206 0 101.0 -2.055192665548206 1
gene  1 6 8 1.8500820397019015 0 103.0 1.8500820397019015 1
gene  1 8 8 -2.8354925805986357 1 105.0 -2.8354925805986357 0
gene  1 10 8 7.446655394806442 1 107.0 7.446655394806442 1
gene  1 3 9 -3.389931149059958 0 114.0 -3.389931149059958 1
gene  1 6 9 2.3821053425450542 0 117.0 2.3821053425450542 1
gene  1 8 9 -1.0893872823267234 0 119.0 -1.0893872823267234 1
gene  1 10 9 -0.8080753203235675 1 121.0 -0.8080753203235675 1
gene  1 11 9 1.9897853615514138 1 122.0 1.9897853615514138 1
gene  1 13 9 4.618332141179957 1 124.0 4.618332141179957 1
gene  1 14 9 -0.3623378236623511 1 125.0 -0.3623378236623511 1
gene  1 1 10 -0.5514192865687834 0 126.0 -0.5514192865687834 1
gene  1 3 10 3.595707603505955 0 128.0 3.595707603505955 1
gene  1 4 10 -0.8746607529231625 0 129.0 -0.8746607529231625 1
gene  1 5 10 -0.1852304689803126 0 130.0 -0.1852304689803126 1
gene  1 9 10 6.535502556916027 0 134.0 6.535502556916027 1
gene  1 13 10 -4.226355490389999 1 138.0 -4.226355490389999 1
gene  1 1 11 1.0284565068169618 0 140.0 1.0284565068169618 1
gene  1 3 11 -6.056262019488572 0 142.0 -6.056262019488572 1
gene  1 5 11 -3.17783429193009 0 144.0 -3.17783429193009 1
gene  1 9 11 0.1407292605181379 0 148.0 0.1407292605181379 1
gene  1 10 11 -3.18737697401676 0 149.0 -3.18737697401676 1
gene  1 12 11 -0.46984357874478383 1 151.0 -0.46984357874478383 1
gene  1 14 11 -0.6242157356772071 1 153.0 -0.6242157356772071 1
gene  1 2 12 0.47694959031344264 0 155.0 0.47694959031344264 1
gene  1 4 12 -4.041576453914581 0 157.0 -4.041576453914581 1
gene  1 6 12 4.425671457865879 0 159.0 4.425671457865879 1
gene  1 7 12 -2.3138866123242674 0 160.0 -2.3138866123242674 1
gene  1 9 12 -0.6355993147930619 0 162.0 -0.6355993147930619 1
gene  1 10 12 -3.15832735719032 0 163.0 -3.15832735719032 1
gene  1 12 12 -1.5853055376315304 1 165.0 -1.5853055376315304 1
gene  1 14 12 -2.607633834949311 1 167.0 -2.607633834949311 1
gene  1 1 13 -5.55149213950099 0 168.0 -5.55149213950099 1
gene  1 3 13 -1.667900991025924 0 170.0 -1.667900991025924 1
gene  1 4 13 -0.15475458312284723 0 171.0 -0.15475458312284723 1
gene  1 6 13 3.2193735706231026 0 173.0 3.2193735706231026 1
gene  1 8 13 1.2698665754713356 0 175.0 1.2698665754713356 1
gene  1 9 13 1.5049690843834418 0 176.0 1.5049690843834418 1
gene  1 8 14 -0.6860133367601993 0 189.0 -0.6860133367601993 1
gene  1 11 14 -1.7364469365727022 0 192.0 -1.7364469365727022 1
gene  1 5 8 -0.301891203068241 0 235.0 -0.301891203068241 1
gene  1 1 27 -13.829582828417573 0 241.0 -13.829582828417573 1
gene  1 27 8 -0.8562846713623162 0 242.0 -0.8562846713623162 1
gene  1 9 34 0.48565260802696464 0 272.0 0.48565260802696464 1
gene  1 34 11 3.1331671667397796 0 273.0 3.1331671667397796 1
gene  1 5 13 4.282455989678518 0 277.0 4.282455989678518 1
gene  1 12 14 1.8072760345153374 0 296.0 1.8072760345153374 1
gene  1 8 40 1.0 1 308.0 0.0 1
gene  1 40 8 -2.8354925805986357 0 309.0 0.0 1
genomeend 17
genomestart  18
trait 1 0.8225567813410785 0.5061327229113926 1.1488029599770333 0.16761665438314322 0.10553099158611223 0.0 0.16709809669901776 0.20144182840303793 
node 1 1 1 1
node 2 1 1 1
node 3 1 1 1
node 4 1 1 1
node 5 1 1 1
node 6 1 1 1
node 7 1 1 3
node 8 1 0 0
node 9 1 0 0
node 10 1 0 0
node 11 1 0 0
node 12 1 0 0
node 13 1 0 2
node 14 1 0 2
node 27 1 0 0
node 34 1 0 0
gene  1 1 8 -4.225659841326699 0 98.0 -4.225659841326699 1
gene  1 3 8 16.21572528182077 0 100.0 16.21572528182077 1
gene  1 4 8 -0.5496580277332428 0 101.0 -0.5496580277332428 1
gene  1 6 8 1.0845502804062421 0 103.0 1.0845502804062421 1
gene  1 8 8 -2.8354925805986357 1 105.0 -2.8354925805986357 1
gene  1 10 8 7.446655394806442 1 107.0 7.446655394806442 1
gene  1 3 9 0.25631898289003197 0 114.0 0.25631898289003197 1
gene  1 6 9 1.0788926873913618 0 117.0 1.0788926873913618 1
gene  1 8 9 -1.0893872823267234 0 119.0 -1.0893872823267234 1
gene  1 10 9 -2.9981336412052286 1 121.0 -2.9981336412052286 1
gene  1 11 9 4.129884530014521 1 122.0 4.129884530014521 1
gene  1 13 9 3.1907635865143007 1 124.0 3.1907635865143007 1
gene  1 14 9 -0.8743452817578068 1 125.0 -0.8743452817578068 1
gene  1 1 10 1.1867215746816915 0 126.0 1.1867215746816915 1
gene  1 3 10 5.503309957578164 0 128.0 5.503309957578164 1
gene  1 4 10 -2.6227929116417594 0 129.0 -2.6227929116417594 1
gene  1 5 10 -0.1852304689803126 0 130.0 -0.1852304689803126 1
gene  1 9 10 7.391012316394377 0 134.0 7.391012316394377 1
gene  1 13 10 -5.232904154870585 1 138.0 -5.232904154870585 1
gene  1 1 11 2.14428836323056 0 140.0 2.14428836323056 1
gene  1 3 11 -3.7409673901341933 0 142.0 -3.7409673901341933 1
gene  1 5 11 -2.5125539940705237 0 144.0 -2.5125539940705237 1
gene  1 9 11 -1.7202955893826797 0 148.0 -1.7202955893826797 1
gene  1 10 11 2.429179919485868 0 149.0 2.429179919485868 1
gene  1 12 11 1.7644981519079899 1 151.0 1.7644981519079899 1
gene  1 14 11 -0.6242157356772071 1 153.0 -0.6242157356772071 1
gene  1 2 12 0.06367516682354157 0 155.0 0.06367516682354157 1
gene  1 4 12 0.5040139348624106 0 157.0 0.5040139348624106 1
gene  1 6 12 6.1177151224937045 0 159.0 6.1177151224937045 1
gene  1 7 12 -2.0220207846781273 0 160.0 -2.0220207846781273 1
gene  1 9 12 -0.6355993147930619 0 162.0 -0.6355993147930619 1
gene  1 10 12 -3.528596456476214 0 163.0 -3.528596456476214 1
gene  1 12 12 -1.5363069976122745 1 165.0 -1.5363069976122745 1
gene  1 14 12 -2.528035753968834 1 167.0 -2.528035753968834 1
gene  1 1 13 -7.349614948913647 0 168.0 -7.349614948913647 1
gene  1 3 13 -3.3142627891520733 0 170.0 -3.3142627891520733 1
gene  1 4 13 0.0708464968857278 0 171.0 0.0708464968857278 1
gene  1 6 13 3.32822489354818 0 173.0 3.32822489354818 1
gene  1 8 13 -0.611587489274094 0 175.0 -0.611587489274094 1
gene  1 9 13 2.7311197871364037 0 176.0 2.7311197871364037 1
gene  1 8 14 0.9342482653098394 0 189.0 0.9342482653098394 1
gene  1 11 14 -2.479271674457485 0 192.0 -2.479271674457485 1
gene  1 5 8 1.976823071462742 0 235.0 1.976823071462742 1
gene  1 1 27 -11.738398144814994 0 241.0 -11.738398144814994 1
gene  1 27 8 -0.8562846713623162 0 242.0 -0.8562846713623162 1
gene  1 9 34 -1.6901323005664155 0 272.0 -1.6901323005664155 1
gene  1 34 11 1.3634701172704264 0 273.0 1.3634701172704264 1
gene  1 5 13 4.282455989678518 0 277.0 4.282455989678518 1
gene  1 12 14 1.813059666773707 0 296.0 1.813059666773707 1
genomeend 18
genomestart  19
trait 1 0.8225567813410785 0.5061327229113926 1.1488029599770333 0.16761665438314322 0.10553099158611223 0.0 0.16709809669901776 0.20144182840303793 
node 1 1 1 1
node 2 1 1 1
node 3 1 1 1
node 4 1 1 1
node 5 1 1 1
node 6 1 1 1
node 7 1 1 3
node 8 1 0 0
node 9 1 0 0
node 10 1 0 0
node 11 1 0 0
node 12 1 0 0
node 13 1 0 2
node 14 1 0 2
node 27 1 0 0
node 34 1 0 0
gene  1 1 8 -0.5053237416896261 0 98.0 -0.5053237416896261 1
gene  1 3 8 16.625025132777775 0 100.0 16.625025132777775 1
gene  1 4 8 -0.8823098661681978 0 101.0 -0.8823098661681978 1
gene  1 6 8 0.8307616802361604 0 103.0 0.8307616802361604 1
gene  1 8 8 -4.978619442718635 1 105.0 -4.978619442718635 1
gene  1 10 8 5.306104682907239 1 107.0 5.306104682907239 1
gene  1 3 9 -3.389931149059958 0 114.0 -3.389931149059958 1
gene  1 6 9 0.2692091563920007 0 117.0 0.2692091563920007 1
gene  1 8 9 -3.0716430116092033 0 119.0 -3.0716430116092033 1
gene  1 10 9 -2.5211093721891142 1 121.0 -2.5211093721891142 1
gene  1 11 9 1.9897853615514138 1 122.0 1.9897853615514138 1
gene  1 13 9 2.436224711897378 1 124.0 2.436224711897378 1
gene  1 14 9 -0.6988951587740955 1 125.0 -0.6988951587740955 1
gene  1 1 10 -2.9925699719180936 0 126.0 -2.9925699719180936 1
gene  1 3 10 5.947542483511949 0 128.0 5.947542483511949 1
gene  1 4 10 -2.499221609376009 0 129.0 -2.499221609376009 1
gene  1 5 10 -1.8947850356349958 0 130.0 -1.8947850356349958 1
gene  1 9 10 6.535502556916027 0 134.0 6.535502556916027 1
gene  1 13 10 -5.922897622080918 1 138.0 -5.922897622080918 1
gene  1 1 11 -1.8131693897798131 0 140.0 -1.8131693897798131 1
gene  1 3 11 -4.5034136985128 0 142.0 -4.5034136985128 1
gene  1 5 11 -0.09795116465793369 0 144.0 -0.09795116465793369 1
gene  1 9 11 0.45330242249050995 0 148.0 0.45330242249050995 1
gene  1 10 11 -2.9894956520910263 0 149.0 -2.9894956520910263 1
gene  1 12 11 -2.226708912626213 1 151.0 -2.226708912626213 1
gene  1 14 11 -0.298333176770256 1 153.0 -0.298333176770256 1
gene  1 2 12 -1.1190987192306625 0 155.0 -1.1190987192306625 1
gene  1 4 12 1.0095174566582175 0 157.0 1.0095174566582175 1
gene  1 6 12 6.346139478066579 0 159.0 6.346139478066579 1
gene  1 7 12 -1.7798542189117534 0 160.0 -1.7798542189117534 1
gene  1 9 12 0.4536626792310814 0 162.0 0.4536626792310814 1
gene  1 10 12 -1.4261265259976112 0 163.0 -1.4261265259976112 1
gene  1 12 12 0.45407074546132076 1 165.0 0.45407074546132076 1
gene  1 14 12 -2.7096667323550623 1 167.0 -2.7096667323550623 1
gene  1 1 13 -6.595172444010014 0 168.0 -6.595172444010014 1
gene  1 3 13 1.3243978398449798 0 170.0 1.3243978398449798 1
gene  1 4 13 -2.098127637013546 0 171.0 -2.098127637013546 1
gene  1 6 13 2.3646059521130027 0 173.0 2.3646059521130027 1
gene  1 8 13 1.2698665754713356 0 175.0 1.2698665754713356 1
gene  1 9 13 1.5049690843834418 0 176.0 1.5049690843834418 1
gene  1 8 14 -0.4459632044113715 0 189.0 -0.4459632044113715 1
gene  1 11 14 -1.4624126063826093 0 192.0 -1.4624126063826093 1
gene  1 5 8 0.7261914352112238 0 235.0 0.7261914352112238 1
gene  1 1 27 -13.479236334297276 0 241.0 -13.479236334297276 1
gene  1 27 8 -3.165608417690482 0 242.0 -3.165608417690482 1
gene  1 9 34 2.4718861797504834 0 272.0 2.4718861797504834 1
gene  1 34 11 1.143026857576751 0 273.0 1.143026857576751 1
gene  1 5 13 3.886419228202768 0 277.0 3.886419228202768 1
gene  1 12 14 4.017954828941551 0 296.0 4.017954828941551 1
genomeend 19
