genomestart  0
trait 1 0.0 0.29964541126798605 0.0 0.5917793035862625 0.0 0.5239379551513967 0.8464040429162474 0.9121227953336634 
node 1 1 1 1
node 2 1 1 1
node 3 1 1 1
node 4 1 1 1
node 5 1 1 1
node 6 1 1 1
node 7 1 1 3
node 13 1 0 2
node 14 1 0 2
node 19 1 0 0
node 33 1 0 0
node 41 1 0 0
node 45 1 0 0
gene  1 1 13 -0.20429883870538523 0 168.0 -0.20429883870538523 1
gene  1 3 13 3.4264961596643086 0 170.0 3.4264961596643086 1
gene  1 5 13 -0.35975069253804803 0 172.0 -0.35975069253804803 1
gene  1 6 13 0.42745442846071136 0 173.0 0.42745442846071136 1
gene  1 14 13 13.08334295723744 1 181.0 13.08334295723744 1
gene  1 1 14 -0.6473961972095226 0 182.0 -0.6473961972095226 1
gene  1 2 14 0.92987912709832 0 183.0 0.92987912709832 1
gene  1 4 14 0.18058660841538043 0 185.0 0.18058660841538043 1
gene  1 5 14 -2.654086382085706 0 186.0 -2.654086382085706 1
gene  1 6 14 -1.30043510945998 0 187.0 -1.30043510945998 1
gene  1 7 14 -1.9359550926237925 0 188.0 -1.9359550926237925 1
gene  1 13 14 -9.026710725919624 0 194.0 -9.026710725919624 1
gene  1 14 14 -9.689253194047316 1 195.0 -9.689253194047316 1
gene  1 5 19 3.7784551024646875 0 213.0 3.7784551024646875 1
gene  1 19 13 2.8240423855562757 0 214.0 2.8240423855562757 1
gene  1 2 13 12.034572178416774 0 243.0 12.034572178416774 1
gene  1 6 19 -2.8281784367784115 0 257.0 -2.8281784367784115 1
gene  1 19 14 -4.87235471662779 0 267.0 -4.87235471662779 1
gene  1 14 33 5.632154667003536 1 268.0 5.632154667003536 1
gene  1 33 14 -6.4949963030240045 0 269.0 -6.4949963030240045 1
gene  1 4 13 -9.015323512402047 0 292.0 -9.015323512402047 1
gene  1 14 41 -1.8453735775239746 1 315.0 -1.8453735775239746 1
gene  1 41 13 2.2929395629775704 0 316.0 2.2929395629775704 1
gene  1 5 45 3.0878673867377184 0 338.0 3.0878673867377184 1
gene  1 45 14 -0.07885525837323182 0 339.0 -0.07885525837323182 1
genomeend 0
genomestart  1
trait 1 0.07869159934114178 1.0345714236472001 0.0 1.1532839514398874 0.7293745170020085 0.5239379551513967 0.8464040429162474 0.9121227953336634 
node 1 1 1 1
node 2 1 1 1
node 3 1 1 1
node 4 1 1 1
node 5 1 1 1
node 6 1 1 1
node 7 1 1 3
node 13 1 0 2
node 14 1 0 2
node 19 1 0 0
node 33 1 0 0
node 41 1 0 0
node 45 1 0 0
gene  1 1 13 -1.6105331735375918 0 168.0 -1.6105331735375918 1
gene  1 3 13 6.3551892147488935 0 170.0 6.3551892147488935 1
gene  1 5 13 -0.7677191296577008 0 172.0 -0.7677191296577008 1
gene  1 6 13 2.2413109610246726 0 173.0 2.2413109610246726 1
gene  1 14 13 9.219367340871957 1 181.0 9.219367340871957 1
gene  1 1 14 -3.8471589268417614 0 182.0 -3.8471589268417614 1
gene  1 2 14 0.30963076963051095 0 183.0 0.30963076963051095 1
gene  1 4 14 -0.7589357154728709 0 185.0 -0.7589357154728709 1
gene  1 5 14 -3.152721481379678 0 186.0 -3.152721481379678 1
gene  1 6 14 -1.3854018463316229 0 187.0 -1.3854018463316229 1
gene  1 7 14 0.02647870323870105 0 188.0 0.02647870323870105 1
gene  1 13 14 -10.520878845122159 0 194.0 -10.520878845122159 1
gene  1 14 14 -9.713311408853329 1 195.0 -9.713311408853329 1
gene  1 5 19 4.812164699424286 0 213.0 4.812164699424286 1
gene  1 19 13 5.477893513035995 0 214.0 5.477893513035995 1
gene  1 2 13 10.912256429108552 0 243.0 10.912256429108552 1
gene  1 6 19 -5.036298778173871 0 257.0 -5.036298778173871 1
gene  1 19 14 -7.46815731081881 0 267.0 -7.46815731081881 1
gene  1 14 33 1.963081580119704 1 268.0 1.963081580119704 1
gene  1 33 14 -4.713409974145139 0 269.0 -4.713409974145139 1
gene  1 4 13 -9.360105925735045 0 292.0 -9.360105925735045 1
gene  1 14 41 -0.7381228071182175 1 315.0 -0.7381228071182175 1
gene  1 41 13 2.831129200583248 0 316.0 2.831129200583248 1
gene  1 5 45 3.0878673867377184 0 338.0 3.0878673867377184 1
gene  1 45 14 2.9708172485779123 0 339.0 2.9708172485779123 1
genomeend 1
genomestart  2
trait 1 1.0912366156451037 1.559738843652866 0.35392091268841774 0.0 0.455352653858774 1.0290111265680415 0.6793983389774335 1.3382223835423157 
node 1 1 1 1
node 2 1 1 1
node 3 1 1 1
node 4 1 1 1
node 5 1 1 1
node 6 1 1 1
node 7 1 1 3
node 13 1 0 2
node 14 1 0 2
node 24 1 0 0
node 36 1 0 0
gene  1 2 13 3.0078856500629163 0 169.0 3.0078856500629163 1
gene  1 3 13 -1.876414996186444 0 170.0 -1.876414996186444 1
gene  1 4 13 4.796342536100182 0 171.0 4.796342536100182 1
gene  1 6 13 0.0563179040725621 0 173.0 0.0563179040725621 1
gene  1 7 13 2.4677226173748474 0 174.0 2.4677226173748474 1
gene  1 13 13 1.4350102070277304 1 180.0 1.4350102070277304 1
gene  1 1 14 -6.0904075364229815 0 182.0 -6.0904075364229815 1
gene  1 2 14 1.3422642860488023 0 183.0 1.3422642860488023 1
gene  1 5 14 5.828836572492595 0 186.0 5.828836572492595 1
gene  1 6 14 -0.426989632652279 0 187.0 -0.426989632652279 1
gene  1 7 14 -1.8093866433077535 0 188.0 -1.8093866433077535 1
gene  1 13 14 -0.033888995065999294 0 194.0 -0.033888995065999294 1
gene  1 14 14 -0.34356533295201586 1 195.0 -0.34356533295201586 1
gene  1 2 24 0.8924725704232863 0 226.0 0.8924725704232863 1
gene  1 24 13 3.702538178395613 0 227.0 3.702538178395613 1
gene  1 7 24 1.0826137730795247 0 245.0 1.0826137730795247 1
gene  1 1 24 -1.3958172716336352 0 249.0 -1.3958172716336352 1
gene  1 4 14 1.5459615507160347 0 280.0 1.5459615507160347 1
gene  1 4 36 -9.794254581235545 0 293.0 -9.794254581235545 1
gene  1 36 14 1.2250082655415828 0 294.0 1.2250082655415828 1
gene  1 7 36 -3.773589800529618 0 301.0 -3.773589800529618 1
gene  1 3 36 1.142660064989123 0 313.0 1.142660064989123 1
gene  1 24 36 0.823454740915396 0 345.0 0.823454740915396 1
gene  1 5 13 -3.1924524491610358 0 374.0 -3.1924524491610358 1
genomeend 2
genomestart  3
trait 1 1.1756336028754273 1.559738843652866 1.1151568346067857 0.0 0.9717650480871391 1.0290111265680415 0.6793983389774335 1.790124103969837 
node 1 1 1 1
node 2 1 1 1
node 3 1 1 1
node 4 1 1 1
node 5 1 1 1
node 6 1 1 1
node 7 1 1 3
node 13 1 0 2
node 14 1 0 2
node 24 1 0 0
node 36 1 0 0
gene  1 2 13 1.3898887171407408 0 169.0 1.3898887171407408 1
gene  1 3 13 -0.9435779288600193 0 170.0 -0.9435779288600193 1
gene  1 4 13 8.290929462301245 0 171.0 8.290929462301245 1
gene  1 6 13 -0.12154790396106763 0 173.0 -0.12154790396106763 1
gene  1 7 13 -0.03799107749365249 0 174.0 -0.03799107749365249 1
gene  1 13 13 2.9363923112654295 1 180.0 2.9363923112654295 1
gene  1 1 14 -2.1086449509181118 0 182.0 -2.1086449509181118 1
gene  1 2 14 6.249210620536759 0 183.0 6.249210620536759 1
gene  1 5 14 4.762113643940626 0 186.0 4.762113643940626 1
gene  1 6 14 4.159760142754632 0 187.0 4.159760142754632 1
gene  1 7 14 1.260448966328273 0 188.0 1.260448966328273 1
gene  1 13 14 -0.023443884999754694 0 194.0 -0.023443884999754694 1
gene  1 14 14 3.7833739263628807 1 195.0 3.7833739263628807 1
gene  1 2 24 3.128965839013142 0 226.0 3.128965839013142 1
gene  1 24 13 1.9711164028515573 0 227.0 1.9711164028515573 1
gene  1 7 24 10.611536838871725 0 245.0 10.611536838871725 1
gene  1 1 24 -1.2849276368549036 0 249.0 -1.2849276368549036 1
gene  1 4 14 2.236530685364777 0 280.0 2.236530685364777 1
gene  1 4 36 -8.083913801534942 0 293.0 -8.083913801534942 1
gene  1 36 14 2.022037801762206 0 294.0 2.022037801762206 1
gene  1 7 36 -2.2748615491799926 0 301.0 -2.2748615491799926 1
gene  1 3 36 1.4941938089265894 0 313.0 1.4941938089265894 1
gene  1 24 36 1.2538252187890568 0 345.0 1.2538252187890568 1
gene  1 5 13 -1.8261741027410416 0 374.0 -1.8261741027410416 1
genomeend 3
genomestart  4
trait 1 0.5881716647646825 0.21357948226159307 1.8564835101802153 0.8861824623786819 0.0 1.3132693424315245 1.6423806715703035 0.004307252023895924 
node 1 1 1 1
node 2 1 1 1
node 3 1 1 1
node 4 1 1 1
node 5 1 1 1
node 6 1 1 1
node 7 1 1 3
node 8 1 0 0
node 9 1 0 0
node 10 1 0 0
node 11 1 0 0
node 13 1 0 2
node 14 1 0 2
gene  1 2 8 -1.6430152379775154 0 99.0 -1.6430152379775154 1
gene  1 6 8 1.4534381387300135 0 103.0 1.4534381387300135 1
gene  1 8 8 -3.9276633283795057 1 105.0 -3.9276633283795057 1
gene  1 9 8 6.092720638452425 1 106.0 6.092720638452425 1
gene  1 10 8 4.795028743210769 1 107.0 4.795028743210769 1
gene  1 11 8 0.3768035204533806 1 108.0 0.3768035204533806 1
gene  1 13 8 -1.8779853509764397 1 110.0 -1.8779853509764397 1
gene  1 14 8 -1.0786637183957264 1 111.0 -1.0786637183957264 1
gene  1 1 9 1.5599944612711216 0 112.0 1.5599944612711216 1
gene  1 2 9 -0.21726372565112118 0 113.0 -0.21726372565112118 1
gene  1 3 9 3.700172551640219 0 114.0 3.700172551640219 1
gene  1 6 9 -3.410629567472074 0 117.0 -3.410629567472074 1
gene  1 7 9 -0.7450604507556036 0 118.0 -0.7450604507556036 1
gene  1 8 9 4.145176336796486 0 119.0 4.145176336796486 1
gene  1 9 9 -4.279819588047803 1 120.0 -4.279819588047803 1
gene  1 11 9 -11.208789519780645 1 122.0 -11.208789519780645 1
gene  1 13 9 -3.990001727199791 1 124.0 -3.990001727199791 1
gene  1 14 9 -1.2292244419166416 1 125.0 -1.2292244419166416 1
gene  1 1 10 0.8975142813363074 0 126.0 0.8975142813363074 1
gene  1 3 10 0.21159547807458012 0 128.0 0.21159547807458012 1
gene  1 4 10 -1.0841147783870055 0 129.0 -1.0841147783870055 1
gene  1 5 10 -1.6369954842770191 0 130.0 -1.6369954842770191 1
gene  1 6 10 -3.7296104757890345 0 131.0 -3.7296104757890345 1
gene  1 10 10 -0.1250486462401843 1 135.0 -0.1250486462401843 1
gene  1 11 10 1.2142967498705586 1 136.0 1.2142967498705586 1
gene  1 14 10 -2.7327986947729883 1 139.0 -2.7327986947729883 1
gene  1 1 11 -0.9671553853921382 0 140.0 -0.9671553853921382 1
gene  1 3 11 0.573824034747519 0 142.0 0.573824034747519 1
gene  1 5 11 -7.993386516984143 0 144.0 -7.993386516984143 1
gene  1 6 11 0.03905230222326339 0 145.0 0.03905230222326339 1
gene  1 7 11 3.962133868251108 0 146.0 3.962133868251108 1
gene  1 8 11 1.3189869530688554 0 147.0 1.3189869530688554 1
gene  1 9 11 -0.9301902376129425 0 148.0 -0.9301902376129425 1
gene  1 10 11 0.16028971858069868 0 149.0 0.16028971858069868 1
gene  1 11 11 2.1741546209144165 1 150.0 2.1741546209144165 1
gene  1 1 13 -1.3989223356500187 0 168.0 -1.3989223356500187 1
gene  1 2 13 0.4752085855896029 0 169.0 0.4752085855896029 1
gene  1 3 13 0.006040081859221891 0 170.0 0.006040081859221891 1
gene  1 7 13 -0.7223098170448952 0 174.0 -0.7223098170448952 1
gene  1 11 13 -1.0511952340575086 0 178.0 -1.0511952340575086 1
gene  1 13 13 1.4101725716797506 1 180.0 1.4101725716797506 1
gene  1 2 14 -3.3766907282535916 0 183.0 -3.3766907282535916 1
gene  1 3 14 -7.423157324248741 0 184.0 -7.423157324248741 1
gene  1 4 14 1.49861546312495 0 185.0 1.49861546312495 1
gene  1 7 14 3.6886444550819455 0 188.0 3.6886444550819455 1
gene  1 8 14 -2.0751577088690354 0 189.0 -2.0751577088690354 1
gene  1 10 14 -3.2465268338867896 0 191.0 -3.2465268338867896 1
gene  1 13 14 1.960699368774399 0 194.0 1.960699368774399 1
gene  1 5 13 -0.007379531580060661 0 198.0 -0.007379531580060661 1
gene  1 4 9 1.5165821828287693 0 200.0 1.5165821828287693 1
gene  1 8 13 -0.32543714194281037 0 248.0 -0.32543714194281037 1
gene  1 7 10 1.3686522532649716 0 270.0 1.3686522532649716 1
gene  1 9 10 -0.9782956228678632 0 274.0 -0.9782956228678632 1
gene  1 9 13 0.029842252151363935 0 288.0 0.029842252151363935 1
gene  1 5 14 -0.7291986300562634 0 328.0 -0.7291986300562634 1
gene  1 2 10 3.731069580404629 0 357.0 3.731069580404629 1
gene  1 6 14 -0.5616100153371595 0 388.0 -0.5616100153371595 1
gene  1 3 8 2.8803111560667882 0 393.0 2.8803111560667882 1
genomeend 4
genomestart  5
trait 1 0.5881716647646825 0.21357948226159307 1.8564835101802153 0.8861824623786819 0.0 1.3132693424315245 1.6423806715703035 0.004307252023895924 
node 1 1 1 1
node 2 1 1 1
node 3 1 1 1
node 4 1 1 1
node 5 1 1 1
node 6 1 1 1
node 7 1 1 3
node 8 1 0 0
node 9 1 0 0
node 10 1 0 0
node 11 1 0 0
node 13 1 0 2
node 14 1 0 2
gene  1 2 8 -3.29170635022816 0 99.0 -3.29170635022816 1
gene  1 6 8 -2.423837473769001 0 103.0 -2.423837473769001 1
gene  1 8 8 -2.9865264296655543 1 105.0 -2.9865264296655543 1
gene  1 9 8 4.099462941414826 1 106.0 4.099462941414826 1
gene  1 10 8 7.049727896821536 1 107.0 7.049727896821536 1
gene  1 11 8 0.3768035204533806 1 108.0 0.3768035204533806 1
gene  1 13 8 -0.5812800278624426 1 110.0 -0.5812800278624426 1
gene  1 14 8 -1.7811719371536223 1 111.0 -1.7811719371536223 1
gene  1 1 9 0.3999028440675567 0 112.0 0.3999028440675567 1
gene  1 2 9 -1.684914135233515 0 113.0 -1.684914135233515 1
gene  1 3 9 5.755596479624707 0 114.0 5.755596479624707 1
gene  1 6 9 -3.2702063960946752 0 117.0 -3.2702063960946752 1
gene  1 7 9 -0.7775234780610061 0 118.0 -0.7775234780610061 1
gene  1 8 9 1.30310887692263 0 119.0 1.30310887692263 1
gene  1 9 9 -4.279819588047803 1 120.0 -4.279819588047803 1
gene  1 11 9 1.6840869894913832 1 122.0 1.6840869894913832 1
gene  1 13 9 -2.214856243789278 1 124.0 -2.214856243789278 1
gene  1 14 9 0.013987218638595866 1 125.0 0.013987218638595866 1
gene  1 1 10 -2.346905097730735 0 126.0 -2.346905097730735 1
gene  1 3 10 0.19679406617803202 0 128.0 0.19679406617803202 1
gene  1 4 10 -1.0841147783870055 0 129.0 -1.0841147783870055 1
gene  1 5 10 -2.01969918699019 0 130.0 -2.01969918699019 1
gene  1 6 10 -2.2263425828846284 0 131.0 -2.2263425828846284 1
gene  1 10 10 0.19971000804219924 1 135.0 0.19971000804219924 1
gene  1 11 10 1.8311240671068258 1 136.0 1.8311240671068258 1
gene  1 14 10 -4.476224365663066 1 139.0 -4.476224365663066 1
gene  1 1 11 -3.090844807465383 0 140.0 -3.090844807465383 1
gene  1 3 11 -0.0938757454671224 0 142.0 -0.0938757454671224 1
gene  1 5 11 -5.630537359549444 0 144.0 -5.630537359549444 1
gene  1 6 11 0.03905230222326339 0 145.0 0.03905230222326339 1
gene  1 7 11 5.527499832508804 0 146.0 5.527499832508804 1
gene  1 8 11 -1.7516861439738305 0 147.0 -1.7516861439738305 1
gene  1 9 11 -0.49656563447722896 0 148.0 -0.49656563447722896 1
gene  1 10 11 -0.2809597961483881 0 149.0 -0.2809597961483881 1
gene  1 11 11 3.7092331750630465 1 150.0 3.7092331750630465 1
gene  1 1 13 -1.5437210491628153 0 168.0 -1.5437210491628153 1
gene  1 2 13 -0.7990643490842131 0 169.0 -0.7990643490842131 1
gene  1 3 13 -0.34425980234427106 0 170.0 -0.34425980234427106 1
gene  1 7 13 -1.456226486649443 0 174.0 -1.456226486649443 1
gene  1 11 13 1.55033194660248 0 178.0 1.55033194660248 1
gene  1 13 13 3.8770843241545503 1 180.0 3.8770843241545503 1
gene  1 2 14 -4.476699066844944 0 183.0 -4.476699066844944 1
gene  1 3 14 -8.03854393637673 0 184.0 -8.03854393637673 1
gene  1 4 14 2.0075825660293365 0 185.0 2.0075825660293365 1
gene  1 7 14 3.6886444550819455 0 188.0 3.6886444550819455 1
gene  1 8 14 -2.00265618842075 0 189.0 -2.00265618842075 1
gene  1 10 14 2.1884249113113943 0 191.0 2.1884249113113943 1
gene  1 13 14 0.6208441517442778 0 194.0 0.6208441517442778 1
gene  1 5 13 0.1450881497986828 0 198.0 0.1450881497986828 1
gene  1 4 9 2.1859127345514215 0 200.0 2.1859127345514215 1
gene  1 8 13 0.5834019022813521 0 248.0 0.5834019022813521 1
gene  1 7 10 0.8950952805413297 0 270.0 0.8950952805413297 1
gene  1 9 10 -0.38726638906924227 0 274.0 -0.38726638906924227 1
gene  1 9 13 1.4877910772795058 0 288.0 1.4877910772795058 1
gene  1 5 14 -0.7291986300562634 0 328.0 -0.7291986300562634 1
gene  1 2 10 3.5744624031692536 0 357.0 3.5744624031692536 1
gene  1 6 14 -0.6072877419050673 0 388.0 -0.6072877419050673 1
genomeend 5
genomestart  6
trait 1 0.7748407867188624 0.0 0.0 0.0 1.7799059348361965 1.021634367088284 0.7227535952013976 0.03711240661335824 
node 1 1 1 1
node 2 1 1 1
node 3 1 1 1
node 4 1 1 1
node 5 1 1 1
node 6 1 1 1
node 7 1 1 3
node 8 1 0 0
node 13 1 0 2
node 14 1 0 2
node 16 1 0 0
node 20 1 0 0
node 50 1 0 0
node 55 1 0 0
gene  1 1 8 3.7932036886024014 0 98.0 3.7932036886024014 1
gene  1 2 8 -1.708338184744723 0 99.0 -1.708338184744723 1
gene  1 3 8 4.74992917713548 0 100.0 4.74992917713548 1
gene  1 4 8 -2.3178172247360114 0 101.0 -2.3178172247360114 1
gene  1 5 8 -6.443902835801005 0 102.0 -6.443902835801005 1
gene  1 6 8 -3.333906311754215 0 103.0 -3.333906311754215 1
gene  1 8 8 0.5275098100194338 1 105.0 0.5275098100194338 1
gene  1 13 8 -13.431233396223703 1 110.0 -13.431233396223703 1
gene  1 14 8 -6.225054411494732 1 111.0 -6.225054411494732 1
gene  1 3 13 3.992027116986951 0 170.0 3.992027116986951 1
gene  1 5 13 4.103517045503718 0 172.0 4.103517045503718 1
gene  1 7 13 2.291822010522054 0 174.0 2.291822010522054 1
gene  1 13 13 2.2978720359148825 1 180.0 2.2978720359148825 1
gene  1 2 14 -4.862162368852179 0 183.0 -4.862162368852179 1
gene  1 4 14 -1.1954735199930635 0 185.0 -1.1954735199930635 1
gene  1 6 14 -2.6572916855594637 0 187.0 -2.6572916855594637 1
gene  1 8 14 -1.0882324796826681 0 189.0 -1.0882324796826681 1
gene  1 13 14 -15.016407213449689 0 194.0 -15.016407213449689 1
gene  1 13 16 -3.5953608030742226 0 201.0 -3.5953608030742226 1
gene  1 16 14 2.226056710638617 0 202.0 2.226056710638617 0
gene  1 3 20 -1.3449507018771087 0 215.0 -1.3449507018771087 0
gene  1 20 8 -3.281101344216995 0 216.0 -3.281101344216995 1
gene  1 8 13 -1.0234675425042479 0 233.0 -1.0234675425042479 1
gene  1 2 16 -0.786914021306 0 324.0 -0.786914021306 1
gene  1 2 20 -4.246209883982424 0 333.0 -4.246209883982424 1
gene  1 7 8 -2.4732064390354718 0 352.0 -2.4732064390354718 1
gene  1 16 50 -3.100428404484819 0 364.0 -3.100428404484819 1
gene  1 50 14 0.04883525895256846 0 365.0 0.04883525895256846 1
gene  1 3 55 1.4339974892111225 0 379.0 1.4339974892111225 1
gene  1 55 20 -0.027293900256541326 0 380.0 -0.027293900256541326 1
genomeend 6
genomestart  7
trait 1 0.7748407867188624 0.0 0.0 0.0 1.7799059348361965 1.021634367088284 0.7227535952013976 0.03711240661335824 
node 1 1 1 1
node 2 1 1 1
node 3 1 1 1
node 4 1 1 1
node 5 1 1 1
node 6 1 1 1
node 7 1 1 3
node 8 1 0 0
node 13 1 0 2
node 14 1 0 2
node 16 1 0 0
node 20 1 0 0
node 50 1 0 0
node 55 1 0 0
gene  1 1 8 2.428104086720829 0 98.0 2.428104086720829 1
gene  1 2 8 -0.4989385383358611 0 99.0 -0.4989385383358611 1
gene  1 3 8 2.998778513776743 0 100.0 2.998778513776743 1
gene  1 4 8 -3.4041496400466684 0 101.0 -3.4041496400466684 1
gene  1 5 8 -5.120829894732118 0 102.0 -5.120829894732118 1
gene  1 6 8 -5.599052805837658 0 103.0 -5.599052805837658 1
gene  1 8 8 -1.5921872760719402 1 105.0 -1.5921872760719402 1
gene  1 13 8 -11.287013393601006 1 110.0 -11.287013393601006 1
gene  1 14 8 -6.688618713331979 1 111.0 -6.688618713331979 1
gene  1 3 13 2.037931763213102 0 170.0 2.037931763213102 1
gene  1 5 13 2.4830672531715994 0 172.0 2.4830672531715994 1
gene  1 7 13 0.7475926581809729 0 174.0 0.7475926581809729 1
gene  1 13 13 0.496410496903505 1 180.0 0.496410496903505 1
gene  1 2 14 -2.5689206638569515 0 183.0 -2.5689206638569515 1
gene  1 4 14 -0.5319321933555101 0 185.0 -0.5319321933555101 1
gene  1 6 14 -0.5576491970536539 0 187.0 -0.5576491970536539 1
gene  1 8 14 -0.2893905442567757 0 189.0 -0.2893905442567757 1
gene  1 13 14 -15.109499296432904 0 194.0 -15.109499296432904 1
gene  1 13 16 -1.5538150675089246 0 201.0 -1.5538150675089246 1
gene  1 16 14 3.479113730551819 0 202.0 3.479113730551819 0
gene  1 3 20 -0.3200664964920652 0 215.0 -0.3200664964920652 0
gene  1 20 8 -4.09137796078921 0 216.0 -4.09137796078921 1
gene  1 8 13 -2.6847374370413313 0 233.0 -2.6847374370413313 1
gene  1 2 16 -0.9535025072314742 0 324.0 -0.9535025072314742 1
gene  1 2 20 -4.2989564947008825 0 333.0 -4.2989564947008825 1
gene  1 7 8 -3.399184951026421 0 352.0 -3.399184951026421 1
gene  1 16 50 -2.0094770923466596 0 364.0 -2.0094770923466596 1
gene  1 50 14 -1.830452813083574 0 365.0 -1.830452813083574 1
gene  1 3 55 1.4339974892111225 0 379.0 1.4339974892111225 1
gene  1 55 20 0.12330161786805749 0 380.0 0.12330161786805749 1
genomeend 7
genomestart  8
trait 1 0.7748407867188624 0.0 0.0 0.0 1.7799059348361965 1.021634367088284 0.7227535952013976 0.03711240661335824 
node 1 1 1 1
node 2 1 1 1
node 3 1 1 1
node 4 1 1 1
node 5 1 1 1
node 6 1 1 1
node 7 1 1 3
node 8 1 0 0
node 13 1 0 2
node 14 1 0 2
node 16 1 0 0
node 20 1 0 0
node 50 1 0 0
node 55 1 0 0
gene  1 1 8 2.428104086720829 0 98.0 2.428104086720829 1
gene  1 2 8 -0.4989385383358611 0 99.0 -0.4989385383358611 1
gene  1 3 8 2.998778513776743 0 100.0 2.998778513776743 1
gene  1 4 8 -3.4041496400466684 0 101.0 -3.4041496400466684 1
gene  1 5 8 -5.120829894732118 0 102.0 -5.120829894732118 1
gene  1 6 8 -5.599052805837658 0 103.0 -5.599052805837658 1
gene  1 8 8 -1.5921872760719402 1 105.0 -1.5921872760719402 1
gene  1 13 8 -11.287013393601006 1 110.0 -11.287013393601006 1
gene  1 14 8 -6.688618713331979 1 111.0 -6.688618713331979 1
gene  1 3 13 2.037931763213102 0 170.0 2.037931763213102 1
gene  1 5 13 2.4830672531715994 0 172.0 2.4830672531715994 1
gene  1 7 13 0.7475926581809729 0 174.0 0.7475926581809729 1
gene  1 13 13 0.496410496903505 1 180.0 0.496410496903505 1
gene  1 2 14 -2.5689206638569515 0 183.0 -2.5689206638569515 1
gene  1 4 14 -0.5319321933555101 0 185.0 -0.5319321933555101 1
gene  1 6 14 -0.5576491970536539 0 187.0 -0.5576491970536539 1
gene  1 8 14 -0.2893905442567757 0 189.0 -0.2893905442567757 1
gene  1 13 14 -15.109499296432904 0 194.0 -15.109499296432904 1
gene  1 13 16 -1.5538150675089246 0 201.0 -1.5538150675089246 1
gene  1 16 14 3.479113730551819 0 202.0 3.479113730551819 0
gene  1 3 20 -0.3200664964920652 0 215.0 -0.3200664964920652 0
gene  1 20 8 -4.09137796078921 0 216.0 -4.09137796078921 1
gene  1 8 13 -2.6847374370413313 0 233.0 -2.6847374370413313 1
gene  1 2 16 -0.9535025072314742 0 324.0 -0.9535025072314742 1
gene  1 2 20 -4.2989564947008825 0 333.0 -4.2989564947008825 1
gene  1 7 8 -3.399184951026421 0 352.0 -3.399184951026421 1
gene  1 16 50 -2.0094770923466596 0 364.0 -2.0094770923466596 1
gene  1 50 14 -1.830452813083574 0 365.0 -1.830452813083574 1
gene  1 3 55 1.4339974892111225 0 379.0 1.4339974892111225 1
gene  1 55 20 0.12330161786805749 0 380.0 0.12330161786805749 1
gene  1 7 16 4.6743174481137295 0 394.0 4.6743174481137295 1
genomeend 8
genomestart  9
trait 1 0.0 0.2763675853393155 0.2647539208127345 0.7948206016704883 0.5668155252003936 0.9714201015196656 0.0 0.6764016660929384 
node 1 1 1 1
node 2 1 1 1
node 3 1 1 1
node 4 1 1 1
node 5 1 1 1
node 6 1 1 1
node 7 1 1 3
node 8 1 0 0
node 9 1 0 0
node 10 1 0 0
node 13 1 0 2
node 14 1 0 2
node 21 1 0 0
node 29 1 0 0
node 52 1 0 0
node 53 1 0 0
gene  1 1 8 -1.834564461740735 0 98.0 -1.834564461740735 1
gene  1 3 8 -5.318373590253034 0 100.0 -5.318373590253034 1
gene  1 5 8 0.44617641493685656 0 102.0 0.44617641493685656 1
gene  1 6 8 0.9022113191397949 0 103.0 0.9022113191397949 1
gene  1 8 8 3.8041629623116697 1 105.0 3.8041629623116697 1
gene  1 1 9 -2.2500950576774525 0 112.0 -2.2500950576774525 1
gene  1 2 9 1.866906057025916 0 113.0 1.866906057025916 1
gene  1 3 9 -1.3983364661176838 0 114.0 -1.3983364661176838 1
gene  1 5 9 0.733477563652267 0 116.0 0.733477563652267 1
gene  1 7 9 -0.24855110716986561 0 118.0 -0.24855110716986561 1
gene  1 9 9 0.7463862821966136 1 120.0 0.7463862821966136 1
gene  1 10 9 -3.3521923583445585 1 121.0 -3.3521923583445585 1
gene  1 13 9 1.6947228727104706 1 124.0 1.6947228727104706 1
gene  1 2 10 7.037512060165458 0 127.0 7.037512060165458 1
gene  1 4 10 -2.3664059084865627 0 129.0 -2.3664059084865627 1
gene  1 5 10 -6.22189272439413 0 130.0 -6.22189272439413 1
gene  1 8 10 -5.303015799855426 0 133.0 -5.303015799855426 1
gene  1 9 10 -1.549596383860171 0 134.0 -1.549596383860171 1
gene  1 10 10 -2.796011279904417 1 135.0 -2.796011279904417 1
gene  1 13 10 8.912630621107276 1 138.0 8.912630621107276 1
gene  1 14 10 -0.13988899181841802 1 139.0 -0.13988899181841802 1
gene  1 2 13 4.145058762061145 0 169.0 4.145058762061145 1
gene  1 3 13 -0.4119127127597939 0 170.0 -0.4119127127597939 1
gene  1 6 13 -0.17463849725251446 0 173.0 -0.17463849725251446 1
gene  1 7 13 -0.9922442900366746 0 174.0 -0.9922442900366746 1
gene  1 9 13 4.591333305662268 0 176.0 4.591333305662268 1
gene  1 13 13 -3.917170143730174 1 180.0 -3.917170143730174 1
gene  1 14 13 -4.395314320707563 1 181.0 -4.395314320707563 1
gene  1 1 14 9.229408337044552 0 182.0 9.229408337044552 1
gene  1 3 14 -3.47851954973816 0 184.0 -3.47851954973816 1
gene  1 9 14 -4.048316177944528 0 190.0 -4.048316177944528 0
gene  1 10 14 -8.394058239581717 0 191.0 -8.394058239581717 1
gene  1 1 21 -2.088510777873976 0 218.0 -2.088510777873976 1
gene  1 21 8 6.1319761861375675 0 219.0 6.1319761861375675 1
gene  1 3 10 -0.8365056412333649 0 223.0 -0.8365056412333649 1
gene  1 6 29 -2.0956260614202153 0 259.0 -2.0956260614202153 1
gene  1 29 8 0.6441238589679785 0 260.0 0.6441238589679785 1
gene  1 29 21 2.5530140160492065 0 271.0 2.5530140160492065 1
gene  1 3 21 -4.3859692410705255 0 300.0 -4.3859692410705255 1
gene  1 9 52 -0.5070423369979817 0 368.0 -0.5070423369979817 1
gene  1 52 14 -1.096960662550189 0 369.0 -1.096960662550189 1
gene  1 1 53 1.5452853924953802 0 372.0 1.5452853924953802 1
gene  1 53 21 5.889744042794686 0 373.0 5.889744042794686 1
genomeend 9
genomestart  10
trait 1 0.0 0.2763675853393155 0.2647539208127345 0.7948206016704883 0.5668155252003936 0.9714201015196656 0.0 0.6764016660929384 
node 1 1 1 1
node 2 1 1 1
node 3 1 1 1
node 4 1 1 1
node 5 1 1 1
node 6 1 1 1
node 7 1 1 3
node 8 1 0 0
node 9 1 0 0
node 10 1 0 0
node 13 1 0 2
node 14 1 0 2
node 21 1 0 0
node 29 1 0 0
node 52 1 0 0
node 53 1 0 0
gene  1 1 8 2.9856484869117494 0 98.0 2.9856484869117494 1
gene  1 3 8 -6.560148385546002 0 100.0 -6.560148385546002 1
gene  1 5 8 0.036857678805237715 0 102.0 0.036857678805237715 1
gene  1 6 8 -1.4364355230019807 0 103.0 -1.4364355230019807 1
gene  1 8 8 4.365596503308859 1 105.0 4.365596503308859 1
gene  1 1 9 -5.683054312848292 0 112.0 -5.683054312848292 1
gene  1 2 9 0.5337983399211257 0 113.0 0.5337983399211257 1
gene  1 3 9 -0.10334334999619332 0 114.0 -0.10334334999619332 1
gene  1 5 9 7.746380770871051 0 116.0 7.746380770871051 1
gene  1 7 9 -2.2250798715262454 0 118.0 -2.2250798715262454 1
gene  1 9 9 -1.3855739054363287 1 120.0 -1.3855739054363287 1
gene  1 10 9 -4.116848910638192 1 121.0 -4.116848910638192 1
gene  1 13 9 5.2088589440866055 1 124.0 5.2088589440866055 1
gene  1 2 10 6.981244967025527 0 127.0 6.981244967025527 1
gene  1 4 10 -3.2451081776469746 0 129.0 -3.2451081776469746 1
gene  1 5 10 -3.8638718575168087 0 130.0 -3.8638718575168087 1
gene  1 8 10 -7.920098662742282 0 133.0 -7.920098662742282 1
gene  1 9 10 -3.4333373506928964 0 134.0 -3.4333373506928964 1
gene  1 10 10 -4.899657307666787 1 135.0 -4.899657307666787 1
gene  1 13 10 7.2864995500411 1 138.0 7.2864995500411 1
gene  1 14 10 1.4275004621387446 1 139.0 1.4275004621387446 1
gene  1 2 13 0.7211886511246695 0 169.0 0.7211886511246695 1
gene  1 3 13 -2.8386507805305397 0 170.0 -2.8386507805305397 1
gene  1 6 13 -9.826556477004875 0 173.0 -9.826556477004875 1
gene  1 7 13 -0.33954489887519257 0 174.0 -0.33954489887519257 1
gene  1 9 13 3.029123638355267 0 176.0 3.029123638355267 1
gene  1 13 13 -6.522427374584183 1 180.0 -6.522427374584183 1
gene  1 14 13 -1.0562926274724904 1 181.0 -1.0562926274724904 1
gene  1 1 14 5.1627172517294655 0 182.0 5.1627172517294655 1
gene  1 3 14 -5.088371969591326 0 184.0 -5.088371969591326 1
gene  1 9 14 -4.079542994248062 0 190.0 -4.079542994248062 0
gene  1 10 14 -8.708550900423427 0 191.0 -8.708550900423427 1
gene  1 1 21 -2.6592508772862464 0 218.0 -2.6592508772862464 1
gene  1 21 8 -1.8819304642528305 0 219.0 -1.8819304642528305 1
gene  1 3 10 3.156454812199675 0 223.0 3.156454812199675 1
gene  1 6 29 -1.192055518735156 0 259.0 -1.192055518735156 1
gene  1 29 8 0.7309809350921784 0 260.0 0.7309809350921784 1
gene  1 29 21 2.099578959251652 0 271.0 2.099578959251652 1
gene  1 3 21 -0.4535787826490698 0 300.0 -0.4535787826490698 1
gene  1 9 52 -1.8487494946762881 0 368.0 -1.8487494946762881 1
gene  1 52 14 -1.3153374153845385 0 369.0 -1.3153374153845385 1
gene  1 1 53 2.9267467400011618 0 372.0 2.9267467400011618 1
gene  1 53 21 6.931358310879553 0 373.0 6.931358310879553 1
genomeend 10
genomestart  11
trait 1 1.2278199519511421 0.8431431947056619 0.0 0.24340368269336865 0.0 1.7239330509845825 0.9506980277045094 0.0 
node 1 1 1 1
node 2 1 1 1
node 3 1 1 1
node 4 1 1 1
node 5 1 1 1
node 6 1 1 1
node 7 1 1 3
node 13 1 0 2
node 14 1 0 2
node 42 1 0 0
gene  1 1 13 -0.3551068154897341 0 168.0 -0.3551068154897341 1
gene  1 2 13 1.9081800646558211 0 169.0 1.9081800646558211 1
gene  1 3 13 -4.215792161462235 0 170.0 -4.215792161462235 1
gene  1 4 13 2.3971585073544137 0 171.0 2.3971585073544137 1
gene  1 5 13 -3.113951409858611 0 172.0 -3.113951409858611 1
gene  1 6 13 6.344733288921585 0 173.0 6.344733288921585 1
gene  1 7 13 0.9757789036071729 0 174.0 0.9757789036071729 1
gene  1 14 13 5.694729330646297 1 181.0 5.694729330646297 1
gene  1 1 14 4.029193865411234 0 182.0 4.029193865411234 1
gene  1 2 14 3.4357861332743163 0 183.0 3.4357861332743163 1
gene  1 3 14 -0.6318764006305477 0 184.0 -0.6318764006305477 1
gene  1 13 14 1.2137308435324186 0 194.0 1.2137308435324186 1
gene  1 14 14 1.5040982483846639 1 195.0 1.5040982483846639 1
gene  1 6 14 -2.2602320482276466 0 230.0 -2.2602320482276466 1
gene  1 4 14 -4.6199332978499665 0 312.0 -4.6199332978499665 1
gene  1 2 42 -0.05529636757838419 0 320.0 -0.05529636757838419 1
gene  1 42 13 -2.518417612705903 0 321.0 -2.518417612705903 1
gene  1 6 42 1.682927636581869 0 349.0 1.682927636581869 1
gene  1 7 14 1.9652542663588837 0 353.0 1.9652542663588837 1
gene  1 7 42 -6.442788083865411 0 395.0 -6.442788083865411 1
genomeend 11
genomestart  12
trait 1 1.2278199519511421 0.8431431947056619 0.0 0.24340368269336865 0.0 1.7239330509845825 0.9506980277045094 0.0 
node 1 1 1 1
node 2 1 1 1
node 3 1 1 1
node 4 1 1 1
node 5 1 1 1
node 6 1 1 1
node 7 1 1 3
node 13 1 0 2
node 14 1 0 2
node 42 1 0 0
gene  1 1 13 -0.3551068154897341 0 168.0 -0.3551068154897341 1
gene  1 2 13 2.7971681415592027 0 169.0 2.7971681415592027 1
gene  1 3 13 -4.779099729779608 0 170.0 -4.779099729779608 1
gene  1 4 13 1.3339011886509968 0 171.0 1.3339011886509968 1
gene  1 5 13 -0.6198899135166802 0 172.0 -0.6198899135166802 1
gene  1 6 13 1.558983527454901 0 173.0 1.558983527454901 1
gene  1 7 13 0.34615455557534536 0 174.0 0.34615455557534536 1
gene  1 14 13 7.897690321111659 1 181.0 7.897690321111659 1
gene  1 1 14 4.029193865411234 0 182.0 4.029193865411234 1
gene  1 2 14 0.6835011777221517 0 183.0 0.6835011777221517 1
gene  1 3 14 0.11363891136652843 0 184.0 0.11363891136652843 1
gene  1 13 14 2.2789480400864974 0 194.0 2.2789480400864974 1
gene  1 14 14 2.0820701501124037 1 195.0 2.0820701501124037 1
gene  1 6 14 -1.024784790057775 0 230.0 -1.024784790057775 1
gene  1 4 14 -4.895264246182645 0 312.0 -4.895264246182645 1
gene  1 2 42 -1.5651745410141176 0 320.0 -1.5651745410141176 1
gene  1 42 13 -2.518417612705903 0 321.0 -2.518417612705903 1
gene  1 6 42 1.2645565051796195 0 349.0 1.2645565051796195 1
gene  1 7 14 1.8005577322019795 0 353.0 1.8005577322019795 1
genomeend 12
genomestart  13
trait 1 0.5031937912988503 0.0 0.0 0.7829824703357012 0.0 0.34443587063922654 0.6332814071952078 0.0 
node 1 1 1 1
node 2 1 1 1
node 3 1 1 1
node 4 1 1 1
node 5 1 1 1
node 6 1 1 1
node 7 1 1 3
node 8 1 0 0
node 13 1 0 2
node 14 1 0 2
node 49 1 0 0
gene  1 4 8 -2.1154832782812334 0 101.0 -2.1154832782812334 1
gene  1 5 8 -9.265753334851896 0 102.0 -9.265753334851896 1
gene  1 6 8 -7.723499923780116 0 103.0 -7.723499923780116 1
gene  1 14 8 1.3869370961705783 1 111.0 1.3869370961705783 1
gene  1 1 13 2.4327914112246694 0 168.0 2.4327914112246694 1
gene  1 2 13 -2.1086467768588957 0 169.0 -2.1086467768588957 1
gene  1 3 13 2.2961400567406343 0 170.0 2.2961400567406343 1
gene  1 5 13 1.7805848478650081 0 172.0 1.7805848478650081 1
gene  1 7 13 -7.1717996931128445 0 174.0 -7.1717996931128445 1
gene  1 14 13 7.400878180152415 1 181.0 7.400878180152415 1
gene  1 1 14 5.675638228549061 0 182.0 5.675638228549061 1
gene  1 2 14 1.6105435508885646 0 183.0 1.6105435508885646 1
gene  1 3 14 6.434714674590348 0 184.0 6.434714674590348 1
gene  1 4 14 -2.1081035040530782 0 185.0 -2.1081035040530782 1
gene  1 8 14 1.0471819695168707 0 189.0 1.0471819695168707 1
gene  1 14 14 3.741231333910619 1 195.0 3.741231333910619 1
gene  1 6 14 -3.135522887680124 0 240.0 -3.135522887680124 1
gene  1 8 13 -0.3007625235534025 0 311.0 -0.3007625235534025 1
gene  1 14 13 -1.638941394055045 0 322.0 -1.638941394055045 1
gene  1 2 49 -4.180425669110819 0 362.0 -4.180425669110819 1
gene  1 49 14 0.8572535067189138 0 363.0 0.8572535067189138 1
gene  1 3 8 2.8803111560667882 0 393.0 0.0 1
genomeend 13
genomestart  14
trait 1 0.5031937912988503 0.0 0.0 0.7829824703357012 0.0 0.34443587063922654 0.6332814071952078 0.0 
node 1 1 1 1
node 2 1 1 1
node 3 1 1 1
node 4 1 1 1
node 5 1 1 1
node 6 1 1 1
node 7 1 1 3
node 8 1 0 0
node 13 1 0 2
node 14 1 0 2
node 49 1 0 0
gene  1 4 8 -0.13441403787728623 0 101.0 -0.13441403787728623 1
gene  1 5 8 -9.265753334851896 0 102.0 -9.265753334851896 1
gene  1 6 8 1.6447046549355606 0 103.0 1.6447046549355606 1
gene  1 14 8 -1.6261166747584523 1 111.0 -1.6261166747584523 1
gene  1 1 13 3.511138040154819 0 168.0 3.511138040154819 1
gene  1 2 13 -0.7642210370797264 0 169.0 -0.7642210370797264 1
gene  1 3 13 0.3320107376239212 0 170.0 0.3320107376239212 1
gene  1 5 13 1.7805848478650081 0 172.0 1.7805848478650081 1
gene  1 7 13 1.061140252860471 0 174.0 1.061140252860471 1
gene  1 14 13 5.885026072158695 1 181.0 5.885026072158695 1
gene  1 1 14 4.594945976898229 0 182.0 4.594945976898229 1
gene  1 2 14 1.5931292077170172 0 183.0 1.5931292077170172 1
gene  1 3 14 -1.3038578096691524 0 184.0 -1.3038578096691524 1
gene  1 4 14 -3.5026480134385745 0 185.0 -3.5026480134385745 1
gene  1 8 14 -0.03306120257569911 0 189.0 -0.03306120257569911 1
gene  1 14 14 5.575099691926431 1 195.0 5.575099691926431 1
gene  1 6 14 -2.8319800334938385 0 240.0 -2.8319800334938385 1
gene  1 8 13 -1.3468806590586468 0 311.0 -1.3468806590586468 1
gene  1 14 13 1.719063082407783 0 322.0 1.719063082407783 1
gene  1 2 49 -2.976330894948674 0 362.0 -2.976330894948674 1
gene  1 49 14 1.3305872094931872 0 363.0 1.3305872094931872 1
genomeend 14
genomestart  15
trait 1 0.8225567813410785 1.2140246672840036 0.7816155317589891 0.49951333318806035 0.760472394127403 0.9742749841765682 0.16709809669901776 0.20144182840303793 
node 1 1 1 1
node 2 1 1 1
node 3 1 1 1
node 4 1 1 1
node 5 1 1 1
node 6 1 1 1
node 7 1 1 3
node 8 1 0 0
node 9 1 0 0
node 10 1 0 0
node 11 1 0 0
node 12 1 0 0
node 13 1 0 2
node 14 1 0 2
node 27 1 0 0
node 34 1 0 0
node 40 1 0 0
node 48 1 0 0
gene  1 1 8 -2.2252665311680553 0 98.0 -2.2252665311680553 1
gene  1 3 8 -2.337422063275618 0 100.0 -2.337422063275618 0
gene  1 4 8 2.126355195328396 0 101.0 2.126355195328396 1
gene  1 6 8 -6.41445963846329 0 103.0 -6.41445963846329 1
gene  1 8 8 8.083457484213767 1 105.0 8.083457484213767 1
gene  1 10 8 -0.25174568437315803 1 107.0 -0.25174568437315803 1
gene  1 3 9 -2.8948502447607973 0 114.0 -2.8948502447607973 1
gene  1 6 9 -0.09654568862114166 0 117.0 -0.09654568862114166 1
gene  1 8 9 3.0564452878249657 0 119.0 3.0564452878249657 1
gene  1 10 9 3.0609148756957225 1 121.0 3.0609148756957225 1
gene  1 11 9 -0.3089727883335248 1 122.0 -0.3089727883335248 1
gene  1 13 9 0.5014983453871502 1 124.0 0.5014983453871502 1
gene  1 14 9 1.3757054783280371 1 125.0 1.3757054783280371 1
gene  1 1 10 2.3383054204025573 0 126.0 2.3383054204025573 1
gene  1 3 10 4.848870384902385 0 128.0 4.848870384902385 1
gene  1 4 10 -7.2420048947117355 0 129.0 -7.2420048947117355 1
gene  1 5 10 -2.046320854895882 0 130.0 -2.046320854895882 1
gene  1 9 10 -0.4420442937997665 0 134.0 -0.4420442937997665 1
gene  1 13 10 -4.095700601464315 1 138.0 -4.095700601464315 1
gene  1 1 11 0.48205834300824313 0 140.0 0.48205834300824313 1
gene  1 3 11 -4.262434545925004 0 142.0 -4.262434545925004 1
gene  1 5 11 10.551393713259682 0 144.0 10.551393713259682 1
gene  1 9 11 -0.07160302846535083 0 148.0 -0.07160302846535083 1
gene  1 10 11 1.3823751236543358 0 149.0 1.3823751236543358 1
gene  1 12 11 -2.693303520335748 1 151.0 -2.693303520335748 1
gene  1 14 11 2.2745010582548093 1 153.0 2.2745010582548093 1
gene  1 2 12 -0.47809741267559935 0 155.0 -0.47809741267559935 1
gene  1 4 12 5.905273785438913 0 157.0 5.905273785438913 1
gene  1 6 12 6.283297203383094 0 159.0 6.283297203383094 1
gene  1 7 12 0.3332490228570024 0 160.0 0.3332490228570024 1
gene  1 9 12 -1.7792211798508286 0 162.0 -1.7792211798508286 1
gene  1 10 12 -2.7847385611306628 0 163.0 -2.7847385611306628 1
gene  1 12 12 -0.8045680133396138 1 165.0 -0.8045680133396138 1
gene  1 14 12 -3.344771322289571 1 167.0 -3.344771322289571 1
gene  1 1 13 4.561621890103103 0 168.0 4.561621890103103 1
gene  1 3 13 2.3018385023877457 0 170.0 2.3018385023877457 1
gene  1 4 13 -3.916208192939842 0 171.0 -3.916208192939842 1
gene  1 6 13 7.053544426784396 0 173.0 7.053544426784396 1
gene  1 8 13 0.6054880796552407 0 175.0 0.6054880796552407 1
gene  1 9 13 2.169111117267301 0 176.0 2.169111117267301 1
gene  1 8 14 -1.2757271167689903 0 189.0 -1.2757271167689903 1
gene  1 11 14 14.99016071220328 0 192.0 14.99016071220328 1
gene  1 5 8 -0.9810679914774525 0 235.0 -0.9810679914774525 1
gene  1 1 27 -0.9250482019175466 0 241.0 -0.9250482019175466 1
gene  1 27 8 -0.9435975570172741 0 242.0 -0.9435975570172741 1
gene  1 9 34 -0.9188915342624313 0 272.0 -0.9188915342624313 1
gene  1 34 11 -0.41411612851397606 0 273.0 -0.41411612851397606 1
gene  1 5 13 0.3697684815828864 0 277.0 0.3697684815828864 1
gene  1 12 14 0.19547922855391975 0 296.0 0.19547922855391975 1
gene  1 8 40 0.19889074532986406 1 308.0 0.19889074532986406 1
gene  1 40 8 1.2973485213761735 0 309.0 1.2973485213761735 1
gene  1 10 14 5.128995929078878 0 341.0 5.128995929078878 1
gene  1 3 48 0.12022935875441504 0 360.0 0.12022935875441504 1
gene  1 48 8 -1.5737309522364011 0 361.0 -1.5737309522364011 1
genomeend 15
genomestart  16
trait 1 0.8225567813410785 1.2140246672840036 0.7816155317589891 0.49951333318806035 0.760472394127403 0.9742749841765682 0.16709809669901776 0.20144182840303793 
node 1 1 1 1
node 2 1 1 1
node 3 1 1 1
node 4 1 1 1
node 5 1 1 1
node 6 1 1 1
node 7 1 1 3
node 8 1 0 0
node 9 1 0 0
node 10 1 0 0
node 11 1 0 0
node 12 1 0 0
node 13 1 0 2
node 14 1 0 2
node 27 1 0 0
node 34 1 0 0
node 40 1 0 0
node 48 1 0 0
gene  1 1 8 0.68535266657782 0 98.0 0.68535266657782 1
gene  1 3 8 -3.3349827088532007 0 100.0 -3.3349827088532007 0
gene  1 4 8 3.613293243871426 0 101.0 3.613293243871426 1
gene  1 6 8 -2.707561736013873 0 103.0 -2.707561736013873 1
gene  1 8 8 6.146243256224749 1 105.0 6.146243256224749 1
gene  1 10 8 -2.9758174673920563 1 107.0 -2.9758174673920563 1
gene  1 3 9 -4.099124636289074 0 114.0 -4.099124636289074 1
gene  1 6 9 1.5398433591270722 0 117.0 1.5398433591270722 1
gene  1 8 9 0.17165334538018673 0 119.0 0.17165334538018673 1
gene  1 10 9 0.9490265180381672 1 121.0 0.9490265180381672 1
gene  1 11 9 1.725006629168944 1 122.0 1.725006629168944 1
gene  1 13 9 0.6034902852745647 1 124.0 0.6034902852745647 1
gene  1 14 9 -0.18968720069750777 1 125.0 -0.18968720069750777 1
gene  1 1 10 1.0839820437962846 0 126.0 1.0839820437962846 1
gene  1 3 10 1.6342667648088676 0 128.0 1.6342667648088676 1
gene  1 4 10 -4.590351121351441 0 129.0 -4.590351121351441 1
gene  1 5 10 5.834368219813486 0 130.0 5.834368219813486 1
gene  1 9 10 9.460885403967659 0 134.0 9.460885403967659 1
gene  1 13 10 -0.1781914161296121 1 138.0 -0.1781914161296121 1
gene  1 1 11 0.2637965086394243 0 140.0 0.2637965086394243 1
gene  1 3 11 -4.51835731199607 0 142.0 -4.51835731199607 1
gene  1 5 11 11.721928974099296 0 144.0 11.721928974099296 1
gene  1 9 11 -0.8061164969069019 0 148.0 -0.8061164969069019 1
gene  1 10 11 3.768544117294288 0 149.0 3.768544117294288 1
gene  1 12 11 -2.89898431247719 1 151.0 -2.89898431247719 1
gene  1 14 11 0.8964872643959347 1 153.0 0.8964872643959347 1
gene  1 2 12 -4.324824312196667 0 155.0 -4.324824312196667 1
gene  1 4 12 4.702469076394686 0 157.0 4.702469076394686 1
gene  1 6 12 4.319922121574906 0 159.0 4.319922121574906 1
gene  1 7 12 -4.3547310734119895 0 160.0 -4.3547310734119895 1
gene  1 9 12 0.19426717608075572 0 162.0 0.19426717608075572 1
gene  1 10 12 -2.1384269188699188 0 163.0 -2.1384269188699188 1
gene  1 12 12 -1.5237594556571656 1 165.0 -1.5237594556571656 1
gene  1 14 12 -3.7674450205511505 1 167.0 -3.7674450205511505 1
gene  1 1 13 4.228249751205334 0 168.0 4.228249751205334 1
gene  1 3 13 0.29762908955644063 0 170.0 0.29762908955644063 1
gene  1 4 13 -4.231594656357858 0 171.0 -4.231594656357858 1
gene  1 6 13 5.7320687560202455 0 173.0 5.7320687560202455 1
gene  1 8 13 6.06359513216692 0 175.0 6.06359513216692 1
gene  1 9 13 6.449067127654158 0 176.0 6.449067127654158 1
gene  1 8 14 -3.984025801581844 0 189.0 -3.984025801581844 1
gene  1 11 14 13.02992038508274 0 192.0 13.02992038508274 1
gene  1 5 8 -7.231388751013986 0 235.0 -7.231388751013986 1
gene  1 1 27 1.1485190908619458 0 241.0 1.1485190908619458 1
gene  1 27 8 -2.711359847836242 0 242.0 -2.711359847836242 1
gene  1 9 34 -3.070947702746122 0 272.0 -3.070947702746122 1
gene  1 34 11 3.11027655191885 0 273.0 3.11027655191885 1
gene  1 5 13 2.3621935593567667 0 277.0 2.3621935593567667 1
gene  1 12 14 -1.1661242224108133 0 296.0 -1.1661242224108133 1
gene  1 8 40 1.7438099595689793 1 308.0 1.7438099595689793 1
gene  1 40 8 1.6853263182930065 0 309.0 1.6853263182930065 1
gene  1 10 14 -2.353441613058851 0 341.0 -2.353441613058851 1
gene  1 3 48 1.6711603741268009 0 360.0 1.6711603741268009 1
gene  1 48 8 -6.534430992570399 0 361.0 -6.534430992570399 1
genomeend 16
genomestart  17
trait 1 0.33971452717739675 0.27695848508415316 1.2324307960896477 0.38263542198384 1.7668704662528345 0.8372542455634346 0.3613767976006988 0.3567570363531483 
node 1 1 1 1
node 2 1 1 1
node 3 1 1 1
node 4 1 1 1
node 5 1 1 1
node 6 1 1 1
node 7 1 1 3
node 8 1 0 0
node 9 1 0 0
node 10 1 0 0
node 13 1 0 2
node 14 1 0 2
node 16 1 0 0
node 21 1 0 0
node 29 1 0 0
node 52 1 0 0
node 53 1 0 0
gene  1 1 8 -8.854790307939277 0 98.0 -8.854790307939277 1
gene  1 2 8 3.9260451947387063 0 99.0 3.9260451947387063 1
gene  1 3 8 -2.5664271060953188 0 100.0 -2.5664271060953188 1
gene  1 4 8 -2.8181255207036453 0 101.0 -2.8181255207036453 1
gene  1 5 8 -0.9960956694816394 0 102.0 -0.9960956694816394 1
gene  1 6 8 2.7811792306257543 0 103.0 2.7811792306257543 1
gene  1 8 8 -1.826579070941802 1 105.0 -1.826579070941802 1
gene  1 13 8 -4.018553425954401 1 110.0 -4.018553425954401 1
gene  1 14 8 -10.200353187207465 1 111.0 -10.200353187207465 1
gene  1 3 13 0.5959108596071605 0 170.0 0.5959108596071605 1
gene  1 5 13 -4.32208026274048 0 172.0 -4.32208026274048 1
gene  1 7 13 -0.306902720080074 0 174.0 -0.306902720080074 1
gene  1 13 13 5.626379278815299 1 180.0 5.626379278815299 1
gene  1 2 14 3.9973727649539805 0 183.0 3.9973727649539805 1
gene  1 4 14 2.613438681777967 0 185.0 2.613438681777967 1
gene  1 6 14 -4.4545176453739845 0 187.0 -4.4545176453739845 1
gene  1 8 14 -4.196872817521303 0 189.0 -4.196872817521303 1
gene  1 13 14 1.4282139586151388 0 194.0 1.4282139586151388 1
gene  1 13 16 5.419722680809742 0 201.0 5.419722680809742 1
gene  1 16 14 0.8423350745460834 0 202.0 0.8423350745460834 1
gene  1 1 21 -7.299967537135714 0 218.0 -7.299967537135714 1
gene  1 21 8 -1.8535469731633487 0 219.0 -1.8535469731633487 1
gene  1 3 10 2.1158258390045885 0 223.0 2.1158258390045885 1
gene  1 6 29 4.427070194562242 0 259.0 4.427070194562242 1
gene  1 29 8 3.786458545326844 0 260.0 3.786458545326844 1
gene  1 29 21 5.096087240709075 0 271.0 5.096087240709075 1
gene  1 3 21 0.43410843650674424 0 300.0 0.43410843650674424 1
gene  1 9 52 -1.6830271018276775 0 368.0 -1.6830271018276775 1
gene  1 52 14 2.365949816671582 0 369.0 2.365949816671582 1
gene  1 1 53 2.0487924904577945 0 372.0 2.0487924904577945 1
gene  1 53 21 -0.41094629825080387 0 373.0 -0.41094629825080387 1
genomeend 17
genomestart  18
trait 1 0.33971452717739675 0.27695848508415316 1.2324307960896477 0.38263542198384 1.7668704662528345 0.8372542455634346 0.3613767976006988 0.3567570363531483 
node 1 1 1 1
node 2 1 1 1
node 3 1 1 1
node 4 1 1 1
node 5 1 1 1
node 6 1 1 1
node 7 1 1 3
node 8 1 0 0
node 9 1 0 0
node 10 1 0 0
node 13 1 0 2
node 14 1 0 2
node 16 1 0 0
node 21 1 0 0
node 29 1 0 0
node 52 1 0 0
node 53 1 0 0
gene  1 1 8 -6.799662651189308 0 98.0 -6.799662651189308 1
gene  1 2 8 -0.171628313464121 0 99.0 -0.171628313464121 1
gene  1 3 8 -5.559224059590709 0 100.0 -5.559224059590709 1
gene  1 4 8 -4.057637351401 0 101.0 -4.057637351401 1
gene  1 5 8 -2.0873801233355307 0 102.0 -2.0873801233355307 1
gene  1 6 8 1.5803487883622949 0 103.0 1.5803487883622949 1
gene  1 8 8 -3.184797826897849 1 105.0 -3.184797826897849 1
gene  1 13 8 0.6741722958761804 1 110.0 0.6741722958761804 1
gene  1 14 8 -9.358221860197068 1 111.0 -9.358221860197068 1
gene  1 3 13 -0.014095218456908198 0 170.0 -0.014095218456908198 1
gene  1 5 13 -8.233998033944449 0 172.0 -8.233998033944449 1
gene  1 7 13 0.49595668463405285 0 174.0 0.49595668463405285 1
gene  1 13 13 3.313233451988195 1 180.0 3.313233451988195 1
gene  1 2 14 5.339934524848467 0 183.0 5.339934524848467 1
gene  1 4 14 0.552791840131752 0 185.0 0.552791840131752 1
gene  1 6 14 -4.694992492108769 0 187.0 -4.694992492108769 1
gene  1 8 14 -3.4686215686771593 0 189.0 -3.4686215686771593 1
gene  1 13 14 2.792675003018433 0 194.0 2.792675003018433 1
gene  1 13 16 7.063916239507665 0 201.0 7.063916239507665 1
gene  1 16 14 0.8101014134854521 0 202.0 0.8101014134854521 0
gene  1 1 21 -9.851730756167361 0 218.0 -9.851730756167361 1
gene  1 21 8 -2.8822162927252615 0 219.0 -2.8822162927252615 1
gene  1 3 10 2.3062565305668654 0 223.0 2.3062565305668654 1
gene  1 6 29 4.774980065939842 0 259.0 4.774980065939842 1
gene  1 29 8 1.5329280581405464 0 260.0 1.5329280581405464 1
gene  1 29 21 2.6587595689432044 0 271.0 2.6587595689432044 1
gene  1 3 21 2.5434902586141432 0 300.0 2.5434902586141432 1
gene  1 9 52 7.857028132189276 0 368.0 7.857028132189276 1
gene  1 52 14 2.365949816671582 0 369.0 2.365949816671582 1
gene  1 1 53 -1.431810293193549 0 372.0 -1.431810293193549 1
gene  1 53 21 -0.25046830065749504 0 373.0 -0.25046830065749504 1
genomeend 18
genomestart  19
trait 1 0.33971452717739675 0.27695848508415316 1.2324307960896477 0.38263542198384 1.7668704662528345 0.8372542455634346 0.3613767976006988 0.3567570363531483 
node 1 1 1 1
node 2 1 1 1
node 3 1 1 1
node 4 1 1 1
node 5 1 1 1
node 6 1 1 1
node 7 1 1 3
node 8 1 0 0
node 9 1 0 0
node 10 1 0 0
node 13 1 0 2
node 14 1 0 2
node 16 1 0 0
node 21 1 0 0
node 29 1 0 0
node 52 1 0 0
node 53 1 0 0
gene  1 1 8 -7.683884184795427 0 98.0 -7.683884184795427 1
gene  1 2 8 3.028528352683707 0 99.0 3.028528352683707 1
gene  1 3 8 -3.192924237706296 0 100.0 -3.192924237706296 1
gene  1 4 8 -4.19234901686872 0 101.0 -4.19234901686872 1
gene  1 5 8 1.725381597265547 0 102.0 1.725381597265547 1
gene  1 6 8 0.4670585064336681 0 103.0 0.4670585064336681 1
gene  1 8 8 -0.21509953387047087 1 105.0 -0.21509953387047087 1
gene  1 13 8 0.5773465103074495 1 110.0 0.5773465103074495 1
gene  1 14 8 -9.03651531495955 1 111.0 -9.03651531495955 1
gene  1 3 13 -0.22871057734414002 0 170.0 -0.22871057734414002 1
gene  1 5 13 -5.0855135068018615 0 172.0 -5.0855135068018615 1
gene  1 7 13 1.5190292180716658 0 174.0 1.5190292180716658 1
gene  1 13 13 4.435563533346315 1 180.0 4.435563533346315 1
gene  1 2 14 -2.054598119716572 0 183.0 -2.054598119716572 1
gene  1 4 14 3.0108742531645225 0 185.0 3.0108742531645225 1
gene  1 6 14 2.123917186317011 0 187.0 2.123917186317011 1
gene  1 8 14 -4.058517045370484 0 189.0 -4.058517045370484 1
gene  1 13 14 0.8140098198920358 0 194.0 0.8140098198920358 1
gene  1 13 16 8.030308417992526 0 201.0 8.030308417992526 1
gene  1 16 14 0.8562476386407454 0 202.0 0.8562476386407454 0
gene  1 1 21 -5.9905107975133545 0 218.0 -5.9905107975133545 1
gene  1 21 8 2.4741707122476857 0 219.0 2.4741707122476857 1
gene  1 3 10 3.810126957007026 0 223.0 3.810126957007026 1
gene  1 6 29 4.79294381966086 0 259.0 4.79294381966086 1
gene  1 29 8 2.343447531209267 0 260.0 2.343447531209267 1
gene  1 29 21 5.299431010951515 0 271.0 5.299431010951515 1
gene  1 3 21 2.3752541402233764 0 300.0 2.3752541402233764 1
gene  1 9 52 -1.295489140207038 0 368.0 -1.295489140207038 1
gene  1 52 14 1.5734418167450896 0 369.0 1.5734418167450896 1
gene  1 1 53 1.9101732138241334 0 372.0 1.9101732138241334 1
gene  1 53 21 2.981786252677849 0 373.0 2.981786252677849 1
genomeend 19
