genomestart  0
trait 1 0.10533309519974143 0.0 3.093751388102844 0.9356795554063843 2.683628095808866 0.9702959466233565 0.9033628802953145 2.2893903709600805 
node 1 1 1 1
node 2 1 1 1
node 3 1 1 1
node 4 1 1 1
node 5 1 1 1
node 6 1 1 1
node 7 1 1 3
node 13 1 0 2
node 14 1 0 2
node 24 1 0 0
node 36 1 0 0
node 65 1 0 0
gene  1 2 13 0.10420143112618319 0 169.0 0.10420143112618319 1
gene  1 3 13 2.623530530412607 0 170.0 2.623530530412607 1
gene  1 4 13 1.1269903334017892 0 171.0 1.1269903334017892 1
gene  1 6 13 0.33169042190528386 0 173.0 0.33169042190528386 1
gene  1 7 13 -1.679398352160686 0 174.0 -1.679398352160686 1
gene  1 13 13 3.3753672930774226 1 180.0 3.3753672930774226 1
gene  1 1 14 9.059970047495039 0 182.0 9.059970047495039 1
gene  1 2 14 1.3560650238934777 0 183.0 1.3560650238934777 1
gene  1 5 14 1.7335348061389912 0 186.0 1.7335348061389912 1
gene  1 6 14 -6.2072892187675475 0 187.0 -6.2072892187675475 1
gene  1 7 14 5.114913904684534 0 188.0 5.114913904684534 1
gene  1 13 14 -1.693460052194697 0 194.0 -1.693460052194697 1
gene  1 14 14 -11.189630952840352 1 195.0 -11.189630952840352 1
gene  1 2 24 0.13506050534847214 0 226.0 0.13506050534847214 1
gene  1 24 13 0.061871817099334425 0 227.0 0.061871817099334425 1
gene  1 7 24 -0.34329827577736755 0 245.0 -0.34329827577736755 1
gene  1 1 24 -0.14238148428302377 0 249.0 -0.14238148428302377 1
gene  1 4 14 0.3509563732693455 0 280.0 0.3509563732693455 1
gene  1 4 36 -0.45222892399815473 0 293.0 -0.45222892399815473 1
gene  1 36 14 -3.2225665935250247 0 294.0 -3.2225665935250247 1
gene  1 7 36 -4.414770378161334 0 301.0 -4.414770378161334 1
gene  1 3 36 0.9322990714977766 0 313.0 0.9322990714977766 1
gene  1 24 36 -1.5965277095748829 0 345.0 -1.5965277095748829 1
gene  1 5 13 1.1410184356104316 0 374.0 1.1410184356104316 1
gene  1 2 65 2.1742980520524267 0 446.0 2.1742980520524267 1
gene  1 65 13 4.989508001610742 0 447.0 4.989508001610742 1
gene  1 13 36 0.9926540692211903 0 451.0 0.9926540692211903 1
gene  1 65 36 0.3081432431315373 0 457.0 0.3081432431315373 1
gene  1 1 13 3.3754116647541315 0 480.0 3.3754116647541315 1
genomeend 0
genomestart  1
trait 1 0.10533309519974143 0.0 3.093751388102844 0.9356795554063843 2.683628095808866 0.9702959466233565 0.9033628802953145 2.2893903709600805 
node 1 1 1 1
node 2 1 1 1
node 3 1 1 1
node 4 1 1 1
node 5 1 1 1
node 6 1 1 1
node 7 1 1 3
node 13 1 0 2
node 14 1 0 2
node 24 1 0 0
node 36 1 0 0
node 65 1 0 0
gene  1 2 13 -2.0244837238036775 0 169.0 -2.0244837238036775 1
gene  1 3 13 0.28242242154620323 0 170.0 0.28242242154620323 1
gene  1 4 13 1.1269903334017892 0 171.0 1.1269903334017892 1
gene  1 6 13 0.9011761063401342 0 173.0 0.9011761063401342 1
gene  1 7 13 -0.6021079879878253 0 174.0 -0.6021079879878253 1
gene  1 13 13 2.194619643124933 1 180.0 2.194619643124933 1
gene  1 1 14 10.236264014854322 0 182.0 10.236264014854322 1
gene  1 2 14 0.3882961842058389 0 183.0 0.3882961842058389 1
gene  1 5 14 -0.6991140200399788 0 186.0 -0.6991140200399788 1
gene  1 6 14 -7.365588576083994 0 187.0 -7.365588576083994 1
gene  1 7 14 4.732737226508711 0 188.0 4.732737226508711 1
gene  1 13 14 -0.4416713653556578 0 194.0 -0.4416713653556578 1
gene  1 14 14 -8.922571286010548 1 195.0 -8.922571286010548 1
gene  1 2 24 -1.3558921648643032 0 226.0 -1.3558921648643032 1
gene  1 24 13 -1.0110976026143075 0 227.0 -1.0110976026143075 1
gene  1 7 24 1.1098068141919766 0 245.0 1.1098068141919766 1
gene  1 1 24 1.0940555766410398 0 249.0 1.0940555766410398 1
gene  1 4 14 1.7702093273901984 0 280.0 1.7702093273901984 1
gene  1 4 36 -1.9921267323698042 0 293.0 -1.9921267323698042 1
gene  1 36 14 -1.8805879099615406 0 294.0 -1.8805879099615406 1
gene  1 7 36 -5.581796733419581 0 301.0 -5.581796733419581 1
gene  1 3 36 0.6210163665863278 0 313.0 0.6210163665863278 1
gene  1 24 36 -1.6189191402981864 0 345.0 -1.6189191402981864 1
gene  1 5 13 0.8822892391290127 0 374.0 0.8822892391290127 1
gene  1 2 65 2.0182035400548175 0 446.0 2.0182035400548175 1
gene  1 65 13 6.671114241943444 0 447.0 6.671114241943444 1
gene  1 13 36 2.447183065102548 0 451.0 2.447183065102548 1
gene  1 65 36 2.620483019408546 0 457.0 2.620483019408546 1
gene  1 1 13 1.8487423245020413 0 480.0 1.8487423245020413 1
genomeend 1
genomestart  2
trait 1 0.6976195114279153 1.655298600115295 1.525841438364794 0.8745625712070293 0.26966952468357097 0.0 0.8394976201725546 0.0 
node 1 1 1 1
node 2 1 1 1
node 3 1 1 1
node 4 1 1 1
node 5 1 1 1
node 6 1 1 1
node 7 1 1 3
node 8 1 0 0
node 9 1 0 0
node 10 1 0 0
node 11 1 0 0
node 13 1 0 2
node 14 1 0 2
node 62 1 0 0
node 81 1 0 0
node 82 1 0 0
gene  1 2 8 -2.7979034276511454 0 99.0 -2.7979034276511454 1
gene  1 6 8 -7.275217372641179 0 103.0 -7.275217372641179 1
gene  1 8 8 -4.410166030755615 1 105.0 -4.410166030755615 1
gene  1 9 8 3.2873806427303105 1 106.0 3.2873806427303105 1
gene  1 10 8 -0.2810703444352396 1 107.0 -0.2810703444352396 1
gene  1 11 8 -0.35725550540939555 1 108.0 -0.35725550540939555 1
gene  1 13 8 -0.6417755821865063 1 110.0 -0.6417755821865063 1
gene  1 14 8 -3.461627301102674 1 111.0 -3.461627301102674 1
gene  1 1 9 -0.10716292108135594 0 112.0 -0.10716292108135594 1
gene  1 2 9 3.7584120011246425 0 113.0 3.7584120011246425 1
gene  1 3 9 -0.16457664311094033 0 114.0 -0.16457664311094033 1
gene  1 6 9 -1.347302242511113 0 117.0 -1.347302242511113 1
gene  1 7 9 4.49185367751964 0 118.0 4.49185367751964 1
gene  1 8 9 -1.2534651980615612 0 119.0 -1.2534651980615612 1
gene  1 9 9 2.0709153284079678 1 120.0 2.0709153284079678 1
gene  1 11 9 -0.6949119243216568 1 122.0 -0.6949119243216568 1
gene  1 13 9 4.413528208555261 1 124.0 4.413528208555261 1
gene  1 14 9 0.6968286684123837 1 125.0 0.6968286684123837 1
gene  1 1 10 0.6480484076327997 0 126.0 0.6480484076327997 1
gene  1 3 10 5.804275047928956 0 128.0 5.804275047928956 1
gene  1 4 10 -1.399335653301411 0 129.0 -1.399335653301411 1
gene  1 5 10 2.0882451392710015 0 130.0 2.0882451392710015 1
gene  1 6 10 -1.2086498185948051 0 131.0 -1.2086498185948051 1
gene  1 10 10 8.89329536814193 1 135.0 8.89329536814193 1
gene  1 11 10 -6.0546490940134 1 136.0 -6.0546490940134 1
gene  1 14 10 -0.36748869733235495 1 139.0 -0.36748869733235495 1
gene  1 1 11 -4.033083370353097 0 140.0 -4.033083370353097 1
gene  1 3 11 3.4755051809043707 0 142.0 3.4755051809043707 1
gene  1 5 11 0.09069910741674225 0 144.0 0.09069910741674225 1
gene  1 6 11 5.459976109689686 0 145.0 5.459976109689686 1
gene  1 7 11 -2.3125484475742963 0 146.0 -2.3125484475742963 1
gene  1 8 11 -1.1976675758891793 0 147.0 -1.1976675758891793 1
gene  1 9 11 0.8637972646769052 0 148.0 0.8637972646769052 1
gene  1 10 11 -1.4847450827643351 0 149.0 -1.4847450827643351 1
gene  1 11 11 -1.9947933357045473 1 150.0 -1.9947933357045473 1
gene  1 1 13 -1.1452127208593765 0 168.0 -1.1452127208593765 1
gene  1 2 13 -1.4588926366044843 0 169.0 -1.4588926366044843 1
gene  1 3 13 2.322641352518387 0 170.0 2.322641352518387 1
gene  1 7 13 4.31724819573796 0 174.0 4.31724819573796 1
gene  1 11 13 2.355958722823165 0 178.0 2.355958722823165 1
gene  1 13 13 0.44379440805514253 1 180.0 0.44379440805514253 1
gene  1 2 14 1.697109319686897 0 183.0 1.697109319686897 1
gene  1 3 14 1.898209517363794 0 184.0 1.898209517363794 1
gene  1 4 14 -4.361438440855196 0 185.0 -4.361438440855196 1
gene  1 7 14 -1.5702403453055112 0 188.0 -1.5702403453055112 1
gene  1 8 14 0.509446745545191 0 189.0 0.509446745545191 1
gene  1 10 14 -4.122222194155876 0 191.0 -4.122222194155876 1
gene  1 13 14 -0.5454834880433597 0 194.0 -0.5454834880433597 1
gene  1 5 13 -1.9640821179066754 0 198.0 -1.9640821179066754 1
gene  1 4 9 0.23315514172074625 0 200.0 0.23315514172074625 1
gene  1 8 13 -3.1369549048734857 0 248.0 -3.1369549048734857 1
gene  1 7 10 -1.7841243080341407 0 270.0 -1.7841243080341407 1
gene  1 9 10 5.025091715799354 0 274.0 5.025091715799354 1
gene  1 9 13 0.41611158379907764 0 288.0 0.41611158379907764 1
gene  1 5 14 1.4557485720200924 0 328.0 1.4557485720200924 1
gene  1 2 10 1.0662100508629635 0 357.0 1.0662100508629635 1
gene  1 6 14 2.2121519469755957 0 388.0 2.2121519469755957 1
gene  1 3 62 4.525072953082709 0 411.0 4.525072953082709 1
gene  1 62 9 -2.4005199862745172 0 412.0 -2.4005199862745172 1
gene  1 5 8 1.8757905858593067 0 414.0 1.8757905858593067 1
gene  1 7 8 1.324353252187076 0 436.0 1.324353252187076 1
gene  1 11 81 0.45704433069954364 1 496.0 0.45704433069954364 0
gene  1 81 11 1.4116231158767962 0 497.0 1.4116231158767962 1
gene  1 11 82 1.3644976155862931 1 507.0 1.3644976155862931 1
gene  1 82 81 1.6550255598812822 0 508.0 1.6550255598812822 1
genomeend 2
genomestart  3
trait 1 0.6976195114279153 1.0183974033860637 1.525841438364794 0.8745625712070293 0.6913884351968694 0.0 0.8394976201725546 0.0 
node 1 1 1 1
node 2 1 1 1
node 3 1 1 1
node 4 1 1 1
node 5 1 1 1
node 6 1 1 1
node 7 1 1 3
node 8 1 0 0
node 9 1 0 0
node 10 1 0 0
node 11 1 0 0
node 13 1 0 2
node 14 1 0 2
node 62 1 0 0
node 81 1 0 0
node 82 1 0 0
gene  1 2 8 -1.0277195687101148 0 99.0 -1.0277195687101148 1
gene  1 6 8 -5.587861071352702 0 103.0 -5.587861071352702 1
gene  1 8 8 -6.3398701052144375 1 105.0 -6.3398701052144375 1
gene  1 9 8 0.842130943267315 1 106.0 0.842130943267315 1
gene  1 10 8 1.0439605170244 1 107.0 1.0439605170244 1
gene  1 11 8 -2.6162699435268877 1 108.0 -2.6162699435268877 1
gene  1 13 8 3.3148129374675124 1 110.0 3.3148129374675124 1
gene  1 14 8 -5.130830380798138 1 111.0 -5.130830380798138 1
gene  1 1 9 -2.0337227152839454 0 112.0 -2.0337227152839454 1
gene  1 2 9 -0.14423695775819612 0 113.0 -0.14423695775819612 1
gene  1 3 9 2.321744398433183 0 114.0 2.321744398433183 1
gene  1 6 9 0.14074925749130496 0 117.0 0.14074925749130496 1
gene  1 7 9 4.6367192565756294 0 118.0 4.6367192565756294 1
gene  1 8 9 0.44499162922348484 0 119.0 0.44499162922348484 1
gene  1 9 9 3.3815995255196674 1 120.0 3.3815995255196674 1
gene  1 11 9 -2.4139073727506144 1 122.0 -2.4139073727506144 1
gene  1 13 9 3.220561362640969 1 124.0 3.220561362640969 1
gene  1 14 9 1.1303878473910833 1 125.0 1.1303878473910833 1
gene  1 1 10 -1.6494443232688605 0 126.0 -1.6494443232688605 1
gene  1 3 10 5.822659086468176 0 128.0 5.822659086468176 1
gene  1 4 10 -0.07354646617309946 0 129.0 -0.07354646617309946 1
gene  1 5 10 -0.3622096194474639 0 130.0 -0.3622096194474639 1
gene  1 6 10 0.04084312576860538 0 131.0 0.04084312576860538 1
gene  1 10 10 8.535157562190443 1 135.0 8.535157562190443 1
gene  1 11 10 -7.996422721860622 1 136.0 -7.996422721860622 1
gene  1 14 10 -0.8356979684908556 1 139.0 -0.8356979684908556 1
gene  1 1 11 0.2619952014504421 0 140.0 0.2619952014504421 1
gene  1 3 11 4.011549397752394 0 142.0 4.011549397752394 1
gene  1 5 11 1.4936597596671357 0 144.0 1.4936597596671357 1
gene  1 6 11 8.726613420302153 0 145.0 8.726613420302153 1
gene  1 7 11 -0.9348768518863987 0 146.0 -0.9348768518863987 1
gene  1 8 11 -1.0121526942366914 0 147.0 -1.0121526942366914 1
gene  1 9 11 -2.2476573736839343 0 148.0 -2.2476573736839343 1
gene  1 10 11 -3.62417504229656 0 149.0 -3.62417504229656 1
gene  1 11 11 -2.573654225419859 1 150.0 -2.573654225419859 1
gene  1 1 13 -5.361197536695486 0 168.0 -5.361197536695486 1
gene  1 2 13 -3.385944388943188 0 169.0 -3.385944388943188 1
gene  1 3 13 3.9813969004128458 0 170.0 3.9813969004128458 1
gene  1 7 13 2.1498079700498174 0 174.0 2.1498079700498174 1
gene  1 11 13 1.9538492692000433 0 178.0 1.9538492692000433 1
gene  1 13 13 -0.516851390016356 1 180.0 -0.516851390016356 1
gene  1 2 14 2.2490493820456847 0 183.0 2.2490493820456847 1
gene  1 3 14 5.546272203468589 0 184.0 5.546272203468589 1
gene  1 4 14 -2.1291109827097525 0 185.0 -2.1291109827097525 1
gene  1 7 14 -0.36517313743127544 0 188.0 -0.36517313743127544 1
gene  1 8 14 2.284010158819528 0 189.0 2.284010158819528 1
gene  1 10 14 -4.985338451971302 0 191.0 -4.985338451971302 1
gene  1 13 14 1.6684120523731953 0 194.0 1.6684120523731953 1
gene  1 5 13 -1.6349301832450507 0 198.0 -1.6349301832450507 1
gene  1 4 9 0.8935785684835759 0 200.0 0.8935785684835759 1
gene  1 8 13 -0.32693759247084186 0 248.0 -0.32693759247084186 1
gene  1 7 10 -3.1365997536304153 0 270.0 -3.1365997536304153 1
gene  1 9 10 5.596088565441695 0 274.0 5.596088565441695 1
gene  1 9 13 -0.3483251199133528 0 288.0 -0.3483251199133528 1
gene  1 5 14 -5.279636001629419 0 328.0 -5.279636001629419 1
gene  1 2 10 3.212449528571192 0 357.0 3.212449528571192 1
gene  1 6 14 -1.501690247502652 0 388.0 -1.501690247502652 1
gene  1 3 62 3.2939151925044383 0 411.0 3.2939151925044383 1
gene  1 62 9 -1.6472368737768297 0 412.0 -1.6472368737768297 1
gene  1 5 8 -2.4297048910432557 0 414.0 -2.4297048910432557 1
gene  1 7 8 -0.7682130553563322 0 436.0 -0.7682130553563322 1
gene  1 11 81 0.045040964263651784 1 496.0 0.045040964263651784 0
gene  1 81 11 -1.7904169002907602 0 497.0 -1.7904169002907602 1
gene  1 11 82 0.5259788616117351 1 507.0 0.5259788616117351 1
gene  1 82 81 -0.6812302082472663 0 508.0 -0.6812302082472663 1
genomeend 3
genomestart  4
trait 1 0.6976195114279153 1.0183974033860637 1.525841438364794 0.8745625712070293 0.6913884351968694 0.0 0.8394976201725546 0.0 
node 1 1 1 1
node 2 1 1 1
node 3 1 1 1
node 4 1 1 1
node 5 1 1 1
node 6 1 1 1
node 7 1 1 3
node 8 1 0 0
node 9 1 0 0
node 10 1 0 0
node 11 1 0 0
node 13 1 0 2
node 14 1 0 2
node 62 1 0 0
node 81 1 0 0
node 82 1 0 0
gene  1 2 8 1.103418883339597 0 99.0 1.103418883339597 1
gene  1 6 8 -5.8160972866429175 0 103.0 -5.8160972866429175 1
gene  1 8 8 -6.820650414152399 1 105.0 -6.820650414152399 1
gene  1 9 8 1.2452553222887355 1 106.0 1.2452553222887355 1
gene  1 10 8 2.5822042292365195 1 107.0 2.5822042292365195 1
gene  1 11 8 -2.6903074057218417 1 108.0 -2.6903074057218417 1
gene  1 13 8 4.004179735395012 1 110.0 4.004179735395012 1
gene  1 14 8 -1.3928058495913604 1 111.0 -1.3928058495913604 1
gene  1 1 9 -2.7912201082659913 0 112.0 -2.7912201082659913 1
gene  1 2 9 2.734268249690663 0 113.0 2.734268249690663 1
gene  1 3 9 0.5507411841989931 0 114.0 0.5507411841989931 1
gene  1 6 9 2.83641703301283 0 117.0 2.83641703301283 1
gene  1 7 9 1.3712147916684252 0 118.0 1.3712147916684252 1
gene  1 8 9 2.2493736814738527 0 119.0 2.2493736814738527 1
gene  1 9 9 2.6326873572632863 1 120.0 2.6326873572632863 1
gene  1 11 9 -1.1740833287071892 1 122.0 -1.1740833287071892 1
gene  1 13 9 3.8160417949260514 1 124.0 3.8160417949260514 1
gene  1 14 9 -0.8517757499824208 1 125.0 -0.8517757499824208 1
gene  1 1 10 -0.044005368260771005 0 126.0 -0.044005368260771005 1
gene  1 3 10 3.8615022943557658 0 128.0 3.8615022943557658 1
gene  1 4 10 0.267457129309121 0 129.0 0.267457129309121 1
gene  1 5 10 -0.9862334840563178 0 130.0 -0.9862334840563178 1
gene  1 6 10 -2.501179803664295 0 131.0 -2.501179803664295 1
gene  1 10 10 9.762080264007672 1 135.0 9.762080264007672 1
gene  1 11 10 2.390655464625347 1 136.0 2.390655464625347 1
gene  1 14 10 -1.0203713552792715 1 139.0 -1.0203713552792715 1
gene  1 1 11 -1.9389129438684165 0 140.0 -1.9389129438684165 1
gene  1 3 11 4.658128249023538 0 142.0 4.658128249023538 1
gene  1 5 11 0.28495298906761546 0 144.0 0.28495298906761546 1
gene  1 6 11 -1.6846999536443674 0 145.0 -1.6846999536443674 1
gene  1 7 11 -0.30463416735806903 0 146.0 -0.30463416735806903 1
gene  1 8 11 -0.022943962641075233 0 147.0 -0.022943962641075233 1
gene  1 9 11 0.45103567400042843 0 148.0 0.45103567400042843 1
gene  1 10 11 -1.884872805778008 0 149.0 -1.884872805778008 1
gene  1 11 11 -2.045507762533025 1 150.0 -2.045507762533025 1
gene  1 1 13 -1.7820467595988763 0 168.0 -1.7820467595988763 1
gene  1 2 13 -2.8277761392367924 0 169.0 -2.8277761392367924 1
gene  1 3 13 1.757168188860868 0 170.0 1.757168188860868 1
gene  1 7 13 3.865604936301632 0 174.0 3.865604936301632 1
gene  1 11 13 3.3796840711620892 0 178.0 3.3796840711620892 1
gene  1 13 13 0.04497926877373071 1 180.0 0.04497926877373071 1
gene  1 2 14 -0.23235276090497115 0 183.0 -0.23235276090497115 1
gene  1 3 14 2.470149754887685 0 184.0 2.470149754887685 1
gene  1 4 14 -0.7056841406288468 0 185.0 -0.7056841406288468 1
gene  1 7 14 1.6791085139575979 0 188.0 1.6791085139575979 1
gene  1 8 14 1.7657014946705343 0 189.0 1.7657014946705343 1
gene  1 10 14 -3.193884064408409 0 191.0 -3.193884064408409 1
gene  1 13 14 2.225537468391475 0 194.0 2.225537468391475 1
gene  1 5 13 -2.3445270231825823 0 198.0 -2.3445270231825823 1
gene  1 4 9 2.8779002947983434 0 200.0 2.8779002947983434 1
gene  1 8 13 1.2427322820432978 0 248.0 1.2427322820432978 1
gene  1 7 10 -2.588272428650746 0 270.0 -2.588272428650746 1
gene  1 9 10 6.065569275597248 0 274.0 6.065569275597248 1
gene  1 9 13 1.3873158490536825 0 288.0 1.3873158490536825 1
gene  1 5 14 0.7002976103873682 0 328.0 0.7002976103873682 1
gene  1 2 10 2.465758419973172 0 357.0 2.465758419973172 1
gene  1 6 14 -1.1531424755071922 0 388.0 -1.1531424755071922 1
gene  1 3 62 4.352002377251343 0 411.0 4.352002377251343 1
gene  1 62 9 -0.1367364555577366 0 412.0 -0.1367364555577366 1
gene  1 5 8 -1.6869767475402475 0 414.0 -1.6869767475402475 1
gene  1 7 8 -1.3520748192687455 0 436.0 -1.3520748192687455 1
gene  1 11 81 -1.745272625206883 1 496.0 -1.745272625206883 0
gene  1 81 11 -3.8814642206904466 0 497.0 -3.8814642206904466 1
gene  1 11 82 2.6022217192194055 1 507.0 2.6022217192194055 1
gene  1 82 81 1.003519531000845 0 508.0 1.003519531000845 1
genomeend 4
genomestart  5
trait 1 1.7878230492365366 0.9365906229773271 0.0 0.0 1.7799059348361965 1.2636555841906816 0.0 0.48682907384645435 
node 1 1 1 1
node 2 1 1 1
node 3 1 1 1
node 4 1 1 1
node 5 1 1 1
node 6 1 1 1
node 7 1 1 3
node 8 1 0 0
node 13 1 0 2
node 14 1 0 2
node 16 1 0 0
node 20 1 0 0
node 50 1 0 0
node 55 1 0 0
node 70 1 0 0
gene  1 1 8 -0.2769470877500133 0 98.0 -0.2769470877500133 1
gene  1 2 8 -4.892033838604161 0 99.0 -4.892033838604161 1
gene  1 3 8 -10.689416477301897 0 100.0 -10.689416477301897 1
gene  1 4 8 0.015495984938763696 0 101.0 0.015495984938763696 1
gene  1 5 8 5.930454329858323 0 102.0 5.930454329858323 1
gene  1 6 8 0.22175160089626744 0 103.0 0.22175160089626744 1
gene  1 8 8 1.4589790179751434 1 105.0 1.4589790179751434 1
gene  1 13 8 3.0241368921623026 1 110.0 3.0241368921623026 1
gene  1 14 8 -1.7991772196563462 1 111.0 -1.7991772196563462 1
gene  1 3 13 -7.838243236699313 0 170.0 -7.838243236699313 1
gene  1 5 13 1.692301821466366 0 172.0 1.692301821466366 1
gene  1 7 13 2.4911046754830246 0 174.0 2.4911046754830246 1
gene  1 13 13 7.629843878324307 1 180.0 7.629843878324307 1
gene  1 2 14 -3.1826957637859348 0 183.0 -3.1826957637859348 1
gene  1 4 14 -8.094306503304631 0 185.0 -8.094306503304631 1
gene  1 6 14 -3.331881946684951 0 187.0 -3.331881946684951 1
gene  1 8 14 3.827448968105909 0 189.0 3.827448968105909 1
gene  1 13 14 2.2468350156467776 0 194.0 2.2468350156467776 1
gene  1 13 16 -2.478788986252406 0 201.0 -2.478788986252406 1
gene  1 16 14 -1.794498753318707 0 202.0 -1.794498753318707 1
gene  1 3 20 0.13002700897536157 0 215.0 0.13002700897536157 1
gene  1 20 8 -5.688593588491619 0 216.0 -5.688593588491619 1
gene  1 8 13 -0.6613119757788921 0 233.0 -0.6613119757788921 1
gene  1 2 16 6.31836366939732 0 324.0 6.31836366939732 1
gene  1 2 20 2.5590711702188713 0 333.0 2.5590711702188713 1
gene  1 7 8 0.6645777503234385 0 352.0 0.6645777503234385 1
gene  1 16 50 -7.110461130526176 0 364.0 -7.110461130526176 1
gene  1 50 14 3.8903709390015075 0 365.0 3.8903709390015075 1
gene  1 3 55 1.4695532013089363 0 379.0 1.4695532013089363 1
gene  1 55 20 -2.370411294696579 0 380.0 -2.370411294696579 1
gene  1 3 70 1.7650293115229996 0 461.0 1.7650293115229996 1
gene  1 70 13 -2.096634152961296 0 462.0 -2.096634152961296 1
gene  1 6 16 3.2356383023045967 0 484.0 3.2356383023045967 1
gene  1 70 20 11.48188573138355 0 498.0 11.48188573138355 1
gene  1 5 20 -4.760374080444049 0 505.0 -4.760374080444049 1
genomeend 5
genomestart  6
trait 1 1.7878230492365366 0.9365906229773271 0.0 0.0 1.7799059348361965 1.2636555841906816 0.0 0.48682907384645435 
node 1 1 1 1
node 2 1 1 1
node 3 1 1 1
node 4 1 1 1
node 5 1 1 1
node 6 1 1 1
node 7 1 1 3
node 8 1 0 0
node 13 1 0 2
node 14 1 0 2
node 16 1 0 0
node 20 1 0 0
node 50 1 0 0
node 55 1 0 0
node 70 1 0 0
gene  1 1 8 -2.420043476286902 0 98.0 -2.420043476286902 1
gene  1 2 8 -4.640509200660025 0 99.0 -4.640509200660025 1
gene  1 3 8 -9.932287260529254 0 100.0 -9.932287260529254 1
gene  1 4 8 -1.8785414367942344 0 101.0 -1.8785414367942344 1
gene  1 5 8 7.85277538609743 0 102.0 7.85277538609743 1
gene  1 6 8 -0.823201582790611 0 103.0 -0.823201582790611 1
gene  1 8 8 1.6124166133816953 1 105.0 1.6124166133816953 1
gene  1 13 8 2.514371203177025 1 110.0 2.514371203177025 1
gene  1 14 8 -3.1952443526531464 1 111.0 -3.1952443526531464 1
gene  1 3 13 -9.86348205401563 0 170.0 -9.86348205401563 1
gene  1 5 13 -0.5441103175494644 0 172.0 -0.5441103175494644 1
gene  1 7 13 1.7251921596101853 0 174.0 1.7251921596101853 1
gene  1 13 13 5.233182090437161 1 180.0 5.233182090437161 1
gene  1 2 14 -2.951996951083557 0 183.0 -2.951996951083557 1
gene  1 4 14 -9.325883262926443 0 185.0 -9.325883262926443 1
gene  1 6 14 -0.8391405932061162 0 187.0 -0.8391405932061162 1
gene  1 8 14 3.461574307566049 0 189.0 3.461574307566049 1
gene  1 13 14 -0.07874394601828094 0 194.0 -0.07874394601828094 1
gene  1 13 16 -1.3676540772917738 0 201.0 -1.3676540772917738 1
gene  1 16 14 -0.4596857464132986 0 202.0 -0.4596857464132986 1
gene  1 3 20 0.3471457556519111 0 215.0 0.3471457556519111 1
gene  1 20 8 -5.666714034603894 0 216.0 -5.666714034603894 1
gene  1 8 13 1.4934597523581619 0 233.0 1.4934597523581619 1
gene  1 2 16 8.252290176302417 0 324.0 8.252290176302417 1
gene  1 2 20 2.970820547324152 0 333.0 2.970820547324152 1
gene  1 7 8 -0.2592403254559492 0 352.0 -0.2592403254559492 1
gene  1 16 50 -4.747118316267949 0 364.0 -4.747118316267949 1
gene  1 50 14 3.045326143269053 0 365.0 3.045326143269053 1
gene  1 3 55 0.20142296292342304 0 379.0 0.20142296292342304 1
gene  1 55 20 -0.9458941831847492 0 380.0 -0.9458941831847492 1
gene  1 3 70 1.7650293115229996 0 461.0 1.7650293115229996 1
gene  1 70 13 -10.43856834009798 0 462.0 -10.43856834009798 1
gene  1 6 16 0.8140045660585917 0 484.0 0.8140045660585917 1
gene  1 70 20 11.48188573138355 0 498.0 11.48188573138355 1
gene  1 5 20 -4.760374080444049 0 505.0 -4.760374080444049 1
gene  1 4 70 4.89064257143723 0 513.0 4.89064257143723 1
genomeend 6
genomestart  7
trait 1 0.0 0.581920069199947 1.1558406160945982 0.0 0.0 0.9714201015196656 0.0 1.1681585220011115 
node 1 1 1 1
node 2 1 1 1
node 3 1 1 1
node 4 1 1 1
node 5 1 1 1
node 6 1 1 1
node 7 1 1 3
node 8 1 0 0
node 9 1 0 0
node 10 1 0 0
node 13 1 0 2
node 14 1 0 2
node 21 1 0 0
node 29 1 0 0
node 52 1 0 0
node 53 1 0 0
node 64 1 0 0
gene  1 1 8 -16.605037979576906 0 98.0 -16.605037979576906 1
gene  1 3 8 -0.532632316404942 0 100.0 -0.532632316404942 1
gene  1 5 8 4.061221089433857 0 102.0 4.061221089433857 1
gene  1 6 8 3.4567307273145857 0 103.0 3.4567307273145857 1
gene  1 8 8 4.174132433259415 1 105.0 4.174132433259415 1
gene  1 1 9 4.372124380749306 0 112.0 4.372124380749306 1
gene  1 2 9 -5.550589931217071 0 113.0 -5.550589931217071 1
gene  1 3 9 0.021834138654156454 0 114.0 0.021834138654156454 1
gene  1 5 9 5.58615172605959 0 116.0 5.58615172605959 1
gene  1 7 9 -6.150680948983636 0 118.0 -6.150680948983636 1
gene  1 9 9 4.016393039805818 1 120.0 4.016393039805818 1
gene  1 10 9 2.634309886862798 1 121.0 2.634309886862798 1
gene  1 13 9 3.0905086064947573 1 124.0 3.0905086064947573 1
gene  1 2 10 -0.8776969431435534 0 127.0 -0.8776969431435534 1
gene  1 4 10 -6.441786573593041 0 129.0 -6.441786573593041 1
gene  1 5 10 -1.6216635352233897 0 130.0 -1.6216635352233897 1
gene  1 8 10 0.15849829433045293 0 133.0 0.15849829433045293 1
gene  1 9 10 3.178342947026362 0 134.0 3.178342947026362 1
gene  1 10 10 -4.190074592757387 1 135.0 -4.190074592757387 1
gene  1 13 10 -2.1559433390178064 1 138.0 -2.1559433390178064 1
gene  1 14 10 -9.43046075634048 1 139.0 -9.43046075634048 1
gene  1 2 13 -8.360349691050768 0 169.0 -8.360349691050768 1
gene  1 3 13 0.651111270984132 0 170.0 0.651111270984132 1
gene  1 6 13 -5.301293302677924 0 173.0 -5.301293302677924 1
gene  1 7 13 -11.04981134676349 0 174.0 -11.04981134676349 1
gene  1 9 13 4.982201933027426 0 176.0 4.982201933027426 1
gene  1 13 13 3.3255211698568647 1 180.0 3.3255211698568647 1
gene  1 14 13 -4.255558277306999 1 181.0 -4.255558277306999 1
gene  1 1 14 7.3407496180207 0 182.0 7.3407496180207 1
gene  1 3 14 -5.600985514067858 0 184.0 -5.600985514067858 1
gene  1 9 14 2.2731611732038326 0 190.0 2.2731611732038326 1
gene  1 10 14 -3.608759731628148 0 191.0 -3.608759731628148 1
gene  1 1 21 3.778151846734821 0 218.0 3.778151846734821 1
gene  1 21 8 3.153470612697832 0 219.0 3.153470612697832 1
gene  1 3 10 -0.469164530432344 0 223.0 -0.469164530432344 1
gene  1 6 29 -3.8015050314818506 0 259.0 -3.8015050314818506 1
gene  1 29 8 0.9894773254642258 0 260.0 0.9894773254642258 1
gene  1 29 21 1.0611244131053787 0 271.0 1.0611244131053787 1
gene  1 3 21 0.20636472143163487 0 300.0 0.20636472143163487 1
gene  1 9 52 0.9915060287193047 0 368.0 0.9915060287193047 1
gene  1 52 14 -3.0427083215809914 0 369.0 -3.0427083215809914 1
gene  1 1 53 -0.6241806623178277 0 372.0 -0.6241806623178277 1
gene  1 53 21 0.7505039402903844 0 373.0 0.7505039402903844 0
gene  1 2 52 -4.333552990828793 0 425.0 -4.333552990828793 1
gene  1 53 64 6.007665315392682 0 443.0 6.007665315392682 1
gene  1 64 21 -6.416245852774121 0 444.0 -6.416245852774121 1
gene  1 21 10 -1.08089287889395 0 509.0 -1.08089287889395 1
genomeend 7
genomestart  8
trait 1 0.0 0.698751021412828 1.814227304495946 0.055412131198459 0.0 0.9714201015196656 0.0 1.1681585220011115 
node 1 1 1 1
node 2 1 1 1
node 3 1 1 1
node 4 1 1 1
node 5 1 1 1
node 6 1 1 1
node 7 1 1 3
node 8 1 0 0
node 9 1 0 0
node 10 1 0 0
node 13 1 0 2
node 14 1 0 2
node 21 1 0 0
node 29 1 0 0
node 52 1 0 0
node 53 1 0 0
node 64 1 0 0
gene  1 1 8 -16.0987386934626 0 98.0 -16.0987386934626 1
gene  1 3 8 -2.655223146287713 0 100.0 -2.655223146287713 1
gene  1 5 8 4.224160414348567 0 102.0 4.224160414348567 1
gene  1 6 8 1.0840970569508817 0 103.0 1.0840970569508817 1
gene  1 8 8 6.594714384783446 1 105.0 6.594714384783446 1
gene  1 1 9 6.124874460615157 0 112.0 6.124874460615157 1
gene  1 2 9 -2.466167203627432 0 113.0 -2.466167203627432 1
gene  1 3 9 -0.2593658407775418 0 114.0 -0.2593658407775418 1
gene  1 5 9 3.978125941692696 0 116.0 3.978125941692696 1
gene  1 7 9 -7.815530491774593 0 118.0 -7.815530491774593 1
gene  1 9 9 0.6004494758389789 1 120.0 0.6004494758389789 1
gene  1 10 9 1.3829089358149884 1 121.0 1.3829089358149884 1
gene  1 13 9 1.7246677508339558 1 124.0 1.7246677508339558 1
gene  1 2 10 0.7247954453034309 0 127.0 0.7247954453034309 1
gene  1 4 10 -10.805092435344545 0 129.0 -10.805092435344545 1
gene  1 5 10 0.29062948010961975 0 130.0 0.29062948010961975 1
gene  1 8 10 1.68221733902184 0 133.0 1.68221733902184 1
gene  1 9 10 7.451141499581219 0 134.0 7.451141499581219 1
gene  1 10 10 -4.064183513511922 1 135.0 -4.064183513511922 1
gene  1 13 10 -0.7922057455170102 1 138.0 -0.7922057455170102 1
gene  1 14 10 -7.012383261713751 1 139.0 -7.012383261713751 1
gene  1 2 13 -8.119706446527085 0 169.0 -8.119706446527085 1
gene  1 3 13 0.4959650033559899 0 170.0 0.4959650033559899 1
gene  1 6 13 -7.52446534170658 0 173.0 -7.52446534170658 1
gene  1 7 13 -10.588113094365406 0 174.0 -10.588113094365406 1
gene  1 9 13 3.861476454624223 0 176.0 3.861476454624223 1
gene  1 13 13 3.4938732500622462 1 180.0 3.4938732500622462 1
gene  1 14 13 -2.6348436418588856 1 181.0 -2.6348436418588856 1
gene  1 1 14 8.506746560852992 0 182.0 8.506746560852992 1
gene  1 3 14 -5.094805503506308 0 184.0 -5.094805503506308 1
gene  1 9 14 -1.2998089171685454 0 190.0 -1.2998089171685454 1
gene  1 10 14 -0.2948296100051877 0 191.0 -0.2948296100051877 1
gene  1 1 21 2.5058414446032664 0 218.0 2.5058414446032664 1
gene  1 21 8 5.740078780347509 0 219.0 5.740078780347509 1
gene  1 3 10 -0.17904560282991522 0 223.0 -0.17904560282991522 1
gene  1 6 29 -4.416850063182107 0 259.0 -4.416850063182107 1
gene  1 29 8 0.9644996892259041 0 260.0 0.9644996892259041 1
gene  1 29 21 1.0452782229596074 0 271.0 1.0452782229596074 1
gene  1 3 21 -0.9434488154758878 0 300.0 -0.9434488154758878 1
gene  1 9 52 2.740182485167698 0 368.0 2.740182485167698 1
gene  1 52 14 -4.759577538593638 0 369.0 -4.759577538593638 1
gene  1 1 53 0.9549315919164623 0 372.0 0.9549315919164623 1
gene  1 53 21 -4.526850209210476 0 373.0 -4.526850209210476 0
gene  1 2 52 -7.8451643705561445 0 425.0 -7.8451643705561445 1
gene  1 53 64 5.712872241843967 0 443.0 5.712872241843967 1
gene  1 64 21 -5.706144238671154 0 444.0 -5.706144238671154 1
gene  1 21 10 1.5314466111288438 0 509.0 1.5314466111288438 1
genomeend 8
genomestart  9
trait 1 0.0 0.581920069199947 0.5208559589574715 0.0 0.0 0.9714201015196656 0.6209963196302065 1.3007778816591626 
node 1 1 1 1
node 2 1 1 1
node 3 1 1 1
node 4 1 1 1
node 5 1 1 1
node 6 1 1 1
node 7 1 1 3
node 8 1 0 0
node 9 1 0 0
node 10 1 0 0
node 13 1 0 2
node 14 1 0 2
node 21 1 0 0
node 29 1 0 0
node 52 1 0 0
node 53 1 0 0
node 64 1 0 0
gene  1 1 8 -16.28249327388111 0 98.0 -16.28249327388111 1
gene  1 3 8 -2.2206728151599346 0 100.0 -2.2206728151599346 1
gene  1 5 8 5.34574319037284 0 102.0 5.34574319037284 1
gene  1 6 8 3.5815810701732516 0 103.0 3.5815810701732516 1
gene  1 8 8 3.698581460443951 1 105.0 3.698581460443951 1
gene  1 1 9 4.894193910837625 0 112.0 4.894193910837625 1
gene  1 2 9 -2.7756718976251933 0 113.0 -2.7756718976251933 1
gene  1 3 9 1.9293537698406382 0 114.0 1.9293537698406382 1
gene  1 5 9 3.7275250560129014 0 116.0 3.7275250560129014 1
gene  1 7 9 -4.863456759267812 0 118.0 -4.863456759267812 1
gene  1 9 9 4.368151472652505 1 120.0 4.368151472652505 1
gene  1 10 9 3.0911733718649557 1 121.0 3.0911733718649557 1
gene  1 13 9 2.012471319844406 1 124.0 2.012471319844406 1
gene  1 2 10 -0.4566757834044055 0 127.0 -0.4566757834044055 1
gene  1 4 10 -10.785023589048924 0 129.0 -10.785023589048924 1
gene  1 5 10 1.2016323448091841 0 130.0 1.2016323448091841 1
gene  1 8 10 2.0552183667856836 0 133.0 2.0552183667856836 1
gene  1 9 10 3.3342576920880935 0 134.0 3.3342576920880935 1
gene  1 10 10 -2.5014094180119772 1 135.0 -2.5014094180119772 1
gene  1 13 10 -3.5453655656835448 1 138.0 -3.5453655656835448 1
gene  1 14 10 -9.406637245020313 1 139.0 -9.406637245020313 1
gene  1 2 13 -11.74979162620378 0 169.0 -11.74979162620378 1
gene  1 3 13 -2.130320941881551 0 170.0 -2.130320941881551 1
gene  1 6 13 -5.4037159273192605 0 173.0 -5.4037159273192605 1
gene  1 7 13 -13.742788766567395 0 174.0 -13.742788766567395 1
gene  1 9 13 4.139228617280754 0 176.0 4.139228617280754 1
gene  1 13 13 4.803627487951131 1 180.0 4.803627487951131 1
gene  1 14 13 -0.8711673540448612 1 181.0 -0.8711673540448612 1
gene  1 1 14 9.385406339517573 0 182.0 9.385406339517573 1
gene  1 3 14 -8.842190780952267 0 184.0 -8.842190780952267 1
gene  1 9 14 2.10762292127551 0 190.0 2.10762292127551 1
gene  1 10 14 -1.2194465161650156 0 191.0 -1.2194465161650156 1
gene  1 1 21 1.4362689723698483 0 218.0 1.4362689723698483 1
gene  1 21 8 5.031907717944074 0 219.0 5.031907717944074 1
gene  1 3 10 -2.352348053322004 0 223.0 -2.352348053322004 1
gene  1 6 29 -2.4371620901243776 0 259.0 -2.4371620901243776 1
gene  1 29 8 0.7095474976632485 0 260.0 0.7095474976632485 1
gene  1 29 21 4.593640857955199 0 271.0 4.593640857955199 1
gene  1 3 21 0.20636472143163487 0 300.0 0.20636472143163487 1
gene  1 9 52 0.8969147015859075 0 368.0 0.8969147015859075 1
gene  1 52 14 -0.8695853008325432 0 369.0 -0.8695853008325432 1
gene  1 1 53 0.8990706899885046 0 372.0 0.8990706899885046 1
gene  1 53 21 -0.5049528761697925 0 373.0 -0.5049528761697925 0
gene  1 2 52 -3.1954454479656538 0 425.0 -3.1954454479656538 1
gene  1 53 64 4.6994266789984245 0 443.0 4.6994266789984245 1
gene  1 64 21 -1.518339068470576 0 444.0 -1.518339068470576 1
gene  1 21 10 1.462580926645539 0 509.0 1.462580926645539 1
genomeend 9
genomestart  10
trait 1 0.39340002544161434 0.4638621482816303 0.4185672944766822 1.064591410541687 0.18796189784306305 1.4619974594472236 1.314330803229924 0.36223095093968216 
node 1 1 1 1
node 2 1 1 1
node 3 1 1 1
node 4 1 1 1
node 5 1 1 1
node 6 1 1 1
node 7 1 1 3
node 13 1 0 2
node 14 1 0 2
node 42 1 0 0
node 61 1 0 0
node 74 1 0 0
node 76 1 0 0
gene  1 1 13 -3.989526987833248 0 168.0 -3.989526987833248 1
gene  1 2 13 0.7958259791017928 0 169.0 0.7958259791017928 1
gene  1 3 13 0.03121585231367474 0 170.0 0.03121585231367474 1
gene  1 4 13 -2.455898037352587 0 171.0 -2.455898037352587 1
gene  1 5 13 -1.9681120120433038 0 172.0 -1.9681120120433038 1
gene  1 6 13 -2.775594560624618 0 173.0 -2.775594560624618 1
gene  1 7 13 0.010254396035882074 0 174.0 0.010254396035882074 1
gene  1 14 13 -6.425562033577835 1 181.0 -6.425562033577835 1
gene  1 1 14 -1.3749075662972634 0 182.0 -1.3749075662972634 1
gene  1 2 14 -0.3008746391761816 0 183.0 -0.3008746391761816 1
gene  1 3 14 -1.630156802623234 0 184.0 -1.630156802623234 1
gene  1 13 14 0.3625971035483291 0 194.0 0.3625971035483291 1
gene  1 14 14 7.189482165326973 1 195.0 7.189482165326973 1
gene  1 6 14 -1.3082681524923672 0 230.0 -1.3082681524923672 1
gene  1 4 14 -2.1401458321420286 0 312.0 -2.1401458321420286 1
gene  1 2 42 -2.1873911406757127 0 320.0 -2.1873911406757127 1
gene  1 42 13 6.384582383257571 0 321.0 6.384582383257571 1
gene  1 6 42 3.966274285637435 0 349.0 3.966274285637435 1
gene  1 7 14 -1.3271380990052137 0 353.0 -1.3271380990052137 1
gene  1 7 42 3.957278441706184 0 395.0 3.957278441706184 1
gene  1 5 61 -1.8575575839041765 0 408.0 -1.8575575839041765 1
gene  1 61 13 8.312939443384314 0 409.0 8.312939443384314 1
gene  1 5 42 1.0396822952063296 0 426.0 1.0396822952063296 1
gene  1 2 74 -0.19687088856146173 0 471.0 -0.19687088856146173 1
gene  1 74 13 -1.9323742883711612 0 472.0 -1.9323742883711612 1
gene  1 5 76 7.728656964012861 0 476.0 7.728656964012861 1
gene  1 76 42 0.4246768321189456 0 477.0 0.4246768321189456 1
gene  1 3 74 1.913880042150839 0 491.0 1.913880042150839 1
genomeend 10
genomestart  11
trait 1 0.39340002544161434 0.4638621482816303 0.4185672944766822 1.064591410541687 0.18796189784306305 1.4619974594472236 1.314330803229924 0.36223095093968216 
node 1 1 1 1
node 2 1 1 1
node 3 1 1 1
node 4 1 1 1
node 5 1 1 1
node 6 1 1 1
node 7 1 1 3
node 13 1 0 2
node 14 1 0 2
node 42 1 0 0
node 61 1 0 0
node 74 1 0 0
node 76 1 0 0
gene  1 1 13 -3.166349016072429 0 168.0 -3.166349016072429 1
gene  1 2 13 2.6789178886272427 0 169.0 2.6789178886272427 1
gene  1 3 13 -3.7034429478379236 0 170.0 -3.7034429478379236 1
gene  1 4 13 0.007064096328395497 0 171.0 0.007064096328395497 1
gene  1 5 13 0.05912383469059934 0 172.0 0.05912383469059934 1
gene  1 6 13 -7.326030613021469 0 173.0 -7.326030613021469 1
gene  1 7 13 0.6497389415262766 0 174.0 0.6497389415262766 1
gene  1 14 13 -5.607526372486263 1 181.0 -5.607526372486263 1
gene  1 1 14 -2.071144524949299 0 182.0 -2.071144524949299 1
gene  1 2 14 -3.1457572527280964 0 183.0 -3.1457572527280964 1
gene  1 3 14 -5.630829390855624 0 184.0 -5.630829390855624 1
gene  1 13 14 1.5866546060297113 0 194.0 1.5866546060297113 1
gene  1 14 14 3.555699921999034 1 195.0 3.555699921999034 1
gene  1 6 14 -2.157026764659266 0 230.0 -2.157026764659266 1
gene  1 4 14 -4.153256748522173 0 312.0 -4.153256748522173 1
gene  1 2 42 -1.0104006846819846 0 320.0 -1.0104006846819846 1
gene  1 42 13 2.25093694443875 0 321.0 2.25093694443875 1
gene  1 6 42 0.04686102703986683 0 349.0 0.04686102703986683 1
gene  1 7 14 -0.7281097136303425 0 353.0 -0.7281097136303425 1
gene  1 7 42 0.10855402506075595 0 395.0 0.10855402506075595 1
gene  1 5 61 -3.2638929630030384 0 408.0 -3.2638929630030384 1
gene  1 61 13 7.428312336761962 0 409.0 7.428312336761962 1
gene  1 5 42 -2.0054157833308945 0 426.0 -2.0054157833308945 1
gene  1 2 74 -0.22427813446015826 0 471.0 -0.22427813446015826 1
gene  1 74 13 0.13449871719269768 0 472.0 0.13449871719269768 1
gene  1 5 76 8.956766070175565 0 476.0 8.956766070175565 1
gene  1 76 42 0.20877234623886354 0 477.0 0.20877234623886354 1
gene  1 3 74 1.913880042150839 0 491.0 1.913880042150839 1
genomeend 11
genomestart  12
trait 1 0.39340002544161434 0.9581309037464071 0.4185672944766822 0.7764169839009417 0.18796189784306305 1.4619974594472236 0.6318400915382268 0.27948629037925776 
node 1 1 1 1
node 2 1 1 1
node 3 1 1 1
node 4 1 1 1
node 5 1 1 1
node 6 1 1 1
node 7 1 1 3
node 13 1 0 2
node 14 1 0 2
node 42 1 0 0
node 61 1 0 0
node 74 1 0 0
node 76 1 0 0
gene  1 1 13 -2.1859385770598774 0 168.0 -2.1859385770598774 1
gene  1 2 13 0.4044422447343768 0 169.0 0.4044422447343768 1
gene  1 3 13 -2.1966034091193256 0 170.0 -2.1966034091193256 1
gene  1 4 13 -0.19607268574737574 0 171.0 -0.19607268574737574 1
gene  1 5 13 -1.8335109022911253 0 172.0 -1.8335109022911253 1
gene  1 6 13 -5.669863356963408 0 173.0 -5.669863356963408 1
gene  1 7 13 -1.8432984031942294 0 174.0 -1.8432984031942294 1
gene  1 14 13 -0.20486208146070217 1 181.0 -0.20486208146070217 1
gene  1 1 14 -3.437764029379514 0 182.0 -3.437764029379514 1
gene  1 2 14 2.28601463509075 0 183.0 2.28601463509075 1
gene  1 3 14 -2.4005784052384747 0 184.0 -2.4005784052384747 1
gene  1 13 14 0.44161995215545785 0 194.0 0.44161995215545785 1
gene  1 14 14 4.230442887726092 1 195.0 4.230442887726092 1
gene  1 6 14 -1.3623348096955592 0 230.0 -1.3623348096955592 1
gene  1 4 14 1.4419705268332086 0 312.0 1.4419705268332086 1
gene  1 2 42 -1.4493288575631553 0 320.0 -1.4493288575631553 1
gene  1 42 13 6.544069225310288 0 321.0 6.544069225310288 1
gene  1 6 42 1.8685080196677277 0 349.0 1.8685080196677277 1
gene  1 7 14 -1.8302958418995936 0 353.0 -1.8302958418995936 1
gene  1 7 42 3.261342681675293 0 395.0 3.261342681675293 1
gene  1 5 61 0.2840927663721131 0 408.0 0.2840927663721131 1
gene  1 61 13 4.15613751416432 0 409.0 4.15613751416432 1
gene  1 5 42 -0.7342835311348908 0 426.0 -0.7342835311348908 1
gene  1 2 74 0.23907510591490017 0 471.0 0.23907510591490017 1
gene  1 74 13 -1.0574449457293218 0 472.0 -1.0574449457293218 1
gene  1 5 76 5.627749445672006 0 476.0 5.627749445672006 1
gene  1 76 42 -2.7250071884204616 0 477.0 -2.7250071884204616 1
gene  1 3 74 -1.8675916974398428 0 491.0 -1.8675916974398428 1
genomeend 12
genomestart  13
trait 1 0.0 1.0928829975406382 0.03145355857324372 0.5098453143214142 0.4939563997667481 0.28305199411763293 0.9402005617249138 0.7626488466698699 
node 1 1 1 1
node 2 1 1 1
node 3 1 1 1
node 4 1 1 1
node 5 1 1 1
node 6 1 1 1
node 7 1 1 3
node 8 1 0 0
node 13 1 0 2
node 14 1 0 2
node 49 1 0 0
node 59 1 0 0
node 63 1 0 0
gene  1 4 8 0.3865401254653483 0 101.0 0.3865401254653483 1
gene  1 5 8 -4.528450141233624 0 102.0 -4.528450141233624 1
gene  1 6 8 1.4508300440354203 0 103.0 1.4508300440354203 1
gene  1 14 8 2.029504637169637 1 111.0 2.029504637169637 1
gene  1 1 13 15.711766071502673 0 168.0 15.711766071502673 1
gene  1 2 13 -1.204480827064707 0 169.0 -1.204480827064707 1
gene  1 3 13 -1.854711418989888 0 170.0 -1.854711418989888 1
gene  1 5 13 5.966476772897463 0 172.0 5.966476772897463 1
gene  1 7 13 -0.32717480735780846 0 174.0 -0.32717480735780846 1
gene  1 14 13 -3.3242833733789094 1 181.0 -3.3242833733789094 1
gene  1 1 14 2.52969514447389 0 182.0 2.52969514447389 1
gene  1 2 14 -0.7964679229783818 0 183.0 -0.7964679229783818 1
gene  1 3 14 -1.3724679009097467 0 184.0 -1.3724679009097467 1
gene  1 4 14 1.1503982291349766 0 185.0 1.1503982291349766 1
gene  1 8 14 -3.30592368653678 0 189.0 -3.30592368653678 1
gene  1 14 14 2.4395869336884077 1 195.0 2.4395869336884077 1
gene  1 6 14 0.7839996556439923 0 240.0 0.7839996556439923 1
gene  1 8 13 1.38510788991595 0 311.0 1.38510788991595 1
gene  1 14 13 12.240903522035016 0 322.0 12.240903522035016 1
gene  1 2 49 -4.77847968824028 0 362.0 -4.77847968824028 1
gene  1 49 14 2.4909414889092876 0 363.0 2.4909414889092876 0
gene  1 3 8 3.9452303313136055 0 393.0 3.9452303313136055 1
gene  1 49 59 0.42296712605876574 0 401.0 0.42296712605876574 1
gene  1 59 14 11.248335597641741 0 402.0 11.248335597641741 1
gene  1 2 59 2.0852516564020322 0 403.0 2.0852516564020322 1
gene  1 7 14 2.5209097533106304 0 424.0 2.5209097533106304 1
gene  1 59 13 2.303397373441938 0 427.0 2.303397373441938 1
gene  1 3 63 0.15939261363227908 0 440.0 0.15939261363227908 1
gene  1 63 8 -3.2951188590686877 0 441.0 -3.2951188590686877 1
genomeend 13
genomestart  14
trait 1 0.13128347031454002 1.8437409326683576 1.2671621196902727 0.49951333318806035 0.3444377004328605 2.2133304098674773 0.0 0.0 
node 1 1 1 1
node 2 1 1 1
node 3 1 1 1
node 4 1 1 1
node 5 1 1 1
node 6 1 1 1
node 7 1 1 3
node 8 1 0 0
node 9 1 0 0
node 10 1 0 0
node 11 1 0 0
node 12 1 0 0
node 13 1 0 2
node 14 1 0 2
node 27 1 0 0
node 34 1 0 0
node 40 1 0 0
node 48 1 0 0
node 71 1 0 0
gene  1 1 8 0.148663510753283 0 98.0 0.148663510753283 1
gene  1 3 8 2.014895797643936 0 100.0 2.014895797643936 1
gene  1 4 8 -4.161528555413942 0 101.0 -4.161528555413942 1
gene  1 6 8 7.751800519363358 0 103.0 7.751800519363358 1
gene  1 8 8 7.079462209366249 1 105.0 7.079462209366249 1
gene  1 10 8 0.07368599380025209 1 107.0 0.07368599380025209 1
gene  1 3 9 -0.7431759030209903 0 114.0 -0.7431759030209903 1
gene  1 6 9 2.5496985525092835 0 117.0 2.5496985525092835 1
gene  1 8 9 -7.006408772287427 0 119.0 -7.006408772287427 1
gene  1 10 9 -0.22667822671760085 1 121.0 -0.22667822671760085 1
gene  1 11 9 11.632390312535085 1 122.0 11.632390312535085 1
gene  1 13 9 5.697757434686857 1 124.0 5.697757434686857 1
gene  1 14 9 -4.375690977874165 1 125.0 -4.375690977874165 1
gene  1 1 10 -1.694147581665447 0 126.0 -1.694147581665447 1
gene  1 3 10 1.2604804495460176 0 128.0 1.2604804495460176 1
gene  1 4 10 2.672675485134382 0 129.0 2.672675485134382 1
gene  1 5 10 -0.4834427270801662 0 130.0 -0.4834427270801662 1
gene  1 9 10 -0.7274007889084033 0 134.0 -0.7274007889084033 1
gene  1 13 10 1.1828864699534325 1 138.0 1.1828864699534325 1
gene  1 1 11 0.2346144270671371 0 140.0 0.2346144270671371 1
gene  1 3 11 4.22227792920103 0 142.0 4.22227792920103 1
gene  1 5 11 -0.029173963188326435 0 144.0 -0.029173963188326435 1
gene  1 9 11 -2.0874604399156964 0 148.0 -2.0874604399156964 1
gene  1 10 11 2.9164817408191235 0 149.0 2.9164817408191235 1
gene  1 12 11 -5.324490482967838 1 151.0 -5.324490482967838 1
gene  1 14 11 -1.2800477476350716 1 153.0 -1.2800477476350716 1
gene  1 2 12 -3.162741726363776 0 155.0 -3.162741726363776 1
gene  1 4 12 -5.6709980849314245 0 157.0 -5.6709980849314245 1
gene  1 6 12 8.727021856146107 0 159.0 8.727021856146107 1
gene  1 7 12 1.356136541612766 0 160.0 1.356136541612766 1
gene  1 9 12 -5.887548532617506 0 162.0 -5.887548532617506 1
gene  1 10 12 -0.11663905816643688 0 163.0 -0.11663905816643688 1
gene  1 12 12 -4.112393000509152 1 165.0 -4.112393000509152 1
gene  1 14 12 -10.890838653072874 1 167.0 -10.890838653072874 1
gene  1 1 13 -1.162058705882227 0 168.0 -1.162058705882227 1
gene  1 3 13 -0.11215162054835609 0 170.0 -0.11215162054835609 1
gene  1 4 13 -3.667053991335889 0 171.0 -3.667053991335889 1
gene  1 6 13 -0.7985897938859301 0 173.0 -0.7985897938859301 1
gene  1 8 13 -4.2098879320198375 0 175.0 -4.2098879320198375 1
gene  1 9 13 3.5604594504837195 0 176.0 3.5604594504837195 1
gene  1 8 14 0.3778733250940812 0 189.0 0.3778733250940812 1
gene  1 11 14 -1.4714422411753072 0 192.0 -1.4714422411753072 1
gene  1 5 8 1.4612812447330263 0 235.0 1.4612812447330263 1
gene  1 1 27 -2.361246391577026 0 241.0 -2.361246391577026 1
gene  1 27 8 5.062721237573173 0 242.0 5.062721237573173 1
gene  1 9 34 -2.940873220490788 0 272.0 -2.940873220490788 1
gene  1 34 11 3.109449100770078 0 273.0 3.109449100770078 1
gene  1 5 13 2.3711324778838887 0 277.0 2.3711324778838887 1
gene  1 12 14 1.0321763547059726 0 296.0 1.0321763547059726 1
gene  1 8 40 -4.251074177583756 1 308.0 -4.251074177583756 1
gene  1 40 8 -1.1672414904546429 0 309.0 -1.1672414904546429 1
gene  1 10 14 -1.1396715150838177 0 341.0 -1.1396715150838177 1
gene  1 3 48 -0.5056534021195371 0 360.0 -0.5056534021195371 1
gene  1 48 8 -0.8927342155628477 0 361.0 -0.8927342155628477 1
gene  1 10 13 -1.1825365192533834 0 404.0 -1.1825365192533834 1
gene  1 48 71 -1.1003499017791099 0 463.0 -1.1003499017791099 1
gene  1 71 8 -4.18290485393329 0 464.0 -4.18290485393329 1
gene  1 11 12 -2.298624194457826 0 478.0 -2.298624194457826 1
gene  1 34 14 2.6443879986232313 0 481.0 2.6443879986232313 1
genomeend 14
genomestart  15
trait 1 0.13128347031454002 1.8437409326683576 1.7328534767999098 0.49951333318806035 0.760472394127403 2.2133304098674773 0.0 0.0 
node 1 1 1 1
node 2 1 1 1
node 3 1 1 1
node 4 1 1 1
node 5 1 1 1
node 6 1 1 1
node 7 1 1 3
node 8 1 0 0
node 9 1 0 0
node 10 1 0 0
node 11 1 0 0
node 12 1 0 0
node 13 1 0 2
node 14 1 0 2
node 27 1 0 0
node 34 1 0 0
node 40 1 0 0
node 48 1 0 0
node 71 1 0 0
gene  1 1 8 -0.07229592911068439 0 98.0 -0.07229592911068439 1
gene  1 3 8 -0.001454277431496509 0 100.0 -0.001454277431496509 1
gene  1 4 8 -2.1734179284046973 0 101.0 -2.1734179284046973 1
gene  1 6 8 12.170900922432615 0 103.0 12.170900922432615 1
gene  1 8 8 9.262836318371365 1 105.0 9.262836318371365 1
gene  1 10 8 1.4972389966339827 1 107.0 1.4972389966339827 1
gene  1 3 9 -2.9524521927524714 0 114.0 -2.9524521927524714 1
gene  1 6 9 3.1336193666181953 0 117.0 3.1336193666181953 1
gene  1 8 9 -8.067990240555503 0 119.0 -8.067990240555503 1
gene  1 10 9 -0.5855466053286824 1 121.0 -0.5855466053286824 1
gene  1 11 9 11.546876294759544 1 122.0 11.546876294759544 1
gene  1 13 9 2.1097802186196315 1 124.0 2.1097802186196315 1
gene  1 14 9 -0.9511896985186303 1 125.0 -0.9511896985186303 1
gene  1 1 10 -0.41724107072583516 0 126.0 -0.41724107072583516 1
gene  1 3 10 1.6788674584525514 0 128.0 1.6788674584525514 1
gene  1 4 10 1.586654258057901 0 129.0 1.586654258057901 1
gene  1 5 10 -2.1481009274292004 0 130.0 -2.1481009274292004 1
gene  1 9 10 6.717963069714989 0 134.0 6.717963069714989 1
gene  1 13 10 3.549685455711482 1 138.0 3.549685455711482 1
gene  1 1 11 -1.5762372374021223 0 140.0 -1.5762372374021223 1
gene  1 3 11 4.385838867125664 0 142.0 4.385838867125664 1
gene  1 5 11 -3.4867467292295125 0 144.0 -3.4867467292295125 1
gene  1 9 11 -2.8626719689538778 0 148.0 -2.8626719689538778 1
gene  1 10 11 3.9310477145277574 0 149.0 3.9310477145277574 1
gene  1 12 11 -6.938993501430483 1 151.0 -6.938993501430483 1
gene  1 14 11 -1.4641555815718081 1 153.0 -1.4641555815718081 1
gene  1 2 12 -4.365480836473488 0 155.0 -4.365480836473488 1
gene  1 4 12 -7.084771335060033 0 157.0 -7.084771335060033 1
gene  1 6 12 6.464712542829909 0 159.0 6.464712542829909 1
gene  1 7 12 -4.473063486407202 0 160.0 -4.473063486407202 1
gene  1 9 12 -4.855603028155345 0 162.0 -4.855603028155345 1
gene  1 10 12 1.102355701025364 0 163.0 1.102355701025364 1
gene  1 12 12 -4.234435639866832 1 165.0 -4.234435639866832 1
gene  1 14 12 -9.158570329314562 1 167.0 -9.158570329314562 1
gene  1 1 13 6.158544209776868 0 168.0 6.158544209776868 1
gene  1 3 13 7.57564353425037 0 170.0 7.57564353425037 1
gene  1 4 13 -3.8130748248365256 0 171.0 -3.8130748248365256 1
gene  1 6 13 3.5344399495566736 0 173.0 3.5344399495566736 1
gene  1 8 13 -5.738060586786705 0 175.0 -5.738060586786705 1
gene  1 9 13 1.2364963435285499 0 176.0 1.2364963435285499 1
gene  1 8 14 -0.3644182369239497 0 189.0 -0.3644182369239497 1
gene  1 11 14 11.246766172788389 0 192.0 11.246766172788389 1
gene  1 5 8 4.568477674099113 0 235.0 4.568477674099113 1
gene  1 1 27 2.7095021381060636 0 241.0 2.7095021381060636 1
gene  1 27 8 0.8969065893489812 0 242.0 0.8969065893489812 1
gene  1 9 34 -4.968011600550069 0 272.0 -4.968011600550069 1
gene  1 34 11 2.4302034252684943 0 273.0 2.4302034252684943 1
gene  1 5 13 0.4642984826749414 0 277.0 0.4642984826749414 1
gene  1 12 14 -2.136254125134595 0 296.0 -2.136254125134595 1
gene  1 8 40 -2.2310449384493127 1 308.0 -2.2310449384493127 1
gene  1 40 8 -0.19429883886320032 0 309.0 -0.19429883886320032 1
gene  1 10 14 -1.3811659554878009 0 341.0 -1.3811659554878009 1
gene  1 3 48 -0.14404875150722307 0 360.0 -0.14404875150722307 1
gene  1 48 8 -1.5790975790482902 0 361.0 -1.5790975790482902 1
gene  1 10 13 2.9368588216935967 0 404.0 2.9368588216935967 1
gene  1 48 71 0.4036115868935746 0 463.0 0.4036115868935746 1
gene  1 71 8 -2.46723146350415 0 464.0 -2.46723146350415 1
gene  1 11 12 3.7221611444634632 0 478.0 3.7221611444634632 1
gene  1 34 14 -2.3230332655448387 0 481.0 -2.3230332655448387 1
genomeend 15
genomestart  16
trait 1 0.13128347031454002 1.8437409326683576 1.7328534767999098 0.49951333318806035 0.760472394127403 2.2133304098674773 0.0 0.0 
node 1 1 1 1
node 2 1 1 1
node 3 1 1 1
node 4 1 1 1
node 5 1 1 1
node 6 1 1 1
node 7 1 1 3
node 8 1 0 0
node 9 1 0 0
node 10 1 0 0
node 11 1 0 0
node 12 1 0 0
node 13 1 0 2
node 14 1 0 2
node 27 1 0 0
node 34 1 0 0
node 40 1 0 0
node 48 1 0 0
node 71 1 0 0
gene  1 1 8 -0.5526706684353797 0 98.0 -0.5526706684353797 1
gene  1 3 8 0.054270445514902566 0 100.0 0.054270445514902566 1
gene  1 4 8 -1.3836792962082527 0 101.0 -1.3836792962082527 1
gene  1 6 8 9.212242890041427 0 103.0 9.212242890041427 1
gene  1 8 8 8.34300888868727 1 105.0 8.34300888868727 1
gene  1 10 8 -0.053928998006401774 1 107.0 -0.053928998006401774 1
gene  1 3 9 -3.0380516725947944 0 114.0 -3.0380516725947944 1
gene  1 6 9 3.537811232199666 0 117.0 3.537811232199666 1
gene  1 8 9 -4.764465773788584 0 119.0 -4.764465773788584 1
gene  1 10 9 -2.146464182041901 1 121.0 -2.146464182041901 1
gene  1 11 9 14.080091479340716 1 122.0 14.080091479340716 1
gene  1 13 9 3.2915906955987047 1 124.0 3.2915906955987047 1
gene  1 14 9 -2.2310685975384934 1 125.0 -2.2310685975384934 1
gene  1 1 10 0.7008122169430999 0 126.0 0.7008122169430999 1
gene  1 3 10 2.871972813502652 0 128.0 2.871972813502652 1
gene  1 4 10 0.2762206717301619 0 129.0 0.2762206717301619 1
gene  1 5 10 1.1828855273802503 0 130.0 1.1828855273802503 1
gene  1 9 10 5.784648747462915 0 134.0 5.784648747462915 1
gene  1 13 10 3.626188926246556 1 138.0 3.626188926246556 1
gene  1 1 11 -1.1530487339478706 0 140.0 -1.1530487339478706 1
gene  1 3 11 1.8477523107726053 0 142.0 1.8477523107726053 1
gene  1 5 11 -0.3849385568123824 0 144.0 -0.3849385568123824 1
gene  1 9 11 0.7951626259995859 0 148.0 0.7951626259995859 1
gene  1 10 11 2.4125212660780635 0 149.0 2.4125212660780635 1
gene  1 12 11 -3.25697035942338 1 151.0 -3.25697035942338 1
gene  1 14 11 -0.6661086783086569 1 153.0 -0.6661086783086569 1
gene  1 2 12 -3.5883735126177 0 155.0 -3.5883735126177 1
gene  1 4 12 -3.427588842680916 0 157.0 -3.427588842680916 1
gene  1 6 12 6.173658226954406 0 159.0 6.173658226954406 1
gene  1 7 12 -3.3400970889598107 0 160.0 -3.3400970889598107 1
gene  1 9 12 -2.407189003561533 0 162.0 -2.407189003561533 1
gene  1 10 12 -1.856557686257683 0 163.0 -1.856557686257683 1
gene  1 12 12 -4.496693355980255 1 165.0 -4.496693355980255 1
gene  1 14 12 -7.51325549189461 1 167.0 -7.51325549189461 1
gene  1 1 13 4.246392386506657 0 168.0 4.246392386506657 1
gene  1 3 13 4.042671007358873 0 170.0 4.042671007358873 1
gene  1 4 13 -4.1375655694047335 0 171.0 -4.1375655694047335 1
gene  1 6 13 1.623629597927972 0 173.0 1.623629597927972 1
gene  1 8 13 -3.322336821634866 0 175.0 -3.322336821634866 1
gene  1 9 13 4.309492166870538 0 176.0 4.309492166870538 1
gene  1 8 14 3.2673269734788324 0 189.0 3.2673269734788324 1
gene  1 11 14 12.67321377952915 0 192.0 12.67321377952915 1
gene  1 5 8 5.0032493625765575 0 235.0 5.0032493625765575 1
gene  1 1 27 2.562139482860471 0 241.0 2.562139482860471 1
gene  1 27 8 1.2969087923871208 0 242.0 1.2969087923871208 1
gene  1 9 34 -4.099051298424855 0 272.0 -4.099051298424855 1
gene  1 34 11 6.047764044303136 0 273.0 6.047764044303136 1
gene  1 5 13 -0.5825167793577612 0 277.0 -0.5825167793577612 1
gene  1 12 14 0.033472492620924665 0 296.0 0.033472492620924665 1
gene  1 8 40 -2.349402968133903 1 308.0 -2.349402968133903 1
gene  1 40 8 -0.19429883886320032 0 309.0 -0.19429883886320032 1
gene  1 10 14 -1.072718484909035 0 341.0 -1.072718484909035 1
gene  1 3 48 -0.14404875150722307 0 360.0 -0.14404875150722307 1
gene  1 48 8 -0.39575198356324226 0 361.0 -0.39575198356324226 1
gene  1 10 13 1.9603527129479565 0 404.0 1.9603527129479565 1
gene  1 48 71 0.45463253841462736 0 463.0 0.45463253841462736 1
gene  1 71 8 0.651782900673688 0 464.0 0.651782900673688 1
gene  1 11 12 1.4699298755919432 0 478.0 1.4699298755919432 1
gene  1 34 14 1.6139567918097426 0 481.0 1.6139567918097426 1
genomeend 16
genomestart  17
trait 1 0.5833993738668071 0.8342404913282493 1.7343962538721782 0.38263542198384 0.8537262940864137 0.9586270994970227 0.0 0.3567570363531483 
node 1 1 1 1
node 2 1 1 1
node 3 1 1 1
node 4 1 1 1
node 5 1 1 1
node 6 1 1 1
node 7 1 1 3
node 8 1 0 0
node 9 1 0 0
node 10 1 0 0
node 13 1 0 2
node 14 1 0 2
node 16 1 0 0
node 21 1 0 0
node 29 1 0 0
node 52 1 0 0
node 53 1 0 0
node 79 1 0 0
gene  1 1 8 -1.351453475288619 0 98.0 -1.351453475288619 1
gene  1 2 8 0.4031568917983047 0 99.0 0.4031568917983047 1
gene  1 3 8 2.2509358320636323 0 100.0 2.2509358320636323 1
gene  1 4 8 -1.4983832278705689 0 101.0 -1.4983832278705689 1
gene  1 5 8 5.955289456133976 0 102.0 5.955289456133976 1
gene  1 6 8 -3.8166057212616353 0 103.0 -3.8166057212616353 1
gene  1 8 8 -2.8676766456835123 1 105.0 -2.8676766456835123 1
gene  1 13 8 -1.539427485596765 1 110.0 -1.539427485596765 1
gene  1 14 8 0.6759495581589984 1 111.0 0.6759495581589984 1
gene  1 3 13 -6.362774541405181 0 170.0 -6.362774541405181 1
gene  1 5 13 0.7784593521210794 0 172.0 0.7784593521210794 1
gene  1 7 13 0.4164375681626722 0 174.0 0.4164375681626722 1
gene  1 13 13 1.0305517253510703 1 180.0 1.0305517253510703 1
gene  1 2 14 0.4991292471067338 0 183.0 0.4991292471067338 1
gene  1 4 14 -0.6850594252551603 0 185.0 -0.6850594252551603 1
gene  1 6 14 0.24734183044884367 0 187.0 0.24734183044884367 1
gene  1 8 14 2.844712882268257 0 189.0 2.844712882268257 1
gene  1 13 14 -2.921895320088902 0 194.0 -2.921895320088902 1
gene  1 13 16 -3.9433887774102225 0 201.0 -3.9433887774102225 1
gene  1 16 14 1.2878734850689022 0 202.0 1.2878734850689022 1
gene  1 1 21 12.201346508963677 0 218.0 12.201346508963677 1
gene  1 21 8 3.4495703919512684 0 219.0 3.4495703919512684 0
gene  1 3 10 -1.213300821735863 0 223.0 -1.213300821735863 1
gene  1 6 29 1.5669998813164434 0 259.0 1.5669998813164434 1
gene  1 29 8 -1.733495775403991 0 260.0 -1.733495775403991 1
gene  1 29 21 0.23691506777749521 0 271.0 0.23691506777749521 1
gene  1 3 21 -0.07679481302126145 0 300.0 -0.07679481302126145 1
gene  1 9 52 3.932587058976547 0 368.0 3.932587058976547 1
gene  1 52 14 2.1064527010650327 0 369.0 2.1064527010650327 1
gene  1 1 53 3.1889437035029937 0 372.0 3.1889437035029937 1
gene  1 53 21 0.9226793485495646 0 373.0 0.9226793485495646 1
gene  1 2 16 3.3931151006823983 0 439.0 3.3931151006823983 1
gene  1 21 79 0.29168024431104833 0 489.0 0.29168024431104833 1
gene  1 79 8 2.942874220230812 0 490.0 2.942874220230812 1
genomeend 17
genomestart  18
trait 1 0.5833993738668071 0.8342404913282493 1.7343962538721782 0.38263542198384 0.8537262940864137 0.9586270994970227 0.0 0.3567570363531483 
node 1 1 1 1
node 2 1 1 1
node 3 1 1 1
node 4 1 1 1
node 5 1 1 1
node 6 1 1 1
node 7 1 1 3
node 8 1 0 0
node 9 1 0 0
node 10 1 0 0
node 13 1 0 2
node 14 1 0 2
node 16 1 0 0
node 21 1 0 0
node 29 1 0 0
node 52 1 0 0
node 53 1 0 0
node 79 1 0 0
gene  1 1 8 1.9766234462232195 0 98.0 1.9766234462232195 1
gene  1 2 8 -1.4104495286841305 0 99.0 -1.4104495286841305 1
gene  1 3 8 3.9437129974315512 0 100.0 3.9437129974315512 1
gene  1 4 8 -3.224759222319654 0 101.0 -3.224759222319654 1
gene  1 5 8 5.370288870268631 0 102.0 5.370288870268631 1
gene  1 6 8 -1.6744505386066408 0 103.0 -1.6744505386066408 1
gene  1 8 8 0.4256084608273851 1 105.0 0.4256084608273851 1
gene  1 13 8 2.0432255695192887 1 110.0 2.0432255695192887 1
gene  1 14 8 0.47977701335134215 1 111.0 0.47977701335134215 1
gene  1 3 13 -7.577206021006847 0 170.0 -7.577206021006847 1
gene  1 5 13 1.4123447426684923 0 172.0 1.4123447426684923 1
gene  1 7 13 3.828795580221974 0 174.0 3.828795580221974 1
gene  1 13 13 -0.05716722972759869 1 180.0 -0.05716722972759869 1
gene  1 2 14 -1.4483318471171143 0 183.0 -1.4483318471171143 1
gene  1 4 14 -0.2949965366027918 0 185.0 -0.2949965366027918 1
gene  1 6 14 -2.778753308405669 0 187.0 -2.778753308405669 1
gene  1 8 14 0.1776809084758586 0 189.0 0.1776809084758586 1
gene  1 13 14 -6.295580821444523 0 194.0 -6.295580821444523 1
gene  1 13 16 -6.387645705272895 0 201.0 -6.387645705272895 1
gene  1 16 14 -0.9658996653381544 0 202.0 -0.9658996653381544 1
gene  1 1 21 10.547347397762133 0 218.0 10.547347397762133 1
gene  1 21 8 1.6656669151188324 0 219.0 1.6656669151188324 0
gene  1 3 10 -1.075798852324417 0 223.0 -1.075798852324417 1
gene  1 6 29 0.9499143392262532 0 259.0 0.9499143392262532 1
gene  1 29 8 -3.462067199804855 0 260.0 -3.462067199804855 1
gene  1 29 21 -1.0293172908037223 0 271.0 -1.0293172908037223 1
gene  1 3 21 -0.6309504880360173 0 300.0 -0.6309504880360173 1
gene  1 9 52 4.083778043778176 0 368.0 4.083778043778176 1
gene  1 52 14 3.4083158985408994 0 369.0 3.4083158985408994 1
gene  1 1 53 1.2976002534149393 0 372.0 1.2976002534149393 1
gene  1 53 21 1.4881248334103712 0 373.0 1.4881248334103712 1
gene  1 2 16 4.444859746857938 0 439.0 4.444859746857938 1
gene  1 21 79 -1.297199991443414 0 489.0 -1.297199991443414 1
gene  1 79 8 0.7551951984460608 0 490.0 0.7551951984460608 1
genomeend 18
genomestart  19
trait 1 0.5833993738668071 0.8342404913282493 1.7343962538721782 0.38263542198384 0.8537262940864137 0.9586270994970227 0.0 0.3567570363531483 
node 1 1 1 1
node 2 1 1 1
node 3 1 1 1
node 4 1 1 1
node 5 1 1 1
node 6 1 1 1
node 7 1 1 3
node 8 1 0 0
node 9 1 0 0
node 10 1 0 0
node 13 1 0 2
node 14 1 0 2
node 16 1 0 0
node 21 1 0 0
node 29 1 0 0
node 52 1 0 0
node 53 1 0 0
node 79 1 0 0
gene  1 1 8 0.8465280653302727 0 98.0 0.8465280653302727 1
gene  1 2 8 -0.4720309556495811 0 99.0 -0.4720309556495811 1
gene  1 3 8 -0.43495538426785685 0 100.0 -0.43495538426785685 1
gene  1 4 8 -3.117227035647726 0 101.0 -3.117227035647726 1
gene  1 5 8 5.505279264700185 0 102.0 5.505279264700185 1
gene  1 6 8 -6.015656067574129 0 103.0 -6.015656067574129 1
gene  1 8 8 -2.6929243398204505 1 105.0 -2.6929243398204505 1
gene  1 13 8 2.3800238710996733 1 110.0 2.3800238710996733 1
gene  1 14 8 2.38913091583657 1 111.0 2.38913091583657 1
gene  1 3 13 -6.074839070064171 0 170.0 -6.074839070064171 1
gene  1 5 13 1.3667914093675155 0 172.0 1.3667914093675155 1
gene  1 7 13 3.7619997805205427 0 174.0 3.7619997805205427 1
gene  1 13 13 2.8055333921737313 1 180.0 2.8055333921737313 1
gene  1 2 14 -6.30469804999661 0 183.0 -6.30469804999661 1
gene  1 4 14 0.5277058763560516 0 185.0 0.5277058763560516 1
gene  1 6 14 -2.547505373629071 0 187.0 -2.547505373629071 1
gene  1 8 14 3.2630942258493576 0 189.0 3.2630942258493576 1
gene  1 13 14 -2.006938194084638 0 194.0 -2.006938194084638 1
gene  1 13 16 -3.7320547033176776 0 201.0 -3.7320547033176776 1
gene  1 16 14 0.31734034462972543 0 202.0 0.31734034462972543 1
gene  1 1 21 9.880035018734333 0 218.0 9.880035018734333 1
gene  1 21 8 2.8941160570040303 0 219.0 2.8941160570040303 0
gene  1 3 10 0.8572427903476887 0 223.0 0.8572427903476887 1
gene  1 6 29 1.5836329333278143 0 259.0 1.5836329333278143 1
gene  1 29 8 0.742579138966792 0 260.0 0.742579138966792 1
gene  1 29 21 1.6899260274619945 0 271.0 1.6899260274619945 1
gene  1 3 21 1.1421742594729691 0 300.0 1.1421742594729691 1
gene  1 9 52 3.465307614200773 0 368.0 3.465307614200773 1
gene  1 52 14 2.909466531489998 0 369.0 2.909466531489998 1
gene  1 1 53 1.2976002534149393 0 372.0 1.2976002534149393 1
gene  1 53 21 -0.006258087232282383 0 373.0 -0.006258087232282383 1
gene  1 2 16 3.79886264204289 0 439.0 3.79886264204289 1
gene  1 21 79 0.29168024431104833 0 489.0 0.29168024431104833 1
gene  1 79 8 2.187106520478249 0 490.0 2.187106520478249 1
genomeend 19
